 1  77.42  0.40  0  0  2.30
 0  77.42  0.40  1  1  0.82
 1  95.31  1.16  1  0  0.91
 1  92.56  1.24  1  1  0.98
 0  77.47  0.61  0  0  0.57
 1  72.67  0.46  0  0  0.57
 0  82.58  1.17  0  0  0.93
 0  69.02  0.57  1  1  1.27
 0  99.70  0.73  0  0  2.55
 0  92.56  1.24  0  0  0.67
 1  73.90  0.71  1  1  0.96
 0  72.67  0.46  1  1  0.80
 1  67.44  0.33  0  1  1.24
 1  97.46  1.06  1  0  1.19
 0  74.25  0.23  1  1  1.26
 1  69.02  1.00  0  1  1.01
 0  64.69  1.16  1  1  1.29
 0  62.54  1.06  1  0  1.97
 0  78.06  1.37  0  0  1.93
 0  61.05  0.95  1  1  2.44
 0  70.67  1.30  1  0  1.34
 0  72.67  1.11  0  0  0.65
 0  67.05  0.86  1  0  1.31
 0  77.47  0.96  0  0  0.67
 1  85.75  0.23  0  1  0.85
 1  81.94  0.21  0  1  0.56
 1  74.25  0.23  0  1  0.45
 0  78.06  0.21  1  1  0.68
 1  87.33  0.46  0  1  0.79
 1  90.98  1.00  1  0  1.99
 1  92.56  0.33  0  1  0.90
 0  87.33  0.46  1  0  0.50
 1  77.42  1.17  1  1  2.82
 0  82.53  0.96  0  1  2.49
 1  99.70  0.84  1  0  1.44
 1  92.95  0.71  1  1  1.01
 1  69.02  0.57  0  0  1.46
 0  82.58  0.40  1  1  1.12
 1  77.47  0.96  1  1  0.90
 0  61.05  0.62  1  1  2.55
 1  62.54  0.51  0  0  0.61
 0  86.10  0.86  0  1  2.18
 1  70.67  1.30  0  0  1.72
 1  82.58  1.17  1  1  0.80
 0  99.70  0.84  0  1  0.78
 1  81.94  1.37  1  1  0.90
 1  67.05  0.71  0  0  2.42
 1  82.53  0.96  1  1  0.49
 0  90.98  0.57  0  0  3.01
 0  73.90  0.71  0  0  1.36
 1  73.90  0.86  1  0  0.50
 1  67.05  0.86  0  1  0.70
 0  70.67  0.27  1  0  1.23
 0  62.54  0.51  1  0  0.61
 1  67.44  1.24  0  1  1.07
 0  67.05  0.71  1  1  1.18
 0  89.33  0.27  1  0  4.39
 1  78.06  0.21  0  0  0.64
 0  69.02  1.00  1  1  2.02
 0  89.33  1.30  0  1  0.83
 0  87.33  1.11  0  0  0.99
 0  95.31  1.16  0  0  0.43
 1  99.70  0.73  1  0  0.77
 1  74.25  1.34  1  1  1.82
 1  62.54  1.06  0  1  1.42
 0  90.98  1.00  0  1  2.15
 1  72.67  1.11  1  0  0.72
 1  60.30  0.84  0  1  0.52
 1  78.06  1.37  1  1  0.68
 1  82.53  0.61  1  1  1.16
 1  92.95  0.86  1  1  0.40
 0  98.95  0.95  0  1  2.21
 1  64.69  0.42  0  1  2.77
 0  67.44  0.33  1  1  0.87
 0  82.53  0.61  0  1  0.76
 0  67.44  1.24  1  1  0.60
 1  61.05  0.95  0  1  1.17
 1  97.46  0.51  0  1  6.73
 0  81.94  0.21  1  1  1.38
 1  98.95  0.95  1  1  2.28
 0  97.46  1.06  0  1  0.57
 0  60.30  0.73  1  1  1.12
 0  92.56  0.33  1  0  0.97
 0  85.75  1.34  0  1  0.83
 0  92.95  0.86  0  0  0.88
 1  64.69  1.16  0  1  0.98
 0  95.31  0.42  1  0  1.09
 0  64.69  0.42  1  1  0.80
 1  82.58  0.40  0  0  0.45
 1  87.33  1.11  1  0  2.37
 1  89.33  1.30  1  1  0.61
 0  74.25  1.34  0  0  0.76
 0  92.95  0.71  0  0  0.62
 1  98.95  0.62  1  0  0.50
 1  60.30  0.73  0  1  0.87
 0  98.95  0.62  0  0  2.73
 0  81.94  1.37  0  1  1.76
 1  85.75  1.34  1  1  0.99
 1  86.10  0.86  1  1  1.62
 0  77.42  1.17  0  1  2.92
 0  86.10  0.71  0  0  1.36
 1  77.47  0.61  1  1  0.66
 1  61.05  0.62  0  0  1.08
 0  60.30  0.84  1  1  0.81
 1  86.10  0.71  1  1  2.01
 0  85.75  0.23  1  1  0.82
 1  90.98  0.57  1  1  0.81
 0  73.90  0.86  0  0  2.91
 0  97.46  0.51  1  1  0.59
 1  95.31  0.42  0  1  1.16
 1  89.33  0.27  0  1  2.02
 1  70.67  0.27  0  1  2.41
 0  69.02  1.00  1  1  4.61
 1  86.10  0.71  1  0  0.73
 0  67.05  0.86  1  1  0.74
 0  67.44  1.24  1  0  0.92
 0  86.10  0.86  0  1  0.83
 0  62.54  0.51  1  1  0.73
 1  77.42  1.17  1  0  0.72
 0  97.46  0.51  1  1  3.30
 1  73.90  0.71  1  0  1.14
 1  67.44  0.33  0  1  4.12
 1  67.44  1.24  0  1  0.61
 0  82.58  0.40  1  0  3.35
 0  97.46  1.06  0  1  0.82
 0  69.02  0.57  1  1  0.99
 1  95.31  0.42  0  0  1.17
 0  85.75  0.23  1  1  0.68
 1  73.90  0.86  1  1  0.80
 1  97.46  1.06  1  1  0.66
 0  72.67  0.46  1  0  1.50
 1  67.05  0.86  0  0  0.74
 1  87.33  0.46  0  0  1.41
 1  89.33  0.27  0  1  0.80
 0  95.31  1.16  0  1  0.97
 0  77.47  0.61  0  0  0.72
 0  89.33  1.30  0  0  4.72
 0  81.94  1.37  0  0  0.55
 0  74.25  1.34  0  0  0.95
 1  85.75  1.34  1  1  0.72
 1  90.98  1.00  1  1  0.39
 0  92.95  0.71  0  0  0.78
 1  78.06  1.37  1  0  1.35
 0  98.95  0.95  0  0  0.57
 1  69.02  0.57  0  0  1.72
 1  92.56  1.24  1  0  1.17
 1  74.25  0.23  0  0  1.31
 0  77.42  1.17  0  1  0.57
 0  82.58  1.17  0  0  0.48
 0  90.98  0.57  0  0  0.37
 1  92.95  0.86  1  1  1.66
 0  74.25  0.23  1  1  0.66
 1  82.53  0.61  1  0  3.33
 1  99.70  0.84  1  1  0.47
 0  78.06  1.37  0  0  1.01
 0  61.05  0.95  1  1  1.33
 1  60.30  0.73  0  0  1.54
 1  85.75  0.23  0  0  1.18
 0  73.90  0.86  0  0  3.11
 0  87.33  0.46  1  1  1.43
 1  89.33  1.30  1  0  0.98
 1  82.53  0.96  1  1  0.71
 0  61.05  0.62  1  1  0.61
 0  86.10  0.71  0  0  1.09
 1  97.46  0.51  0  0  0.54
 1  70.67  1.30  0  0  0.95
 1  78.06  0.21  0  0  1.46
 1  95.31  1.16  1  1  3.09
 1  64.69  0.42  0  0  2.55
 1  81.94  1.37  1  1  2.11
 0  95.31  0.42  1  1  1.08
 0  99.70  0.84  0  0  2.29
 1  98.95  0.62  1  0  1.51
 0  70.67  1.30  1  1  0.86
 0  78.06  0.21  1  1  0.72
 0  60.30  0.84  1  0  0.79
 1  77.42  0.40  0  0  0.66
 0  77.42  0.40  1  1  1.52
 1  86.10  0.86  1  1  0.93
 0  82.53  0.96  0  0  0.71
 0  81.94  0.21  1  1  1.93
 1  81.94  0.21  0  1  0.69
 1  82.58  0.40  0  1  1.31
 1  64.69  1.16  0  1  3.31
 1  62.54  1.06  0  1  0.43
 1  92.95  0.71  1  0  2.33
 1  87.33  1.11  1  1  1.65
 1  70.67  0.27  0  0  1.64
 1  72.67  0.46  0  1  0.64
 0  67.44  0.33  1  0  0.83
 0  89.33  0.27  1  0  7.11
 1  99.70  0.73  1  1  0.83
 1  67.05  0.71  0  1  2.76
 1  74.25  1.34  1  1  2.35
 0  92.56  1.24  0  1  2.21
 0  77.47  0.96  0  1  2.90
 0  60.30  0.73  1  1  0.93
 1  77.47  0.96  1  0  0.92
 1  98.95  0.95  1  0  0.73
 1  77.47  0.61  1  1  0.68
 1  82.58  1.17  1  1  0.53
 0  72.67  1.11  0  0  0.71
 0  98.95  0.62  0  0  2.04
 1  61.05  0.62  0  1  0.81
 0  64.69  1.16  1  1  0.39
 1  72.67  1.11  1  0  0.99
 1  61.05  0.95  0  1  0.74
 0  85.75  1.34  0  0  0.76
 1  62.54  0.51  0  1  1.68
 0  99.70  0.73  0  0  1.12
 0  64.69  0.42  1  0  1.85
 0  92.95  0.86  0  0  0.93
 0  70.67  0.27  1  1  2.40
 0  87.33  1.11  0  0  2.69
 1  69.02  1.00  0  1  0.70
 0  90.98  1.00  0  0  0.68
 0  92.56  0.33  1  1  1.69
 0  73.90  0.71  0  0  0.69
 0  62.54  1.06  1  1  0.78
 1  60.30  0.84  0  0  0.82
 1  92.56  0.33  0  1  1.57
 0  82.53  0.61  0  1  2.77
 1  90.98  0.57  1  1  0.83
 0  67.05  0.71  1  1  0.69
 0  90.98  1.00  0  1  2.89
 1  99.70  0.84  1  0  1.69
 0  78.06  0.21  1  1  1.02
 1  82.53  0.61  1  1  1.43
 0  70.67  0.27  1  1  0.65
 0  85.75  1.34  0  0  8.80
 1  67.44  1.24  0  0  2.38
 1  78.06  1.37  1  1  1.32
 0  60.30  0.73  1  0  2.51
 1  92.95  0.71  1  1  3.36
 0  92.95  0.86  0  0  0.70
 0  98.95  0.62  0  0  0.90
 0  67.44  0.33  1  1  5.74
 0  82.58  0.40  1  0  1.81
 1  64.69  1.16  0  1  4.10
 1  92.95  0.86  1  0  2.10
 1  87.33  0.46  0  1  3.55
 1  97.46  1.06  1  0  0.72
 0  82.53  0.96  0  0  1.13
 1  77.47  0.61  1  1  0.82
 0  89.33  1.30  0  0  0.65
 0  77.47  0.96  0  1  2.65
 0  62.54  1.06  1  0 36.16
 1  99.70  0.73  1  0  1.23
 1  61.05  0.62  0  1  0.99
 1  69.02  0.57  0  1  0.46
 0  87.33  0.46  1  0  2.94
 0  61.05  0.95  1  1  4.56
 0  77.42  0.40  1  0  2.19
 0  73.90  0.71  0  1  0.88
 1  77.42  0.40  0  0  0.57
 1  82.58  1.17  1  1  1.01
 0  92.95  0.71  0  1  1.80
 1  82.53  0.96  1  1  0.58
 1  70.67  0.27  0  0  2.97
 1  61.05  0.95  0  1  1.03
 0  85.75  0.23  1  1  0.62
 0  73.90  0.86  0  1  1.22
 1  70.67  1.30  0  0  0.69
 0  97.46  1.06  0  1  3.84
 0  61.05  0.62  1  1  0.62
 0  64.69  1.16  1  1  0.64
 1  67.44  0.33  0  1  0.69
 1  90.98  0.57  1  0  1.29
 1  92.56  0.33  0  0  0.83
 1  74.25  1.34  1  1  0.56
 1  86.10  0.71  1  0  1.84
 0  69.02  0.57  1  1  0.92
 1  92.56  1.24  1  0  0.72
 0  87.33  1.11  0  0  2.48
 1  89.33  1.30  1  0  0.52
 1  86.10  0.86  1  1  2.74
 1  95.31  1.16  1  1  1.98
 1  98.95  0.95  1  1  0.68
 1  95.31  0.42  0  0  0.93
 0  82.53  0.61  0  1  1.67
 0  74.25  1.34  0  0  2.28
 1  64.69  0.42  0  1  9.37
 0  62.54  0.51  1  0  1.63
 0  81.94  0.21  1  0 19.73
 0  60.30  0.84  1  1  1.30
 1  81.94  1.37  1  0  1.66
 0  81.94  1.37  0  0  1.38
 0  77.47  0.61  0  1  1.62
 1  77.42  1.17  1  1  0.73
 0  78.06  1.37  0  0  3.00
 1  89.33  0.27  0  0  1.25
 1  72.67  0.46  0  1  1.75
 0  89.33  0.27  1  0  0.69
 1  67.05  0.86  0  1  0.97
 0  99.70  0.73  0  0  1.21
 1  78.06  0.21  0  0  1.03
 1  67.05  0.71  0  1  1.82
 0  98.95  0.95  0  1  1.05
 1  74.25  0.23  0  1  0.80
 0  92.56  1.24  0  1  1.19
 1  72.67  1.11  1  1  1.47
 1  73.90  0.71  1  1  0.79
 0  64.69  0.42  1  1  0.74
 1  60.30  0.73  0  1  0.88
 1  73.90  0.86  1  1  1.10
 0  97.46  0.51  1  1  1.07
 0  67.05  0.71  1  1  0.62
 0  86.10  0.86  0  1  0.96
 0  92.56  0.33  1  1  0.70
 1  85.75  0.23  0  1  1.02
 0  99.70  0.84  0  1  1.76
 1  62.54  1.06  0  1  3.15
 1  85.75  1.34  1  1  1.09
 1  81.94  0.21  0  0  1.86
 0  67.44  1.24  1  1  1.97
 0  70.67  1.30  1  0  0.70
 1  60.30  0.84  0  1  2.58
 1  69.02  1.00  0  1  0.49
 0  95.31  0.42  1  1  2.83
 0  95.31  1.16  0  1  2.67
 0  69.02  1.00  1  1  0.72
 1  77.47  0.96  1  1  0.67
 1  62.54  0.51  0  0  1.27
 0  86.10  0.71  0  0  1.98
 0  72.67  0.46  1  1 25.76
 0  82.58  1.17  0  1  1.39
 1  82.58  0.40  0  0  1.25
 0  72.67  1.11  0  1  0.82
 1  97.46  0.51  0  1  1.94
 1  98.95  0.62  1  0  1.59
 1  90.98  1.00  1  1  1.02
 0  67.05  0.86  1  1  1.65
 0  77.42  1.17  0  1  1.71
 0  74.25  0.23  1  1  1.72
 0  90.98  0.57  0  0  2.35
 1  87.33  1.11  1  1  0.83
 1  69.02  0.57  0  0  2.34
 1  92.56  0.33  0  0  2.06
 0  73.90  0.71  0  1  1.25
 1  78.06  0.21  0  0  2.27
 0  77.47  0.96  0  1  1.43
 1  99.70  0.84  1  1  3.21
 1  87.33  1.11  1  1  0.87
 0  74.25  1.34  0  1  1.83
 0  64.69  0.42  1  0  1.64
 0  72.67  0.46  1  0  0.70
 1  98.95  0.95  1  1  1.60
 0  81.94  0.21  1  1  0.86
 0  60.30  0.84  1  1  0.71
 1  67.05  0.86  0  0  0.66
 1  81.94  1.37  1  1  1.58
 1  97.46  1.06  1  1  2.02
 0  70.67  1.30  1  1  1.66
 0  61.05  0.62  1  1  0.79
 1  60.30  0.73  0  0  6.86
 1  82.53  0.96  1  1  1.41
 1  62.54  0.51  0  0  1.62
 0  70.67  0.27  1  1  1.46
 1  60.30  0.84  0  1  0.80
 1  73.90  0.86  1  1  1.10
 1  99.70  0.73  1  1  1.45
 0  69.02  1.00  1  1  1.27
 0  67.05  0.86  1  0  0.79
 1  64.69  0.42  0  1  5.18
 1  92.56  1.24  1  1  1.09
 0  69.02  0.57  1  1  1.14
 0  90.98  1.00  0  0  1.43
 0  87.33  0.46  1  1  1.11
 1  62.54  1.06  0  0  2.28
 0  82.53  0.61  0  0  3.72
 0  77.47  0.61  0  0  0.70
 0  67.44  1.24  1  1  1.32
 0  82.53  0.96  0  0  2.28
 0  74.25  0.23  1  1  0.76
 0  92.56  0.33  1  1  1.10
 1  74.25  1.34  1  1  0.88
 0  64.69  1.16  1  1  0.67
 1  95.31  1.16  1  1  0.76
 0  85.75  1.34  0  0  1.02
 1  85.75  1.34  1  1  1.36
 1  78.06  1.37  1  1  0.77
 0  95.31  0.42  1  0  1.60
 1  87.33  0.46  0  1  0.45
 0  97.46  1.06  0  1  3.89
 1  85.75  0.23  0  1  1.68
 0  67.05  0.71  1  0  1.37
 1  74.25  0.23  0  1  1.00
 1  95.31  0.42  0  1  3.11
 0  85.75  0.23  1  0  1.07
 1  72.67  1.11  1  0  1.93
 1  77.47  0.96  1  1  0.96
 0  92.95  0.71  0  1  2.72
 1  81.94  0.21  0  0  3.92
 0  89.33  0.27  1  0  2.76
 1  61.05  0.62  0  1  0.83
 1  86.10  0.86  1  1  3.39
 0  92.95  0.86  0  0  0.77
 0  82.58  0.40  1  1  1.19
 1  89.33  1.30  1  1  1.46
 0  62.54  1.06  1  0  1.33
 1  77.42  1.17  1  0  3.90
 0  97.46  0.51  1  0  3.85
 0  86.10  0.71  0  1  1.24
 1  90.98  0.57  1  0  0.83
 1  92.95  0.71  1  0  1.11
 0  82.58  1.17  0  1  1.72
 0  61.05  0.95  1  0  2.00
 0  77.42  1.17  0  0  0.93
 1  73.90  0.71  1  0  0.67
 0  89.33  1.30  0  0  1.56
 1  67.05  0.71  0  0  0.73
 0  99.70  0.84  0  1  2.59
 1  77.42  0.40  0  0  4.18
 1  61.05  0.95  0  0  2.39
 0  86.10  0.86  0  1  3.98
 1  77.47  0.61  1  1  1.52
 1  82.58  1.17  1  1  2.00
 1  72.67  0.46  0  0  0.70
 0  62.54  0.51  1  0  2.73
 1  97.46  0.51  0  0  5.27
 0  90.98  0.57  0  1  3.30
 0  78.06  0.21  1  1  0.92
 1  67.44  1.24  0  1  3.01
 1  82.58  0.40  0  0  0.68
 0  92.56  1.24  0  1  1.66
 1  90.98  1.00  1  1  1.24
 0  87.33  1.11  0  0  1.71
 0  72.67  1.11  0  1  0.66
 1  69.02  1.00  0  0  0.76
 0  95.31  1.16  0  0  1.27
 1  98.95  0.62  1  1  2.81
 0  60.30  0.73  1  1  0.71
 0  98.95  0.95  0  0  1.41
 1  70.67  1.30  0  1  2.28
 0  78.06  1.37  0  1  0.86
 1  70.67  0.27  0  1  0.65
 0  81.94  1.37  0  1  0.97
 1  86.10  0.71  1  1  0.97
 1  82.53  0.61  1  1  0.67
 0  99.70  0.73  0  0  0.61
 1  92.95  0.86  1  1  0.92
 0  73.90  0.86  0  1  1.96
 1  64.69  1.16  0  0  0.82
 0  98.95  0.62  0  0  1.32
 0  67.44  0.33  1  1  0.93
 1  89.33  0.27  0  1  2.01
 1  67.44  0.33  0  0  1.74
 0  77.42  0.40  1  1  5.02
 1  77.42  0.40  0  0  1.99
 1  62.54  0.51  0  1  1.36
 0  78.06  1.37  0  1  0.65
 1  64.69  0.42  0  0  2.78
 0  74.25  0.23  1  1  0.89
 0  82.53  0.61  0  0  3.22
 0  73.90  0.86  0  0  0.55
 0  77.42  0.40  1  1  1.22
 0  69.02  0.57  1  1  0.67
 0  82.58  0.40  1  1  1.49
 0  60.30  0.84  1  1  0.78
 0  82.58  1.17  0  1  1.09
 1  73.90  0.71  1  1  0.86
 0  95.31  1.16  0  0  0.95
 1  95.31  1.16  1  1  0.69
 1  95.31  0.42  0  1  1.92
 1  82.58  0.40  0  1  0.92
 1  99.70  0.73  1  0  1.20
 1  67.05  0.86  0  1  3.18
 1  69.02  0.57  0  1  0.53
 0  72.67  0.46  1  1  0.91
 1  77.47  0.61  1  1  0.95
 1  87.33  1.11  1  1  1.99
 0  98.95  0.95  0  0  2.28
 1  60.30  0.73  0  1  0.78
 1  72.67  1.11  1  1  0.68
 0  61.05  0.95  1  1  0.72
 0  90.98  0.57  0  0  1.32
 1  92.95  0.71  1  1  0.73
 1  87.33  0.46  0  1  1.00
 1  98.95  0.62  1  0  0.76
 1  62.54  1.06  0  1  2.78
 1  99.70  0.84  1  0  1.31
 1  89.33  1.30  1  1  4.70
 0  67.44  0.33  1  1  4.57
 1  74.25  0.23  0  0  0.74
 0  70.67  0.27  1  1  0.82
 0  86.10  0.71  0  1  1.70
 1  86.10  0.86  1  1  0.79
 0  85.75  1.34  0  0  0.69
 1  90.98  0.57  1  1  0.62
 1  67.05  0.71  0  1  0.79
 0  81.94  1.37  0  0  0.68
 1  89.33  0.27  0  1  0.72
 0  77.47  0.61  0  1  0.51
 0  70.67  1.30  1  0  0.55
 1  73.90  0.86  1  1  0.97
 0  60.30  0.73  1  1  1.27
 0  67.05  0.71  1  0  1.03
 1  97.46  0.51  0  0  1.33
 1  60.30  0.84  0  1  0.79
 0  64.69  1.16  1  0  1.29
 0  81.94  0.21  1  1  2.58
 0  61.05  0.62  1  1  1.04
 0  73.90  0.71  0  1  1.24
 0  64.69  0.42  1  0  2.00
 0  97.46  0.51  1  1  1.54
 0  67.05  0.86  1  0  0.89
 1  92.56  0.33  0  1  0.55
 1  78.06  0.21  0  1  0.78
 1  85.75  0.23  0  1  0.73
 0  98.95  0.62  0  1  0.52
 0  89.33  0.27  1  0  1.04
 1  64.69  1.16  0  1  0.67
 1  90.98  1.00  1  0  2.20
 0  95.31  0.42  1  0  0.98
 0  92.56  0.33  1  0  0.47
 0  78.06  0.21  1  0  0.60
 1  98.95  0.95  1  0  1.33
 1  85.75  1.34  1  0  0.60
 0  77.47  0.96  0  1  1.38
 1  61.05  0.95  0  0  1.14
 1  97.46  1.06  1  0  0.83
 0  62.54  0.51  1  0  1.01
 1  78.06  1.37  1  0  0.42
 0  74.25  1.34  0  0  1.75
 1  81.94  1.37  1  0  1.38
 0  62.54  1.06  1  0  0.99
 1  92.56  1.24  1  1  1.06
 1  70.67  0.27  0  0  2.36
 0  90.98  1.00  0  0  1.23
 1  77.42  1.17  1  1  2.23
 1  74.25  1.34  1  1  0.47
 0  92.95  0.71  0  0  1.12
 1  86.10  0.71  1  1  2.29
 0  92.56  1.24  0  1  2.20
 0  99.70  0.73  0  0  0.51
 0  77.42  1.17  0  1  1.36
 1  72.67  0.46  0  0  1.35
 1  77.47  0.96  1  0  1.46
 0  92.95  0.86  0  0  3.20
 0  86.10  0.86  0  0  0.74
 1  69.02  1.00  0  1  2.55
 1  82.53  0.61  1  0  1.12
 1  82.53  0.96  1  1  1.04
 0  85.75  0.23  1  0  1.68
 0  72.67  1.11  0  1  1.79
 1  70.67  1.30  0  0  0.80
 1  61.05  0.62  0  1  0.99
 0  89.33  1.30  0  1  2.41
 1  67.44  1.24  0  1  1.21
 1  92.95  0.86  1  1  1.34
 0  99.70  0.84  0  0  0.98
 0  67.44  1.24  1  1  1.00
 1  82.58  1.17  1  0  2.58
 1  67.44  0.33  0  1  1.54
 0  69.02  1.00  1  0  1.33
 0  87.33  0.46  1  0  3.94
 0  87.33  1.11  0  1  2.13
 1  81.94  0.21  0  1  1.31
 0  97.46  1.06  0  1  1.51
 0  82.53  0.96  0  1  0.50
