 1  74.25  0.23  0  0  2.10
 1  67.44  0.33  0  1  1.06
 0  78.06  1.37  0  0  0.69
 1  72.67  1.11  1  0  1.82
 1  81.94  0.21  0  1  3.67
 1  70.67  1.30  0  0  0.90
 0  81.94  1.37  0  1  0.69
 1  98.95  0.62  1  1  2.46
 0  85.75  1.34  0  0  0.43
 0  77.47  0.96  0  0  0.60
 1  73.90  0.71  1  1  0.65
 0  61.05  0.62  1  1  3.63
 1  82.58  0.40  0  0  1.65
 1  70.67  0.27  0  0  1.94
 1  89.33  1.30  1  1  1.62
 0  86.10  0.86  0  0  4.27
 0  73.90  0.71  0  1  3.67
 1  87.33  0.46  0  0  0.96
 1  67.05  0.86  0  0  5.61
 1  74.25  1.34  1  1  1.76
 0  92.56  1.24  0  0  0.88
 0  99.70  0.84  0  0  1.08
 0  67.05  0.71  1  1  1.09
 1  82.58  1.17  1  1  1.99
 1  77.47  0.96  1  1  0.61
 0  82.53  0.96  0  1  1.40
 0  67.05  0.86  1  1  2.75
 0  85.75  0.23  1  1  4.18
 0  78.06  0.21  1  0  2.23
 0  70.67  1.30  1  1  5.19
 0  82.58  0.40  1  0  1.35
 0  69.02  0.57  1  1  1.18
 0  62.54  0.51  1  0  1.00
 0  95.31  0.42  1  0  0.50
 1  64.69  0.42  0  0  0.57
 0  92.95  0.86  0  1  5.42
 1  97.46  0.51  0  0  1.27
 1  69.02  0.57  0  1  3.14
 1  90.98  0.57  1  0  1.82
 1  78.06  1.37  1  0  1.66
 0  98.95  0.95  0  1  0.80
 0  61.05  0.95  1  0  1.49
 1  60.30  0.73  0  1  7.35
 0  69.02  1.00  1  0  1.88
 0  87.33  0.46  1  1  5.27
 0  89.33  0.27  1  0  1.36
 0  74.25  0.23  1  1  3.62
 1  86.10  0.71  1  0  0.80
 0  86.10  0.71  0  1  0.86
 1  60.30  0.84  0  0  0.01
 1  89.33  0.27  0  0  0.25
 1  77.42  0.40  0  1  0.21
 0  92.95  0.71  0  1  2.41
 0  98.95  0.62  0  0  2.15
 0  77.42  0.40  1  1  1.99
 1  99.70  0.84  1  0  1.10
 1  98.95  0.95  1  1  1.57
 0  90.98  1.00  0  1  1.13
 1  77.47  0.61  1  0  0.77
 0  97.46  1.06  0  1  0.23
 0  95.31  1.16  0  0  0.88
 0  81.94  0.21  1  1  2.10
 1  67.05  0.71  0  0  0.51
 1  87.33  1.11  1  0  0.68
 1  86.10  0.86  1  1  2.17
 1  61.05  0.62  0  0  1.16
 1  61.05  0.95  0  1  1.23
 1  97.46  1.06  1  0  5.62
 1  90.98  1.00  1  1  0.98
 0  60.30  0.84  1  0  1.69
 1  64.69  1.16  0  1  2.76
 1  62.54  1.06  0  1  1.02
 0  74.25  1.34  0  0  1.42
 1  67.44  1.24  0  1  1.30
 1  72.67  0.46  0  0  1.62
 0  92.56  0.33  1  1  3.07
 1  81.94  1.37  1  1  1.15
 1  69.02  1.00  0  1  1.21
 0  82.53  0.61  0  0  1.35
 1  92.95  0.86  1  1  0.96
 1  95.31  0.42  0  0  1.13
 0  72.67  0.46  1  0  2.13
 1  82.53  0.96  1  1  0.82
 1  92.95  0.71  1  0  2.96
 1  92.56  0.33  0  1  3.36
 1  73.90  0.86  1  1  2.21
 0  73.90  0.86  0  0  2.56
 0  97.46  0.51  1  0  1.29
 1  99.70  0.73  1  0  0.96
 0  77.47  0.61  0  0  1.15
 1  62.54  0.51  0  1  1.69
 0  60.30  0.73  1  1  1.13
 0  87.33  1.11  0  1  2.79
 1  85.75  1.34  1  1  1.12
 0  67.44  1.24  1  0  1.87
 0  62.54  1.06  1  1  3.60
 1  82.53  0.61  1  1  0.78
 1  92.56  1.24  1  0  0.82
 0  70.67  0.27  1  1  1.10
 0  72.67  1.11  0  1  0.63
 1  78.06  0.21  0  1  0.82
 1  77.42  1.17  1  1  0.88
 0  89.33  1.30  0  0  1.58
 0  90.98  0.57  0  1  4.52
 1  95.31  1.16  1  1  1.50
 1  85.75  0.23  0  0  1.10
 0  64.69  0.42  1  0  2.12
 0  77.42  1.17  0  1  0.80
 0  64.69  1.16  1  0  1.36
 0  99.70  0.73  0  1  1.90
 0  67.44  0.33  1  0  1.36
 0  82.58  1.17  0  0  4.19
 1  67.05  0.86  0  0 21.64
 0  72.67  0.46  1  0  1.59
 0  74.25  0.23  1  0  1.02
 1  74.25  0.23  0  0  0.62
 1  77.42  1.17  1  0  1.06
 1  72.67  0.46  0  1  0.83
 0  92.95  0.86  0  1  1.73
 1  77.42  0.40  0  0  2.14
 1  60.30  0.84  0  1  2.69
 1  77.47  0.61  1  1  1.37
 0  95.31  1.16  0  0  1.88
 0  77.42  1.17  0  1  0.55
 0  90.98  0.57  0  1  0.71
 1  81.94  0.21  0  1  0.86
 1  85.75  1.34  1  1  1.88
 0  61.05  0.62  1  0  1.23
 1  97.46  1.06  1  0  6.73
 0  67.05  0.71  1  0  0.94
 1  74.25  1.34  1  1  0.76
 0  98.95  0.62  0  0  1.82
 0  82.53  0.96  0  1  3.01
 0  60.30  0.73  1  0  1.62
 0  70.67  0.27  1  0  4.33
 1  82.58  0.40  0  1  0.93
 1  99.70  0.73  1  1  3.78
 0  74.25  1.34  0  0  1.16
 0  67.44  1.24  1  0  0.74
 0  60.30  0.84  1  0  0.54
 0  86.10  0.86  0  1  0.55
 1  81.94  1.37  1  1  2.85
 1  77.47  0.96  1  1  0.33
 1  73.90  0.86  1  1  0.25
 1  87.33  1.11  1  1  0.33
 1  92.56  1.24  1  0  0.30
 0  82.58  0.40  1  1  7.04
 0  92.56  0.33  1  0  0.56
 0  61.05  0.95  1  0  0.35
 1  89.33  0.27  0  0  0.42
 0  87.33  0.46  1  1  0.39
 1  97.46  0.51  0  1  0.60
 0  64.69  1.16  1  1  0.36
 1  69.02  0.57  0  0  2.99
 0  85.75  0.23  1  1  0.93
 1  98.95  0.95  1  1  1.63
 1  87.33  0.46  0  1  1.09
 0  97.46  0.51  1  1  1.43
 1  78.06  0.21  0  1  1.39
 1  95.31  1.16  1  1  1.04
 0  86.10  0.71  0  0  2.42
 1  70.67  0.27  0  0  0.93
 0  69.02  1.00  1  0  1.44
 0  81.94  0.21  1  0  1.69
 1  61.05  0.62  0  1  1.52
 1  64.69  1.16  0  1  1.45
 0  69.02  0.57  1  0  1.29
 0  99.70  0.84  0  0  2.22
 1  70.67  1.30  0  1  1.21
 0  98.95  0.95  0  1  2.13
 0  64.69  0.42  1  0  0.99
 0  78.06  0.21  1  0  3.02
 1  61.05  0.95  0  1  0.98
 1  89.33  1.30  1  0  1.17
 0  62.54  0.51  1  0  0.65
 1  98.95  0.62  1  1  0.81
 0  73.90  0.86  0  1  0.68
 1  82.53  0.96  1  0  1.39
 1  62.54  0.51  0  0  1.46
 0  77.42  0.40  1  1  0.62
 0  77.47  0.61  0  0  0.84
 1  92.56  0.33  0  1  1.12
 0  82.53  0.61  0  1  0.67
 0  99.70  0.73  0  0  2.46
 1  86.10  0.71  1  1  2.57
 0  81.94  1.37  0  1  0.94
 1  69.02  1.00  0  1  0.53
 1  90.98  1.00  1  1  2.14
 1  86.10  0.86  1  0  1.46
 0  73.90  0.71  0  1  0.61
 0  70.67  1.30  1  0  1.95
 0  85.75  1.34  0  1  1.67
 1  82.58  1.17  1  1  0.77
 1  90.98  0.57  1  0  1.41
 1  99.70  0.84  1  1  0.60
 1  62.54  1.06  0  1  6.75
 1  67.44  1.24  0  1  0.62
 1  73.90  0.71  1  1  1.06
 0  97.46  1.06  0  0  1.82
 0  82.58  1.17  0  1  0.63
 1  78.06  1.37  1  1  0.68
 0  92.95  0.71  0  0  1.14
 0  89.33  0.27  1  1  0.64
 0  89.33  1.30  0  1  1.59
 1  72.67  1.11  1  1  0.88
 1  67.05  0.71  0  0  2.53
 1  82.53  0.61  1  1  1.44
 1  60.30  0.73  0  1  0.77
 1  92.95  0.71  1  1  0.65
 0  95.31  0.42  1  1  1.70
 1  95.31  0.42  0  1  0.88
 0  67.05  0.86  1  0  1.97
 0  72.67  1.11  0  1  1.07
 0  77.47  0.96  0  0  0.72
 0  78.06  1.37  0  1  3.86
 1  92.95  0.86  1  1  0.67
 0  67.44  0.33  1  0  3.64
 1  64.69  0.42  0  1  1.43
 0  92.56  1.24  0  1  2.90
 0  62.54  1.06  1  0  1.32
 0  87.33  1.11  0  1  1.62
 0  90.98  1.00  0  0  0.81
 1  67.44  0.33  0  1  1.28
 1  85.75  0.23  0  1  1.59
 0  67.44  0.33  1  1 10.93
 0  67.05  0.71  1  1  0.92
 0  82.53  0.61  0  1  0.16
 1  77.42  1.17  1  1  0.07
 1  99.70  0.84  1  0  1.10
 1  73.90  0.71  1  1  1.35
 0  77.47  0.61  0  1  0.98
 1  92.95  0.71  1  1  0.77
 0  90.98  0.57  0  1  0.97
 0  81.94  1.37  0  1  0.80
 1  82.53  0.61  1  1  1.13
 1  69.02  1.00  0  0  0.64
 1  85.75  1.34  1  1  0.72
 0  87.33  1.11  0  1  1.03
 1  98.95  0.62  1  1  0.02
 1  61.05  0.62  0  1  0.06
 0  62.54  0.51  1  1  0.10
 1  81.94  0.21  0  0  0.81
 0  78.06  1.37  0  1  1.84
 0  95.31  0.42  1  0  0.61
 0  77.42  0.40  1  1  1.01
 1  90.98  1.00  1  0  0.96
 0  92.56  1.24  0  1  1.74
 0  78.06  0.21  1  0  0.70
 1  99.70  0.73  1  1  1.52
 1  92.56  1.24  1  1  2.04
 1  64.69  1.16  0  1  0.94
 0  72.67  0.46  1  1  5.82
 0  86.10  0.86  0  1  0.97
 1  70.67  1.30  0  1  0.67
 1  60.30  0.84  0  1  0.74
 0  70.67  0.27  1  1  0.99
 0  73.90  0.71  0  1  0.67
 0  67.44  1.24  1  0  1.70
 1  82.58  1.17  1  0  0.92
 1  81.94  1.37  1  0  1.05
 1  67.44  1.24  0  0  0.99
 1  89.33  1.30  1  0  0.42
 1  89.33  0.27  0  0  0.27
 0  77.47  0.96  0  1  0.08
 0  64.69  0.42  1  0  0.24
 0  97.46  0.51  1  0 22.41
 0  90.98  1.00  0  1  1.90
 0  97.46  1.06  0  0  3.16
 1  98.95  0.95  1  1  3.86
 0  89.33  0.27  1  0  2.23
 0  85.75  0.23  1  0  0.68
 1  90.98  0.57  1  0  5.81
 1  67.44  0.33  0  1  2.26
 0  69.02  0.57  1  0  2.96
 1  86.10  0.86  1  0  1.92
 1  78.06  0.21  0  0  1.14
 1  67.05  0.86  0  1  1.21
 1  62.54  0.51  0  0  4.15
 0  92.95  0.71  0  0  2.51
 0  82.58  1.17  0  1  1.64
 1  92.56  0.33  0  1  2.47
 0  73.90  0.86  0  1  8.76
 0  60.30  0.84  1  1  3.54
 0  74.25  0.23  1  1  1.23
 0  64.69  1.16  1  0  0.99
 1  69.02  0.57  0  0  0.42
 1  67.05  0.71  0  1  0.26
 0  82.53  0.96  0  1  1.33
 1  87.33  0.46  0  0  9.17
 0  82.58  0.40  1  0  1.15
 0  98.95  0.95  0  0  1.53
 0  72.67  1.11  0  1  0.98
 0  69.02  1.00  1  0  1.04
 0  61.05  0.62  1  0  1.73
 1  97.46  1.06  1  1  2.78
 0  95.31  1.16  0  0  2.51
 1  72.67  0.46  0  0  4.51
 1  61.05  0.95  0  0  0.48
 0  85.75  1.34  0  0  0.82
 1  92.95  0.86  1  0  1.42
 0  99.70  0.84  0  0  2.17
 1  70.67  0.27  0  0  5.87
 0  60.30  0.73  1  0  0.84
 1  86.10  0.71  1  1  0.55
 1  85.75  0.23  0  1  1.06
 1  78.06  1.37  1  0  1.03
 1  73.90  0.86  1  1  0.63
 0  67.05  0.86  1  1  0.98
 0  86.10  0.71  0  0  1.30
 1  60.30  0.73  0  1  1.47
 1  74.25  0.23  0  1  1.36
 0  77.42  1.17  0  0  0.97
 1  97.46  0.51  0  0  1.72
 0  89.33  1.30  0  0  0.98
 0  61.05  0.95  1  0  1.19
 1  87.33  1.11  1  0  1.11
 0  98.95  0.62  0  0  1.28
 0  87.33  0.46  1  1  0.78
 1  95.31  1.16  1  0  0.31
 0  92.95  0.86  0  1  0.78
 1  77.42  0.40  0  0  0.34
 1  82.53  0.96  1  1  0.91
 1  64.69  0.42  0  0  0.63
 1  77.47  0.61  1  1  0.59
 1  62.54  1.06  0  0  0.58
 0  92.56  0.33  1  1  0.65
 0  74.25  1.34  0  0  0.03
 0  99.70  0.73  0  1  0.09
 0  81.94  0.21  1  0  0.07
 1  74.25  1.34  1  1  0.45
 1  72.67  1.11  1  1  0.04
 0  70.67  1.30  1  0  0.01
 1  82.58  0.40  0  1  0.05
 1  77.47  0.96  1  0  0.07
 1  95.31  0.42  0  0  0.30
 0  62.54  1.06  1  0  0.03
 0  61.05  0.95  1  0  0.96
 1  72.67  1.11  1  0  0.29
 0  92.95  0.86  0  1  0.43
 1  92.56  1.24  1  1  0.12
 0  72.67  0.46  1  0  0.63
 0  82.58  1.17  0  1  0.03
 0  92.56  0.33  1  1  0.01
 0  85.75  0.23  1  0  0.24
 1  82.58  1.17  1  0  0.29
 1  73.90  0.86  1  0  2.83
 0  92.56  1.24  0  1  0.36
 1  99.70  0.84  1  0  0.27
 1  85.75  0.23  0  1  0.29
 1  62.54  0.51  0  0  0.21
 1  87.33  0.46  0  0  0.46
 0  67.44  1.24  1  0  0.02
 1  87.33  1.11  1  0  0.02
 1  77.47  0.61  1  0  0.45
 1  78.06  1.37  1  1  0.06
 0  70.67  0.27  1  1  1.26
 1  73.90  0.71  1  0  0.32
 0  90.98  0.57  0  1  0.04
 1  64.69  1.16  0  0  9.96
 1  86.10  0.86  1  1  2.34
 0  97.46  0.51  1  1  1.27
 0  82.53  0.61  0  0  2.17
 1  61.05  0.95  0  1  1.60
 1  86.10  0.71  1  1  1.99
 1  67.05  0.71  0  1  1.41
 0  98.95  0.62  0  0  3.10
 0  99.70  0.84  0  1  1.28
 0  78.06  0.21  1  0  3.39
 0  64.69  0.42  1  1  1.67
 1  67.44  0.33  0  0  1.94
 0  70.67  1.30  1  1  0.82
 1  69.02  0.57  0  0  1.15
 1  97.46  1.06  1  0  0.14
 0  69.02  1.00  1  0  0.02
 1  78.06  0.21  0  1  0.03
 0  78.06  1.37  0  1  0.56
 0  64.69  1.16  1  0  1.33
 0  85.75  1.34  0  1  2.06
 0  73.90  0.86  0  1  0.79
 0  90.98  1.00  0  0  0.58
 0  67.44  0.33  1  0  2.20
 0  77.42  0.40  1  0  1.14
 0  86.10  0.71  0  0  2.12
 0  87.33  0.46  1  0  0.70
 1  81.94  1.37  1  1  1.24
 1  61.05  0.62  0  1  0.54
 0  61.05  0.62  1  0  1.26
 0  60.30  0.84  1  0  0.60
 1  95.31  0.42  0  0 16.62
 1  77.42  0.40  0  1  1.01
 0  97.46  1.06  0  0  1.01
 1  82.53  0.61  1  0  3.23
 0  86.10  0.86  0  0  0.84
 1  92.95  0.86  1  1  1.66
 1  72.67  0.46  0  1  6.13
 1  85.75  1.34  1  1  1.97
 1  70.67  1.30  0  1 27.52
 1  82.53  0.96  1  0  2.14
 1  81.94  0.21  0  1  1.94
 1  98.95  0.62  1  0  2.22
 0  62.54  0.51  1  0  1.84
 1  74.25  1.34  1  0  2.42
 0  95.31  0.42  1  0  8.42
 0  89.33  1.30  0  0  1.59
 1  92.56  0.33  0  1  2.01
 1  77.47  0.96  1  1  2.01
 0  87.33  1.11  0  0  2.09
 0  92.95  0.71  0  0  3.04
 0  60.30  0.73  1  0  1.86
 1  77.42  1.17  1  0  1.02
 0  67.05  0.86  1  1  1.15
 1  82.58  0.40  0  0  0.61
 1  60.30  0.73  0  1  3.57
 1  60.30  0.84  0  1  0.51
 1  64.69  0.42  0  0  1.76
 1  98.95  0.95  1  0  2.65
 0  81.94  1.37  0  1  0.67
 0  99.70  0.73  0  0  0.57
 0  77.47  0.61  0  1  1.65
 0  77.42  1.17  0  1  6.89
 0  89.33  0.27  1  0  2.80
 1  62.54  1.06  0  1  2.23
 1  90.98  0.57  1  1  3.29
 0  67.05  0.71  1  0  1.65
 1  99.70  0.73  1  0  8.96
 0  62.54  1.06  1  0  6.19
 1  92.95  0.71  1  0  0.18
 1  89.33  1.30  1  0  0.04
 0  69.02  0.57  1  0  0.02
 1  97.46  0.51  0  0  0.01
 1  70.67  0.27  0  0  0.04
 0  98.95  0.95  0  1  0.08
 0  82.53  0.96  0  0  0.07
 1  69.02  1.00  0  1  5.10
 0  74.25  0.23  1  1  1.54
 0  72.67  1.11  0  1  2.39
 1  74.25  0.23  0  0  0.95
 0  77.47  0.96  0  1  0.92
 0  74.25  1.34  0  1  0.26
 1  89.33  0.27  0  1  2.59
 0  95.31  1.16  0  0  2.46
 1  67.44  1.24  0  1  0.52
 1  90.98  1.00  1  0  1.06
 0  81.94  0.21  1  1  2.82
 1  67.05  0.86  0  0  4.58
 0  73.90  0.71  0  1  0.52
 0  82.58  0.40  1  0  3.37
 1  95.31  1.16  1  1  2.04
 1  70.67  0.27  0  1  6.20
 1  70.67  1.30  0  1 22.77
 0  77.42  0.40  1  0  4.70
 1  89.33  1.30  1  1  2.93
 1  85.75  0.23  0  1  3.43
 1  81.94  1.37  1  0  4.59
 0  78.06  0.21  1  0  3.68
 1  64.69  0.42  0  0  2.77
 0  64.69  1.16  1  1  2.27
 1  60.30  0.84  0  1  1.63
 0  77.47  0.96  0  0  2.11
 1  92.56  0.33  0  0 11.21
 0  87.33  1.11  0  1  1.33
 0  97.46  0.51  1  1  3.32
 0  92.56  1.24  0  1  0.73
 1  86.10  0.86  1  1  0.79
 1  67.44  0.33  0  0  3.13
 1  62.54  1.06  0  1  1.58
 1  67.05  0.86  0  1 12.89
 0  73.90  0.71  0  0 29.50
 1  86.10  0.71  1  1  1.80
 0  64.69  0.42  1  0  1.59
 0  77.47  0.61  0  0  6.40
 0  69.02  1.00  1  1  2.22
 0  61.05  0.95  1  0  1.30
 1  82.58  0.40  0  1  4.38
 1  73.90  0.86  1  1  7.81
 0  78.06  1.37  0  1  3.23
 0  86.10  0.86  0  0  3.98
 0  89.33  0.27  1  0  3.40
 1  61.05  0.62  0  1  1.19
 1  98.95  0.95  1  1  2.77
 1  90.98  0.57  1  0  1.90
 0  74.25  1.34  0  1  1.02
 0  85.75  0.23  1  0  1.75
 0  82.53  0.96  0  1  1.38
 1  92.56  1.24  1  1  4.09
 0  98.95  0.95  0  0  2.27
 1  78.06  1.37  1  1  1.12
 1  95.31  0.42  0  0  2.26
 1  61.05  0.95  0  1  0.71
 1  77.47  0.96  1  0  1.04
 0  89.33  1.30  0  1  0.64
 0  98.95  0.62  0  1  1.05
 1  62.54  0.51  0  0  1.71
 1  77.42  0.40  0  1  0.72
 1  92.95  0.71  1  0  5.21
 0  99.70  0.73  0  0  2.85
 0  95.31  0.42  1  0  1.61
 0  77.42  1.17  0  0  2.20
 1  98.95  0.62  1  0  2.30
 1  89.33  0.27  0  1  1.08
 1  72.67  0.46  0  0  2.90
 0  67.44  0.33  1  1  0.70
 0  86.10  0.71  0  1  0.78
 1  67.44  1.24  0  1  0.99
 0  67.05  0.71  1  0  1.31
 1  92.95  0.86  1  1  1.84
 0  82.53  0.61  0  0  2.22
 1  82.58  1.17  1  1  1.49
 1  74.25  0.23  0  0  3.33
 0  85.75  1.34  0  1  4.52
 0  74.25  0.23  1  0  2.18
 0  67.05  0.86  1  0  1.18
 1  67.05  0.71  0  1  0.61
 0  60.30  0.84  1  0  2.39
 1  77.42  1.17  1  0  3.84
 0  69.02  0.57  1  1 10.67
 1  69.02  1.00  0  0  7.07
 0  95.31  1.16  0  0  1.08
 1  95.31  1.16  1  1  4.68
 1  77.47  0.61  1  0  1.96
 0  92.95  0.71  0  0  1.15
 1  99.70  0.84  1  1  0.95
 0  92.95  0.86  0  0  1.34
 0  72.67  1.11  0  1  1.78
 1  74.25  1.34  1  0  1.32
 0  81.94  1.37  0  0  1.30
 1  97.46  0.51  0  1  1.38
 1  72.67  1.11  1  0  1.67
 0  70.67  1.30  1  1  0.76
 1  81.94  0.21  0  1  2.43
 1  78.06  0.21  0  1  3.47
 1  97.46  1.06  1  1  2.52
 1  82.53  0.61  1  1  1.44
 0  81.94  0.21  1  1  0.86
 1  64.69  1.16  0  1  0.90
 0  60.30  0.73  1  0  1.50
 0  62.54  0.51  1  0  0.99
 1  73.90  0.71  1  0  0.99
 0  90.98  0.57  0  0  0.95
 0  92.56  0.33  1  0  3.14
 1  85.75  1.34  1  1  2.13
 0  72.67  0.46  1  0  0.69
 0  67.44  1.24  1  1  0.79
 1  99.70  0.73  1  1  0.63
 0  62.54  1.06  1  1  0.92
 0  90.98  1.00  0  1  0.33
 1  69.02  0.57  0  1  0.86
 1  87.33  1.11  1  1  2.52
 0  61.05  0.62  1  1  1.21
 1  87.33  0.46  0  1  1.21
 0  99.70  0.84  0  0  2.25
 0  70.67  0.27  1  1  2.12
 1  60.30  0.73  0  1  3.18
 0  97.46  1.06  0  0  3.78
 0  73.90  0.86  0  1  4.06
 0  82.58  1.17  0  0  1.17
 0  87.33  0.46  1  1  2.81
 0  82.58  0.40  1  1  3.65
 1  82.53  0.96  1  1  2.43
 1  90.98  1.00  1  1  0.99
