 0  64.69  0.42  1  0  1.94
 0  95.31  1.16  0  1  3.64
 0  67.44  0.33  1  0  2.49
 0  95.31  0.42  1  1  5.61
 1  74.25  0.23  0  1  5.43
 1  67.05  0.86  0  1  3.11
 1  87.33  0.46  0  0  3.95
 1  72.67  0.46  0  1  8.88
 0  99.70  0.73  0  0  2.50
 1  92.56  1.24  1  0  1.08
 0  98.95  0.95  0  0  2.71
 0  74.25  0.23  1  1  4.91
 1  98.95  0.95  1  0  3.03
 0  81.94  1.37  0  1 20.17
 0  82.53  0.61  0  1  5.94
 1  82.53  0.96  1  0  5.64
 1  85.75  0.23  0  1 18.05
 1  82.58  0.40  0  0 21.99
 1  62.54  0.51  0  1  1.93
 1  81.94  0.21  0  1  1.75
 1  95.31  1.16  1  0  2.09
 0  85.75  1.34  0  1  1.14
 0  67.44  1.24  1  0  6.75
 1  86.10  0.86  1  1  0.93
 1  99.70  0.73  1  1  0.76
 0  90.98  0.57  0  1  1.28
 0  61.05  0.62  1  0  2.49
 1  78.06  1.37  1  0  1.30
 0  72.67  1.11  0  1  2.63
 1  67.44  1.24  0  1  3.04
 0  74.25  1.34  0  1  2.54
 1  69.02  0.57  0  0  2.84
 0  62.54  0.51  1  0 46.95
 0  73.90  0.86  0  1 22.80
 0  61.05  0.95  1  1  1.35
 1  85.75  1.34  1  1  3.57
 0  77.42  1.17  0  0  1.35
 0  90.98  1.00  0  1  1.23
 1  77.42  0.40  0  0  0.77
 1  87.33  1.11  1  1  1.24
 0  67.05  0.71  1  0  2.14
 1  62.54  1.06  0  0  3.99
 0  77.47  0.96  0  0  1.41
 1  90.98  0.57  1  1  1.35
 1  89.33  0.27  0  0  2.33
 0  78.06  0.21  1  0  0.95
 1  77.47  0.96  1  0  0.97
 0  82.58  0.40  1  0  1.26
 0  67.05  0.86  1  0  0.88
 0  92.95  0.86  0  0  3.76
 1  70.67  1.30  0  1  1.52
 0  97.46  1.06  0  0  2.92
 0  85.75  0.23  1  0  2.11
 1  73.90  0.71  1  0  1.82
 1  97.46  0.51  0  0  3.36
 1  92.95  0.86  1  1  0.80
 0  73.90  0.71  0  0  1.21
 0  78.06  1.37  0  0  1.02
 0  89.33  1.30  0  0  1.04
 1  70.67  0.27  0  1  1.29
 0  60.30  0.73  1  0  1.29
 1  67.44  0.33  0  1  1.00
 1  74.25  1.34  1  0  1.58
 0  62.54  1.06  1  0  0.99
 0  99.70  0.84  0  0  1.11
 1  82.53  0.61  1  0  2.50
 1  78.06  0.21  0  0  1.06
 0  87.33  0.46  1  0  1.29
 0  69.02  0.57  1  1  1.21
 0  82.58  1.17  0  1  1.19
 1  60.30  0.73  0  1  1.41
 0  82.53  0.96  0  1  3.90
 1  61.05  0.95  0  1  0.95
 1  64.69  1.16  0  1  0.63
 0  81.94  0.21  1  0  1.13
 0  87.33  1.11  0  1  1.58
 1  82.58  1.17  1  0  1.15
 0  86.10  0.86  0  1  1.86
 0  92.56  1.24  0  0  1.37
 1  73.90  0.86  1  0  1.23
 1  77.47  0.61  1  0  1.40
 0  70.67  1.30  1  0  1.02
 1  81.94  1.37  1  0  0.99
 0  70.67  0.27  1  0  0.94
 0  86.10  0.71  0  1  4.84
 0  77.47  0.61  0  1  1.82
 1  61.05  0.62  0  1  0.92
 1  92.56  0.33  0  0  3.67
 0  64.69  1.16  1  0  1.85
 0  89.33  0.27  1  0  5.94
 1  60.30  0.84  0  1  3.62
 1  98.95  0.62  1  1  0.78
 1  69.02  1.00  0  0  1.35
 0  69.02  1.00  1  1  6.72
 0  77.42  0.40  1  1  1.13
 1  95.31  0.42  0  1  0.74
 0  92.56  0.33  1  1  0.72
 1  97.46  1.06  1  1  0.70
 1  64.69  0.42  0  1  1.25
 0  60.30  0.84  1  0  2.73
 1  89.33  1.30  1  1  1.00
 1  99.70  0.84  1  1  0.92
 0  92.95  0.71  0  1  0.80
 0  72.67  0.46  1  1  2.12
 1  77.42  1.17  1  1  1.10
 1  86.10  0.71  1  1  1.16
 0  98.95  0.62  0  0  1.06
 1  92.95  0.71  1  1  0.83
 1  67.05  0.71  0  1  2.08
 1  72.67  1.11  1  1  4.17
 1  90.98  1.00  1  1  0.83
 0  97.46  0.51  1  1  1.00
 0  67.44  0.33  1  0  3.28
 1  98.95  0.62  1  1  0.75
 1  89.33  1.30  1  1  0.93
 0  69.02  1.00  1  0  0.88
 0  85.75  1.34  0  0  1.62
 0  77.47  0.61  0  1  1.47
 1  82.58  1.17  1  1  1.55
 1  87.33  1.11  1  1  0.73
 1  95.31  1.16  1  1  0.70
 1  69.02  0.57  0  1  2.54
 0  82.53  0.61  0  0  0.74
 0  86.10  0.71  0  0  0.95
 0  77.47  0.96  0  0  1.21
 0  62.54  0.51  1  0  0.96
 0  86.10  0.86  0  0  1.95
 1  82.58  0.40  0  0  1.39
 1  97.46  0.51  0  0  0.86
 0  72.67  0.46  1  0  1.31
 1  86.10  0.86  1  1  0.66
 1  77.47  0.61  1  1  1.01
 1  87.33  0.46  0  0  0.87
 0  82.58  0.40  1  1  0.83
 0  92.95  0.71  0  0  0.91
 0  73.90  0.86  0  0  1.09
 0  90.98  1.00  0  0  0.75
 1  95.31  0.42  0  0  0.54
 0  92.56  1.24  0  0  0.69
 1  62.54  0.51  0  1  1.58
 0  61.05  0.62  1  0  1.04
 0  85.75  0.23  1  1  1.34
 0  89.33  1.30  0  0  0.86
 0  60.30  0.73  1  0  1.59
 1  70.67  1.30  0  1  0.92
 1  67.05  0.86  0  1  1.16
 1  61.05  0.95  0  1  0.53
 0  95.31  0.42  1  1  1.05
 1  92.95  0.86  1  1  0.49
 0  95.31  1.16  0  0  1.96
 0  81.94  1.37  0  0  3.23
 1  92.56  0.33  0  0  0.86
 0  72.67  1.11  0  1  1.34
 0  81.94  0.21  1  1  0.97
 0  60.30  0.84  1  0  1.38
 1  89.33  0.27  0  0  4.02
 1  73.90  0.86  1  0  1.01
 0  98.95  0.95  0  0  0.86
 1  74.25  0.23  0  1  0.87
 1  64.69  0.42  0  1  1.05
 0  92.95  0.86  0  1  1.57
 0  82.58  1.17  0  1  2.27
 1  72.67  0.46  0  1  1.16
 1  85.75  0.23  0  1  0.62
 0  92.56  0.33  1  1  0.51
 0  64.69  0.42  1  0  1.27
 0  77.42  0.40  1  1  2.14
 0  74.25  0.23  1  0  0.80
 1  60.30  0.84  0  1  1.13
 0  82.53  0.96  0  1  2.11
 1  99.70  0.73  1  1  1.21
 1  69.02  1.00  0  1  0.79
 1  67.05  0.71  0  1  1.37
 0  97.46  0.51  1  1  0.77
 1  92.56  1.24  1  1  0.71
 0  70.67  1.30  1  0  0.84
 1  98.95  0.95  1  1  0.78
 0  87.33  0.46  1  1  1.01
 1  77.42  0.40  0  1  4.09
 0  64.69  1.16  1  0  0.90
 1  92.95  0.71  1  1  0.64
 0  73.90  0.71  0  0  1.68
 1  81.94  0.21  0  0  2.39
 1  81.94  1.37  1  1  1.64
 0  62.54  1.06  1  0  1.64
 1  82.53  0.96  1  0  1.76
 1  78.06  0.21  0  0  1.45
 0  99.70  0.84  0  0  0.66
 1  67.44  0.33  0  1  0.93
 1  61.05  0.62  0  1  1.06
 1  90.98  1.00  1  1  1.35
 0  61.05  0.95  1  0  0.81
 0  89.33  0.27  1  1  1.70
 0  99.70  0.73  0  0  1.57
 1  77.42  1.17  1  1  0.76
 1  62.54  1.06  0  1  1.17
 0  67.05  0.86  1  0  1.13
 0  70.67  0.27  1  1  1.88
 1  77.47  0.96  1  1  0.86
 1  70.67  0.27  0  1  1.52
 1  78.06  1.37  1  0  2.56
 1  90.98  0.57  1  1  0.62
 0  87.33  1.11  0  0  1.64
 1  60.30  0.73  0  1  0.99
 1  82.53  0.61  1  1  3.65
 1  64.69  1.16  0  1  1.21
 0  97.46  1.06  0  0  0.85
 0  67.44  1.24  1  0  1.54
 0  69.02  0.57  1  0  1.50
 0  74.25  1.34  0  1  0.96
 1  74.25  1.34  1  0  1.70
 1  85.75  1.34  1  1  1.27
 1  67.44  1.24  0  1  1.88
 0  98.95  0.62  0  0  1.48
 1  99.70  0.84  1  1  1.44
 0  67.05  0.71  1  0  1.89
 1  97.46  1.06  1  1  2.01
 0  78.06  0.21  1  0  1.92
 0  78.06  1.37  0  0  2.07
 1  73.90  0.71  1  1  1.78
 0  90.98  0.57  0  1  2.10
 1  86.10  0.71  1  1  1.89
 0  77.42  1.17  0  0  1.76
 1  72.67  1.11  1  1  1.76
 0  60.30  0.84  1  0  2.32
 1  82.58  0.40  0  0  2.11
 0  97.46  1.06  0  0  1.68
 0  82.53  0.61  0  0  0.94
 0  98.95  0.95  0  0  0.89
 0  77.42  0.40  1  1  1.20
 0  86.10  0.71  0  0  2.72
 0  78.06  1.37  0  0  1.90
 0  87.33  0.46  1  1  0.97
 0  92.56  1.24  0  0  1.64
 0  99.70  0.84  0  1  1.56
 1  99.70  0.84  1  1  0.81
 1  90.98  0.57  1  0  1.30
 1  92.95  0.71  1  1  0.88
 1  73.90  0.86  1  0  1.20
 1  86.10  0.71  1  1  0.91
 0  64.69  0.42  1  0  0.76
 1  67.05  0.71  0  1  0.67
 0  89.33  1.30  0  0  1.08
 1  86.10  0.86  1  1  1.12
 0  77.42  1.17  0  1  1.99
 1  98.95  0.95  1  1  0.90
 0  67.05  0.86  1  0  1.14
 0  69.02  0.57  1  1  1.82
 1  70.67  1.30  0  1  1.01
 1  78.06  0.21  0  0  1.05
 1  73.90  0.71  1  1  0.95
 1  72.67  1.11  1  1  0.86
 0  82.58  0.40  1  0  1.37
 0  98.95  0.62  0  0  0.83
 1  67.05  0.86  0  1  1.39
 0  74.25  1.34  0  0  1.82
 1  74.25  0.23  0  1  1.35
 1  90.98  1.00  1  1  1.01
 0  92.95  0.86  0  0  0.74
 1  82.53  0.61  1  1  1.08
 0  77.47  0.61  0  0  0.89
 0  78.06  0.21  1  0  2.60
 0  82.58  1.17  0  0  2.96
 0  92.95  0.71  0  0  1.16
 1  81.94  1.37  1  1  1.15
 1  67.44  0.33  0  1  3.17
 0  69.02  1.00  1  1  1.96
 0  60.30  0.73  1  0  1.31
 1  77.42  0.40  0  0  1.08
 0  81.94  0.21  1  1  1.02
 0  70.67  1.30  1  1  1.14
 1  82.58  1.17  1  1  0.70
 0  81.94  1.37  0  0  1.11
 1  72.67  0.46  0  1  2.24
 1  85.75  1.34  1  1  1.64
 0  97.46  0.51  1  0  2.19
 0  67.44  0.33  1  1  0.98
 1  62.54  1.06  0  0  1.95
 0  72.67  0.46  1  0  1.28
 1  87.33  0.46  0  1  1.08
 1  61.05  0.62  0  1  1.97
 1  64.69  0.42  0  1  1.61
 1  89.33  0.27  0  0  1.35
 0  95.31  1.16  0  0  0.95
 1  82.53  0.96  1  0  2.02
 0  82.53  0.96  0  1  2.75
 0  61.05  0.62  1  0  2.09
 1  99.70  0.73  1  1  1.48
 0  95.31  0.42  1  0  2.09
 1  69.02  1.00  0  0  1.87
 0  62.54  1.06  1  0  1.02
 1  62.54  0.51  0  1  1.12
 0  73.90  0.86  0  0  1.42
 1  95.31  1.16  1  1  1.09
 1  89.33  1.30  1  1  1.16
 1  77.47  0.61  1  1  1.67
 1  92.56  1.24  1  1  1.08
 1  85.75  0.23  0  1  1.95
 1  95.31  0.42  0  1  1.29
 1  74.25  1.34  1  1  1.21
 0  67.44  1.24  1  1  1.36
 0  62.54  0.51  1  0  1.25
 0  67.05  0.71  1  0  0.58
 0  74.25  0.23  1  1  1.11
 1  98.95  0.62  1  1  1.02
 0  90.98  1.00  0  0  1.36
 1  60.30  0.84  0  1  1.07
 1  87.33  1.11  1  1  0.93
 0  72.67  1.11  0  0  2.35
 0  77.47  0.96  0  0  1.40
 0  86.10  0.86  0  0  2.57
 1  97.46  1.06  1  1  0.94
 1  70.67  0.27  0  1  1.90
 0  61.05  0.95  1  0  1.16
 1  92.95  0.86  1  1  1.89
 0  89.33  0.27  1  0  0.95
 1  60.30  0.73  0  1  1.33
 0  64.69  1.16  1  0  2.67
 1  69.02  0.57  0  1  1.25
 1  78.06  1.37  1  1  1.14
 1  67.44  1.24  0  0  1.34
 1  81.94  0.21  0  1  2.27
 0  90.98  0.57  0  0  1.92
 0  85.75  0.23  1  0  1.71
 0  85.75  1.34  0  0  1.73
 1  97.46  0.51  0  0  0.99
 0  70.67  0.27  1  1  2.00
 1  61.05  0.95  0  1  1.31
 1  77.42  1.17  1  1  2.32
 0  73.90  0.71  0  0  1.46
 1  92.56  0.33  0  1  1.15
 1  77.47  0.96  1  1  1.12
 0  87.33  1.11  0  0  1.86
 1  64.69  1.16  0  1  1.97
 0  92.56  0.33  1  0  1.92
 0  99.70  0.73  0  0  1.96
 0  72.67  1.11  0  1  3.48
 1  72.67  1.11  1  1  1.63
 1  60.30  0.73  0  1  2.08
 1  98.95  0.62  1  1  2.08
 1  87.33  1.11  1  1  1.75
 0  78.06  1.37  0  0  1.92
 1  61.05  0.95  0  1  0.94
 1  64.69  1.16  0  1  0.60
 1  62.54  1.06  0  1  0.64
 0  97.46  0.51  1  1  1.90
 0  85.75  0.23  1  0  2.19
 1  92.56  0.33  0  1  1.37
 1  73.90  0.86  1  1  1.70
 0  74.25  1.34  0  0  1.29
 1  86.10  0.71  1  1  0.96
 0  72.67  0.46  1  0  1.26
 0  92.95  0.71  0  0  1.63
 1  70.67  1.30  0  0  0.83
 0  82.53  0.96  0  0  0.88
 0  61.05  0.95  1  0  1.23
 1  64.69  0.42  0  1  2.67
 1  70.67  0.27  0  1  1.02
 0  82.53  0.61  0  0  1.00
 1  73.90  0.71  1  0  2.97
 1  92.95  0.86  1  1  1.04
 1  77.42  1.17  1  1  1.08
 0  62.54  1.06  1  0  2.71
 1  86.10  0.86  1  1  0.83
 0  92.56  0.33  1  0  0.87
 1  97.46  1.06  1  1  0.83
 0  77.47  0.96  0  0  1.69
 0  82.58  0.40  1  0  3.16
 1  69.02  0.57  0  1  3.08
 0  78.06  0.21  1  0  0.95
 0  67.44  1.24  1  1  1.22
 1  92.56  1.24  1  1  0.91
 0  99.70  0.73  0  0  1.13
 0  73.90  0.71  0  0  1.83
 1  62.54  0.51  0  1  0.83
 0  90.98  0.57  0  0  1.15
 1  72.67  0.46  0  1  1.41
 1  95.31  0.42  0  0  0.97
 0  97.46  1.06  0  1  0.97
 0  62.54  0.51  1  0  1.50
 0  70.67  1.30  1  1  1.00
 1  78.06  1.37  1  1  0.67
 0  77.47  0.61  0  0  2.37
 0  98.95  0.62  0  0  0.90
 1  74.25  0.23  0  1  1.06
 1  89.33  1.30  1  1  0.97
 0  98.95  0.95  0  0  0.64
 1  90.98  0.57  1  1  0.89
 1  67.05  0.86  0  1  2.59
 1  61.05  0.62  0  1  0.80
 1  67.44  1.24  0  0  0.95
 0  86.10  0.71  0  0  0.94
 1  92.95  0.71  1  1  1.23
 1  82.58  1.17  1  1  1.06
 1  77.42  0.40  0  1  2.58
 0  95.31  1.16  0  0  0.83
 0  99.70  0.84  0  0  2.21
 0  85.75  1.34  0  0  2.40
 1  77.47  0.61  1  1  3.08
 0  87.33  0.46  1  0  1.40
 1  69.02  1.00  0  1  2.24
 0  67.44  0.33  1  0  1.42
 0  92.56  1.24  0  0  1.00
 0  60.30  0.84  1  0  1.36
 1  98.95  0.95  1  1  3.58
 0  70.67  0.27  1  0  2.43
 0  95.31  0.42  1  0  2.46
 1  89.33  0.27  0  1  1.27
 1  97.46  0.51  0  1  3.56
 1  60.30  0.84  0  1  1.67
 0  90.98  1.00  0  0  0.83
 0  89.33  0.27  1  0  1.20
 0  89.33  1.30  0  0  1.67
 0  61.05  0.62  1  0  1.57
 1  81.94  1.37  1  1  1.43
 0  69.02  1.00  1  0  3.58
 0  82.58  1.17  0  0  1.43
 0  81.94  1.37  0  0  1.08
 1  99.70  0.73  1  1  1.71
 0  69.02  0.57  1  0  1.11
 0  81.94  0.21  1  0  2.65
 0  73.90  0.86  0  0  4.02
 0  67.05  0.71  1  1  2.33
 1  87.33  0.46  0  1  2.72
 0  64.69  0.42  1  0  1.13
 1  81.94  0.21  0  1  1.77
 1  85.75  1.34  1  1  1.14
 1  82.53  0.96  1  0  1.42
 0  87.33  1.11  0  0  2.30
 1  82.58  0.40  0  1  0.98
 0  64.69  1.16  1  1  3.10
 0  86.10  0.86  0  0  2.55
 0  60.30  0.73  1  0  1.23
 1  85.75  0.23  0  1  1.14
 1  77.47  0.96  1  1  1.48
 1  74.25  1.34  1  1  0.87
 1  90.98  1.00  1  1  0.91
 0  92.95  0.86  0  0  1.11
 1  67.05  0.71  0  1  0.99
 1  67.44  0.33  0  1  0.68
 1  82.53  0.61  1  1  1.40
 1  95.31  1.16  1  1  0.67
 0  77.42  1.17  0  0  1.35
 0  77.42  0.40  1  0  1.25
 0  67.05  0.86  1  0  1.08
 1  99.70  0.84  1  1  1.32
 0  74.25  0.23  1  0  0.84
 1  78.06  0.21  0  1  0.90
 0  97.46  0.51  1  0  3.17
 1  61.05  0.62  0  1  1.27
 0  61.05  0.62  1  0  1.58
 0  92.95  0.86  0  0  1.35
 0  73.90  0.86  0  1  2.73
 0  62.54  0.51  1  0  1.31
 0  72.67  0.46  1  0  1.63
 1  87.33  1.11  1  1  0.85
 1  67.05  0.71  0  0  2.08
 1  61.05  0.95  0  1  1.58
 0  95.31  0.42  1  0  3.60
 1  60.30  0.84  0  1  2.02
 1  67.05  0.86  0  1  0.81
 1  92.56  1.24  1  1  1.20
 0  92.56  1.24  0  0  0.79
 1  99.70  0.73  1  1  0.93
 0  64.69  1.16  1  0  1.06
 1  81.94  1.37  1  1  0.89
 1  64.69  0.42  0  1  1.08
 1  70.67  0.27  0  1  0.94
 0  67.44  1.24  1  1  1.39
 0  90.98  0.57  0  0  1.90
 1  89.33  1.30  1  1  0.89
 1  90.98  0.57  1  1  1.16
 0  92.95  0.71  0  1  2.08
 0  77.42  0.40  1  0  2.16
 0  99.70  0.84  0  0  1.06
 0  82.58  0.40  1  1  2.03
 1  62.54  0.51  0  1  1.40
 0  87.33  0.46  1  0  2.00
 0  98.95  0.62  0  0  1.96
 0  81.94  1.37  0  0  0.95
 0  62.54  1.06  1  0  1.06
 1  86.10  0.71  1  1  1.01
 0  73.90  0.71  0  0  3.76
 1  82.58  1.17  1  1  1.20
 0  69.02  1.00  1  0  1.54
 1  69.02  1.00  0  1  1.79
 1  98.95  0.95  1  1  0.74
 0  70.67  0.27  1  0  1.21
 1  85.75  1.34  1  1  1.09
 1  82.53  0.96  1  1  1.37
 0  92.56  0.33  1  0  3.52
 0  60.30  0.73  1  0  1.96
 1  92.95  0.71  1  1  1.52
 0  86.10  0.86  0  0  1.78
 0  67.44  0.33  1  0  1.29
 1  72.67  0.46  0  1  2.61
 1  97.46  1.06  1  1  1.70
 0  72.67  1.11  0  1  3.00
 0  67.05  0.71  1  1  2.16
 1  77.42  1.17  1  1  0.91
 0  61.05  0.95  1  0  1.17
 0  89.33  0.27  1  0  0.97
 1  95.31  1.16  1  1  0.94
 0  98.95  0.95  0  0  1.06
 0  64.69  0.42  1  0  0.98
 1  92.95  0.86  1  1  0.71
 0  90.98  1.00  0  0  0.83
 0  81.94  0.21  1  1  0.89
 0  97.46  1.06  0  0  1.26
 1  87.33  0.46  0  1  1.89
 0  85.75  0.23  1  0  1.32
 0  74.25  0.23  1  0  1.00
 1  67.44  1.24  0  1  2.02
 0  95.31  1.16  0  0  1.10
 0  82.58  1.17  0  0  1.65
 1  77.47  0.96  1  1  2.76
 0  87.33  1.11  0  0  1.67
 0  77.47  0.61  0  0  1.53
 1  78.06  0.21  0  1  1.27
 1  82.53  0.61  1  1  1.22
 0  85.75  1.34  0  0  1.52
 0  60.30  0.84  1  0  1.67
 0  69.02  0.57  1  0  1.18
 1  98.95  0.62  1  1  1.06
 1  82.58  0.40  0  0  2.18
 0  70.67  1.30  1  1  2.21
 1  74.25  1.34  1  0  1.54
 0  82.53  0.61  0  0  1.25
 0  74.25  1.34  0  1  2.02
 1  77.42  0.40  0  0  1.16
 1  69.02  0.57  0  1  1.84
 1  77.47  0.61  1  1  1.34
 1  67.44  0.33  0  1  2.29
 1  90.98  1.00  1  1  0.82
 1  73.90  0.71  1  1  3.54
 1  89.33  0.27  0  0  3.00
 0  77.47  0.96  0  0  1.06
 1  92.56  0.33  0  0  0.71
 1  70.67  1.30  0  0  1.11
 1  86.10  0.86  1  1  1.82
 1  64.69  1.16  0  1  1.00
 0  78.06  0.21  1  0  1.12
 1  99.70  0.84  1  1  1.34
 1  95.31  0.42  0  0  0.95
 1  62.54  1.06  0  1  1.63
 0  86.10  0.71  0  0  1.10
 0  89.33  1.30  0  0  0.75
 1  74.25  0.23  0  1  1.41
 1  85.75  0.23  0  1  0.73
 0  77.42  1.17  0  0  0.95
 1  81.94  0.21  0  1  1.46
 1  97.46  0.51  0  0  1.37
 1  72.67  1.11  1  0  3.71
 0  78.06  1.37  0  0  1.56
 0  99.70  0.73  0  0  1.41
 0  82.53  0.96  0  0  1.08
 1  60.30  0.73  0  1  1.03
 1  78.06  1.37  1  1  1.54
 1  73.90  0.86  1  1  2.38
 0  67.05  0.86  1  0  1.66
