 1  62.54  0.51  1  0  1.64
 0  98.95  0.95  1  0  1.22
 0  87.33  0.46  0  0  2.88
 1  77.42  0.40  1  0  0.83
 0  77.42  0.40  0  0  3.02
 0  77.47  0.61  1  1  1.37
 1  67.44  0.33  1  1  1.78
 0  82.53  0.96  1  0  1.09
 0  64.69  1.16  0  1  1.11
 0  67.44  0.33  0  0  2.09
 0  73.90  0.86  1  1  1.84
 1  77.47  0.96  0  0  1.05
 1  67.05  0.86  1  1  2.73
 1  85.75  0.23  1  0  1.31
 0  70.67  1.30  0  1  1.15
 0  95.31  0.42  0  0  1.38
 1  69.02  1.00  1  0  3.52
 1  97.46  1.06  0  0  1.05
 0  82.58  1.17  1  0  3.69
 1  73.90  0.86  0  0  1.38
 1  86.10  0.71  0  0  1.07
 1  60.30  0.84  1  1  1.39
 1  92.56  1.24  0  1  5.54
 1  92.56  0.33  1  0  1.36
 1  72.67  0.46  1  1  1.33
 0  61.05  0.62  0  1  0.66
 1  98.95  0.62  0  0  2.49
 0  73.90  0.71  1  1  1.48
 0  98.95  0.62  1  0  2.69
 0  97.46  1.06  1  0  1.56
 1  67.44  1.24  1  1  0.75
 1  61.05  0.95  1  1  0.81
 1  90.98  1.00  0  0  1.33
 0  74.25  1.34  1  1  1.31
 1  95.31  0.42  1  0  1.01
 1  92.95  0.71  0  0  2.58
 0  89.33  0.27  0  0  1.11
 0  90.98  1.00  1  1  1.66
 0  60.30  0.73  0  1  1.01
 0  67.05  0.86  0  1  2.05
 1  81.94  0.21  1  0  1.34
 0  77.47  0.96  1  1  0.84
 1  95.31  1.16  0  0  1.25
 0  62.54  1.06  0  1  0.90
 0  92.95  0.71  1  0  0.86
 1  92.95  0.86  0  0  0.80
 1  64.69  1.16  1  1  0.82
 0  72.67  0.46  0  1  0.78
 0  82.53  0.61  1  0  0.90
 1  67.05  0.71  1  1  0.79
 1  82.58  0.40  1  0  0.47
 1  74.25  1.34  0  1  0.73
 1  89.33  1.30  0  0  0.93
 1  78.06  1.37  0  1  0.68
 0  81.94  1.37  1  1  1.52
 0  92.95  0.86  1  0  0.97
 1  82.53  0.61  0  0  1.77
 0  70.67  0.27  0  1  1.10
 0  99.70  0.73  1  1  1.32
 1  87.33  1.11  0  0  1.02
 0  69.02  0.57  0  1  0.72
 0  78.06  1.37  1  0  0.89
 1  81.94  1.37  0  0  1.42
 1  60.30  0.73  1  1  1.14
 0  95.31  1.16  1  0  2.51
 1  99.70  0.84  0  0  0.95
 0  62.54  0.51  0  1  0.67
 1  86.10  0.86  0  1  2.55
 0  92.56  0.33  0  1  1.40
 0  86.10  0.71  1  0  0.92
 0  67.44  1.24  0  1  0.66
 0  67.05  0.71  0  0  1.48
 1  77.42  1.17  0  0  0.91
 1  82.58  1.17  0  0  3.19
 0  85.75  0.23  0  0  0.63
 0  77.42  1.17  1  1  1.26
 1  72.67  1.11  0  0  0.98
 0  61.05  0.95  0  1  0.87
 1  82.53  0.96  0  0  0.75
 1  89.33  0.27  1  0  0.77
 1  90.98  0.57  0  0  1.18
 0  86.10  0.86  1  0  1.11
 1  70.67  0.27  1  1  0.82
 0  69.02  1.00  0  1  0.59
 0  92.56  1.24  1  1  1.83
 1  99.70  0.73  0  0  0.95
 1  85.75  1.34  0  1  1.76
 0  89.33  1.30  1  0  0.97
 1  98.95  0.95  0  0  2.89
 1  62.54  1.06  1  1  1.85
 0  64.69  0.42  0  0  1.74
 0  82.58  0.40  0  1  4.20
 0  87.33  1.11  1  0  2.65
 0  60.30  0.84  0  1  1.84
 0  85.75  1.34  1  1  2.88
 1  97.46  0.51  1  0  1.41
 1  70.67  1.30  1  1  0.75
 1  69.02  0.57  1  1  1.68
 1  77.47  0.61  0  0  1.10
 1  64.69  0.42  1  0  6.02
 0  78.06  0.21  0  0  2.78
 0  72.67  1.11  1  1  2.04
 0  74.25  0.23  0  0  1.70
 1  73.90  0.71  0  1  2.23
 0  81.94  0.21  0  0  1.38
 0  97.46  0.51  0  1  1.63
 1  74.25  0.23  1  1  1.17
 0  90.98  0.57  1  0  1.54
 1  61.05  0.62  1  1  1.17
 1  87.33  0.46  1  0  1.56
 0  99.70  0.84  1  0  1.19
 1  78.06  0.21  1  1  1.44
 0  77.47  0.96  1  1  2.48
 1  95.31  1.16  0  1  1.29
 0  64.69  0.42  0  1  1.75
 1  89.33  0.27  1  0  1.16
 1  74.25  1.34  0  1  2.15
 1  85.75  0.23  1  0  0.66
 1  60.30  0.73  1  1  0.75
 1  92.95  0.71  0  1  0.86
 0  95.31  0.42  0  0  0.58
 1  97.46  0.51  1  1  0.84
 0  62.54  1.06  0  1  0.95
 1  90.98  1.00  0  1  1.05
 1  95.31  0.42  1  1  1.83
 1  77.42  1.17  0  0  1.45
 1  92.56  0.33  1  1  0.90
 0  92.95  0.86  1  0  1.40
 0  82.53  0.61  1  1  0.88
 1  70.67  1.30  1  0  2.70
 1  87.33  0.46  1  0  0.99
 0  67.05  0.86  0  0  0.63
 0  72.67  0.46  0  0  0.93
 0  77.47  0.61  1  1  0.46
 1  62.54  1.06  1  1  1.39
 1  70.67  0.27  1  1  0.65
 0  97.46  1.06  1  1  0.90
 1  86.10  0.71  0  0  1.34
 0  99.70  0.73  1  1  2.03
 0  85.75  1.34  1  1  1.66
 0  89.33  1.30  1  0  0.86
 0  67.05  0.71  0  1  0.85
 0  87.33  1.11  1  0  1.90
 0  86.10  0.86  1  0  0.98
 0  60.30  0.84  0  1  2.15
 0  90.98  0.57  1  0  1.20
 0  73.90  0.86  1  0  1.63
 0  61.05  0.62  0  1  1.59
 0  74.25  0.23  0  0  0.44
 1  67.44  1.24  1  1  1.98
 0  97.46  0.51  0  0  1.30
 1  69.02  1.00  1  1  0.72
 0  92.95  0.71  1  0  0.62
 0  85.75  0.23  0  1  1.10
 1  90.98  0.57  0  0  0.52
 1  61.05  0.95  1  1  1.58
 1  64.69  0.42  1  1  0.67
 0  87.33  0.46  0  0  0.61
 1  99.70  0.84  0  0  0.83
 0  69.02  0.57  0  1  0.62
 1  99.70  0.73  0  1  1.12
 1  67.05  0.86  1  1  0.85
 1  73.90  0.71  0  1  1.84
 1  86.10  0.86  0  1  0.76
 1  72.67  0.46  1  0  1.36
 1  89.33  1.30  0  0  1.61
 0  67.44  1.24  0  1  0.71
 1  87.33  1.11  0  0  0.89
 0  73.90  0.71  1  1  1.87
 1  78.06  1.37  0  0  0.86
 0  92.56  1.24  1  0  0.78
 0  86.10  0.71  1  0  0.42
 1  98.95  0.62  0  0  0.97
 1  98.95  0.95  0  0  0.70
 1  64.69  1.16  1  1  0.94
 0  92.56  0.33  0  0  0.81
 1  78.06  0.21  1  1  0.98
 0  99.70  0.84  1  0  0.67
 0  64.69  1.16  0  1  0.60
 0  60.30  0.73  0  0  0.79
 0  69.02  1.00  0  1  0.91
 1  82.53  0.61  0  0  0.84
 0  78.06  1.37  1  0  0.83
 1  92.95  0.86  0  1  0.60
 1  85.75  1.34  0  0  3.45
 1  60.30  0.84  1  1  1.17
 0  89.33  0.27  0  0  0.98
 0  82.58  0.40  0  1  0.87
 0  77.42  1.17  1  1  1.66
 0  72.67  1.11  1  0  0.62
 0  62.54  0.51  0  1  0.76
 0  74.25  1.34  1  0  0.74
 0  82.58  1.17  1  1  0.90
 0  82.53  0.96  1  0  0.31
 0  98.95  0.62  1  1  0.10
 1  81.94  0.21  1  1  0.32
 1  77.47  0.96  0  0  0.31
 1  73.90  0.86  0  1  1.34
 0  90.98  1.00  1  0  0.68
 1  67.44  0.33  1  0  0.51
 1  77.42  0.40  1  0  0.02
 1  82.53  0.96  0  0  0.35
 1  62.54  0.51  1  0  0.05
 1  67.05  0.71  1  1  0.07
 1  72.67  1.11  0  1  0.03
 0  67.44  0.33  0  0  0.52
 0  70.67  0.27  0  1  0.01
 0  70.67  1.30  0  0  0.38
 0  81.94  0.21  0  1  0.25
 1  97.46  1.06  0  1  0.31
 1  81.94  1.37  0  1  0.65
 0  77.42  0.40  0  1  0.63
 0  98.95  0.95  1  0  0.64
 1  61.05  0.62  1  0  0.56
 0  61.05  0.95  0  0  0.22
 1  77.47  0.61  0  1  0.57
 1  69.02  0.57  1  1  0.66
 0  95.31  1.16  1  0  0.40
 1  92.56  1.24  0  0  1.45
 0  81.94  1.37  1  0  0.78
 1  82.58  1.17  0  1  0.41
 1  74.25  0.23  1  0  3.00
 1  82.58  0.40  1  1  0.66
 0  78.06  0.21  0  0  0.69
 0  77.42  1.17  1  1  1.39
 0  69.02  1.00  0  1  0.54
 1  60.30  0.84  1  0  0.37
 0  60.30  0.73  0  1  0.43
 0  81.94  0.21  0  0  1.09
 0  95.31  0.42  0  0  0.99
 0  90.98  0.57  1  1  0.76
 0  74.25  0.23  0  0  0.47
 0  99.70  0.84  1  0  0.44
 0  69.02  0.57  0  1  0.74
 0  67.44  0.33  0  0  0.28
 1  90.98  0.57  0  0  0.41
 1  97.46  0.51  1  1  0.31
 0  73.90  0.71  1  0  0.63
 0  92.95  0.86  1  0  0.78
 1  89.33  1.30  0  1  0.96
 0  85.75  1.34  1  1  0.40
 1  73.90  0.86  0  0  0.61
 1  85.75  1.34  0  0  0.75
 1  82.53  0.96  0  1  0.14
 0  87.33  1.11  1  1  0.44
 1  61.05  0.62  1  0  0.53
 0  92.95  0.71  1  1  0.01
 0  90.98  1.00  1  1  0.03
 0  72.67  0.46  0  1  0.33
 1  77.47  0.61  0  1  0.01
 0  62.54  0.51  0  1  0.05
 0  98.95  0.95  1  1  0.01
 1  69.02  0.57  1  0  0.12
 0  60.30  0.84  0  0  0.37
 1  86.10  0.71  0  1  0.18
 1  60.30  0.73  1  1  0.35
 1  61.05  0.95  1  1  0.32
 1  97.46  1.06  0  1  0.29
 1  92.56  1.24  0  1  0.01
 1  82.53  0.61  0  0  0.20
 1  77.47  0.96  0  1  0.15
 1  70.67  1.30  1  1  0.36
 1  99.70  0.84  0  0  0.12
 1  64.69  1.16  1  1  0.28
 1  72.67  1.11  0  1  0.30
 1  67.44  0.33  1  1  0.37
 0  99.70  0.73  1  1  0.31
 0  73.90  0.86  1  0  0.24
 0  78.06  1.37  1  0  0.25
 1  64.69  0.42  1  0  0.26
 1  81.94  1.37  0  1  0.25
 0  67.05  0.86  0  1  0.22
 0  92.56  0.33  0  0  0.18
 1  78.06  0.21  1  0  0.23
 0  97.46  0.51  0  1  0.25
 1  87.33  0.46  1  0  0.16
 1  82.58  1.17  0  0  0.41
 1  92.95  0.86  0  1  0.24
 1  87.33  1.11  0  1  0.23
 1  74.25  0.23  1  1  0.22
 1  99.70  0.73  0  1  0.22
 0  81.94  1.37  1  1  0.20
 1  85.75  0.23  1  0  0.04
 0  67.44  1.24  0  1  0.17
 0  77.42  0.40  0  1  0.06
 1  92.56  0.33  1  0  0.06
 0  61.05  0.95  0  0  0.04
 0  98.95  0.62  1  0  0.08
 0  89.33  0.27  0  0  0.27
 0  86.10  0.86  1  0  0.07
 0  87.33  0.46  0  0  0.02
 0  82.53  0.61  1  0  0.11
 0  89.33  1.30  1  0  0.06
 0  67.05  0.71  0  0  0.02
 1  77.42  1.17  0  0  0.04
 1  67.05  0.86  1  1  0.09
 0  62.54  1.06  0  1  0.11
 0  74.25  1.34  1  0  0.06
 0  70.67  1.30  0  0  0.08
 0  64.69  0.42  0  0  0.07
 0  77.47  0.96  1  0  0.08
 0  86.10  0.71  1  0  0.04
 1  69.02  1.00  1  0  0.02
 1  95.31  0.42  1  1  0.11
 0  70.67  0.27  0  1  0.02
 1  73.90  0.71  0  0  0.08
 1  74.25  1.34  0  0  0.08
 0  92.56  1.24  1  1  0.06
 1  77.42  0.40  1  0  0.08
 1  82.58  0.40  1  1  0.01
 1  70.67  0.27  1  1  0.06
 1  98.95  0.95  0  1  0.02
 1  62.54  0.51  1  1  0.07
 0  82.58  0.40  0  1  0.03
 1  72.67  0.46  1  0  0.09
 0  78.06  0.21  0  0  0.09
 0  64.69  1.16  0  0  0.09
 0  82.58  1.17  1  0  0.01
 0  97.46  1.06  1  0  0.09
 1  86.10  0.86  0  0  0.14
 0  95.31  1.16  1  1  0.27
 1  62.54  1.06  1  1  0.14
 0  72.67  1.11  1  1  0.32
 1  89.33  0.27  1  0  0.24
 1  92.95  0.71  0  1  0.48
 0  77.47  0.61  1  1  0.16
 1  67.05  0.71  1  0  0.23
 1  81.94  0.21  1  0  0.09
 1  67.44  1.24  1  0  0.10
 1  95.31  1.16  0  1  0.05
 0  82.53  0.96  1  1  0.07
 0  85.75  0.23  0  0  0.07
 0  61.05  0.62  0  0  0.03
 1  90.98  1.00  0  0  0.08
 1  78.06  1.37  0  1  0.07
 1  98.95  0.62  0  1  0.01
 0  95.31  0.42  0  0  1.79
 1  73.90  0.86  0  0  0.22
 1  99.70  0.73  0  1  0.26
 0  64.69  0.42  0  1  0.23
 1  60.30  0.73  1  0  0.20
 0  67.44  0.33  0  0  0.07
 0  82.58  1.17  1  0  0.35
 0  72.67  0.46  0  0  0.29
 1  61.05  0.95  1  0  0.02
 0  89.33  1.30  1  1  0.09
 0  61.05  0.62  0  1  0.16
 0  92.95  0.71  1  0  0.11
 0  73.90  0.71  1  0  0.25
 0  69.02  1.00  0  1  1.58
 0  92.56  1.24  1  0  0.92
 1  92.56  1.24  0  0  1.95
 1  77.47  0.96  0  1  2.06
 1  67.05  0.86  1  1  0.82
 0  77.47  0.96  1  1  3.16
 0  67.05  0.71  0  0  1.72
 0  60.30  0.73  0  0  1.56
 1  95.31  1.16  0  0  1.03
 1  62.54  0.51  1  1  2.16
 1  72.67  1.11  0  1  0.32
 0  67.05  0.86  0  1  0.60
 0  74.25  1.34  1  0  0.43
 0  61.05  0.95  0  0  0.56
 0  81.94  1.37  1  0 19.25
 0  85.75  1.34  1  1  7.21
 0  82.53  0.96  1  1  2.25
 1  90.98  0.57  0  0  4.40
 1  81.94  1.37  0  1  1.39
 0  82.58  0.40  0  1  0.52
 1  69.02  0.57  1  0  0.06
 0  62.54  1.06  0  1  0.19
 0  73.90  0.86  1  1  0.07
 1  86.10  0.86  0  0  0.03
 1  95.31  0.42  1  1  0.05
 1  64.69  1.16  1  1  0.02
 0  78.06  0.21  0  1  0.16
 1  87.33  0.46  1  0  0.06
 1  78.06  0.21  1  0  0.06
 0  98.95  0.95  1  1  0.02
 0  97.46  0.51  0  1  0.06
 0  74.25  0.23  0  1  0.08
 1  90.98  1.00  0  0  0.12
 1  85.75  1.34  0  1  0.04
 1  67.05  0.71  1  1  0.01
 0  99.70  0.84  1  1  0.09
 0  86.10  0.86  1  0  0.07
 1  70.67  1.30  1  0  0.07
 0  89.33  0.27  0  1  0.16
 1  77.47  0.61  0  0  0.31
 0  70.67  0.27  0  1  0.01
 1  82.53  0.96  0  1  0.03
 0  81.94  0.21  0  1  0.08
 1  98.95  0.95  0  1  0.24
 0  95.31  1.16  1  0  0.36
 0  78.06  1.37  1  1  0.26
 0  92.95  0.86  1  1  0.24
 0  85.75  0.23  0  0  0.45
 1  98.95  0.62  0  0  0.32
 0  70.67  1.30  0  1  0.23
 1  97.46  1.06  0  1  0.25
 1  69.02  1.00  1  0  0.23
 0  62.54  0.51  0  1  0.16
 1  82.58  0.40  1  1  0.06
 0  97.46  1.06  1  0  0.21
 0  64.69  1.16  0  1  0.21
 1  61.05  0.62  1  0  0.35
 0  82.53  0.61  1  1  0.24
 1  99.70  0.84  0  1  0.28
 1  77.42  1.17  0  1  0.28
 0  77.42  0.40  0  0  0.24
 0  92.56  0.33  0  1  0.24
 0  77.47  0.61  1  1  0.28
 1  70.67  0.27  1  0  0.27
 0  98.95  0.62  1  1  0.04
 0  67.44  1.24  0  1  0.07
 1  78.06  1.37  0  1  0.32
 1  82.58  1.17  0  0  0.21
 1  74.25  0.23  1  0  0.17
 1  73.90  0.71  0  0  0.14
 1  92.95  0.86  0  1  0.26
 0  60.30  0.84  0  1  0.43
 1  74.25  1.34  0  0  0.24
 1  77.42  0.40  1  1  0.26
 1  82.53  0.61  0  1  0.28
 1  92.95  0.71  0  1  0.41
 0  90.98  1.00  1  0  0.67
 0  69.02  0.57  0  0  0.42
 1  85.75  0.23  1  1  0.26
 1  89.33  0.27  1  1  0.86
 0  72.67  1.11  1  0  0.56
 1  72.67  0.46  1  0  0.42
 1  64.69  0.42  1  1  0.27
 0  90.98  0.57  1  0  0.47
 1  86.10  0.71  0  1  0.88
 0  77.42  1.17  1  0  1.15
 0  99.70  0.73  1  1  0.84
 1  62.54  1.06  1  1  0.64
 1  81.94  0.21  1  0  0.56
 1  67.44  0.33  1  1  0.78
 0  87.33  0.46  0  0  0.61
 1  87.33  1.11  0  1  0.54
 1  97.46  0.51  1  0  0.56
 1  89.33  1.30  0  0  0.68
 1  60.30  0.84  1  1  0.63
 0  87.33  1.11  1  0  0.59
 0  86.10  0.71  1  1  0.56
 1  67.44  1.24  1  1  0.50
 1  92.56  0.33  1  0  0.33
 0  81.94  1.37  1  1  0.92
 0  67.44  1.24  0  0  0.20
 0  77.47  0.96  1  0  0.01
 1  85.75  0.23  1  0  0.06
 1  70.67  1.30  1  1  0.01
 1  62.54  0.51  1  1  0.03
 1  87.33  1.11  0  1  0.09
 1  92.56  0.33  1  0  0.26
 0  69.02  0.57  0  1  0.35
 1  67.05  0.86  1  0  0.13
 1  78.06  1.37  0  1  0.08
 0  67.05  0.71  0  1  0.28
 0  86.10  0.86  1  0  0.18
 1  77.47  0.61  0  0  0.40
 0  89.33  1.30  1  1  0.76
 0  95.31  1.16  1  0  0.58
 1  89.33  0.27  1  0  0.98
 1  92.56  1.24  0  1  0.84
 1  60.30  0.84  1  1  0.58
 1  64.69  1.16  1  1  0.53
 0  67.05  0.86  0  1  0.70
 1  99.70  0.84  0  0  0.52
 0  72.67  1.11  1  1  0.05
 1  69.02  0.57  1  1  0.01
 0  86.10  0.71  1  1  0.25
 1  82.58  0.40  1  1  0.14
 0  74.25  0.23  0  0  0.16
 1  81.94  1.37  0  1  0.01
 0  62.54  1.06  0  1  0.16
 0  95.31  0.42  0  1  0.32
 1  77.42  0.40  1  0  0.51
 1  86.10  0.71  0  0  0.25
 0  85.75  0.23  0  1  0.46
 0  97.46  0.51  0  0  0.33
 1  73.90  0.71  0  0  0.34
 0  60.30  0.84  0  0  0.03
 1  77.47  0.96  0  0  0.30
 0  73.90  0.71  1  0  0.29
 1  92.95  0.71  0  0  0.29
 1  62.54  1.06  1  0  0.06
 1  74.25  1.34  0  1  0.30
 0  97.46  1.06  1  1  0.71
 1  87.33  0.46  1  1  0.01
 0  67.44  0.33  0  1  0.10
 1  97.46  1.06  0  0  0.28
 0  99.70  0.73  1  1  0.19
 1  95.31  1.16  0  1  0.29
 0  62.54  0.51  0  0  0.11
 0  60.30  0.73  0  0  0.60
 0  92.95  0.86  1  1  0.43
 0  99.70  0.84  1  0  0.37
 0  64.69  1.16  0  1  0.44
 0  64.69  0.42  0  0  0.52
 1  90.98  0.57  0  0  0.70
 1  85.75  1.34  0  0  0.84
 1  95.31  0.42  1  1  0.69
 1  67.05  0.71  1  0  0.88
 1  61.05  0.95  1  1  0.52
 1  72.67  1.11  0  1  0.76
 0  77.47  0.61  1  1  0.90
 1  82.58  1.17  0  0  0.47
 1  69.02  1.00  1  1  0.71
 0  69.02  1.00  0  1  0.41
 0  61.05  0.62  0  0  0.24
 1  61.05  0.62  1  1  0.67
 1  78.06  0.21  1  0  0.87
 0  92.95  0.71  1  1  0.40
 0  73.90  0.86  1  0  0.61
 0  77.42  0.40  0  0  0.78
 0  98.95  0.95  1  0  0.68
 0  82.58  1.17  1  0  0.46
 0  87.33  1.11  1  0  0.53
 1  98.95  0.95  0  0  0.42
 1  98.95  0.62  0  1  0.50
 1  67.44  1.24  1  0  0.48
 1  97.46  0.51  1  0  0.64
 1  82.53  0.61  0  1  0.57
 0  61.05  0.95  0  1  0.63
 0  82.58  0.40  0  0  0.57
 1  77.42  1.17  0  0  0.57
 0  92.56  1.24  1  1  0.62
 0  92.56  0.33  0  0  0.88
 0  77.42  1.17  1  0  0.60
 0  87.33  0.46  0  0  1.00
 1  67.44  0.33  1  0  0.91
 1  92.95  0.86  0  0  0.72
 1  72.67  0.46  1  0  0.62
 1  60.30  0.73  1  1  0.34
 0  78.06  0.21  0  0  0.76
 0  89.33  0.27  0  0  0.46
 0  90.98  1.00  1  0  0.71
 0  70.67  1.30  0  1  0.50
 1  73.90  0.86  0  1  0.48
 1  70.67  0.27  1  0  2.16
 0  72.67  0.46  0  0  1.18
 1  81.94  0.21  1  1  6.81
 0  85.75  1.34  1  0  1.49
 1  89.33  1.30  0  0  0.57
 1  82.53  0.96  0  1  1.83
 0  82.53  0.96  1  1  1.10
 1  86.10  0.86  0  1  1.06
 0  90.98  0.57  1  0  0.77
 1  64.69  0.42  1  1  1.66
 0  70.67  0.27  0  1  0.82
 0  74.25  1.34  1  1  1.05
 0  78.06  1.37  1  0  0.19
 1  90.98  1.00  0  0  1.93
 0  98.95  0.62  1  0  0.96
 1  99.70  0.73  0  0  0.39
 0  82.53  0.61  1  1  0.63
 1  74.25  0.23  1  1  1.14
 0  81.94  0.21  0  0  0.72
