 0  87.33  0.46  0  0  1.96
 0  72.67  0.46  0  0  0.87
 1  81.94  1.37  0  0  1.02
 0  69.02  1.00  0  0  0.91
 1  92.56  1.24  0  0  0.89
 1  77.47  0.96  0  0  0.78
 1  86.10  0.71  0  0  0.82
 0  81.94  0.21  0  1  0.64
 0  89.33  0.27  0  0  0.89
 0  92.56  0.33  0  0  4.43
 1  82.53  0.96  0  0  1.39
 1  73.90  0.71  0  1  0.74
 0  70.67  0.27  0  0  1.42
 1  98.95  0.95  0  1  1.67
 1  95.31  1.16  0  1  0.65
 1  77.47  0.61  0  1  0.99
 0  97.46  0.51  0  1  0.70
 0  62.54  1.06  0  0  1.05
 0  67.05  0.86  0  0  0.73
 1  82.53  0.61  0  1  0.71
 0  62.54  0.51  0  0  2.17
 0  77.42  0.40  0  1  0.76
 0  61.05  0.95  0  0  0.78
 1  77.42  1.17  0  1  0.74
 0  61.05  0.62  0  0  1.26
 0  67.44  1.24  0  1  1.50
 1  73.90  0.86  0  1  0.57
 1  74.25  1.34  0  1  2.03
 1  92.95  0.71  0  0  1.17
 0  67.05  0.71  0  0  1.04
 0  70.67  1.30  0  1  3.57
 0  95.31  0.42  0  1  1.11
 0  64.69  1.16  0  0  0.68
 1  85.75  1.34  0  0  6.90
 1  86.10  0.86  0  0  0.69
 1  92.95  0.86  0  0  0.71
 0  60.30  0.84  0  1  0.59
 1  99.70  0.73  0  0  1.18
 1  78.06  1.37  0  1  0.29
 1  90.98  1.00  0  1  0.56
 1  87.33  1.11  0  1  0.38
 1  98.95  0.62  0  1  0.62
 0  85.75  0.23  0  1  0.63
 1  99.70  0.84  0  0  0.28
 1  72.67  1.11  0  0  0.63
 0  69.02  0.57  0  1  0.46
 0  64.69  0.42  0  0  0.68
 1  97.46  1.06  0  1  1.65
 1  90.98  0.57  0  1  0.91
 0  78.06  0.21  0  0  2.29
 0  60.30  0.73  0  1  0.72
 0  82.58  0.40  0  0  0.51
 1  89.33  1.30  0  1  3.21
 0  74.25  0.23  0  0  0.91
 1  82.58  1.17  0  1  1.23
 0  67.44  0.33  0  0  1.61
 0  62.54  0.51  0  1  1.80
 1  92.95  0.86  0  1  2.14
 0  69.02  0.57  0  0  1.94
 0  85.75  0.23  0  1  1.87
 1  73.90  0.71  0  1  2.40
 1  99.70  0.84  0  1  1.75
 0  77.42  0.40  0  0  1.64
 1  99.70  0.73  0  1  1.98
 0  87.33  0.46  0  0  1.84
 1  89.33  1.30  0  1  1.88
 0  67.44  0.33  0  0  2.03
 0  69.02  1.00  0  1  1.99
 1  77.42  1.17  0  0  2.03
 0  78.06  0.21  0  1  1.64
 0  67.05  0.86  0  0  1.77
 1  95.31  1.16  0  1  1.49
 0  61.05  0.62  0  0  1.31
 0  64.69  1.16  0  0  1.38
 1  82.53  0.96  0  1  1.36
 1  77.47  0.61  0  1  1.43
 0  95.31  0.42  0  1  1.86
 1  82.53  0.61  0  1  1.55
 1  81.94  1.37  0  0  2.22
 1  72.67  1.11  0  0  2.22
 1  92.56  1.24  0  1  1.80
 0  70.67  0.27  0  0  1.74
 0  89.33  0.27  0  1  1.92
 1  98.95  0.95  0  1  2.27
 0  97.46  0.51  0  1  2.24
 0  67.44  1.24  0  0  2.00
 1  90.98  0.57  0  1  1.81
 1  77.47  0.96  0  1  1.27
 0  92.56  0.33  0  0  0.86
 0  70.67  1.30  0  0  1.13
 0  74.25  0.23  0  1  1.11
 0  61.05  0.95  0  0  1.14
 1  92.95  0.71  0  1  1.91
 1  85.75  1.34  0  0  1.51
 0  72.67  0.46  0  1  1.39
 1  82.58  1.17  0  1  0.95
 0  62.54  1.06  0  0  0.72
 1  90.98  1.00  0  0  1.06
 1  86.10  0.71  0  1  0.59
 1  86.10  0.86  0  1  0.51
 0  60.30  0.73  0  0  0.77
 0  60.30  0.84  0  0  0.80
 1  78.06  1.37  0  1  0.81
 0  67.05  0.71  0  1  1.04
 1  97.46  1.06  0  1  1.06
 1  87.33  1.11  0  1  0.98
 1  73.90  0.86  0  0  0.92
 1  98.95  0.62  0  1  1.09
 0  82.58  0.40  0  1  0.75
 0  64.69  0.42  0  1  0.93
 0  81.94  0.21  0  0  0.73
 1  74.25  1.34  0  1  0.84
 1  92.95  0.86  0  0  1.46
 1  82.58  1.17  0  1  0.90
 0  64.69  0.42  0  1  0.85
 0  87.33  0.46  0  1  0.72
 1  81.94  1.37  0  1  0.86
 1  72.67  1.11  0  0  2.54
 1  90.98  0.57  0  1  1.20
 1  98.95  0.62  0  1  0.44
 0  72.67  0.46  0  0  0.90
 0  64.69  1.16  0  0  0.66
 0  77.42  0.40  0  1  2.31
 0  62.54  1.06  0  0  0.66
 1  92.95  0.71  0  0  0.59
 1  82.53  0.61  0  0  1.32
 0  70.67  0.27  0  1  0.66
 1  98.95  0.95  0  1  0.97
 0  81.94  0.21  0  1  0.75
 0  69.02  1.00  0  0  1.14
 1  86.10  0.86  0  0  0.66
 1  87.33  1.11  0  1  0.68
 1  77.47  0.61  0  1  0.64
 0  92.56  0.33  0  1  0.74
 1  97.46  1.06  0  1  0.55
 0  67.44  1.24  0  0  1.34
 0  74.25  0.23  0  1  2.97
 1  95.31  1.16  0  1  0.69
 1  89.33  1.30  0  1  0.64
 0  61.05  0.62  0  0  0.63
 0  61.05  0.95  0  0  0.54
 0  67.05  0.71  0  0  0.95
 1  99.70  0.73  0  1  0.73
 0  85.75  0.23  0  0  1.36
 1  82.53  0.96  0  1  0.99
 1  92.56  1.24  0  1  0.76
 0  60.30  0.73  0  0  0.63
 1  86.10  0.71  0  1  1.81
 1  73.90  0.86  0  1  1.14
 1  90.98  1.00  0  1  0.72
 0  67.44  0.33  0  0  0.85
 0  62.54  0.51  0  0  0.77
 1  99.70  0.84  0  1  0.69
 0  97.46  0.51  0  1  0.58
 1  78.06  1.37  0  0  1.48
 1  74.25  1.34  0  0  2.73
 1  85.75  1.34  0  1  1.07
 1  77.42  1.17  0  1  0.52
 0  95.31  0.42  0  1  1.42
 0  78.06  0.21  0  0  1.01
 0  69.02  0.57  0  0  0.61
 0  70.67  1.30  0  0  0.78
 0  60.30  0.84  0  0  0.61
 0  82.58  0.40  0  0  0.98
 1  77.47  0.96  0  1  1.08
 1  73.90  0.71  0  1  0.68
 0  89.33  0.27  0  0  1.08
 0  67.05  0.86  0  0  0.79
 1  72.67  1.11  0  0  0.68
 1  86.10  0.86  0  0  1.77
 0  67.05  0.71  0  0  0.69
 0  70.67  0.27  0  0  1.93
 0  74.25  0.23  0  0  1.08
 1  98.95  0.62  0  1  1.30
 0  92.56  0.33  0  1  0.58
 1  89.33  1.30  0  0  1.11
 1  82.53  0.61  0  0  0.66
 1  78.06  1.37  0  1  1.59
 1  92.56  1.24  0  1  0.61
 1  73.90  0.86  0  1  0.59
 0  81.94  0.21  0  0  0.85
 0  67.44  1.24  0  1  0.66
 1  74.25  1.34  0  1  0.77
 0  87.33  0.46  0  0  0.97
 0  62.54  1.06  0  0  0.84
 1  77.47  0.96  0  1  1.18
 1  99.70  0.73  0  1  1.13
 0  69.02  0.57  0  0  0.85
 1  90.98  0.57  0  1  1.33
 0  67.44  0.33  0  0  0.63
 1  86.10  0.71  0  1  1.35
 0  85.75  0.23  0  1  2.95
 1  82.58  1.17  0  1  1.41
 0  69.02  1.00  0  1  0.69
 0  89.33  0.27  0  0  1.67
 1  73.90  0.71  0  1  1.30
 0  62.54  0.51  0  0  0.81
 1  81.94  1.37  0  1  1.09
 0  61.05  0.95  0  0  0.71
 0  72.67  0.46  0  1  0.97
 0  64.69  1.16  0  0  0.65
 1  77.47  0.61  0  1  1.25
 1  97.46  1.06  0  1  0.92
 0  64.69  0.42  0  1  2.11
 1  92.95  0.86  0  1  0.87
 1  95.31  1.16  0  1  0.56
 1  99.70  0.84  0  1  0.54
 1  92.95  0.71  0  1  0.47
 0  60.30  0.73  0  0  0.57
 1  77.42  1.17  0  1  1.27
 0  60.30  0.84  0  0  0.63
 0  77.42  0.40  0  1  2.93
 0  95.31  0.42  0  1  0.76
 1  87.33  1.11  0  1  0.80
 0  67.05  0.86  0  0  0.74
 1  98.95  0.95  0  1  0.89
 0  78.06  0.21  0  0  1.17
 1  90.98  1.00  0  1  0.78
 1  82.53  0.96  0  1  0.67
 0  70.67  1.30  0  0  0.73
 0  61.05  0.62  0  0  0.72
 0  82.58  0.40  0  0  1.34
 0  97.46  0.51  0  1  0.64
 1  85.75  1.34  0  1  2.09
 0  74.25  0.23  0  0  2.33
 0  67.05  0.71  0  0  0.83
 0  78.06  0.21  0  0  1.90
 1  81.94  1.37  0  1  0.92
 0  72.67  0.46  0  0  1.56
 0  64.69  1.16  0  0  0.94
 0  67.05  0.86  0  0  0.57
 0  95.31  0.42  0  0  1.01
 0  77.42  0.40  0  1  3.94
 1  95.31  1.16  0  1  0.70
 1  77.47  0.96  0  1  0.73
 1  73.90  0.86  0  1  0.53
 0  60.30  0.84  0  0  0.63
 0  61.05  0.62  0  0  0.59
 1  97.46  1.06  0  1  1.51
 0  97.46  0.51  0  0  0.67
 1  90.98  1.00  0  1  1.31
 0  69.02  1.00  0  0  1.06
 1  73.90  0.71  0  0  0.65
 1  92.56  1.24  0  1  0.90
 1  86.10  0.86  0  1  0.75
 1  92.95  0.71  0  1  0.77
 0  89.33  0.27  0  0  0.96
 1  89.33  1.30  0  0  0.91
 1  92.95  0.86  0  1  1.01
 1  77.42  1.17  0  0  0.93
 0  60.30  0.73  0  0  0.61
 1  86.10  0.71  0  1  0.79
 0  92.56  0.33  0  1  0.99
 0  64.69  0.42  0  0  0.76
 0  87.33  0.46  0  1  0.90
 0  62.54  1.06  0  0  0.61
 0  61.05  0.95  0  0  0.57
 0  67.44  0.33  0  0  0.44
 0  85.75  0.23  0  1  0.83
 0  81.94  0.21  0  1  0.60
 1  77.47  0.61  0  1  0.79
 1  72.67  1.11  0  0  0.93
 0  70.67  1.30  0  0  0.64
 0  70.67  0.27  0  0  0.74
 1  82.53  0.61  0  0  0.86
 1  82.53  0.96  0  1  0.72
 1  78.06  1.37  0  1  0.64
 1  99.70  0.73  0  1  0.89
 1  87.33  1.11  0  1  0.85
 0  67.44  1.24  0  0  0.74
 1  90.98  0.57  0  1  0.83
 1  74.25  1.34  0  0  0.97
 1  99.70  0.84  0  1  1.89
 1  98.95  0.95  0  1  1.21
 0  82.58  0.40  0  0  0.69
 1  82.58  1.17  0  1  1.24
 0  62.54  0.51  0  0  0.74
 1  85.75  1.34  0  1  1.39
 0  69.02  0.57  0  0  0.75
 1  98.95  0.62  0  0  1.69
 1  81.94  1.37  0  1  2.46
 0  67.05  0.86  0  0  0.79
 1  92.95  0.86  0  1  2.57
 1  77.47  0.61  0  0  1.56
 0  67.44  0.33  0  0  0.67
 0  61.05  0.95  0  0  0.59
 1  97.46  1.06  0  1  0.66
 1  73.90  0.71  0  0  0.70
 0  67.44  1.24  0  0  0.86
 0  70.67  0.27  0  1  2.67
 0  64.69  0.42  0  0  0.58
 1  74.25  1.34  0  1  1.04
 0  69.02  1.00  0  1  0.55
 0  61.05  0.62  0  0  0.47
 0  74.25  0.23  0  0  0.84
 1  73.90  0.86  0  0  0.86
 1  77.47  0.96  0  1  1.01
 1  95.31  1.16  0  1  1.40
 0  89.33  0.27  0  0  2.29
 0  82.58  0.40  0  0  0.58
 1  77.42  1.17  0  1  1.56
 0  95.31  0.42  0  1  2.04
 0  92.56  0.33  0  0  0.60
 0  85.75  0.23  0  0  0.58
 0  62.54  1.06  0  1  0.51
 1  85.75  1.34  0  1  0.62
 0  70.67  1.30  0  0  0.67
 0  78.06  0.21  0  0  0.84
 0  60.30  0.84  0  0  0.69
 1  89.33  1.30  0  1  2.14
 1  98.95  0.62  0  1  1.18
 1  72.67  1.11  0  0  1.57
 1  92.56  1.24  0  1  1.07
 0  72.67  0.46  0  0  2.40
 1  82.58  1.17  0  0  1.27
 0  69.02  0.57  0  0  1.70
 1  86.10  0.71  0  0  4.09
 1  99.70  0.73  0  1  0.52
 0  60.30  0.73  0  0  0.74
 1  82.53  0.61  0  0  1.53
 1  98.95  0.95  0  1  0.97
 0  67.05  0.71  0  0  0.64
 0  64.69  1.16  0  0  0.48
 1  87.33  1.11  0  1  0.77
 1  86.10  0.86  0  1  0.67
 1  78.06  1.37  0  0  0.83
 1  90.98  1.00  0  1  0.91
 1  82.53  0.96  0  1  4.59
 1  90.98  0.57  0  1  1.19
 0  62.54  0.51  0  0  0.96
 0  81.94  0.21  0  0  2.40
 0  77.42  0.40  0  0  0.60
 0  87.33  0.46  0  0  1.13
 1  99.70  0.84  0  1  2.88
 1  92.95  0.71  0  1  0.52
 0  97.46  0.51  0  1  0.70
 1  92.56  1.24  0  1  1.62
 1  74.25  1.34  0  0  0.96
 0  89.33  0.27  0  0  1.11
 0  67.05  0.86  0  0  1.14
 1  86.10  0.71  0  0  1.00
 0  97.46  0.51  0  1  1.30
 0  74.25  0.23  0  0  1.75
 1  82.53  0.96  0  0  0.74
 1  97.46  1.06  0  1  4.06
 1  99.70  0.73  0  1  2.04
 1  99.70  0.84  0  1  0.66
 0  60.30  0.84  0  0  0.63
 0  64.69  0.42  0  0  0.62
 0  77.42  0.40  0  0  1.08
 0  72.67  0.46  0  0  0.69
 1  82.58  1.17  0  1  1.75
 0  61.05  0.95  0  0  0.61
 0  62.54  1.06  0  0  0.55
 0  70.67  0.27  0  0  1.11
 0  61.05  0.62  0  0  0.51
 1  82.53  0.61  0  1  3.03
 0  60.30  0.73  0  0  0.57
 0  70.67  1.30  0  1  1.62
 1  81.94  1.37  0  1  0.84
 1  86.10  0.86  0  0  1.17
 1  92.95  0.86  0  1  4.72
 1  85.75  1.34  0  1  1.79
 0  81.94  0.21  0  0  1.60
 0  85.75  0.23  0  0  0.66
 1  78.06  1.37  0  1  1.32
 1  77.47  0.61  0  0  4.66
 1  72.67  1.11  0  0  0.78
 0  82.58  0.40  0  0  0.66
 0  69.02  1.00  0  1  3.18
 0  64.69  1.16  0  0  0.57
 1  92.95  0.71  0  0  1.10
 1  77.42  1.17  0  0  0.72
 0  69.02  0.57  0  1  0.91
 1  95.31  1.16  0  1  0.89
 1  90.98  1.00  0  1  0.50
 0  87.33  0.46  0  1  0.67
 1  89.33  1.30  0  1  2.41
 1  98.95  0.62  0  0  2.51
 0  67.44  0.33  0  0  0.54
 0  92.56  0.33  0  0  1.19
 1  90.98  0.57  0  0  1.05
 1  73.90  0.71  0  0  0.70
 1  73.90  0.86  0  1  4.10
 1  98.95  0.95  0  1  1.08
 0  67.05  0.71  0  0  0.66
 1  87.33  1.11  0  1  0.85
 0  95.31  0.42  0  1  0.65
 1  77.47  0.96  0  0  1.33
 0  78.06  0.21  0  0  0.94
 0  62.54  0.51  0  0  0.61
 0  67.44  1.24  0  1  1.20
 1  85.75  1.34  0  1  2.27
 0  97.46  0.51  0  1  0.80
 0  67.44  1.24  0  0  0.56
 1  98.95  0.62  0  1  0.62
 0  61.05  0.62  0  0  0.65
 0  62.54  0.51  0  0  0.65
 0  60.30  0.84  0  0  0.53
 0  95.31  0.42  0  1  0.65
 0  64.69  1.16  0  0  0.59
 0  70.67  0.27  0  0  2.59
 1  97.46  1.06  0  1  1.97
 0  78.06  0.21  0  0  0.90
 1  74.25  1.34  0  1  1.13
 0  85.75  0.23  0  0  0.86
 1  77.47  0.61  0  0  0.94
 1  82.53  0.61  0  1  0.63
 1  86.10  0.86  0  1  2.29
 0  67.05  0.86  0  0  0.70
 1  92.95  0.86  0  1  0.69
 0  82.58  0.40  0  0  0.75
 1  90.98  0.57  0  0  1.37
 0  87.33  0.46  0  0  0.65
 1  99.70  0.84  0  1  0.89
 0  77.42  0.40  0  0  1.02
 1  73.90  0.71  0  1  2.21
 1  92.56  1.24  0  1  0.92
 1  86.10  0.71  0  0  0.93
 1  82.58  1.17  0  1  1.13
 0  92.56  0.33  0  0  1.01
 0  69.02  1.00  0  0  0.87
 0  61.05  0.95  0  0  0.52
 1  92.95  0.71  0  1  0.96
 0  74.25  0.23  0  0  1.13
 1  99.70  0.73  0  1  0.86
 1  82.53  0.96  0  0  2.90
 0  72.67  0.46  0  0  0.66
 1  95.31  1.16  0  1  0.70
 1  73.90  0.86  0  0  0.86
 0  60.30  0.73  0  0  0.62
 0  70.67  1.30  0  1  0.88
 0  62.54  1.06  0  0  0.61
 0  67.05  0.71  0  0  0.63
 0  67.44  0.33  0  0  0.77
 1  87.33  1.11  0  1  1.14
 0  89.33  0.27  0  0  0.99
 0  81.94  0.21  0  0  2.93
 1  78.06  1.37  0  1  0.81
 1  98.95  0.95  0  1  1.82
 1  77.47  0.96  0  0  0.84
 0  69.02  0.57  0  0  0.60
 1  77.42  1.17  0  1  0.80
 1  72.67  1.11  0  0  0.79
 0  64.69  0.42  0  0  0.58
 1  90.98  1.00  0  1  0.69
 1  81.94  1.37  0  1  1.16
 1  89.33  1.30  0  1  0.60
 1  72.67  1.11  0  0  0.64
 1  77.47  0.61  0  1  0.88
 1  87.33  1.11  0  1  0.64
 1  73.90  0.86  0  1  0.62
 0  77.42  0.40  0  0  1.32
 1  90.98  0.57  0  1  0.94
 0  78.06  0.21  0  0  0.63
 0  85.75  0.23  0  0  0.56
 0  61.05  0.62  0  0  0.62
 1  78.06  1.37  0  1  0.62
 1  73.90  0.71  0  1  1.34
 1  98.95  0.62  0  1  0.76
 0  74.25  0.23  0  0  0.94
 0  69.02  0.57  0  0  0.68
 1  82.53  0.96  0  1  0.73
 1  98.95  0.95  0  1  0.71
 1  92.95  0.86  0  1  0.63
 0  97.46  0.51  0  1  1.04
 0  64.69  1.16  0  0  0.64
 0  62.54  1.06  0  0  0.53
 0  95.31  0.42  0  0  1.69
 0  87.33  0.46  0  1  1.23
 0  62.54  0.51  0  0  0.71
 1  99.70  0.84  0  1  0.67
 1  85.75  1.34  0  1  0.93
 0  70.67  1.30  0  0  0.69
 1  92.95  0.71  0  1  1.30
 1  90.98  1.00  0  1  0.65
 0  67.05  0.71  0  0  0.77
 1  97.46  1.06  0  1  0.58
 0  67.44  1.24  0  0  0.74
 0  81.94  0.21  0  0  0.80
 1  92.56  1.24  0  1  0.62
 0  67.05  0.86  0  0  0.69
 0  67.44  0.33  0  0  0.66
 1  77.47  0.96  0  1  0.72
 1  86.10  0.71  0  1  0.69
 0  61.05  0.95  0  0  0.55
 0  64.69  0.42  0  0  0.69
 0  82.58  0.40  0  0  0.88
 1  82.53  0.61  0  0  0.97
 1  95.31  1.16  0  1  0.68
 0  72.67  0.46  0  0  0.81
 0  69.02  1.00  0  0  0.85
 0  60.30  0.73  0  0  0.60
 0  70.67  0.27  0  0  0.55
 0  60.30  0.84  0  0  0.53
 1  81.94  1.37  0  1  0.62
 1  74.25  1.34  0  1  0.44
 1  86.10  0.86  0  0  0.90
 0  89.33  0.27  0  0  0.81
 0  92.56  0.33  0  1  0.90
 1  77.42  1.17  0  0  0.69
 1  99.70  0.73  0  1  1.12
 1  82.58  1.17  0  1  0.52
 1  89.33  1.30  0  1  0.51
 1  82.58  1.17  0  1  0.48
 0  81.94  0.21  0  0  0.68
 1  77.47  0.61  0  0  0.79
 1  72.67  1.11  0  0  0.77
 1  86.10  0.86  0  1  1.22
 1  92.95  0.86  0  1  0.63
 0  70.67  0.27  0  0  0.62
 0  67.44  0.33  0  0  0.49
 1  99.70  0.73  0  1  0.67
 1  95.31  1.16  0  1  0.56
 0  67.44  1.24  0  0  0.57
 0  64.69  1.16  0  0  0.48
 0  61.05  0.95  0  0  0.47
 1  98.95  0.95  0  1  0.60
 1  99.70  0.84  0  1  0.49
 0  95.31  0.42  0  0  0.93
 1  92.56  1.24  0  1  0.78
 1  78.06  1.37  0  1  1.12
 0  69.02  0.57  0  0  0.59
 1  85.75  1.34  0  1  0.56
 0  70.67  1.30  0  0  0.57
 0  64.69  0.42  0  0  0.76
 1  82.53  0.61  0  1  1.07
 0  69.02  1.00  0  0  0.63
 1  89.33  1.30  0  1  1.03
 1  90.98  1.00  0  1  0.71
 1  73.90  0.86  0  1  0.66
 0  72.67  0.46  0  0  0.64
 1  74.25  1.34  0  1  1.02
 0  78.06  0.21  0  0  0.66
 1  82.53  0.96  0  1  0.67
 0  60.30  0.84  0  0  0.59
 0  67.05  0.71  0  0  0.61
 1  81.94  1.37  0  1  0.73
 0  89.33  0.27  0  0  0.56
 1  98.95  0.62  0  1  0.73
 1  92.95  0.71  0  1  0.66
 0  67.05  0.86  0  0  0.54
 1  77.42  1.17  0  1  0.86
 0  62.54  1.06  0  0  0.62
 0  82.58  0.40  0  0  1.56
 0  62.54  0.51  0  0  0.67
 1  90.98  0.57  0  1  0.66
 1  73.90  0.71  0  0  0.99
 0  97.46  0.51  0  1  0.68
 0  74.25  0.23  0  0  0.68
 1  97.46  1.06  0  1  0.91
 1  77.47  0.96  0  1  0.84
 0  60.30  0.73  0  0  0.59
 1  87.33  1.11  0  1  0.59
 0  85.75  0.23  0  0  0.75
 0  92.56  0.33  0  0  0.77
 0  77.42  0.40  0  0  0.69
 0  61.05  0.62  0  0  0.60
 0  87.33  0.46  0  0  0.75
 1  86.10  0.71  0  1  1.30
