 0  67.05  0.86  0  1  3.93
 1  77.47  0.61  0  0  1.35
 1  73.90  0.71  0  0  1.61
 1  78.06  1.37  0  1  1.08
 1  86.10  0.86  0  0  0.65
 1  95.31  1.16  0  0  0.70
 0  62.54  0.51  0  0  0.79
 0  67.44  0.33  0  1  0.60
 0  82.58  0.40  0  0  0.67
 0  67.44  1.24  0  1  0.78
 1  77.47  0.96  0  0  2.23
 1  92.95  0.86  0  0  1.39
 1  82.53  0.61  0  0  3.09
 1  99.70  0.84  0  1  0.54
 0  78.06  0.21  0  1  0.76
 0  77.42  0.40  0  0  0.42
 0  95.31  0.42  0  1  0.44
 0  60.30  0.73  0  0  1.99
 1  98.95  0.62  0  1  1.46
 0  61.05  0.62  0  0  1.46
 1  90.98  0.57  0  1  0.45
 1  74.25  1.34  0  0  0.24
 1  77.42  1.17  0  1  0.75
 1  86.10  0.71  0  0  0.53
 0  72.67  0.46  0  1  0.58
 0  85.75  0.23  0  0  0.41
 0  62.54  1.06  0  1  0.82
 0  74.25  0.23  0  0  0.81
 1  73.90  0.86  0  1  3.85
 0  89.33  0.27  0  0  0.85
 0  70.67  1.30  0  1  3.24
 0  60.30  0.84  0  1  1.07
 1  98.95  0.95  0  0  0.67
 1  82.53  0.96  0  1  0.62
 1  87.33  1.11  0  1  1.44
 0  97.46  0.51  0  1  0.78
 0  69.02  0.57  0  0  0.74
 1  92.56  1.24  0  1  1.64
 0  64.69  1.16  0  0  0.77
 1  97.46  1.06  0  0  2.53
 0  81.94  0.21  0  0  2.23
 1  72.67  1.11  0  1  0.80
 1  89.33  1.30  0  1  0.70
 0  92.56  0.33  0  0  0.39
 0  69.02  1.00  0  1  0.47
 0  87.33  0.46  0  0  0.43
 1  90.98  1.00  0  1  0.59
 1  81.94  1.37  0  1  0.58
 0  61.05  0.95  0  1  0.56
 1  82.58  1.17  0  1  1.20
 1  99.70  0.73  0  0  2.34
 1  92.95  0.71  0  1  0.54
 0  67.05  0.71  0  0  3.88
 0  70.67  0.27  0  0  0.68
 0  64.69  0.42  0  0  0.50
 1  85.75  1.34  0  1  0.56
 1  99.70  0.73  0  0  0.74
 0  67.05  0.86  0  1  0.58
 1  77.42  1.17  0  0  0.85
 0  72.67  0.46  0  0  0.66
 0  77.42  0.40  0  0  0.89
 0  82.58  0.40  0  0  0.56
 1  95.31  1.16  0  1  0.77
 1  82.58  1.17  0  1  0.61
 1  72.67  1.11  0  1  0.62
 1  86.10  0.71  0  0  1.56
 1  82.53  0.61  0  1  0.75
 1  90.98  0.57  0  1  0.62
 0  95.31  0.42  0  1  0.50
 0  97.46  0.51  0  0  0.96
 0  61.05  0.62  0  0  0.97
 1  98.95  0.62  0  0  0.71
 0  67.44  0.33  0  0  1.19
 1  92.95  0.86  0  1  0.68
 1  73.90  0.86  0  1  0.59
 1  92.56  1.24  0  1  0.72
 1  92.95  0.71  0  1  0.62
 0  62.54  1.06  0  1  0.63
 1  89.33  1.30  0  0  1.12
 1  82.53  0.96  0  1  0.47
 1  99.70  0.84  0  1  0.80
 0  67.05  0.71  0  1  0.73
 0  87.33  0.46  0  1  0.73
 0  62.54  0.51  0  0  0.40
 1  85.75  1.34  0  1  1.07
 1  81.94  1.37  0  1  0.58
 0  89.33  0.27  0  0  0.50
 0  64.69  1.16  0  1  0.64
 1  77.47  0.96  0  1  1.17
 0  69.02  1.00  0  1  1.04
 0  64.69  0.42  0  1  0.59
 0  70.67  0.27  0  0  0.50
 0  61.05  0.95  0  1  0.83
 0  78.06  0.21  0  0  0.42
 1  90.98  1.00  0  1  0.58
 0  60.30  0.84  0  1  0.68
 1  87.33  1.11  0  1  0.73
 0  81.94  0.21  0  0  0.85
 0  92.56  0.33  0  0  0.78
 0  69.02  0.57  0  0  1.28
 1  78.06  1.37  0  1  0.71
 0  85.75  0.23  0  0  0.43
 0  74.25  0.23  0  0  0.51
 0  70.67  1.30  0  1  0.55
 1  86.10  0.86  0  1  1.05
 1  98.95  0.95  0  1  0.67
 0  67.44  1.24  0  1  0.58
 0  60.30  0.73  0  1  1.17
 1  74.25  1.34  0  1  0.77
 1  77.47  0.61  0  0  0.49
 1  97.46  1.06  0  1  0.61
 1  73.90  0.71  0  1  0.89
 0  62.54  1.06  0  1  4.17
 0  67.44  0.33  0  0  1.53
 0  67.05  0.86  0  1  1.00
 1  73.90  0.71  0  1  2.67
 0  97.46  0.51  0  0  1.78
 0  92.56  0.33  0  0  0.56
 1  99.70  0.84  0  1  0.67
 1  72.67  1.11  0  1  0.58
 0  81.94  0.21  0  0  0.85
 0  70.67  1.30  0  1  0.75
 0  89.33  0.27  0  0  0.46
 1  97.46  1.06  0  1  0.77
 0  61.05  0.62  0  0  0.83
 0  70.67  0.27  0  0  0.48
 0  85.75  0.23  0  0  0.47
 0  64.69  0.42  0  0  0.67
 1  98.95  0.95  0  1  0.70
 0  64.69  1.16  0  1  0.52
 0  69.02  0.57  0  0  0.66
 1  92.56  1.24  0  1  0.85
 1  78.06  1.37  0  1  0.50
 0  72.67  0.46  0  0  0.92
 1  82.53  0.96  0  1  0.91
 1  82.58  1.17  0  1  0.58
 0  67.44  1.24  0  1  0.57
 0  82.58  0.40  0  0  0.52
 1  82.53  0.61  0  0  0.64
 1  90.98  1.00  0  1  0.63
 0  61.05  0.95  0  1  0.72
 1  85.75  1.34  0  1  0.85
 1  87.33  1.11  0  1  0.92
 0  69.02  1.00  0  0  1.28
 1  77.47  0.96  0  0  1.25
 0  77.42  0.40  0  0  3.87
 0  67.05  0.71  0  0  1.22
 1  90.98  0.57  0  0  1.66
 1  73.90  0.86  0  1  2.50
 0  95.31  0.42  0  0  1.31
 0  60.30  0.84  0  0  0.66
 1  86.10  0.86  0  1  0.57
 1  89.33  1.30  0  1  0.52
 1  77.42  1.17  0  0  0.46
 1  92.95  0.71  0  1  1.31
 1  81.94  1.37  0  1  3.79
 1  98.95  0.62  0  0  0.62
 1  95.31  1.16  0  1  0.51
 0  74.25  0.23  0  0  0.59
 1  86.10  0.71  0  1  2.39
 1  99.70  0.73  0  1  0.70
 1  92.95  0.86  0  1  0.55
 0  78.06  0.21  0  0  0.66
 1  77.47  0.61  0  1  0.51
 1  74.25  1.34  0  1  0.54
 0  62.54  0.51  0  1  0.61
 0  60.30  0.73  0  1  0.80
 0  87.33  0.46  0  1  3.03
 1  95.31  1.16  0  1  0.57
 1  73.90  0.71  0  1  0.66
 1  77.47  0.61  0  1  0.57
 0  70.67  1.30  0  1  0.89
 1  89.33  1.30  0  1  0.59
 0  78.06  0.21  0  0  0.67
 0  81.94  0.21  0  0  0.60
 0  69.02  1.00  0  1  0.75
 1  74.25  1.34  0  1  0.58
 1  86.10  0.71  0  1  1.17
 0  61.05  0.62  0  1  0.68
 0  67.44  1.24  0  1  0.68
 1  92.95  0.71  0  1  0.58
 1  81.94  1.37  0  1  0.58
 0  70.67  0.27  0  0  0.55
 0  72.67  0.46  0  0  0.68
 1  82.58  1.17  0  1  0.98
 1  99.70  0.84  0  1  0.46
 0  64.69  1.16  0  1  0.48
 0  97.46  0.51  0  1  1.17
 0  62.54  1.06  0  1  1.05
 1  73.90  0.86  0  0  1.64
 1  98.95  0.62  0  1  0.81
 1  92.56  1.24  0  1  0.68
 1  78.06  1.37  0  1  1.04
 0  60.30  0.73  0  0  0.87
 0  67.05  0.86  0  1  0.77
 0  60.30  0.84  0  1  0.56
 0  64.69  0.42  0  1  0.99
 1  92.95  0.86  0  1  0.86
 0  69.02  0.57  0  0  0.73
 0  67.44  0.33  0  0  0.69
 1  82.53  0.96  0  1  1.49
 0  87.33  0.46  0  0  1.52
 0  85.75  0.23  0  0  0.57
 1  72.67  1.11  0  1  0.54
 1  85.75  1.34  0  1  0.62
 1  77.42  1.17  0  1  0.37
 1  90.98  0.57  0  1  1.00
 1  86.10  0.86  0  1  0.79
 0  67.05  0.71  0  1  3.09
 1  87.33  1.11  0  1  0.49
 1  99.70  0.73  0  1  0.75
 1  82.53  0.61  0  1  0.51
 1  77.47  0.96  0  1  0.93
 0  92.56  0.33  0  0  0.75
 0  77.42  0.40  0  0  0.44
 0  82.58  0.40  0  0  0.43
 0  62.54  0.51  0  0  0.61
 0  74.25  0.23  0  0  0.37
 1  97.46  1.06  0  0  0.34
 0  89.33  0.27  0  0  0.55
 1  98.95  0.95  0  1  0.64
 0  95.31  0.42  0  0  0.54
 0  61.05  0.95  0  1  0.55
 1  90.98  1.00  0  1  0.61
 1  98.95  0.95  0  1  1.53
 1  86.10  0.86  0  1  0.73
 1  92.95  0.71  0  1  0.55
 1  73.90  0.86  0  1  0.45
 1  89.33  1.30  0  1  0.48
 0  70.67  1.30  0  1  0.45
 0  81.94  0.21  0  0  0.76
 1  77.47  0.96  0  0  0.75
 1  99.70  0.84  0  1  0.72
 0  64.69  1.16  0  1  0.47
 1  73.90  0.71  0  1  0.70
 1  99.70  0.73  0  1  0.72
 1  92.56  1.24  0  1  0.47
 1  95.31  1.16  0  1  0.54
 0  95.31  0.42  0  1  0.77
 1  90.98  0.57  0  1  0.82
 1  78.06  1.37  0  1  0.58
 0  72.67  0.46  0  0  0.72
 0  60.30  0.84  0  0  0.61
 0  89.33  0.27  0  0  0.52
 0  67.44  1.24  0  1  0.51
 1  82.58  1.17  0  1  0.58
 0  69.02  1.00  0  1  0.42
 1  74.25  1.34  0  1  0.60
 0  74.25  0.23  0  0  0.50
 0  67.05  0.86  0  1  0.67
 1  98.95  0.62  0  1  1.08
 0  92.56  0.33  0  1  0.82
 0  61.05  0.62  0  1  0.60
 1  77.47  0.61  0  1  0.97
 1  90.98  1.00  0  1  1.26
 0  62.54  0.51  0  1  1.11
 0  82.58  0.40  0  0  1.22
 0  69.02  0.57  0  1  0.88
 0  70.67  0.27  0  1  0.60
 1  81.94  1.37  0  1  0.51
 1  97.46  1.06  0  1  0.87
 0  64.69  0.42  0  0  0.58
 1  85.75  1.34  0  1  0.60
 1  77.42  1.17  0  1  0.57
 1  82.53  0.96  0  1  0.72
 1  82.53  0.61  0  1  0.74
 0  61.05  0.95  0  1  0.49
 0  62.54  1.06  0  1  0.46
 0  78.06  0.21  0  0  1.27
 0  60.30  0.73  0  1  0.83
 1  87.33  1.11  0  1  0.59
 1  72.67  1.11  0  1  1.14
 0  67.05  0.71  0  1  0.77
 0  87.33  0.46  0  1  0.77
 1  86.10  0.71  0  0  1.88
 0  77.42  0.40  0  1  1.44
 1  92.95  0.86  0  1  0.86
 0  97.46  0.51  0  0  1.43
 0  67.44  0.33  0  0  2.69
 0  85.75  0.23  0  0  0.56
 1  98.95  0.95  0  1  0.63
 0  64.69  0.42  0  1  0.65
 1  72.67  1.11  0  1  0.56
 1  92.95  0.71  0  1  0.88
 1  87.33  1.11  0  1  0.78
 0  77.42  0.40  0  0  1.09
 1  77.42  1.17  0  1  0.50
 0  69.02  1.00  0  1  0.53
 1  85.75  1.34  0  1  0.72
 1  78.06  1.37  0  1  0.58
 0  97.46  0.51  0  0  0.91
 1  92.56  1.24  0  1  0.60
 1  82.53  0.96  0  0  1.12
 0  69.02  0.57  0  0  0.78
 0  67.05  0.86  0  1  2.06
 0  70.67  1.30  0  1  0.70
 0  74.25  0.23  0  0  0.48
 0  61.05  0.95  0  1  1.38
 1  92.95  0.86  0  1  1.16
 0  62.54  0.51  0  0  0.70
 0  82.58  0.40  0  0  0.75
 0  78.06  0.21  0  0  0.70
 1  99.70  0.73  0  1  0.67
 1  86.10  0.86  0  1  1.05
 0  85.75  0.23  0  0  0.62
 1  86.10  0.71  0  0  0.80
 1  90.98  1.00  0  1  1.18
 0  67.44  1.24  0  1  1.31
 0  70.67  0.27  0  0  0.64
 0  81.94  0.21  0  0  0.67
 0  64.69  1.16  0  1  0.75
 1  77.47  0.61  0  1  0.78
 1  74.25  1.34  0  1  0.55
 1  89.33  1.30  0  1  0.54
 0  67.44  0.33  0  0  0.73
 0  67.05  0.71  0  1  0.49
 1  82.58  1.17  0  1  0.69
 1  98.95  0.62  0  0  1.13
 0  87.33  0.46  0  1  0.68
 1  99.70  0.84  0  1  0.54
 0  60.30  0.73  0  1  0.70
 1  90.98  0.57  0  1  0.37
 1  97.46  1.06  0  1  0.61
 0  61.05  0.62  0  1  0.67
 0  72.67  0.46  0  1  1.00
 0  89.33  0.27  0  1  1.21
 1  95.31  1.16  0  1  0.55
 1  82.53  0.61  0  0  0.59
 1  81.94  1.37  0  1  0.50
 1  77.47  0.96  0  0  1.47
 0  60.30  0.84  0  1  0.68
 1  73.90  0.71  0  1  0.61
 0  95.31  0.42  0  0  0.58
 1  73.90  0.86  0  0  0.58
 0  62.54  1.06  0  1  0.64
 0  92.56  0.33  0  0  0.58
 0  61.05  0.62  0  1  2.20
 0  87.33  0.46  0  0  0.58
 0  72.67  0.46  0  0  1.21
 1  92.95  0.86  0  1  0.97
 1  81.94  1.37  0  1  0.50
 0  77.42  0.40  0  0  1.31
 1  92.56  1.24  0  1  0.62
 1  99.70  0.73  0  1  1.06
 0  62.54  1.06  0  1  0.58
 1  73.90  0.86  0  1  0.81
 1  95.31  1.16  0  1  0.87
 0  97.46  0.51  0  0  0.74
 0  89.33  0.27  0  0  0.60
 0  82.58  0.40  0  0  0.92
 1  78.06  1.37  0  1  0.61
 1  72.67  1.11  0  0  0.85
 1  92.95  0.71  0  1  0.51
 1  97.46  1.06  0  1  0.57
 0  62.54  0.51  0  0  1.12
 1  98.95  0.95  0  1  0.64
 1  73.90  0.71  0  1  0.67
 0  64.69  0.42  0  0  0.61
 0  70.67  0.27  0  0  0.59
 1  87.33  1.11  0  1  0.52
 0  60.30  0.73  0  1  0.58
 1  86.10  0.71  0  1  0.59
 1  74.25  1.34  0  1  0.59
 1  98.95  0.62  0  1  0.49
 0  67.44  1.24  0  1  0.71
 1  90.98  1.00  0  1  0.69
 0  69.02  1.00  0  1  0.63
 0  60.30  0.84  0  1  0.52
 0  61.05  0.95  0  0  1.50
 0  78.06  0.21  0  0  0.57
 1  86.10  0.86  0  1  0.57
 0  67.44  0.33  0  0  0.55
 0  67.05  0.86  0  1  0.54
 1  77.47  0.61  0  0  0.66
 0  69.02  0.57  0  0  0.56
 0  74.25  0.23  0  0  0.71
 0  64.69  1.16  0  1  0.69
 1  82.53  0.61  0  0  0.78
 0  67.05  0.71  0  1  0.60
 1  85.75  1.34  0  1  0.64
 1  90.98  0.57  0  0  4.91
 0  70.67  1.30  0  1  0.70
 1  99.70  0.84  0  1  0.52
 1  77.42  1.17  0  1  0.58
 1  77.47  0.96  0  1  0.73
 1  82.58  1.17  0  1  0.59
 1  89.33  1.30  0  1  0.58
 0  95.31  0.42  0  0  1.09
 1  82.53  0.96  0  1  0.58
 0  85.75  0.23  0  0  0.56
 0  81.94  0.21  0  0  0.48
 0  92.56  0.33  0  0  0.40
 1  98.95  0.62  0  1  0.79
 0  74.25  0.23  0  0  0.38
 0  64.69  1.16  0  1  0.60
 1  73.90  0.86  0  1  0.52
 1  86.10  0.86  0  1  0.51
 1  77.47  0.96  0  1  0.46
 1  92.95  0.71  0  1  0.61
 1  90.98  0.57  0  1  0.57
 1  95.31  1.16  0  1  0.50
 1  72.67  1.11  0  1  0.46
 0  60.30  0.73  0  1  0.43
 1  82.53  0.96  0  1  0.42
 0  82.58  0.40  0  1  0.78
 0  85.75  0.23  0  0  0.47
 1  99.70  0.84  0  1  0.48
 1  73.90  0.71  0  1  1.15
 1  99.70  0.73  0  1  0.51
 0  77.42  0.40  0  0  0.89
 1  92.56  1.24  0  1  0.46
 1  82.53  0.61  0  1  0.97
 1  86.10  0.71  0  1  0.31
 1  77.47  0.61  0  1  0.29
 0  87.33  0.46  0  1  0.34
 0  70.67  0.27  0  0  0.89
 1  82.58  1.17  0  1  0.55
 0  67.44  1.24  0  1  0.46
 0  64.69  0.42  0  0  0.72
 0  69.02  1.00  0  1  0.60
 1  90.98  1.00  0  1  0.64
 0  61.05  0.95  0  1  0.66
 1  77.42  1.17  0  1  0.46
 0  97.46  0.51  0  1  1.13
 1  81.94  1.37  0  1  1.37
 0  72.67  0.46  0  0  1.20
 1  92.95  0.86  0  1  1.00
 0  62.54  0.51  0  1  1.28
 0  92.56  0.33  0  1  0.78
 1  98.95  0.95  0  1  0.62
 0  67.05  0.71  0  1  0.78
 0  60.30  0.84  0  1  0.50
 1  78.06  1.37  0  1  0.47
 0  62.54  1.06  0  1  1.66
 1  85.75  1.34  0  1  0.57
 0  69.02  0.57  0  0  0.70
 0  81.94  0.21  0  0  0.45
 0  61.05  0.62  0  0  0.49
 0  95.31  0.42  0  0  0.40
 0  78.06  0.21  0  0  0.39
 1  74.25  1.34  0  1  1.12
 1  89.33  1.30  0  1  0.39
 0  70.67  1.30  0  1  0.54
 0  67.05  0.86  0  1  1.11
 1  97.46  1.06  0  1  0.68
 0  89.33  0.27  0  0  1.09
 0  67.44  0.33  0  0  0.88
 1  87.33  1.11  0  1  0.57
 0  67.05  0.71  0  1  1.82
 1  81.94  1.37  0  1  0.56
 0  89.33  0.27  0  0  0.49
 1  82.53  0.61  0  0  0.57
 1  90.98  1.00  0  1  0.49
 1  90.98  0.57  0  1  0.72
 1  72.67  1.11  0  1  0.51
 1  95.31  1.16  0  1  0.44
 0  62.54  1.06  0  1  0.44
 0  97.46  0.51  0  0  0.60
 1  78.06  1.37  0  1  0.63
 0  60.30  0.73  0  0  0.68
 1  98.95  0.95  0  1  0.80
 0  81.94  0.21  0  0  0.52
 1  85.75  1.34  0  1  0.49
 0  78.06  0.21  0  0  0.54
 0  87.33  0.46  0  0  0.48
 0  72.67  0.46  0  0  0.44
 1  73.90  0.86  0  1  0.65
 0  70.67  1.30  0  0  0.75
 1  92.95  0.86  0  0  0.94
 1  87.33  1.11  0  1  0.44
 1  99.70  0.73  0  0  1.90
 0  67.05  0.86  0  1  0.83
 1  86.10  0.71  0  0  0.60
 0  69.02  0.57  0  1  0.92
 0  85.75  0.23  0  0  0.51
 0  70.67  0.27  0  0  0.51
 1  97.46  1.06  0  1  1.16
 0  95.31  0.42  0  0  1.01
 1  82.53  0.96  0  1  0.65
 0  67.44  0.33  0  0  2.56
 0  82.58  0.40  0  0  1.07
 0  61.05  0.95  0  1  2.46
 1  77.47  0.96  0  1  1.10
 1  77.42  1.17  0  1  1.22
 0  92.56  0.33  0  0  1.38
 1  92.56  1.24  0  1  1.31
 1  82.58  1.17  0  1  0.59
 0  60.30  0.84  0  0  2.23
 0  74.25  0.23  0  0  1.36
 0  67.44  1.24  0  1  1.10
 1  86.10  0.86  0  0  1.24
 0  62.54  0.51  0  0  0.76
 1  77.47  0.61  0  1  0.93
 0  77.42  0.40  0  0  0.57
 1  73.90  0.71  0  0  1.29
 1  99.70  0.84  0  0  1.36
 0  61.05  0.62  0  0  1.15
 0  64.69  1.16  0  1  0.77
 1  74.25  1.34  0  1  1.20
 1  89.33  1.30  0  1  0.49
 0  69.02  1.00  0  1  0.53
 1  92.95  0.71  0  1  1.52
 0  64.69  0.42  0  0  0.53
 1  98.95  0.62  0  1  1.15
 1  78.06  1.37  0  1  0.61
 0  62.54  0.51  0  1  0.99
 0  61.05  0.95  0  1  0.94
 1  87.33  1.11  0  1  0.68
 0  60.30  0.73  0  0  2.49
 1  73.90  0.71  0  0  0.69
 0  70.67  0.27  0  0  0.56
 1  92.56  1.24  0  1  0.97
 1  98.95  0.95  0  1  0.55
 0  67.44  0.33  0  0  0.49
 0  97.46  0.51  0  0  0.63
 1  82.58  1.17  0  1  0.54
 1  90.98  0.57  0  0  1.39
 1  86.10  0.86  0  1  0.50
 1  90.98  1.00  0  1  0.53
 1  81.94  1.37  0  1  0.45
 0  87.33  0.46  0  0  0.72
 1  85.75  1.34  0  1  0.44
 1  99.70  0.73  0  0  0.51
 1  92.95  0.86  0  1  0.49
 1  95.31  1.16  0  1  0.42
 1  82.53  0.96  0  1  0.39
 0  67.05  0.71  0  0  0.58
 0  69.02  1.00  0  1  0.58
 0  85.75  0.23  0  0  0.53
 1  77.47  0.61  0  0  0.53
 0  64.69  1.16  0  1  0.53
 1  97.46  1.06  0  1  0.80
 0  60.30  0.84  0  1  0.56
 0  62.54  1.06  0  0  0.46
 0  67.44  1.24  0  0  0.66
 1  77.42  1.17  0  1  0.52
 1  98.95  0.62  0  0  0.47
 1  73.90  0.86  0  1  0.49
 0  72.67  0.46  0  0  0.86
 0  95.31  0.42  0  0  0.51
 0  78.06  0.21  0  0  0.48
 0  77.42  0.40  0  0  0.32
 0  64.69  0.42  0  0  0.31
 0  89.33  0.27  0  0  0.36
 0  61.05  0.62  0  0  0.93
 1  99.70  0.84  0  1  0.64
 1  77.47  0.96  0  1  0.72
 0  67.05  0.86  0  1  0.39
 1  86.10  0.71  0  1  0.46
 0  74.25  0.23  0  0  0.47
 1  72.67  1.11  0  1  0.50
 1  92.95  0.71  0  1  0.61
 0  70.67  1.30  0  1  0.41
 0  69.02  0.57  0  0  0.53
 1  82.53  0.61  0  0  0.49
 1  89.33  1.30  0  1  0.49
 0  82.58  0.40  0  0  0.44
 0  92.56  0.33  0  0  0.82
 0  81.94  0.21  0  0  0.38
 1  74.25  1.34  0  1  0.48
