 3  90.98  1.00  1  0  1.32
 2  87.33  0.46  0  2  4.84
 3  81.94  1.37  1  3  1.00
 1  70.67  1.30  1  1  5.21
 1  60.30  0.84  0  0  1.13
 0  64.69  0.42  1  2  4.83
 1  72.67  1.11  1  3  2.10
 3  92.56  1.24  0  3  3.95
 1  67.05  0.86  0  1  6.88
 3  98.95  0.95  0  2  3.47
 0  64.69  0.42  0  2  1.97
 2  92.56  0.33  1  2  4.68
 3  92.95  0.86  1  3  1.21
 0  74.25  0.23  0  0  3.37
 2  86.10  0.71  1  2  2.61
 2  82.53  0.61  1  2  1.51
 3  82.58  1.17  1  1  2.80
 2  95.31  0.42  1  2  5.57
 3  97.46  1.06  1  3  1.32
 0  69.02  0.57  0  1  3.99
 0  62.54  0.51  0  0  2.12
 3  82.53  0.96  1  2  2.77
 2  98.95  0.62  0  3  8.66
 1  73.90  0.86  0  0  2.88
 0  62.54  0.51  1  1  0.99
 0  77.42  0.40  0  2 14.83
 0  78.06  0.21  0  0  1.88
 1  77.42  1.17  0  3  1.51
 3  89.33  1.30  1  3  2.42
 0  77.47  0.61  1  2  2.83
 3  99.70  0.84  1  3  6.39
 1  67.44  1.24  1  3  3.86
 3  81.94  1.37  0  1  1.29
 0  77.47  0.61  0  2  1.94
 2  90.98  0.57  0  0  7.39
 3  95.31  1.16  1  3  1.04
 1  69.02  1.00  1  1  2.02
 0  67.05  0.71  1  3  2.36
 3  87.33  1.11  1  2  0.34
 0  70.67  0.27  0  1  4.01
 2  82.53  0.61  0  0  3.52
 1  74.25  1.34  0  3 12.89
 3  86.10  0.86  0  3  3.97
 2  86.10  0.71  0  1  2.10
 0  73.90  0.71  1  0  3.19
 3  85.75  1.34  0  1  2.86
 3  82.53  0.96  0  3  1.16
 2  89.33  0.27  0  2  2.17
 2  81.94  0.21  1  2  0.61
 2  95.31  0.42  0  2  1.61
 0  70.67  0.27  1  1  2.57
 2  82.58  0.40  1  0  2.82
 0  77.42  0.40  1  3  1.29
 2  97.46  0.51  1  2  1.19
 2  98.95  0.62  1  2  0.67
 0  61.05  0.62  1  0  4.67
 0  78.06  0.21  1  2  1.75
 3  92.95  0.86  0  3  3.62
 1  64.69  1.16  0  3  3.04
 3  82.58  1.17  0  1  1.34
 2  90.98  0.57  1  2  1.84
 3  89.33  1.30  0  3  1.63
 0  60.30  0.73  1  0  6.19
 3  92.56  1.24  1  3  1.65
 2  99.70  0.73  1  2  6.15
 1  72.67  1.11  0  2  2.83
 2  85.75  0.23  1  2  4.39
 2  97.46  0.51  0  2  0.93
 2  92.56  0.33  0  2  0.65
 0  67.05  0.71  0  0  1.69
 3  95.31  1.16  0  3  1.14
 3  85.75  1.34  1  3  2.34
 1  61.05  0.95  1  0  3.21
 0  67.44  0.33  0  2  2.48
 1  70.67  1.30  0  3  2.63
 3  97.46  1.06  0  3  5.50
 0  60.30  0.73  0  0  2.33
 1  78.06  1.37  0  3  2.06
 1  62.54  1.06  1  1  4.47
 1  77.42  1.17  1  1  1.21
 3  99.70  0.84  0  2  2.75
 1  69.02  1.00  0  1  3.38
 2  87.33  0.46  1  2  1.76
 0  72.67  0.46  1  2  2.17
 1  62.54  1.06  0  1  1.82
 0  73.90  0.71  0  0  1.72
 1  61.05  0.95  0  1  1.43
 0  74.25  0.23  1  2  1.39
 3  87.33  1.11  0  3  1.93
 2  99.70  0.73  0  2  1.70
 1  77.47  0.96  0  0  3.85
 1  67.05  0.86  1  1  0.81
 0  61.05  0.62  0  1  0.99
 1  78.06  1.37  1  3  3.83
 2  92.95  0.71  0  2  1.87
 0  67.44  0.33  1  2  2.60
 2  81.94  0.21  0  0  1.86
 1  60.30  0.84  1  1  1.53
 2  89.33  0.27  1  2  2.36
 3  90.98  1.00  0  3  2.11
 1  64.69  1.16  1  1  1.59
 3  86.10  0.86  1  3  1.57
 3  98.95  0.95  1  3 11.47
 2  85.75  0.23  0  2  4.15
 0  72.67  0.46  0  0  5.92
 1  73.90  0.86  1  0  2.22
 0  69.02  0.57  1  1  1.22
 2  82.58  0.40  0  2  2.00
 1  67.44  1.24  0  1  1.30
 1  77.47  0.96  1  3  4.43
 1  74.25  1.34  1  3  2.93
 2  92.95  0.71  1  2  5.41
 0  74.25  0.23  1  2  4.61
 0  72.67  0.46  1  2  6.46
 2  82.58  0.40  0  0  0.65
 1  78.06  1.37  0  3  2.34
 2  87.33  0.46  1  2  1.32
 2  98.95  0.62  1  2  1.39
 2  81.94  0.21  1  2  2.22
 3  82.53  0.96  1  3  2.28
 1  62.54  1.06  1  1  2.15
 1  61.05  0.95  1  1  3.57
 2  81.94  0.21  0  0  2.48
 1  74.25  1.34  0  2  4.53
 3  82.58  1.17  1  2  5.42
 0  78.06  0.21  1  2  0.72
 0  67.05  0.71  0  0  4.08
 3  99.70  0.84  0  2  2.29
 3  98.95  0.95  1  3  0.86
 1  67.44  1.24  1  0  2.84
 1  61.05  0.95  0  1  0.62
 3  86.10  0.86  1  3  3.51
 1  67.05  0.86  1  1  3.76
 0  60.30  0.73  0  1  0.85
 2  90.98  0.57  0  2  5.67
 0  74.25  0.23  0  0  3.10
 2  92.56  0.33  1  0  1.08
 0  73.90  0.71  1  1  1.55
 0  69.02  0.57  1  1  1.15
 0  77.42  0.40  1  0  0.82
 3  92.56  1.24  0  3  2.21
 1  73.90  0.86  1  1  1.34
 0  77.47  0.61  1  1  1.03
 2  90.98  0.57  1  2  2.48
 3  90.98  1.00  0  3  1.81
 0  64.69  0.42  1  0  2.78
 0  61.05  0.62  0  1  1.47
 1  72.67  1.11  1  3  2.51
 2  97.46  0.51  0  2  5.71
 3  89.33  1.30  0  3  2.61
 2  86.10  0.71  0  1  2.04
 1  77.42  1.17  1  0  3.78
 1  69.02  1.00  1  1  0.76
 1  67.44  1.24  0  1  2.34
 1  64.69  1.16  0  1  0.54
 1  67.05  0.86  0  1  0.61
 1  69.02  1.00  0  1  1.07
 0  62.54  0.51  0  1  0.70
 3  99.70  0.84  1  3  1.90
 3  81.94  1.37  1  3  5.11
 2  89.33  0.27  0  2  2.71
 2  92.95  0.71  0  3  5.99
 3  92.56  1.24  1  3  0.84
 0  77.42  0.40  0  2  1.76
 0  70.67  0.27  1  1  3.47
 2  85.75  0.23  1  0  1.19
 3  92.95  0.86  1  2  2.00
 1  78.06  1.37  1  3  3.76
 2  98.95  0.62  0  2  1.97
 3  85.75  1.34  0  3  9.03
 3  89.33  1.30  1  3  0.72
 1  70.67  1.30  1  1  2.30
 3  90.98  1.00  1  3  4.16
 0  60.30  0.73  1  1  2.04
 0  73.90  0.71  0  1  8.34
 1  60.30  0.84  0  0  1.04
 0  67.44  0.33  0  0  1.51
 2  95.31  0.42  1  2  1.76
 2  99.70  0.73  0  3  2.03
 0  69.02  0.57  0  1  2.31
 1  77.47  0.96  0  0  3.32
 3  82.53  0.96  0  1  0.65
 2  82.53  0.61  1  2  5.56
 1  77.47  0.96  1  3  4.13
 3  81.94  1.37  0  3  6.37
 3  95.31  1.16  1  3  1.75
 2  82.53  0.61  0  2  2.18
 0  77.47  0.61  0  2  1.37
 1  72.67  1.11  0  1  4.72
 3  86.10  0.86  0  2  9.93
 3  95.31  1.16  0  3  0.94
 3  97.46  1.06  0  3  2.74
 1  77.42  1.17  0  2  2.65
 0  78.06  0.21  0  2  1.28
 2  82.58  0.40  1  0  1.37
 0  72.67  0.46  0  1  3.69
 1  60.30  0.84  1  1  1.21
 1  73.90  0.86  0  3  3.68
 2  95.31  0.42  0  2  1.30
 3  87.33  1.11  1  3  6.76
 0  67.05  0.71  1  1  2.62
 0  61.05  0.62  1  0  0.87
 2  87.33  0.46  0  2  9.68
 2  99.70  0.73  1  2  2.61
 3  92.95  0.86  0  2  1.39
 1  74.25  1.34  1  1  5.28
 2  86.10  0.71  1  2  1.25
 3  82.58  1.17  0  2  0.85
 2  89.33  0.27  1  2  0.79
 1  62.54  1.06  0  1  1.62
 0  62.54  0.51  1  0  1.72
 1  70.67  1.30  0  1  3.59
 3  97.46  1.06  1  3  1.11
 3  85.75  1.34  1  1  1.27
 3  87.33  1.11  0  3  4.26
 2  92.95  0.71  1  1  5.75
 0  64.69  0.42  0  0  1.47
 2  92.56  0.33  0  2  1.34
 0  70.67  0.27  0  0  1.38
 3  98.95  0.95  0  3  1.37
 1  64.69  1.16  1  1  4.81
 0  67.44  0.33  1  0  1.17
 2  97.46  0.51  1  2  1.65
 2  85.75  0.23  0  0  3.25
 1  60.30  0.84  1  1  2.13
 2  92.56  0.33  1  2  1.18
 2  85.75  0.23  1  0  2.80
 0  77.42  0.40  0  2  0.94
 2  92.95  0.71  0  3  1.97
 2  90.98  0.57  0  2  3.36
 1  70.67  1.30  0  1  3.21
 2  92.95  0.71  1  2  3.95
 3  86.10  0.86  1  2  1.50
 0  60.30  0.73  1  1  1.46
 1  78.06  1.37  0  3  2.34
 1  67.44  1.24  0  1  1.03
 0  61.05  0.62  0  0  6.11
 2  90.98  0.57  1  2  1.09
 0  73.90  0.71  1  1  1.93
 0  77.47  0.61  1  0  0.79
 0  60.30  0.73  0  1  1.49
 1  77.42  1.17  0  3  1.69
 3  81.94  1.37  1  3  0.63
 1  62.54  1.06  1  1  1.59
 3  92.56  1.24  0  3  3.21
 3  85.75  1.34  0  3  2.83
 1  60.30  0.84  0  1  1.44
 3  85.75  1.34  1  3  1.35
 1  72.67  1.11  1  1  3.06
 1  74.25  1.34  0  1  0.63
 0  74.25  0.23  0  0  3.39
 0  77.47  0.61  0  1  3.17
 3  89.33  1.30  1  3  3.75
 3  82.53  0.96  1  1  3.49
 2  99.70  0.73  0  2  1.52
 1  61.05  0.95  1  1  3.10
 2  82.58  0.40  0  2  2.42
 3  87.33  1.11  0  3  1.96
 2  97.46  0.51  1  2  1.02
 0  70.67  0.27  0  0  2.02
 2  98.95  0.62  0  2  1.56
 3  82.53  0.96  0  1  3.67
 3  90.98  1.00  1  3  0.53
 0  67.44  0.33  1  0  3.00
 0  70.67  0.27  1  0  1.09
 1  70.67  1.30  1  3  5.16
 0  67.05  0.71  1  1  1.58
 3  98.95  0.95  0  3  2.82
 3  82.58  1.17  0  3  2.51
 0  62.54  0.51  0  1  2.92
 3  82.58  1.17  1  3  1.59
 1  74.25  1.34  1  3  4.82
 3  87.33  1.11  1  3  2.04
 2  89.33  0.27  1  2  0.96
 0  72.67  0.46  1  0  2.24
 0  64.69  0.42  1  0  1.41
 1  64.69  1.16  0  1  1.98
 2  95.31  0.42  1  2  1.14
 1  67.44  1.24  1  1  2.81
 2  97.46  0.51  0  2  2.20
 0  74.25  0.23  1  0  1.48
 2  82.53  0.61  0  1  4.40
 2  81.94  0.21  0  2  2.43
 3  99.70  0.84  1  3  1.50
 3  92.95  0.86  1  3  1.05
 2  81.94  0.21  1  2  1.77
 0  78.06  0.21  1  0  1.74
 1  69.02  1.00  1  1  4.18
 3  89.33  1.30  0  3  1.28
 2  92.56  0.33  0  2  0.80
 1  77.47  0.96  0  1  3.16
 3  99.70  0.84  0  3  2.03
 0  62.54  0.51  1  0  4.05
 0  72.67  0.46  0  0  1.70
 1  69.02  1.00  0  1  2.38
 1  77.42  1.17  1  1  5.86
 1  62.54  1.06  0  1  4.47
 0  73.90  0.71  0  2  3.41
 1  64.69  1.16  1  1  2.74
 2  99.70  0.73  1  3  3.49
 2  86.10  0.71  1  2  0.91
 0  69.02  0.57  1  0  1.58
 1  67.05  0.86  0  1  2.40
 1  73.90  0.86  1  1  0.81
 1  72.67  1.11  0  1  6.66
 3  81.94  1.37  0  3  1.26
 2  87.33  0.46  1  0  2.51
 3  90.98  1.00  0  3  3.00
 3  95.31  1.16  0  3  1.90
 3  97.46  1.06  1  3  0.75
 1  78.06  1.37  1  1  2.17
 3  95.31  1.16  1  3  0.97
 0  61.05  0.62  1  0  1.41
 0  69.02  0.57  0  0  1.07
 2  98.95  0.62  1  2  1.13
 0  67.44  0.33  0  0  0.90
 0  64.69  0.42  0  0  0.74
 0  78.06  0.21  0  0  0.86
 2  82.53  0.61  1  2  1.90
 3  97.46  1.06  0  3  1.40
 1  73.90  0.86  0  1  0.72
 1  61.05  0.95  0  1  2.24
 3  86.10  0.86  0  2  1.40
 1  67.05  0.86  1  0  4.26
 2  95.31  0.42  0  2  1.62
 2  85.75  0.23  0  2  2.22
 2  82.58  0.40  1  2  0.56
 3  92.56  1.24  1  3  1.15
 1  77.47  0.96  1  1  2.20
 2  87.33  0.46  0  2  1.24
 0  67.05  0.71  0  0  1.93
 3  92.95  0.86  0  2  3.61
 0  77.42  0.40  1  0  3.43
 3  98.95  0.95  1  2  2.40
 2  89.33  0.27  0  2  1.15
 2  86.10  0.71  0  2  5.78
 3  82.58  1.17  0  3 17.60
 0  70.67  0.27  1  0  1.73
 3  87.33  1.11  0  3  1.19
 3  87.33  1.11  1  3  1.25
 3  85.75  1.34  1  3  1.67
 1  74.25  1.34  1  3  0.59
 1  72.67  1.11  0  1  0.65
 0  73.90  0.71  1  0  1.31
 2  86.10  0.71  0  2  0.66
 3  98.95  0.95  1  3  1.42
 1  64.69  1.16  1  1  1.58
 3  95.31  1.16  0  3  1.46
 1  62.54  1.06  1  1  1.39
 1  73.90  0.86  1  2  5.53
 3  90.98  1.00  1  1  4.64
 3  98.95  0.95  0  3  2.38
 0  77.47  0.61  0  0  2.69
 0  77.47  0.61  1  0  0.68
 0  74.25  0.23  0  2  1.09
 0  77.42  0.40  0  0  0.74
 0  74.25  0.23  1  0  0.59
 1  61.05  0.95  0  1  1.06
 1  74.25  1.34  0  3  4.87
 3  99.70  0.84  1  3  1.97
 0  73.90  0.71  0  1  3.46
 0  72.67  0.46  1  0  0.78
 2  92.95  0.71  0  2  2.54
 3  90.98  1.00  0  2  8.81
 3  99.70  0.84  0  3  1.94
 0  62.54  0.51  0  1  1.18
 2  89.33  0.27  1  0  0.85
 1  70.67  1.30  1  1  3.73
 1  78.06  1.37  0  3  1.92
 1  70.67  1.30  0  1 10.22
 2  92.56  0.33  1  2  1.12
 0  77.42  0.40  1  0  1.72
 2  82.58  0.40  0  0  0.99
 1  78.06  1.37  1  1  2.22
 1  77.47  0.96  0  3  8.57
 1  67.44  1.24  0  1  1.07
 3  92.56  1.24  1  3  2.27
 3  82.58  1.17  1  1  1.90
 2  97.46  0.51  0  2  5.22
 1  72.67  1.11  1  1  1.18
 2  86.10  0.71  1  3  3.54
 0  60.30  0.73  1  1  1.70
 0  64.69  0.42  0  0  0.85
 0  61.05  0.62  1  0  0.64
 3  86.10  0.86  1  3 10.75
 2  98.95  0.62  0  2  1.40
 0  61.05  0.62  0  0  1.68
 3  81.94  1.37  0  3  1.96
 2  95.31  0.42  0  2  0.79
 3  82.53  0.96  1  3  2.44
 2  92.56  0.33  0  2  0.66
 0  69.02  0.57  0  0  3.09
 3  97.46  1.06  0  3  1.56
 2  99.70  0.73  0  2  0.92
 2  97.46  0.51  1  2  0.89
 3  89.33  1.30  0  3  4.67
 2  89.33  0.27  0  2  2.83
 1  69.02  1.00  1  1  4.14
 1  67.44  1.24  1  1  0.85
 2  82.53  0.61  0  2  1.98
 0  60.30  0.73  0  1  5.17
 3  92.95  0.86  1  3  1.46
 1  77.42  1.17  0  1  1.59
 1  60.30  0.84  0  0  5.55
 3  92.56  1.24  0  3  1.97
 1  61.05  0.95  1  1  3.98
 0  72.67  0.46  0  0  1.70
 1  67.05  0.86  1  1  1.11
 2  81.94  0.21  0  0  1.36
 2  92.95  0.71  1  3  2.48
 3  86.10  0.86  0  2  0.76
 0  70.67  0.27  0  0  1.41
 0  69.02  0.57  1  0  2.62
 1  77.47  0.96  1  3  4.34
 2  90.98  0.57  1  2  0.79
 3  82.53  0.96  0  1  2.32
 1  60.30  0.84  1  1  4.83
 0  67.05  0.71  1  1  0.74
 1  69.02  1.00  0  1  1.71
 2  85.75  0.23  1  2  1.18
 3  85.75  1.34  0  3  2.07
 0  64.69  0.42  1  0  1.45
 2  82.58  0.40  1  2  1.31
 0  62.54  0.51  1  0  2.56
 2  98.95  0.62  1  2  1.20
 2  87.33  0.46  1  2  1.17
 0  67.44  0.33  1  0  1.41
 1  77.42  1.17  1  3  2.33
 3  81.94  1.37  1  3  0.85
 0  67.44  0.33  0  0  1.76
 2  95.31  0.42  1  2  0.92
 0  78.06  0.21  0  0  1.17
 1  64.69  1.16  0  1  1.98
 1  62.54  1.06  0  1  0.60
 3  89.33  1.30  1  3  1.20
 3  92.95  0.86  0  3  2.99
 2  90.98  0.57  0  2  1.19
 2  85.75  0.23  0  0  1.23
 2  82.53  0.61  1  0  1.48
 0  78.06  0.21  1  0  1.09
 0  67.05  0.71  0  1  1.77
 3  97.46  1.06  1  2  1.25
 3  95.31  1.16  1  3  1.41
 2  81.94  0.21  1  0  1.38
 1  73.90  0.86  0  1  5.41
 2  87.33  0.46  0  3  2.80
 1  67.05  0.86  0  1  4.37
 2  99.70  0.73  1  2  0.95
 0  62.54  0.51  1  0  2.64
 1  77.47  0.96  1  3  2.94
 2  98.95  0.62  1  3  0.73
 1  60.30  0.84  1  1  1.13
 3  86.10  0.86  1  3  5.51
 0  67.44  0.33  1  0  1.22
 2  86.10  0.71  0  3  5.29
 1  73.90  0.86  0  1  1.40
 0  78.06  0.21  1  0  1.03
 2  82.53  0.61  1  1  1.51
 0  60.30  0.73  1  1  0.98
 1  70.67  1.30  1  3  3.13
 2  81.94  0.21  0  0  2.02
 3  86.10  0.86  0  3  2.45
 0  67.05  0.71  0  0  4.62
 0  70.67  0.27  0  0  1.09
 0  61.05  0.62  0  0  0.77
 3  92.95  0.86  0  2  1.37
 2  92.56  0.33  0  2  0.74
 3  82.58  1.17  1  1  2.76
 2  98.95  0.62  0  2  1.31
 3  99.70  0.84  1  2  1.02
 1  69.02  1.00  0  1  8.21
 0  72.67  0.46  1  0  1.75
 3  98.95  0.95  1  3  3.09
 0  70.67  0.27  1  0  1.19
 0  64.69  0.42  1  0  0.99
 2  82.58  0.40  1  2  2.11
 3  85.75  1.34  1  3  1.20
 3  81.94  1.37  1  3  0.67
 0  64.69  0.42  0  0  2.40
 2  81.94  0.21  1  0  1.22
 1  73.90  0.86  1  1  2.82
 3  97.46  1.06  1  3  1.42
 0  77.47  0.61  0  1  4.07
 3  82.53  0.96  0  3  4.77
 0  77.42  0.40  0  0  0.99
 2  92.56  0.33  1  2  1.42
 2  82.58  0.40  0  0  1.73
 3  89.33  1.30  1  3  1.28
 3  92.56  1.24  1  3  2.35
 1  74.25  1.34  1  3  2.51
 1  69.02  1.00  1  0  2.43
 2  92.95  0.71  0  3  2.37
 2  85.75  0.23  0  0  3.01
 3  89.33  1.30  0  3  1.65
 3  85.75  1.34  0  3 10.63
 3  90.98  1.00  1  3  3.39
 1  67.44  1.24  0  1  3.85
 2  99.70  0.73  1  2  1.12
 1  70.67  1.30  0  1  3.57
 3  95.31  1.16  1  3  1.12
 1  62.54  1.06  1  1  2.75
 1  67.05  0.86  1  1  0.74
 2  90.98  0.57  0  2  1.50
 2  89.33  0.27  0  2  3.65
 2  85.75  0.23  1  0  2.15
 1  77.47  0.96  0  1  5.38
 2  92.95  0.71  1  3  7.65
 3  97.46  1.06  0  3  2.28
 1  60.30  0.84  0  1  1.33
 1  78.06  1.37  1  3  1.55
 1  61.05  0.95  0  1  1.58
 3  81.94  1.37  0  3  1.75
 1  61.05  0.95  1  1  3.44
 0  62.54  0.51  0  0  3.47
 2  90.98  0.57  1  2  1.46
 1  77.42  1.17  0  1  3.40
 2  87.33  0.46  0  2  3.50
 0  73.90  0.71  0  1  1.30
 3  82.53  0.96  1  3 19.11
 3  99.70  0.84  0  2  3.12
 2  82.53  0.61  0  1  7.44
 1  78.06  1.37  0  3  1.89
 0  77.47  0.61  1  2  3.27
 3  95.31  1.16  0  3  1.62
 1  72.67  1.11  0  1  1.59
 0  74.25  0.23  1  2  1.42
 3  90.98  1.00  0  3  1.39
 0  74.25  0.23  0  0  0.95
 1  77.42  1.17  1  1  3.53
 2  95.31  0.42  1  2  1.09
 3  87.33  1.11  1  3  1.70
 3  92.56  1.24  0  3  1.53
 0  61.05  0.62  1  1  1.12
 1  62.54  1.06  0  1  1.28
 0  77.42  0.40  1  0  2.89
 2  89.33  0.27  1  2  1.28
 0  78.06  0.21  0  0  0.83
 1  64.69  1.16  0  1  1.07
 3  92.95  0.86  1  3  0.97
 1  67.44  1.24  1  1  4.93
 3  98.95  0.95  0  3  1.74
 1  67.05  0.86  0  1  2.22
 2  86.10  0.71  1  3  1.60
 3  87.33  1.11  0  3  1.47
 2  87.33  0.46  1  2  3.28
 2  97.46  0.51  1  2  1.19
 2  97.46  0.51  0  2  0.86
 2  99.70  0.73  0  2  0.71
 3  82.58  1.17  0  3  4.16
 0  69.02  0.57  1  0  3.31
 1  74.25  1.34  0  1  2.29
 0  67.44  0.33  0  0  1.21
 2  95.31  0.42  0  2  0.96
 0  72.67  0.46  0  0  1.70
 0  73.90  0.71  1  1  3.61
 0  60.30  0.73  0  1  0.76
 0  69.02  0.57  0  0  3.22
 0  67.05  0.71  1  1  1.22
 1  64.69  1.16  1  1  1.12
 1  72.67  1.11  1  1  1.41
