 2  69.02  1.00  1  0  1.55
 2  67.05  0.86  1  2  0.84
 0  67.44  1.24  0  1  1.53
 3  73.90  0.71  1  1  1.76
 0  85.75  0.23  0  0  2.17
 0  77.42  0.40  0  0  0.75
 1  74.25  1.34  0  0  0.95
 3  92.95  0.86  1  2  1.27
 0  95.31  0.42  0  0  3.23
 3  92.95  0.71  1  2  1.28
 1  72.67  1.11  0  1  2.79
 3  81.94  1.37  1  2  1.22
 0  78.06  0.21  0  0  1.32
 3  73.90  0.86  1  2  2.37
 0  82.58  0.40  0  1  1.22
 1  77.47  0.96  0  0  1.30
 0  97.46  0.51  0  0  0.87
 0  60.30  0.73  0  1  2.56
 1  86.10  0.71  0  0  3.28
 1  98.95  0.62  0  1  1.29
 0  92.56  0.33  0  0  1.56
 2  95.31  0.42  1  3  2.08
 2  89.33  0.27  1  2  0.90
 0  69.02  1.00  0  1  1.48
 0  70.67  0.27  0  1  1.85
 3  90.98  0.57  1  3  2.17
 3  77.47  0.61  1  3  1.09
 1  90.98  1.00  0  1  2.42
 2  69.02  0.57  1  2  1.45
 2  77.42  0.40  1  3  1.81
 1  82.58  1.17  0  1  1.91
 1  77.42  1.17  0  1  0.82
 1  92.95  0.71  0  1  1.99
 0  81.94  0.21  0  0  1.04
 1  98.95  0.95  0  1  0.67
 2  81.94  0.21  1  2  1.23
 2  67.44  1.24  1  3  1.05
 0  61.05  0.95  0  1  2.70
 3  77.47  0.96  1  3  3.43
 3  90.98  1.00  1  3  1.43
 2  61.05  0.62  1  2  0.93
 3  78.06  1.37  1  2  0.76
 1  82.53  0.61  0  1  1.64
 2  60.30  0.73  1  2  2.52
 2  60.30  0.84  1  2  0.64
 1  95.31  1.16  0  1  2.39
 3  95.31  1.16  1  2  1.91
 0  72.67  0.46  0  0  1.58
 3  86.10  0.86  1  2  1.87
 0  62.54  0.51  0  0  2.17
 3  82.53  0.61  1  2  2.42
 0  74.25  0.23  0  0  2.56
 1  90.98  0.57  0  1  0.88
 1  85.75  1.34  0  1  1.37
 1  73.90  0.86  0  1  1.05
 1  92.95  0.86  0  1  2.62
 0  69.02  0.57  0  0  1.53
 1  89.33  1.30  0  1  0.80
 2  70.67  1.30  1  3  2.45
 3  72.67  1.11  1  2  1.41
 0  61.05  0.62  0  0  1.64
 3  87.33  1.11  1  3  2.41
 2  78.06  0.21  1  2  0.83
 3  85.75  1.34  1  3  0.47
 2  67.05  0.71  1  2  0.70
 3  97.46  1.06  1  3  0.51
 0  64.69  1.16  0  1  1.26
 0  67.44  0.33  0  0  1.87
 2  85.75  0.23  1  2  2.01
 1  82.53  0.96  0  1  4.15
 3  74.25  1.34  1  2  2.26
 3  82.58  1.17  1  3  0.96
 0  87.33  0.46  0  1  1.02
 2  61.05  0.95  1  3  3.71
 2  97.46  0.51  1  3  2.09
 1  77.47  0.61  0  1  7.26
 1  99.70  0.73  0  1  1.27
 0  62.54  1.06  0  0  1.42
 3  92.56  1.24  1  3  2.78
 1  99.70  0.84  0  1  1.82
 0  70.67  1.30  0  0  5.39
 3  89.33  1.30  1  2  1.52
 3  99.70  0.84  1  3  2.43
 2  62.54  1.06  1  3  1.00
 1  87.33  1.11  0  1  1.85
 2  87.33  0.46  1  2  2.60
 3  98.95  0.62  1  2  0.72
 3  99.70  0.73  1  3  0.80
 1  86.10  0.86  0  1  1.33
 2  62.54  0.51  1  2  2.07
 0  67.05  0.71  0  0  2.81
 0  89.33  0.27  0  0  3.73
 3  86.10  0.71  1  3  1.77
 2  82.58  0.40  1  3  0.64
 1  78.06  1.37  0  1  1.31
 3  82.53  0.96  1  3  2.45
 0  67.05  0.86  0  3  0.65
 2  70.67  0.27  1  2  2.16
 2  72.67  0.46  1  2  0.72
 0  64.69  0.42  0  0  1.05
 2  74.25  0.23  1  0  1.46
 1  73.90  0.71  0  1  2.95
 1  97.46  1.06  0  1  1.40
 1  92.56  1.24  0  1  0.63
 1  81.94  1.37  0  1  0.59
 2  92.56  0.33  1  2  3.38
 0  60.30  0.84  0  0  1.53
 3  77.42  1.17  1  3  3.26
 3  98.95  0.95  1  2  1.71
 2  64.69  1.16  1  2  2.50
 2  67.44  0.33  1  2  2.89
 2  64.69  0.42  1  2  0.65
 2  62.54  0.51  1  2  2.85
 0  60.30  0.73  0  0  1.57
 0  89.33  0.27  0  0  3.07
 1  86.10  0.71  0  1  0.91
 1  99.70  0.84  0  1  1.11
 2  64.69  1.16  1  2  2.16
 3  72.67  1.11  1  2  1.03
 2  69.02  0.57  1  2  3.17
 0  67.44  0.33  0  0  3.42
 3  81.94  1.37  1  3  2.16
 0  74.25  0.23  0  0  1.67
 1  90.98  1.00  0  1  1.73
 2  92.56  0.33  1  2  2.60
 2  85.75  0.23  1  2  5.09
 1  82.58  1.17  0  1  1.56
 2  97.46  0.51  1  3  2.75
 0  62.54  0.51  0  0  1.61
 2  67.44  0.33  1  2  1.28
 1  81.94  1.37  0  1  1.26
 0  97.46  0.51  0  1  1.76
 2  61.05  0.62  1  2  2.20
 3  73.90  0.86  1  3  2.72
 0  61.05  0.62  0  0  6.73
 1  82.53  0.96  0  1  1.48
 3  92.95  0.86  1  3  4.97
 2  87.33  0.46  1  2  1.41
 2  70.67  1.30  1  3  1.02
 3  95.31  1.16  1  3  2.57
 1  73.90  0.71  0  1  1.67
 0  62.54  1.06  0  0  1.67
 1  98.95  0.62  0  1  1.82
 1  73.90  0.86  0  1  1.46
 3  73.90  0.71  1  3  1.21
 0  92.56  0.33  0  1 10.45
 3  86.10  0.71  1  3  1.78
 3  90.98  0.57  1  3  1.92
 2  60.30  0.84  1  2  0.91
 0  60.30  0.84  0  0  1.35
 3  77.42  1.17  1  3  2.79
 2  62.54  1.06  1  2  0.87
 0  78.06  0.21  0  1  3.50
 0  77.42  0.40  0  0  1.21
 3  99.70  0.73  1  3  1.79
 3  90.98  1.00  1  3  1.39
 1  77.42  1.17  0  1  1.16
 2  67.05  0.86  1  2  2.44
 1  89.33  1.30  0  1  3.49
 1  82.53  0.61  0  1  2.03
 2  81.94  0.21  1  2  2.03
 3  78.06  1.37  1  3  2.75
 3  77.47  0.61  1  2  0.94
 0  64.69  0.42  0  1  0.99
 1  97.46  1.06  0  0  2.46
 1  95.31  1.16  0  1  0.81
 1  87.33  1.11  0  1  0.67
 2  82.58  0.40  1  2  1.08
 3  82.58  1.17  1  3  0.86
 1  98.95  0.95  0  1  0.80
 0  85.75  0.23  0  0  1.11
 1  92.95  0.71  0  1  0.78
 0  81.94  0.21  0  0  0.55
 1  77.47  0.61  0  1  0.58
 0  72.67  0.46  0  1  5.15
 2  67.44  1.24  1  2  0.82
 2  77.42  0.40  1  2  0.96
 3  82.53  0.96  1  3  0.90
 0  67.05  0.71  0  0  1.22
 1  99.70  0.73  0  1  2.00
 2  60.30  0.73  1  2  0.82
 3  98.95  0.62  1  3  0.74
 3  98.95  0.95  1  3  0.77
 0  67.05  0.86  0  0  2.32
 3  74.25  1.34  1  2  1.76
 3  85.75  1.34  1  3  0.65
 0  69.02  1.00  0  1  2.32
 3  99.70  0.84  1  3  1.83
 2  95.31  0.42  1  2  1.44
 2  70.67  0.27  1  2  0.82
 3  86.10  0.86  1  3  1.53
 0  95.31  0.42  0  0  1.73
 1  78.06  1.37  0  1  0.77
 0  61.05  0.95  0  0  0.98
 0  64.69  1.16  0  0  0.64
 1  85.75  1.34  0  1  1.05
 0  69.02  0.57  0  0  2.37
 1  86.10  0.86  0  1  0.71
 3  97.46  1.06  1  3  1.13
 0  70.67  1.30  0  0  1.23
 2  69.02  1.00  1  2  0.92
 3  92.56  1.24  1  3  3.39
 1  90.98  0.57  0  0  7.61
 1  77.47  0.96  0  1  1.54
 3  92.95  0.71  1  3  1.74
 0  67.44  1.24  0  0  1.57
 2  61.05  0.95  1  2  0.82
 2  67.05  0.71  1  3  3.60
 3  82.53  0.61  1  3  1.02
 1  92.95  0.86  0  1  1.10
 3  89.33  1.30  1  3  1.40
 2  89.33  0.27  1  2  1.30
 1  92.56  1.24  0  1  1.10
 3  77.47  0.96  1  3  2.59
 0  70.67  0.27  0  0  3.76
 1  72.67  1.11  0  0  1.40
 0  87.33  0.46  0  1  1.52
 2  78.06  0.21  1  2  0.98
 0  82.58  0.40  0  0  1.39
 3  87.33  1.11  1  3  2.47
 1  74.25  1.34  0  0  0.93
 2  74.25  0.23  1  2  0.90
 2  72.67  0.46  1  2  1.20
 2  64.69  0.42  1  2  0.70
 0  85.75  0.23  0  0  3.87
 2  70.67  1.30  1  2  1.12
 2  69.02  0.57  1  2  1.31
 1  87.33  1.11  0  1  3.00
 3  99.70  0.73  1  2  2.13
 1  98.95  0.62  0  1  0.89
 2  60.30  0.84  1  2  1.23
 0  67.44  0.33  0  0  1.30
 3  77.42  1.17  1  3  1.24
 3  73.90  0.86  1  3  2.04
 2  81.94  0.21  1  2  1.06
 0  69.02  0.57  0  1  2.10
 1  77.42  1.17  0  1  0.94
 1  99.70  0.84  0  1  1.31
 0  69.02  1.00  0  0  1.26
 2  67.44  0.33  1  2  1.56
 1  92.95  0.71  0  1  4.44
 1  73.90  0.86  0  0  1.26
 2  95.31  0.42  1  2  2.61
 0  61.05  0.95  0  0  0.87
 3  82.53  0.96  1  3  2.42
 2  85.75  0.23  1  2  0.77
 0  67.44  1.24  0  0  1.13
 1  90.98  1.00  0  1  7.98
 1  86.10  0.86  0  1  0.65
 0  64.69  1.16  0  0  0.91
 1  74.25  1.34  0  0  1.09
 0  78.06  0.21  0  0  1.21
 3  81.94  1.37  1  3  1.58
 0  67.05  0.86  0  0  2.69
 3  90.98  0.57  1  3  2.65
 2  97.46  0.51  1  2  2.26
 3  82.58  1.17  1  3  0.86
 3  97.46  1.06  1  3  0.74
 2  62.54  0.51  1  2  0.73
 0  97.46  0.51  0  1  4.35
 1  82.58  1.17  0  1  1.01
 2  74.25  0.23  1  2  1.64
 1  90.98  0.57  0  0  2.71
 3  73.90  0.71  1  2  4.45
 2  64.69  0.42  1  2  0.73
 2  87.33  0.46  1  3  1.03
 0  67.05  0.71  0  0  2.74
 2  72.67  0.46  1  2  0.91
 3  92.95  0.71  1  3  2.65
 1  77.47  0.61  0  1  4.21
 3  89.33  1.30  1  3  1.51
 2  62.54  1.06  1  2  5.92
 0  82.58  0.40  0  0  3.44
 1  82.53  0.61  0  1  1.21
 0  87.33  0.46  0  1  3.28
 1  85.75  1.34  0  1  1.05
 3  72.67  1.11  1  2  1.57
 3  98.95  0.95  1  3  2.07
 3  74.25  1.34  1  3  0.81
 3  92.56  1.24  1  3  0.75
 2  82.58  0.40  1  2  0.69
 1  89.33  1.30  0  1  1.02
 2  61.05  0.62  1  2  1.72
 1  82.53  0.96  0  1  1.42
 1  81.94  1.37  0  1  2.49
 0  77.42  0.40  0  0  1.59
 3  98.95  0.62  1  2  4.95
 1  92.56  1.24  0  1  1.47
 1  92.95  0.86  0  1  1.19
 1  99.70  0.73  0  1  0.98
 0  92.56  0.33  0  0  1.01
 1  73.90  0.71  0  0  1.84
 3  90.98  1.00  1  3  0.99
 1  97.46  1.06  0  1  1.40
 0  70.67  0.27  0  0  0.92
 1  95.31  1.16  0  1  0.86
 0  72.67  0.46  0  0  2.34
 0  64.69  0.42  0  0  0.69
 3  92.95  0.86  1  3  1.48
 2  77.42  0.40  1  2  1.69
 1  86.10  0.71  0  1  2.83
 0  60.30  0.73  0  0  8.64
 1  78.06  1.37  0  1  1.11
 3  77.47  0.61  1  3  5.05
 0  89.33  0.27  0  0  2.17
 3  86.10  0.86  1  1  1.08
 3  87.33  1.11  1  3  0.73
 0  60.30  0.84  0  0  1.28
 2  92.56  0.33  1  2  3.94
 0  74.25  0.23  0  0  1.27
 3  95.31  1.16  1  3  1.62
 2  70.67  0.27  1  2  0.94
 2  69.02  1.00  1  2  1.95
 0  81.94  0.21  0  0  1.06
 2  61.05  0.95  1  2  1.51
 3  77.47  0.96  1  3  0.98
 1  77.47  0.96  0  1  1.72
 1  98.95  0.95  0  1  0.85
 3  86.10  0.71  1  3  3.10
 2  67.05  0.86  1  2  0.87
 2  67.44  1.24  1  3  1.63
 1  72.67  1.11  0  0  2.76
 2  64.69  1.16  1  2  1.39
 2  60.30  0.73  1  2  1.88
 2  89.33  0.27  1  2  1.64
 0  95.31  0.42  0  1  1.26
 3  99.70  0.84  1  3  1.41
 0  61.05  0.62  0  0  0.84
 2  78.06  0.21  1  2  1.43
 0  70.67  1.30  0  0  2.42
 2  67.05  0.71  1  2  4.20
 3  78.06  1.37  1  3  0.78
 0  62.54  0.51  0  0  1.13
 3  82.53  0.61  1  3  1.76
 3  85.75  1.34  1  3  1.03
 0  62.54  1.06  0  0  1.12
 1  77.42  1.17  0  1  2.56
 3  87.33  1.11  1  3  1.55
 1  95.31  1.16  0  1  1.63
 0  62.54  1.06  0  0  0.98
 0  95.31  0.42  0  1  1.87
 1  86.10  0.71  0  1  1.23
 3  98.95  0.62  1  3  5.75
 2  82.58  0.40  1  2  0.88
 1  92.95  0.86  0  1  1.19
 0  60.30  0.73  0  0  0.91
 1  74.25  1.34  0  1  1.37
 1  82.58  1.17  0  3  1.29
 2  89.33  0.27  1  2  1.75
 2  81.94  0.21  1  2  0.76
 0  61.05  0.95  0  0  1.69
 2  62.54  0.51  1  2  1.05
 1  87.33  1.11  0  1  1.55
 1  73.90  0.71  0  1  1.78
 0  74.25  0.23  0  0  0.96
 1  90.98  1.00  0  1  1.01
 1  85.75  1.34  0  1  1.00
 0  70.67  1.30  0  1  1.14
 0  62.54  0.51  0  1  1.80
 3  89.33  1.30  1  3  2.28
 3  77.47  0.96  1  3  0.92
 0  67.05  0.86  0  0  3.42
 2  74.25  0.23  1  2  1.88
 2  95.31  0.42  1  3  0.92
 2  64.69  1.16  1  2  0.89
 3  72.67  1.11  1  3  0.74
 3  97.46  1.06  1  3  0.90
 3  90.98  0.57  1  3  0.96
 0  82.58  0.40  0  0  3.18
 2  78.06  0.21  1  0  0.99
 1  98.95  0.62  0  1  3.18
 2  70.67  1.30  1  2  3.21
 3  78.06  1.37  1  2  0.71
 3  74.25  1.34  1  3  1.32
 0  78.06  0.21  0  0  3.56
 3  99.70  0.84  1  3  2.18
 3  92.95  0.71  1  3  1.05
 2  67.05  0.71  1  2  0.90
 1  90.98  0.57  0  1  1.10
 3  82.53  0.96  1  3  1.48
 0  77.42  0.40  0  1  5.28
 3  86.10  0.71  1  3  1.56
 0  85.75  0.23  0  0  1.41
 0  92.56  0.33  0  1  0.90
 3  98.95  0.95  1  3  1.23
 1  92.56  1.24  0  1  1.55
 2  67.44  0.33  1  2  1.32
 0  64.69  1.16  0  0  0.92
 2  77.42  0.40  1  2  1.72
 1  73.90  0.86  0  1  0.90
 3  92.56  1.24  1  3  2.55
 2  85.75  0.23  1  2  1.55
 0  67.05  0.71  0  0  2.98
 3  99.70  0.73  1  3  3.87
 3  86.10  0.86  1  3  1.79
 0  69.02  0.57  0  0  1.43
 2  61.05  0.62  1  2  2.75
 2  87.33  0.46  1  2  1.89
 1  82.53  0.96  0  1  1.58
 0  97.46  0.51  0  1  1.62
 1  77.47  0.96  0  0  2.19
 3  90.98  1.00  1  3  2.33
 2  67.05  0.86  1  2  1.28
 1  82.53  0.61  0  1  2.04
 3  85.75  1.34  1  3  4.63
 0  81.94  0.21  0  0  1.85
 1  99.70  0.73  0  1  2.35
 1  72.67  1.11  0  0  5.51
 1  77.47  0.61  0  1  1.12
 2  67.44  1.24  1  2  1.54
 2  92.56  0.33  1  2  3.31
 3  95.31  1.16  1  3  1.11
 2  70.67  0.27  1  2  0.95
 0  69.02  1.00  0  0  2.60
 3  82.58  1.17  1  3  2.39
 1  89.33  1.30  0  1  1.77
 2  61.05  0.95  1  2  2.15
 2  72.67  0.46  1  3  1.14
 0  67.44  1.24  0  0  0.97
 2  60.30  0.84  1  2  1.26
 0  64.69  0.42  0  0  1.87
 2  62.54  1.06  1  2  1.34
 2  64.69  0.42  1  2  1.50
 1  81.94  1.37  0  1  2.38
 3  92.95  0.86  1  3  3.46
 1  86.10  0.86  0  1  1.73
 1  97.46  1.06  0  1  1.02
 1  98.95  0.95  0  1  1.06
 3  77.42  1.17  1  2  2.23
 3  82.53  0.61  1  2  2.77
 0  60.30  0.84  0  0  1.32
 1  92.95  0.71  0  1  1.31
 3  81.94  1.37  1  3  2.19
 0  70.67  0.27  0  0  1.92
 0  67.44  0.33  0  0  1.16
 0  89.33  0.27  0  0  1.11
 1  78.06  1.37  0  1  1.15
 1  99.70  0.84  0  1  1.06
 3  73.90  0.71  1  3  1.78
 2  97.46  0.51  1  3  1.26
 3  77.47  0.61  1  2  1.20
 3  73.90  0.86  1  3  1.17
 0  72.67  0.46  0  1  2.61
 2  60.30  0.73  1  2  1.42
 2  69.02  0.57  1  2  3.76
 2  69.02  1.00  1  3  1.10
 0  61.05  0.62  0  0  0.98
 0  87.33  0.46  0  1  1.67
 0  67.44  1.24  0  0  3.03
 2  60.30  0.73  1  3  2.12
 1  73.90  0.71  0  1  2.22
 3  90.98  0.57  1  3  1.83
 2  62.54  1.06  1  2  3.32
 1  90.98  0.57  0  1  0.95
 1  77.47  0.96  0  1  1.18
 2  67.44  1.24  1  2  1.81
 3  89.33  1.30  1  3  2.34
 0  60.30  0.73  0  0  1.59
 0  60.30  0.84  0  0  0.79
 1  77.42  1.17  0  1  5.04
 1  92.95  0.86  0  1  5.08
 1  81.94  1.37  0  1  1.36
 2  69.02  1.00  1  2  3.74
 3  81.94  1.37  1  3  0.80
 3  77.47  0.96  1  2  0.90
 2  92.56  0.33  1  3  4.49
 0  70.67  0.27  0  0  2.42
 2  70.67  1.30  1  2  2.94
 3  92.56  1.24  1  3  1.49
 0  72.67  0.46  0  1  4.75
 2  61.05  0.62  1  2  2.37
 0  82.58  0.40  0  1  1.13
 0  67.05  0.86  0  1  0.99
 3  92.95  0.86  1  3  2.73
 2  61.05  0.95  1  2  7.87
 0  89.33  0.27  0  0  2.25
 2  87.33  0.46  1  2  2.10
 3  97.46  1.06  1  3  1.42
 0  64.69  1.16  0  0  2.16
 3  72.67  1.11  1  0  1.28
 0  61.05  0.95  0  0  1.96
 0  69.02  1.00  0  0  3.89
 0  62.54  1.06  0  0  0.99
 1  92.95  0.71  0  1  0.97
 2  72.67  0.46  1  2  4.16
 0  78.06  0.21  0  0  1.65
 3  82.53  0.61  1  3  1.53
 1  72.67  1.11  0  1  1.49
 1  99.70  0.73  0  1  0.93
 1  86.10  0.86  0  1  0.73
 2  67.44  0.33  1  2  1.50
 0  69.02  0.57  0  0  3.92
 1  74.25  1.34  0  1  0.89
 2  67.05  0.71  1  2  4.08
 2  64.69  0.42  1  2  1.18
 2  62.54  0.51  1  2  0.64
 3  77.42  1.17  1  3  0.79
 0  64.69  0.42  0  0  1.58
 3  73.90  0.86  1  2  4.28
 2  60.30  0.84  1  2  0.90
 2  77.42  0.40  1  3  1.40
 1  98.95  0.95  0  1  0.99
 0  81.94  0.21  0  0  2.36
 0  61.05  0.62  0  0  2.08
 3  87.33  1.11  1  3  3.38
 0  92.56  0.33  0  0  3.82
 3  86.10  0.86  1  3  1.28
 1  99.70  0.84  0  1  2.56
 0  62.54  0.51  0  0  1.35
 0  67.05  0.71  0  0  3.47
 1  89.33  1.30  0  1  0.80
 1  95.31  1.16  0  1  0.73
 0  85.75  0.23  0  0  0.92
 2  95.31  0.42  1  2  1.95
 0  87.33  0.46  0  0  2.13
 1  73.90  0.86  0  0  2.65
 1  78.06  1.37  0  0  4.28
 3  99.70  0.73  1  3  1.73
 2  81.94  0.21  1  2  1.31
 3  90.98  1.00  1  3  0.94
 0  70.67  1.30  0  1  2.01
 2  85.75  0.23  1  2  0.88
 2  97.46  0.51  1  3  0.84
 2  78.06  0.21  1  2  0.84
 3  86.10  0.71  1  2  0.55
 3  98.95  0.62  1  3  0.79
 0  97.46  0.51  0  1  3.27
 1  92.56  1.24  0  1  0.84
 1  87.33  1.11  0  1  0.74
 0  74.25  0.23  0  0  1.07
 1  97.46  1.06  0  1  0.74
 0  67.44  0.33  0  0  0.80
 1  86.10  0.71  0  1  0.81
 3  98.95  0.95  1  3  1.01
 0  77.42  0.40  0  0  5.05
 3  77.47  0.61  1  3  5.57
 3  78.06  1.37  1  3  1.17
 2  67.05  0.86  1  3  0.81
 1  82.53  0.61  0  1  1.20
 3  85.75  1.34  1  3  2.33
 2  74.25  0.23  1  2  0.85
 1  82.53  0.96  0  1  3.68
 1  85.75  1.34  0  1  0.83
 2  70.67  0.27  1  2  1.40
 3  82.53  0.96  1  3  3.29
 1  90.98  1.00  0  1  1.42
 3  82.58  1.17  1  3  4.24
 2  64.69  1.16  1  2  1.35
 3  73.90  0.71  1  3  1.45
 1  77.47  0.61  0  1  1.15
 2  82.58  0.40  1  2  4.51
 2  89.33  0.27  1  2  0.60
 3  74.25  1.34  1  3  1.36
 3  95.31  1.16  1  3  2.29
 3  99.70  0.84  1  3  1.98
 2  69.02  0.57  1  2  1.13
 1  82.58  1.17  0  1  0.94
 3  92.95  0.71  1  3  1.55
 1  98.95  0.62  0  1  2.86
 0  95.31  0.42  0  1  0.82
