 1  86.10  0.86  0  0  5.57
 3  72.67  1.11  1  0  4.65
 0  70.67  0.27  0  2  5.68
 1  77.47  0.61  0  0  1.15
 2  87.33  0.46  1  1  2.82
 3  99.70  0.84  1  2  1.13
 0  81.94  0.21  0  0  1.27
 0  78.06  0.21  0  0  1.04
 3  89.33  1.30  1  3  1.97
 2  61.05  0.62  1  0  3.49
 3  73.90  0.71  1  1  1.74
 3  85.75  1.34  1  3  1.34
 1  74.25  1.34  0  3  1.49
 2  64.69  1.16  1  3  2.30
 0  61.05  0.62  0  0  1.85
 3  98.95  0.62  1  0  1.84
 1  77.42  1.17  0  1  2.95
 2  67.05  0.86  1  1  1.41
 3  74.25  1.34  1  0  7.51
 1  92.56  1.24  0  2  2.53
 2  60.30  0.84  1  0  0.92
 1  73.90  0.71  0  3  1.70
 2  89.33  0.27  1  0  1.05
 2  61.05  0.95  1  0  7.46
 1  92.95  0.71  0  3  1.22
 0  64.69  0.42  0  1  0.89
 2  82.58  0.40  1  0  0.79
 2  60.30  0.73  1  0  5.35
 0  89.33  0.27  0  0  1.31
 0  92.56  0.33  0  0  1.04
 3  86.10  0.71  1  1  3.04
 2  77.42  0.40  1  3  0.90
 2  72.67  0.46  1  2  0.56
 2  70.67  1.30  1  3  2.29
 2  62.54  1.06  1  2  0.64
 1  99.70  0.84  0  1  3.29
 0  95.31  0.42  0  1  1.46
 3  90.98  0.57  1  0  0.71
 2  64.69  0.42  1  2  3.45
 0  60.30  0.84  0  0  8.31
 1  99.70  0.73  0  0  1.09
 2  97.46  0.51  1  1  0.82
 2  85.75  0.23  1  0  1.05
 3  82.58  1.17  1  3  1.46
 3  90.98  1.00  1  3  3.07
 3  82.53  0.96  1  3  1.69
 1  86.10  0.71  0  1 10.89
 0  87.33  0.46  0  0  1.23
 0  67.05  0.71  0  3  1.41
 3  82.53  0.61  1  3  1.31
 0  77.42  0.40  0  1  2.21
 0  60.30  0.73  0  0  1.87
 0  61.05  0.95  0  1  1.52
 1  82.58  1.17  0  2  1.77
 1  87.33  1.11  0  1  1.17
 1  81.94  1.37  0  1  1.13
 2  69.02  0.57  1  2  2.79
 0  97.46  0.51  0  0  2.18
 0  69.02  0.57  0  0  1.22
 0  62.54  0.51  0  1  2.04
 3  92.56  1.24  1  3  2.61
 0  67.05  0.86  0  3  2.70
 0  72.67  0.46  0  0  2.30
 1  82.53  0.96  0  1  3.89
 2  67.44  1.24  1  2  1.92
 0  85.75  0.23  0  0  2.16
 2  95.31  0.42  1  1  1.65
 3  77.47  0.61  1  2  1.07
 3  77.42  1.17  1  3  1.83
 1  77.47  0.96  0  3  1.93
 1  85.75  1.34  0  3  1.79
 3  92.95  0.86  1  1  1.71
 3  98.95  0.95  1  3  2.54
 1  73.90  0.86  0  2  1.75
 3  77.47  0.96  1  1  3.10
 2  69.02  1.00  1  0  1.59
 1  97.46  1.06  0  1  2.76
 1  98.95  0.95  0  1  2.06
 0  70.67  1.30  0  2  2.78
 1  90.98  0.57  0  1  1.96
 3  87.33  1.11  1  2  2.50
 3  95.31  1.16  1  3  0.84
 1  89.33  1.30  0  1  2.74
 2  67.05  0.71  1  2  3.29
 2  70.67  0.27  1  0  4.29
 2  67.44  0.33  1  2  0.65
 3  99.70  0.73  1  1  3.37
 0  69.02  1.00  0  0  2.20
 1  82.53  0.61  0  0  4.10
 3  97.46  1.06  1  3 14.20
 1  78.06  1.37  0  1  1.61
 0  67.44  0.33  0  0  1.55
 0  82.58  0.40  0  0  3.71
 0  64.69  1.16  0  0  1.82
 2  78.06  0.21  1  1  1.82
 0  74.25  0.23  0  1  4.15
 3  78.06  1.37  1  3  1.58
 0  67.44  1.24  0  3  5.15
 1  90.98  1.00  0  1  2.14
 3  73.90  0.86  1  3  1.22
 1  72.67  1.11  0  1  2.14
 2  74.25  0.23  1  1  1.89
 2  62.54  0.51  1  2  1.94
 1  95.31  1.16  0  1  5.47
 1  92.95  0.86  0  1  1.67
 0  62.54  1.06  0  0  1.19
 3  86.10  0.86  1  3  4.69
 2  81.94  0.21  1  0  1.63
 2  92.56  0.33  1  0  1.93
 1  98.95  0.62  0  0  1.35
 3  92.95  0.71  1  2  2.34
 3  81.94  1.37  1  3  2.45
 0  78.06  0.21  0  0  2.00
 0  89.33  0.27  0  0  1.56
 0  70.67  0.27  0  0  1.25
 1  90.98  1.00  0  3  3.86
 0  82.58  0.40  0  1  1.40
 2  67.05  0.86  1  0  1.30
 1  77.47  0.61  0  1  1.78
 2  72.67  0.46  1  3  1.08
 3  92.95  0.86  1  3  1.91
 2  64.69  0.42  1  0  1.78
 3  97.46  1.06  1  3  2.29
 2  62.54  0.51  1  2  1.76
 2  69.02  0.57  1  2  0.64
 0  74.25  0.23  0  0  1.09
 3  86.10  0.71  1  3  4.86
 1  86.10  0.71  0  1  2.17
 1  92.95  0.86  0  1  0.89
 1  92.56  1.24  0  1  2.90
 3  90.98  1.00  1  3  0.88
 0  60.30  0.84  0  0  1.69
 3  82.58  1.17  1  3  7.57
 1  89.33  1.30  0  1  1.87
 1  77.47  0.96  0  1  2.31
 2  92.56  0.33  1  0  1.86
 2  62.54  1.06  1  2  0.95
 0  64.69  1.16  0  2  2.31
 0  62.54  0.51  0  0  2.30
 2  61.05  0.62  1  2  6.67
 2  60.30  0.84  1  2  0.73
 3  95.31  1.16  1  3 15.63
 3  87.33  1.11  1  3  0.70
 0  62.54  1.06  0  0  1.36
 3  86.10  0.86  1  3  3.47
 0  77.42  0.40  0  0  2.54
 0  85.75  0.23  0  0  0.98
 1  99.70  0.84  0  1  2.80
 1  87.33  1.11  0  1  0.85
 2  70.67  0.27  1  2  4.77
 3  73.90  0.71  1  2  2.10
 2  64.69  1.16  1  3  0.78
 1  74.25  1.34  0  1  4.06
 1  82.53  0.61  0  1  3.33
 2  89.33  0.27  1  0  1.63
 1  92.95  0.71  0  1  1.07
 3  89.33  1.30  1  3  3.72
 0  60.30  0.73  0  0  1.54
 2  97.46  0.51  1  2  3.97
 3  90.98  0.57  1  2  0.69
 3  92.95  0.71  1  2  1.42
 2  69.02  1.00  1  3  3.22
 3  99.70  0.84  1  3  2.58
 1  77.42  1.17  0  1  1.40
 2  87.33  0.46  1  0  3.49
 3  82.53  0.61  1  2  0.55
 3  77.47  0.61  1  2  1.10
 0  64.69  0.42  0  0  0.81
 3  77.42  1.17  1  1  5.00
 2  81.94  0.21  1  2  6.65
 2  78.06  0.21  1  2  1.23
 1  72.67  1.11  0  1  2.57
 2  61.05  0.95  1  0  2.55
 1  82.58  1.17  0  1  2.16
 0  70.67  1.30  0  1  3.99
 3  92.56  1.24  1  3  2.93
 0  61.05  0.62  0  0  1.23
 0  72.67  0.46  0  0  2.24
 0  67.05  0.86  0  0 10.73
 1  98.95  0.95  0  1  5.45
 2  67.05  0.71  1  2  1.48
 3  98.95  0.62  1  2  3.97
 0  92.56  0.33  0  1  5.44
 1  98.95  0.62  0  0  2.77
 1  81.94  1.37  0  1  5.48
 0  67.05  0.71  0  0  2.63
 3  82.53  0.96  1  3  1.44
 1  73.90  0.71  0  1  1.10
 2  67.44  1.24  1  2  2.81
 3  77.47  0.96  1  3  1.46
 1  82.53  0.96  0  1  1.15
 0  97.46  0.51  0  0  3.55
 2  70.67  1.30  1  2  1.68
 2  74.25  0.23  1  2  6.77
 2  67.44  0.33  1  2  1.70
 2  60.30  0.73  1  2  3.82
 3  78.06  1.37  1  3  2.16
 2  82.58  0.40  1  2  3.28
 0  67.44  0.33  0  0  2.56
 0  81.94  0.21  0  0  1.16
 2  77.42  0.40  1  2  3.83
 0  87.33  0.46  0  0  2.24
 1  73.90  0.86  0  1  8.85
 0  95.31  0.42  0  1  4.73
 3  98.95  0.95  1  3  1.41
 2  85.75  0.23  1  2  2.22
 3  74.25  1.34  1  3  1.01
 1  78.06  1.37  0  1  1.03
 1  86.10  0.86  0  1  1.47
 0  69.02  0.57  0  0  6.17
 1  99.70  0.73  0  1  1.24
 1  90.98  0.57  0  1  1.19
 3  72.67  1.11  1  2  1.07
 2  95.31  0.42  1  2  2.24
 3  99.70  0.73  1  2  0.84
 1  97.46  1.06  0  1  0.91
 1  95.31  1.16  0  1  1.36
 3  85.75  1.34  1  3  1.22
 1  85.75  1.34  0  1  1.28
 0  61.05  0.95  0  0  1.28
 0  69.02  1.00  0  0  0.92
 0  67.44  1.24  0  0  0.73
 3  81.94  1.37  1  1  1.69
 3  73.90  0.86  1  2  1.18
 2  89.33  0.27  1  2  3.96
 0  77.42  0.40  0  0  2.11
 0  60.30  0.73  0  0  2.02
 1  74.25  1.34  0  1  1.15
 3  77.47  0.61  1  2  3.97
 3  90.98  1.00  1  3  1.13
 3  99.70  0.73  1  3  1.94
 3  82.58  1.17  1  3  1.08
 2  61.05  0.62  1  2  1.77
 2  74.25  0.23  1  2  2.30
 1  99.70  0.84  0  1  0.86
 1  81.94  1.37  0  1  2.23
 2  62.54  1.06  1  2  1.76
 0  70.67  0.27  0  0  1.60
 0  60.30  0.84  0  0  3.13
 2  67.05  0.86  1  2  1.40
 0  61.05  0.62  0  0  0.95
 3  77.47  0.96  1  3  3.13
 1  98.95  0.62  0  0  4.43
 3  74.25  1.34  1  3  1.61
 3  72.67  1.11  1  3  1.07
 1  77.42  1.17  0  1  1.57
 2  60.30  0.73  1  2  1.47
 1  73.90  0.71  0  1  7.63
 1  95.31  1.16  0  1  3.51
 0  92.56  0.33  0  0  3.31
 1  77.47  0.61  0  0  2.06
 3  89.33  1.30  1  3  0.68
 1  87.33  1.11  0  1  0.91
 0  78.06  0.21  0  0  1.98
 1  82.53  0.96  0  1  1.07
 3  98.95  0.95  1  3  1.06
 0  69.02  0.57  0  0  4.09
 2  67.44  0.33  1  2  1.49
 1  86.10  0.86  0  1  0.79
 3  97.46  1.06  1  3  9.78
 3  73.90  0.71  1  3  7.45
 2  82.58  0.40  1  2  2.74
 3  86.10  0.71  1  3  1.13
 0  62.54  1.06  0  0  1.74
 2  70.67  1.30  1  3  3.53
 3  77.42  1.17  1  3  2.39
 0  67.05  0.86  0  0  1.20
 2  64.69  1.16  1  2  5.78
 0  97.46  0.51  0  1  2.14
 0  85.75  0.23  0  0  2.21
 1  92.95  0.71  0  1  1.47
 3  81.94  1.37  1  3  1.65
 1  85.75  1.34  0  1  1.32
 2  62.54  0.51  1  2  1.42
 3  95.31  1.16  1  3  0.84
 2  67.44  1.24  1  2  1.22
 2  85.75  0.23  1  2  1.99
 2  69.02  0.57  1  2  2.02
 1  86.10  0.71  0  1  1.12
 0  70.67  1.30  0  1  8.44
 1  72.67  1.11  0  0  0.75
 0  64.69  0.42  0  1  2.86
 0  74.25  0.23  0  0  0.94
 2  81.94  0.21  1  2  2.01
 3  87.33  1.11  1  3  1.05
 3  92.95  0.86  1  3  2.10
 1  98.95  0.95  0  1  0.91
 1  90.98  0.57  0  1  1.12
 3  92.56  1.24  1  3  0.89
 1  82.58  1.17  0  1  0.78
 2  77.42  0.40  1  2  1.69
 2  97.46  0.51  1  2  2.13
 1  92.95  0.86  0  1  2.02
 0  72.67  0.46  0  0  2.07
 3  82.53  0.61  1  2  1.85
 1  92.56  1.24  0  1  1.52
 3  90.98  0.57  1  2  6.01
 1  99.70  0.73  0  1  1.07
 3  78.06  1.37  1  3  0.84
 3  99.70  0.84  1  3  1.29
 2  87.33  0.46  1  2  0.88
 0  67.44  1.24  0  0  1.65
 2  60.30  0.84  1  2  1.69
 1  90.98  1.00  0  1  0.92
 0  67.44  0.33  0  0  1.85
 1  77.47  0.96  0  1  5.85
 0  89.33  0.27  0  0  1.20
 0  67.05  0.71  0  0  2.64
 1  78.06  1.37  0  1  1.52
 1  97.46  1.06  0  1  0.89
 1  73.90  0.86  0  1  1.30
 2  69.02  1.00  1  3  2.11
 0  87.33  0.46  0  0  2.38
 0  69.02  1.00  0  0  3.70
 2  78.06  0.21  1  2  2.05
 3  73.90  0.86  1  2  5.83
 0  64.69  1.16  0  0  2.17
 0  62.54  0.51  0  0  3.92
 2  92.56  0.33  1  2  3.25
 3  98.95  0.62  1  3  1.76
 1  89.33  1.30  0  1  2.53
 3  86.10  0.86  1  3  1.16
 2  70.67  0.27  1  2  0.89
 2  67.05  0.71  1  2  1.49
 3  92.95  0.71  1  3  1.60
 0  95.31  0.42  0  1  0.89
 2  64.69  0.42  1  2  1.10
 0  61.05  0.95  0  0  0.94
 3  85.75  1.34  1  3  3.85
 3  82.53  0.96  1  3 19.54
 2  61.05  0.95  1  2  1.46
 0  81.94  0.21  0  0  2.22
 1  82.53  0.61  0  1  1.13
 2  72.67  0.46  1  2  1.82
 2  95.31  0.42  1  2  2.55
 0  82.58  0.40  0  1  3.45
 3  82.58  1.17  1  2  1.50
 0  81.94  0.21  0  0  2.03
 1  77.47  0.61  0  1  2.25
 0  72.67  0.46  0  1  1.88
 3  87.33  1.11  1  3  1.11
 3  86.10  0.86  1  3  1.70
 0  74.25  0.23  0  0  1.63
 3  90.98  1.00  1  3  0.99
 2  64.69  1.16  1  2  8.16
 1  73.90  0.71  0  1  2.15
 3  99.70  0.84  1  3  3.94
 3  99.70  0.73  1  3  2.56
 0  67.44  0.33  0  0  3.22
 3  98.95  0.62  1  2  3.14
 2  82.58  0.40  1  2  2.08
 0  89.33  0.27  0  0  1.13
 1  99.70  0.73  0  0  3.48
 2  89.33  0.27  1  2  1.47
 1  82.58  1.17  0  1  1.11
 2  62.54  1.06  1  2  1.63
 2  87.33  0.46  1  3  4.09
 0  64.69  1.16  0  0  1.59
 0  67.05  0.86  0  0  1.13
 3  97.46  1.06  1  3  1.52
 0  64.69  0.42  0  0  2.95
 3  72.67  1.11  1  3  1.64
 3  95.31  1.16  1  3  0.90
 3  89.33  1.30  1  3  0.87
 1  99.70  0.84  0  1  1.08
 3  82.53  0.96  1  3  1.26
 3  77.47  0.96  1  3  0.75
 0  95.31  0.42  0  0  6.27
 3  92.95  0.86  1  3  1.65
 2  74.25  0.23  1  2  1.58
 3  81.94  1.37  1  3  0.89
 3  92.95  0.71  1  3  1.97
 1  81.94  1.37  0  1  1.20
 2  95.31  0.42  1  2  6.09
 2  70.67  0.27  1  2  1.40
 0  97.46  0.51  0  0  2.92
 1  97.46  1.06  0  1  0.62
 3  92.56  1.24  1  3  1.56
 2  69.02  0.57  1  2  0.89
 0  62.54  1.06  0  0  0.91
 0  67.44  1.24  0  0  1.06
 3  74.25  1.34  1  2  5.94
 2  85.75  0.23  1  3  1.81
 0  61.05  0.62  0  0  1.07
 1  77.47  0.96  0  1  2.14
 3  77.42  1.17  1  3  3.71
 3  86.10  0.71  1  2  2.64
 0  82.58  0.40  0  0  4.45
 2  72.67  0.46  1  2  1.98
 0  62.54  0.51  0  0  0.77
 2  67.44  0.33  1  2  2.87
 2  78.06  0.21  1  2  0.87
 2  77.42  0.40  1  2  7.65
 1  98.95  0.62  0  1  1.21
 0  77.42  0.40  0  0  1.56
 1  78.06  1.37  0  1  2.55
 1  72.67  1.11  0  0  4.08
 0  87.33  0.46  0  0  1.31
 1  82.53  0.61  0  0  1.64
 2  97.46  0.51  1  2  1.53
 0  78.06  0.21  0  0  1.13
 3  73.90  0.86  1  2  9.80
 1  73.90  0.86  0  1  3.36
 1  90.98  1.00  0  1  1.43
 2  70.67  1.30  1  3  3.18
 1  95.31  1.16  0  1  1.10
 2  67.05  0.86  1  2  2.02
 3  90.98  0.57  1  0 11.38
 1  89.33  1.30  0  1  0.88
 1  85.75  1.34  0  1  2.32
 0  85.75  0.23  0  0  1.72
 2  81.94  0.21  1  2  1.41
 2  64.69  0.42  1  2  1.66
 2  67.44  1.24  1  3  2.33
 2  61.05  0.95  1  2  1.08
 2  92.56  0.33  1  2  1.50
 1  92.95  0.86  0  1  1.01
 3  98.95  0.95  1  3  1.77
 1  77.42  1.17  0  1  1.52
 1  92.56  1.24  0  1  2.62
 0  70.67  0.27  0  0  3.00
 0  69.02  1.00  0  1  1.20
 3  85.75  1.34  1  3  1.43
 2  61.05  0.62  1  2  1.57
 0  60.30  0.84  0  0  4.88
 2  69.02  1.00  1  2  1.33
 3  73.90  0.71  1  3  2.46
 2  62.54  0.51  1  3  0.90
 0  92.56  0.33  0  0  1.39
 3  82.53  0.61  1  2  1.40
 1  86.10  0.71  0  1  0.95
 2  60.30  0.84  1  2  1.11
 1  87.33  1.11  0  1  0.87
 1  98.95  0.95  0  1  8.85
 3  78.06  1.37  1  3  1.79
 1  92.95  0.71  0  1  0.85
 1  74.25  1.34  0  1  2.39
 3  77.47  0.61  1  2  1.49
 1  82.53  0.96  0  1  0.78
 0  67.05  0.71  0  0  0.96
 1  86.10  0.86  0  1  0.79
 2  60.30  0.73  1  2  1.09
 0  61.05  0.95  0  0  1.27
 0  69.02  0.57  0  0  3.99
 2  67.05  0.71  1  2 16.77
 1  90.98  0.57  0  0  5.40
 0  70.67  1.30  0  0  1.07
 0  60.30  0.73  0  1  2.73
 0  67.05  0.86  0  1  4.79
 0  60.30  0.84  0  0  1.55
 0  67.44  0.33  0  0  2.12
 1  85.75  1.34  0  1  0.90
 1  74.25  1.34  0  1  0.74
 3  95.31  1.16  1  3  0.75
 2  69.02  0.57  1  2  1.62
 1  89.33  1.30  0  1  0.82
 3  92.56  1.24  1  3  0.86
 1  98.95  0.95  0  1  0.89
 3  89.33  1.30  1  3  0.81
 3  82.53  0.61  1  2  1.49
 3  92.95  0.86  1  3  1.05
 3  98.95  0.95  1  3  1.12
 2  61.05  0.95  1  2  1.44
 0  77.42  0.40  0  0  2.41
 2  82.58  0.40  1  3  3.95
 2  64.69  1.16  1  2  0.89
 2  61.05  0.62  1  2  1.06
 1  99.70  0.73  0  1  2.42
 1  87.33  1.11  0  1  0.83
 2  97.46  0.51  1  3  1.55
 0  85.75  0.23  0  0  2.17
 2  62.54  0.51  1  2  2.35
 3  74.25  1.34  1  3  3.80
 3  85.75  1.34  1  3  0.65
 1  92.95  0.71  0  1  2.32
 3  77.47  0.96  1  3  2.88
 1  92.56  1.24  0  1  0.92
 2  78.06  0.21  1  2  2.10
 1  90.98  1.00  0  1  5.56
 2  89.33  0.27  1  2  2.07
 0  67.05  0.71  0  0  1.86
 1  98.95  0.62  0  1  2.85
 3  77.42  1.17  1  3  2.12
 1  73.90  0.71  0  0  2.22
 0  89.33  0.27  0  0  0.83
 3  86.10  0.86  1  3  1.21
 3  90.98  0.57  1  3  2.61
 1  97.46  1.06  0  1  1.14
 0  78.06  0.21  0  0  1.05
 3  86.10  0.71  1  3  4.63
 2  67.44  1.24  1  2  4.60
 0  60.30  0.73  0  0  0.93
 0  64.69  0.42  0  0  2.12
 0  92.56  0.33  0  0  1.60
 2  67.44  0.33  1  2  2.80
 2  70.67  1.30  1  3  5.05
 2  60.30  0.84  1  2  0.70
 2  72.67  0.46  1  2  1.28
 2  95.31  0.42  1  3  1.35
 3  72.67  1.11  1  3  1.07
 2  67.05  0.71  1  2  1.51
 1  90.98  0.57  0  1  1.39
 2  64.69  0.42  1  2  1.39
 1  82.53  0.96  0  1  0.95
 2  69.02  1.00  1  3  3.09
 0  70.67  1.30  0  1  1.48
 3  77.47  0.61  1  2  1.92
 2  85.75  0.23  1  3  2.23
 3  92.95  0.71  1  3  0.80
 2  87.33  0.46  1  3  1.58
 2  70.67  0.27  1  2  1.82
 0  61.05  0.62  0  0  0.96
 2  92.56  0.33  1  3  1.96
 2  81.94  0.21  1  2  0.91
 2  62.54  1.06  1  2  1.80
 0  74.25  0.23  0  0  8.76
 1  77.47  0.61  0  1  1.13
 0  87.33  0.46  0  1  1.58
 1  81.94  1.37  0  1  1.21
 2  67.05  0.86  1  2  0.88
 0  62.54  1.06  0  0  7.14
 2  77.42  0.40  1  2  3.16
 3  99.70  0.84  1  3  0.50
 0  81.94  0.21  0  0  1.40
 1  95.31  1.16  0  1  0.83
 3  87.33  1.11  1  3  1.52
 1  73.90  0.86  0  1  2.58
 3  82.53  0.96  1  2  2.54
 3  73.90  0.86  1  3  1.00
 0  67.44  1.24  0  0  2.19
 0  69.02  1.00  0  0  0.66
 3  78.06  1.37  1  3  4.10
 1  82.53  0.61  0  0  2.83
 0  69.02  0.57  0  0  0.83
 3  73.90  0.71  1  2  2.03
 3  97.46  1.06  1  3  1.02
 0  70.67  0.27  0  0  1.42
 1  77.42  1.17  0  1  1.07
 2  60.30  0.73  1  2  1.90
 3  81.94  1.37  1  3  1.17
 0  62.54  0.51  0  0  3.46
 3  82.58  1.17  1  3  1.90
 3  98.95  0.62  1  3  0.89
 0  95.31  0.42  0  1  0.93
 3  90.98  1.00  1  3  1.88
 1  99.70  0.84  0  1  1.19
 0  72.67  0.46  0  0  2.01
 0  82.58  0.40  0  0  1.51
 3  99.70  0.73  1  3  0.86
 1  72.67  1.11  0  1  4.10
 1  86.10  0.86  0  1  1.85
 1  82.58  1.17  0  1  1.15
 1  77.47  0.96  0  1  0.96
 0  97.46  0.51  0  0  2.41
 1  78.06  1.37  0  1  1.75
 1  86.10  0.71  0  1  2.56
 1  92.95  0.86  0  1  1.19
 0  61.05  0.95  0  0  0.89
 2  74.25  0.23  1  2  1.92
 0  64.69  1.16  0  0  2.78
