 3  70.67  0.27  1  0  1.17
 2  78.06  1.37  1  0  1.11
 0  85.75  1.34  0  1  1.93
 0  86.10  0.71  0  1  1.48
 0  92.95  0.86  0  0  0.72
 2  77.47  0.96  1  3  1.25
 1  60.30  0.84  0  1  0.95
 3  70.67  1.30  1  3  1.08
 0  99.70  0.73  0  0  0.97
 1  74.25  0.23  0  0  0.68
 3  67.05  0.86  1  2  2.78
 3  78.06  0.21  1  2  0.75
 3  77.42  0.40  1  3  0.57
 1  82.58  0.40  0  0  1.96
 1  92.56  0.33  0  1  0.75
 0  98.95  0.95  0  0  0.74
 0  82.53  0.96  0  1  1.68
 0  92.95  0.71  0  1  0.81
 3  69.02  0.57  1  2  2.34
 1  70.67  0.27  0  0  1.36
 3  81.94  0.21  1  2  1.93
 1  89.33  0.27  0  0  2.03
 2  72.67  1.11  1  3  6.77
 1  85.75  0.23  0  1  2.05
 3  97.46  0.51  1  3  2.19
 3  74.25  0.23  1  2  0.51
 1  70.67  1.30  0  0  1.23
 2  81.94  1.37  1  3  5.21
 1  69.02  0.57  0  1  2.22
 2  95.31  1.16  1  3  3.30
 2  98.95  0.95  1  2  0.80
 2  98.95  0.62  1  3  2.80
 2  77.42  1.17  1  2  2.11
 0  72.67  1.11  0  0  2.85
 2  87.33  1.11  1  2  1.40
 0  73.90  0.71  0  1  2.35
 1  95.31  0.42  0  1  0.60
 3  87.33  0.46  1  3  2.64
 0  98.95  0.62  0  1  2.00
 3  85.75  0.23  1  1  1.70
 0  77.47  0.96  0  1  4.13
 3  62.54  0.51  1  3  2.82
 0  97.46  1.06  0  0  1.30
 3  95.31  0.42  1  3  2.12
 2  86.10  0.71  1  3  5.18
 0  90.98  1.00  0  0  1.32
 0  92.56  1.24  0  0  0.93
 0  90.98  0.57  0  1  1.42
 3  67.05  0.71  1  3  4.53
 0  81.94  1.37  0  0  1.99
 2  97.46  1.06  1  0  2.46
 2  73.90  0.86  1  2  1.27
 1  67.05  0.86  0  1  4.09
 3  92.56  0.33  1  0  1.38
 3  64.69  1.16  1  1  2.52
 0  77.47  0.61  0  1  1.91
 0  78.06  1.37  0  0  0.87
 1  69.02  1.00  0  0  1.15
 3  60.30  0.73  1  3  1.79
 1  97.46  0.51  0  1  3.38
 1  61.05  0.95  0  1  3.03
 0  74.25  1.34  0  0  0.96
 2  77.47  0.61  1  3  2.99
 2  82.53  0.96  1  2  0.79
 2  82.58  1.17  1  2  0.76
 3  61.05  0.62  1  3  0.99
 0  95.31  1.16  0  0  1.44
 0  82.53  0.61  0  1  0.97
 0  99.70  0.84  0  0  0.65
 1  64.69  1.16  0  1  1.23
 3  69.02  1.00  1  3  2.89
 2  99.70  0.73  1  2  2.16
 3  60.30  0.84  1  3  1.83
 1  72.67  0.46  0  1  1.98
 3  64.69  0.42  1  3  1.22
 2  86.10  0.86  1  2  1.21
 0  89.33  1.30  0  0  0.89
 3  89.33  0.27  1  3  1.73
 1  60.30  0.73  0  1  1.59
 2  99.70  0.84  1  2  0.95
 0  87.33  1.11  0  0  1.03
 0  86.10  0.86  0  0  0.98
 2  92.56  1.24  1  2  1.16
 2  92.95  0.86  1  2  1.77
 3  62.54  1.06  1  3  0.70
 1  67.44  0.33  0  1  0.91
 1  62.54  1.06  0  1  1.20
 0  77.42  1.17  0  0  3.52
 2  74.25  1.34  1  3  2.11
 2  73.90  0.71  1  3  0.98
 1  87.33  0.46  0  1  1.43
 2  90.98  1.00  1  2  2.98
 1  77.42  0.40  0  1  1.62
 2  89.33  1.30  1  2  0.88
 3  82.58  0.40  1  3  1.21
 2  90.98  0.57  1  3  0.55
 2  82.53  0.61  1  2  3.22
 2  92.95  0.71  1  3  3.70
 1  64.69  0.42  0  1  1.21
 0  82.58  1.17  0  0  1.25
 1  61.05  0.62  0  1  0.88
 1  62.54  0.51  0  1  0.43
 1  67.44  1.24  0  0  2.12
 1  67.05  0.71  0  1  0.47
 3  67.44  0.33  1  3  0.92
 0  73.90  0.86  0  1  1.90
 1  81.94  0.21  0  0  0.89
 3  72.67  0.46  1  3  1.18
 3  61.05  0.95  1  3  0.92
 1  78.06  0.21  0  1  1.75
 2  85.75  1.34  1  2  0.91
 3  67.44  1.24  1  2  2.63
 3  67.44  0.33  1  3  2.33
 2  73.90  0.71  1  3  1.03
 0  99.70  0.84  0  1  2.06
 2  74.25  1.34  1  2  1.39
 1  60.30  0.84  0  1  0.94
 3  64.69  1.16  1  2  1.45
 0  82.53  0.96  0  0  3.52
 0  95.31  1.16  0  0  0.88
 0  98.95  0.62  0  1  1.39
 1  89.33  0.27  0  1  0.90
 1  69.02  0.57  0  1  1.36
 0  81.94  1.37  0  0  1.28
 3  74.25  0.23  1  3  1.17
 0  82.58  1.17  0  0  1.39
 2  90.98  0.57  1  3  1.32
 2  97.46  1.06  1  2  1.99
 1  70.67  0.27  0  1  0.88
 2  82.58  1.17  1  2  1.96
 0  86.10  0.71  0  0  3.63
 1  97.46  0.51  0  1  0.88
 0  98.95  0.95  0  0  1.02
 3  77.42  0.40  1  3  2.34
 3  61.05  0.95  1  3  0.78
 3  70.67  1.30  1  2  0.56
 1  69.02  1.00  0  1  1.33
 2  86.10  0.86  1  2  2.90
 2  78.06  1.37  1  2  0.66
 2  85.75  1.34  1  2  0.38
 0  92.95  0.71  0  0  1.40
 3  92.56  0.33  1  3  0.68
 1  61.05  0.62  0  3  0.72
 0  92.56  1.24  0  0  3.12
 1  62.54  0.51  0  1  0.76
 2  92.95  0.86  1  2  2.62
 3  78.06  0.21  1  3  0.62
 1  70.67  1.30  0  0  3.32
 2  90.98  1.00  1  2  2.36
 3  70.67  0.27  1  3  0.74
 2  82.53  0.61  1  3  2.44
 1  92.56  0.33  0  1  1.56
 1  67.44  1.24  0  0  1.15
 3  85.75  0.23  1  3  1.06
 2  77.47  0.96  1  2  1.72
 0  77.47  0.96  0  0  1.65
 1  95.31  0.42  0  1  1.14
 3  87.33  0.46  1  3  0.81
 2  98.95  0.62  1  2  1.06
 0  90.98  1.00  0  0  1.42
 0  77.42  1.17  0  0  1.19
 2  98.95  0.95  1  2  0.93
 2  82.53  0.96  1  2  0.64
 1  67.44  0.33  0  1  1.09
 0  78.06  1.37  0  0  0.79
 1  87.33  0.46  0  1  0.61
 0  92.95  0.86  0  0  2.09
 2  77.47  0.61  1  3  2.95
 3  61.05  0.62  1  3  0.69
 3  64.69  0.42  1  3  0.54
 2  92.56  1.24  1  2  0.73
 0  90.98  0.57  0  1  0.92
 2  99.70  0.84  1  2  1.17
 2  73.90  0.86  1  3  2.12
 1  77.42  0.40  0  1  0.82
 1  64.69  1.16  0  1  2.13
 1  82.58  0.40  0  0  0.71
 0  72.67  1.11  0  0  1.61
 1  78.06  0.21  0  1  0.74
 2  81.94  1.37  1  2  1.15
 0  77.47  0.61  0  0  3.10
 0  85.75  1.34  0  0  1.51
 3  60.30  0.73  1  3  0.93
 3  69.02  1.00  1  3  0.61
 3  67.44  1.24  1  2  1.69
 3  67.05  0.71  1  3  0.91
 0  99.70  0.73  0  0  2.20
 3  69.02  0.57  1  3  1.27
 3  82.58  0.40  1  3  1.14
 3  81.94  0.21  1  3  0.58
 1  60.30  0.73  0  1  0.97
 2  89.33  1.30  1  2  1.49
 3  62.54  0.51  1  3  0.55
 0  74.25  1.34  0  0  1.00
 2  87.33  1.11  1  2  1.09
 2  72.67  1.11  1  2  1.07
 3  95.31  0.42  1  3  0.92
 1  85.75  0.23  0  1  0.88
 2  77.42  1.17  1  2  0.91
 1  74.25  0.23  0  1  1.22
 3  62.54  1.06  1  3  0.70
 0  73.90  0.86  0  1  1.67
 2  92.95  0.71  1  2  2.46
 2  86.10  0.71  1  2  0.52
 3  67.05  0.86  1  3  0.56
 1  67.05  0.71  0  1  0.82
 3  72.67  0.46  1  3  1.02
 2  99.70  0.73  1  3  0.68
 1  61.05  0.95  0  1  0.68
 3  60.30  0.84  1  3  1.00
 1  62.54  1.06  0  1  0.77
 0  97.46  1.06  0  0  1.84
 0  86.10  0.86  0  0  0.95
 2  95.31  1.16  1  2  0.93
 3  97.46  0.51  1  3  0.68
 1  72.67  0.46  0  1  1.49
 0  82.53  0.61  0  1  2.61
 0  89.33  1.30  0  0  0.51
 3  89.33  0.27  1  3  0.85
 0  87.33  1.11  0  0  1.60
 0  73.90  0.71  0  1  1.22
 1  64.69  0.42  0  1  0.72
 1  67.05  0.86  0  1  0.98
 1  81.94  0.21  0  1  0.86
 2  73.90  0.86  1  1  2.99
 3  72.67  0.46  1  3  1.32
 1  70.67  0.27  0  1  1.18
 1  97.46  0.51  0  1  1.13
 3  78.06  0.21  1  3  1.28
 3  61.05  0.62  1  3  0.73
 2  89.33  1.30  1  2  2.22
 2  77.47  0.96  1  2  1.48
 0  99.70  0.84  0  0  1.46
 2  85.75  1.34  1  2  0.85
 0  86.10  0.71  0  0  1.79
 2  92.95  0.71  1  2  1.39
 3  60.30  0.73  1  3  0.57
 0  99.70  0.73  0  0  1.13
 2  87.33  1.11  1  2  1.57
 1  74.25  0.23  0  1  0.81
 0  77.47  0.61  0  1  1.17
 3  82.58  0.40  1  3  2.26
 0  82.53  0.96  0  0  4.15
 3  67.05  0.86  1  3  0.84
 2  86.10  0.71  1  2  1.64
 3  87.33  0.46  1  3  0.88
 3  89.33  0.27  1  3  0.55
 0  77.42  1.17  0  0  1.36
 3  69.02  0.57  1  3  0.86
 2  78.06  1.37  1  2  0.69
 0  86.10  0.86  0  0  2.83
 2  95.31  1.16  1  2  0.73
 0  87.33  1.11  0  0  0.67
 0  89.33  1.30  0  0  0.58
 3  60.30  0.84  1  3  0.68
 3  92.56  0.33  1  3  0.93
 1  77.42  0.40  0  1  1.30
 3  77.42  0.40  1  3  0.78
 1  67.05  0.71  0  1  1.63
 3  70.67  1.30  1  2  2.18
 2  77.47  0.61  1  3  2.47
 1  61.05  0.62  0  3  2.95
 0  72.67  1.11  0  0  3.34
 2  82.53  0.61  1  3  2.78
 1  67.05  0.86  0  0  5.63
 3  67.44  1.24  1  2  1.47
 0  81.94  1.37  0  0  4.71
 1  64.69  1.16  0  1  0.99
 0  78.06  1.37  0  0  1.66
 2  98.95  0.62  1  3  2.96
 3  69.02  1.00  1  3  1.37
 2  73.90  0.71  1  2  4.12
 3  67.44  0.33  1  3  1.16
 2  90.98  1.00  1  2  0.89
 2  99.70  0.84  1  2  1.58
 0  90.98  0.57  0  1  2.26
 0  92.95  0.71  0  0  1.88
 2  92.56  1.24  1  2  1.00
 1  67.44  0.33  0  1  1.05
 1  85.75  0.23  0  1  1.01
 0  82.58  1.17  0  0  1.49
 0  77.47  0.96  0  0  2.61
 1  72.67  0.46  0  1  0.64
 2  72.67  1.11  1  2  2.30
 0  98.95  0.95  0  0  1.16
 1  64.69  0.42  0  1  1.66
 3  97.46  0.51  1  3  1.42
 2  82.58  1.17  1  2  0.94
 1  62.54  1.06  0  1  1.03
 0  73.90  0.71  0  0  1.49
 0  95.31  1.16  0  0  1.66
 1  67.44  1.24  0  0  1.56
 1  61.05  0.95  0  1  0.79
 0  97.46  1.06  0  0  0.54
 3  64.69  1.16  1  2  2.46
 2  86.10  0.86  1  2  1.55
 1  89.33  0.27  0  1  0.94
 2  74.25  1.34  1  2  1.26
 2  82.53  0.96  1  2  1.06
 1  69.02  1.00  0  1  1.88
 3  61.05  0.95  1  3  0.59
 0  82.53  0.61  0  1  2.08
 1  70.67  1.30  0  0  1.13
 1  78.06  0.21  0  1  0.92
 2  98.95  0.95  1  2  2.30
 2  90.98  0.57  1  3  1.32
 0  92.95  0.86  0  0  2.74
 1  69.02  0.57  0  1  0.84
 0  92.56  1.24  0  0  0.74
 2  97.46  1.06  1  2  1.16
 3  74.25  0.23  1  3  0.73
 3  85.75  0.23  1  3  0.83
 1  60.30  0.84  0  1  0.69
 2  92.95  0.86  1  2  1.29
 0  73.90  0.86  0  0  3.36
 1  95.31  0.42  0  1  0.99
 0  98.95  0.62  0  0  4.38
 2  99.70  0.73  1  2  0.82
 3  64.69  0.42  1  3  0.73
 1  60.30  0.73  0  1  0.97
 1  81.94  0.21  0  1  0.75
 3  95.31  0.42  1  3  1.57
 0  74.25  1.34  0  0  1.22
 1  92.56  0.33  0  1  0.64
 3  62.54  1.06  1  3  0.67
 0  90.98  1.00  0  0  0.94
 2  81.94  1.37  1  2  1.59
 3  62.54  0.51  1  3  0.55
 2  77.42  1.17  1  2  2.19
 0  85.75  1.34  0  0  0.81
 1  62.54  0.51  0  1  0.71
 3  67.05  0.71  1  3  0.58
 1  87.33  0.46  0  1  1.45
 1  82.58  0.40  0  1  0.66
 3  81.94  0.21  1  3  1.91
 3  70.67  0.27  1  3  1.01
 0  92.95  0.71  0  0  3.30
 1  69.02  0.57  0  1  0.60
 3  85.75  0.23  1  3  0.83
 2  90.98  1.00  1  0  2.33
 3  97.46  0.51  1  3  1.54
 0  73.90  0.86  0  1  1.13
 2  78.06  1.37  1  2  1.22
 2  92.56  1.24  1  2  0.93
 0  81.94  1.37  0  0  4.52
 3  67.05  0.71  1  3  0.78
 1  60.30  0.73  0  1  0.77
 1  82.58  0.40  0  1  0.98
 2  98.95  0.62  1  3  1.66
 2  82.58  1.17  1  2  1.35
 2  77.42  1.17  1  2  0.99
 2  73.90  0.86  1  2  2.64
 1  77.42  0.40  0  1  0.86
 0  98.95  0.95  0  0  1.58
 1  60.30  0.84  0  1  0.57
 0  92.56  1.24  0  0  0.82
 0  74.25  1.34  0  0  1.04
 3  61.05  0.62  1  3  1.15
 0  86.10  0.71  0  0  1.79
 1  95.31  0.42  0  1  0.82
 0  77.47  0.61  0  1  1.31
 0  95.31  1.16  0  0  1.14
 1  67.44  0.33  0  1  0.56
 2  87.33  1.11  1  2  0.82
 0  77.47  0.96  0  0  3.07
 3  77.42  0.40  1  3  0.97
 3  61.05  0.95  1  3  0.63
 2  74.25  1.34  1  2  0.70
 1  87.33  0.46  0  1  2.31
 3  67.44  1.24  1  2  1.34
 2  99.70  0.84  1  2  1.13
 0  92.95  0.86  0  0  1.39
 3  87.33  0.46  1  3  1.59
 2  77.47  0.61  1  3  0.55
 2  97.46  1.06  1  2  1.44
 1  64.69  0.42  0  1  1.09
 0  87.33  1.11  0  0  0.91
 1  62.54  1.06  0  1  0.86
 1  81.94  0.21  0  1  1.40
 0  97.46  1.06  0  0  0.76
 3  72.67  0.46  1  3  0.97
 3  60.30  0.84  1  3  0.72
 1  61.05  0.95  0  1  0.92
 3  89.33  0.27  1  3  1.01
 0  98.95  0.62  0  0  3.81
 3  67.05  0.86  1  3  1.23
 1  70.67  0.27  0  1  3.58
 1  97.46  0.51  0  1  1.39
 1  92.56  0.33  0  1  0.68
 0  82.53  0.61  0  1  1.59
 3  74.25  0.23  1  3  1.77
 2  81.94  1.37  1  2  0.72
 3  95.31  0.42  1  3  0.61
 1  78.06  0.21  0  1  0.84
 3  70.67  1.30  1  2  0.88
 1  70.67  1.30  0  0  2.27
 2  82.53  0.96  1  2  2.55
 2  98.95  0.95  1  2  0.78
 3  64.69  0.42  1  3  0.67
 0  90.98  0.57  0  1  1.73
 0  85.75  1.34  0  0  1.26
 1  85.75  0.23  0  1  0.76
 0  73.90  0.71  0  0  3.77
 2  86.10  0.86  1  2  1.12
 0  82.58  1.17  0  0  0.91
 1  69.02  1.00  0  0  2.43
 1  61.05  0.62  0  1  0.65
 3  81.94  0.21  1  3  1.01
 2  99.70  0.73  1  2  1.37
 2  73.90  0.71  1  3  1.31
 0  77.42  1.17  0  0  1.23
 0  89.33  1.30  0  0  0.70
 3  92.56  0.33  1  3  0.97
 2  72.67  1.11  1  2  1.22
 2  82.53  0.61  1  3  1.85
 0  90.98  1.00  0  0  1.18
 1  64.69  1.16  0  1  0.89
 1  67.05  0.86  0  0  1.84
 3  78.06  0.21  1  3  0.83
 2  92.95  0.86  1  2  0.56
 1  72.67  0.46  0  1  1.28
 3  62.54  1.06  1  3  0.92
 3  62.54  0.51  1  3  1.09
 1  67.44  1.24  0  0  2.70
 3  64.69  1.16  1  3  0.81
 0  99.70  0.84  0  0  0.83
 2  86.10  0.71  1  2  2.04
 3  70.67  0.27  1  3  0.67
 0  99.70  0.73  0  0  1.10
 3  82.58  0.40  1  3  0.66
 0  78.06  1.37  0  0  0.91
 0  72.67  1.11  0  1  1.24
 1  89.33  0.27  0  1  0.97
 3  69.02  0.57  1  3  1.62
 0  86.10  0.86  0  0  1.51
 0  82.53  0.96  0  0  0.74
 2  85.75  1.34  1  2  0.82
 1  62.54  0.51  0  1  1.07
 1  67.05  0.71  0  1  2.74
 2  90.98  0.57  1  3  2.44
 3  67.44  0.33  1  3  0.68
 2  77.47  0.96  1  2  0.71
 2  92.95  0.71  1  2  1.02
 3  60.30  0.73  1  3  0.64
 3  69.02  1.00  1  2  2.63
 2  95.31  1.16  1  2  0.51
 1  74.25  0.23  0  1  0.82
 2  89.33  1.30  1  2  1.44
 0  87.33  1.11  0  0  1.22
 1  64.69  1.16  0  1  0.60
 2  89.33  1.30  1  2  0.76
 0  72.67  1.11  0  0  1.61
 0  82.53  0.96  0  0  0.74
 1  92.56  0.33  0  1  1.25
 1  77.42  0.40  0  0  1.02
 3  77.42  0.40  1  3  1.55
 3  67.05  0.71  1  3  1.04
 0  97.46  1.06  0  0  0.82
 1  67.44  1.24  0  1  0.63
 1  78.06  0.21  0  1  0.91
 3  74.25  0.23  1  3  0.68
 3  82.58  0.40  1  3  0.98
 2  92.95  0.71  1  2  0.93
 3  70.67  0.27  1  3  0.55
 1  87.33  0.46  0  0  1.52
 3  81.94  0.21  1  3  0.91
 2  98.95  0.95  1  2  0.72
 3  67.05  0.86  1  3  0.85
 1  60.30  0.73  0  1  0.65
 1  64.69  0.42  0  1  0.47
 0  98.95  0.62  0  0  0.84
 2  77.42  1.17  1  2  0.86
 0  99.70  0.84  0  0  0.95
 3  72.67  0.46  1  3  0.86
 1  82.58  0.40  0  1  0.63
 3  67.44  0.33  1  3  0.64
 2  90.98  1.00  1  2  0.50
 1  69.02  1.00  0  1  1.26
 0  89.33  1.30  0  0  0.49
 1  70.67  0.27  0  1  0.61
 2  85.75  1.34  1  2  0.50
 0  98.95  0.95  0  0  0.60
 0  86.10  0.71  0  1  0.62
 3  95.31  0.42  1  2  0.72
 3  70.67  1.30  1  3  1.41
 1  69.02  0.57  0  1  1.34
 3  67.44  1.24  1  3  0.80
 2  78.06  1.37  1  2  0.75
 3  97.46  0.51  1  2  0.56
 2  74.25  1.34  1  2  1.02
 0  77.47  0.61  0  0  1.74
 2  82.58  1.17  1  2  1.23
 2  99.70  0.84  1  2  0.87
 3  64.69  1.16  1  3  0.59
 0  92.95  0.86  0  0  0.82
 2  77.47  0.96  1  3  1.02
 0  90.98  1.00  0  0  0.71
 0  92.95  0.71  0  0  1.13
 2  86.10  0.86  1  2  0.70
 0  77.47  0.96  0  0  2.77
 1  60.30  0.84  0  1  0.70
 3  60.30  0.73  1  3  0.73
 1  62.54  0.51  0  1  0.70
 1  61.05  0.95  0  1  0.65
 2  97.46  1.06  1  2  1.28
 3  89.33  0.27  1  3  0.65
 3  64.69  0.42  1  3  1.29
 3  78.06  0.21  1  3  1.13
 3  61.05  0.95  1  3  1.24
 0  82.58  1.17  0  0  1.15
 2  90.98  0.57  1  2  2.09
 3  62.54  0.51  1  3  0.48
 1  67.05  0.71  0  1  0.72
 0  95.31  1.16  0  0  0.58
 1  95.31  0.42  0  1  0.68
 2  73.90  0.86  1  2  3.05
 3  85.75  0.23  1  3  0.57
 3  92.56  0.33  1  3  0.52
 2  81.94  1.37  1  2  0.48
 0  86.10  0.86  0  0  0.77
 0  73.90  0.86  0  0  0.60
 0  74.25  1.34  0  1  0.52
 1  74.25  0.23  0  1  0.65
 0  73.90  0.71  0  0  1.18
 2  82.53  0.61  1  2  0.73
 1  67.05  0.86  0  1  0.76
 0  90.98  0.57  0  0  0.68
 2  82.53  0.96  1  2  0.71
 2  72.67  1.11  1  3  0.67
 3  60.30  0.84  1  3  0.62
 2  92.95  0.86  1  2  0.57
 1  89.33  0.27  0  1  0.96
 2  86.10  0.71  1  2  0.89
 1  67.44  0.33  0  1  1.06
 2  99.70  0.73  1  2  1.30
 0  82.53  0.61  0  1  1.34
 0  85.75  1.34  0  0  0.76
 0  78.06  1.37  0  0  0.74
 3  69.02  0.57  1  3  0.97
 1  85.75  0.23  0  1  0.77
 2  73.90  0.71  1  2  3.86
 3  61.05  0.62  1  3  0.55
 0  92.56  1.24  0  0  0.86
 2  92.56  1.24  1  2  1.00
 2  98.95  0.62  1  2  2.44
 1  81.94  0.21  0  1  0.86
 1  72.67  0.46  0  1  0.84
 2  95.31  1.16  1  2  0.80
 2  77.47  0.61  1  2  2.60
 1  62.54  1.06  0  1  0.69
 0  81.94  1.37  0  0  0.60
 0  77.42  1.17  0  0  0.84
 1  97.46  0.51  0  0  0.82
 1  70.67  1.30  0  0  1.05
 3  87.33  0.46  1  3  1.47
 3  69.02  1.00  1  3  0.93
 2  87.33  1.11  1  2  0.60
 0  99.70  0.73  0  0  1.39
 3  62.54  1.06  1  3  0.61
 1  61.05  0.62  0  1  0.72
