 1  99.70  0.84  0  0  2.16
 3  97.46  1.06  1  0  3.73
 1  82.58  1.17  0  2  3.94
 1  81.94  1.37  0  1  1.37
 1  92.95  0.71  0  1  1.65
 2  92.56  0.33  1  2  2.29
 3  77.47  0.61  1  2  0.89
 2  60.30  0.84  1  2  1.67
 0  67.05  0.71  0  1  0.93
 2  70.67  0.27  1  2  2.68
 1  86.10  0.71  0  1  2.20
 2  87.33  0.46  1  3  2.58
 2  85.75  0.23  1  3  1.08
 0  89.33  0.27  0  0  2.23
 2  89.33  0.27  1  2  2.40
 0  62.54  1.06  0  0  2.34
 0  72.67  0.46  0  1  1.94
 0  97.46  0.51  0  1  0.92
 1  78.06  1.37  0  1  2.45
 2  61.05  0.95  1  3  4.74
 1  82.53  0.96  0  1  1.78
 3  74.25  1.34  1  0  1.84
 2  67.44  0.33  1  2  3.90
 1  97.46  1.06  0  1  4.43
 1  77.42  1.17  0  0  1.44
 0  70.67  1.30  0  1  1.56
 0  67.44  0.33  0  1  1.28
 3  92.56  1.24  1  2  2.50
 0  95.31  0.42  0  0  2.28
 1  92.95  0.86  0  0  1.78
 2  67.05  0.71  1  2  1.53
 2  67.05  0.86  1  2  0.80
 0  69.02  0.57  0  1  1.72
 3  86.10  0.86  1  3  1.86
 2  61.05  0.62  1  2  0.94
 3  90.98  0.57  1  3  1.29
 0  64.69  0.42  0  1  1.70
 0  67.44  1.24  0  0  0.84
 3  85.75  1.34  1  3  3.48
 0  60.30  0.84  0  1  1.38
 2  62.54  1.06  1  2  2.67
 0  62.54  0.51  0  0  2.57
 3  89.33  1.30  1  3  1.30
 3  73.90  0.86  1  3  2.01
 3  92.95  0.86  1  3  1.13
 3  81.94  1.37  1  3  1.56
 3  99.70  0.73  1  3  0.87
 2  62.54  0.51  1  2  0.82
 2  74.25  0.23  1  3  2.10
 0  64.69  1.16  0  0  1.94
 0  81.94  0.21  0  1  0.67
 0  82.58  0.40  0  1  1.29
 3  73.90  0.71  1  0  1.58
 3  92.95  0.71  1  1  2.54
 3  98.95  0.95  1  3  5.17
 0  78.06  0.21  0  1  3.75
 2  78.06  0.21  1  3  3.28
 3  78.06  1.37  1  2  1.63
 1  85.75  1.34  0  1  3.34
 3  82.58  1.17  1  3  2.65
 2  82.58  0.40  1  3  0.98
 3  98.95  0.62  1  3  0.86
 1  95.31  1.16  0  1  2.33
 1  99.70  0.73  0  1  0.82
 0  70.67  0.27  0  0  1.12
 1  90.98  0.57  0  1  2.12
 0  77.42  0.40  0  0  0.90
 0  87.33  0.46  0  1  0.92
 1  74.25  1.34  0  0  1.34
 1  73.90  0.86  0  0  1.08
 3  87.33  1.11  1  3  1.23
 1  77.47  0.61  0  0  2.21
 0  92.56  0.33  0  1  1.01
 2  95.31  0.42  1  2  0.89
 0  61.05  0.95  0  0  1.98
 1  86.10  0.86  0  1  0.97
 2  67.44  1.24  1  2  1.36
 2  64.69  0.42  1  2  0.87
 1  87.33  1.11  0  1  2.61
 2  69.02  1.00  1  2  1.27
 0  60.30  0.73  0  0  0.92
 1  92.56  1.24  0  1  1.55
 3  77.47  0.96  1  3  1.75
 0  61.05  0.62  0  1  1.20
 2  97.46  0.51  1  3  1.89
 0  74.25  0.23  0  1  1.66
 2  77.42  0.40  1  0  1.00
 0  69.02  1.00  0  0  2.84
 3  82.53  0.61  1  3  1.18
 2  64.69  1.16  1  2  0.79
 3  82.53  0.96  1  3  0.75
 0  85.75  0.23  0  1  2.12
 1  90.98  1.00  0  1  1.80
 3  77.42  1.17  1  2  1.19
 1  77.47  0.96  0  0  1.61
 1  72.67  1.11  0  0  1.43
 2  70.67  1.30  1  2  2.60
 2  69.02  0.57  1  2  1.56
 1  98.95  0.62  0  1  1.79
 3  72.67  1.11  1  2  1.31
 2  81.94  0.21  1  3  0.95
 1  89.33  1.30  0  1  1.12
 0  67.05  0.86  0  0  1.41
 2  60.30  0.73  1  2  1.10
 1  82.53  0.61  0  1  1.94
 3  90.98  1.00  1  3  1.03
 1  98.95  0.95  0  1  1.23
 2  72.67  0.46  1  2  0.81
 3  86.10  0.71  1  1  1.14
 1  73.90  0.71  0  0  1.97
 3  99.70  0.84  1  3  3.46
 3  95.31  1.16  1  3  0.67
 2  69.02  0.57  1  2  4.17
 2  82.58  0.40  1  3  0.98
 3  86.10  0.71  1  2  1.51
 0  67.05  0.86  0  1  1.07
 3  73.90  0.86  1  2  1.45
 0  60.30  0.84  0  0  1.34
 2  60.30  0.84  1  2  1.43
 0  85.75  0.23  0  1  1.00
 0  64.69  0.42  0  0  1.75
 0  87.33  0.46  0  1  0.96
 3  97.46  1.06  1  2  1.39
 0  67.44  0.33  0  0  1.59
 1  73.90  0.71  0  0  0.89
 0  62.54  0.51  0  0  0.94
 1  95.31  1.16  0  1  1.07
 3  82.53  0.96  1  3  1.06
 0  67.44  1.24  0  0  1.07
 0  64.69  1.16  0  0  0.78
 0  69.02  0.57  0  0  1.30
 1  99.70  0.84  0  3  1.58
 2  62.54  1.06  1  2  2.85
 3  81.94  1.37  1  3  1.20
 1  92.95  0.71  0  1  1.86
 3  74.25  1.34  1  2  1.10
 3  92.95  0.86  1  3  0.93
 1  74.25  1.34  0  0  1.68
 1  92.56  1.24  0  1  0.83
 2  64.69  0.42  1  2  1.24
 3  99.70  0.73  1  3  1.00
 0  62.54  1.06  0  0  1.57
 3  77.42  1.17  1  3  2.29
 2  67.44  0.33  1  2  1.69
 1  72.67  1.11  0  0  1.55
 1  77.42  1.17  0  1  0.73
 2  67.05  0.86  1  2  2.62
 3  92.95  0.71  1  3  1.91
 3  82.53  0.61  1  3  0.88
 0  70.67  0.27  0  0  1.93
 2  67.05  0.71  1  2  1.60
 3  99.70  0.84  1  3  1.09
 0  61.05  0.95  0  0  1.33
 1  92.95  0.86  0  1  0.81
 2  81.94  0.21  1  3  1.46
 1  89.33  1.30  0  3  0.91
 2  62.54  0.51  1  2  2.00
 1  87.33  1.11  0  1  1.23
 1  99.70  0.73  0  1  1.28
 3  95.31  1.16  1  3  2.78
 3  90.98  0.57  1  3  0.83
 1  78.06  1.37  0  1  1.05
 2  85.75  0.23  1  2  1.36
 2  61.05  0.95  1  2  1.41
 2  70.67  1.30  1  2  0.75
 3  77.47  0.96  1  2  1.30
 3  92.56  1.24  1  3  0.59
 2  60.30  0.73  1  2  0.94
 1  90.98  0.57  0  1  0.89
 0  67.05  0.71  0  0  1.15
 2  95.31  0.42  1  2  1.91
 3  73.90  0.71  1  2  1.13
 2  61.05  0.62  1  2  0.79
 2  78.06  0.21  1  2  0.79
 0  89.33  0.27  0  1  1.35
 1  86.10  0.71  0  0  1.27
 0  81.94  0.21  0  0  0.94
 1  77.47  0.61  0  1  2.26
 0  69.02  1.00  0  1  1.84
 2  72.67  0.46  1  2  1.48
 0  92.56  0.33  0  0  2.59
 2  92.56  0.33  1  2  1.36
 1  81.94  1.37  0  1  1.56
 3  78.06  1.37  1  3  1.18
 1  98.95  0.95  0  1  1.39
 0  72.67  0.46  0  0  1.56
 2  97.46  0.51  1  2  1.30
 0  97.46  0.51  0  1  1.73
 0  82.58  0.40  0  0  0.77
 0  77.42  0.40  0  0  0.78
 0  60.30  0.73  0  0  1.36
 2  64.69  1.16  1  2  1.77
 1  85.75  1.34  0  1  1.36
 2  70.67  0.27  1  2  1.48
 3  86.10  0.86  1  2  1.37
 0  61.05  0.62  0  0  2.27
 3  77.47  0.61  1  2  0.95
 1  98.95  0.62  0  0  1.79
 2  89.33  0.27  1  0  0.78
 3  82.58  1.17  1  3  1.06
 2  69.02  1.00  1  3  1.34
 3  85.75  1.34  1  3  1.23
 1  82.58  1.17  0  1  1.39
 1  77.47  0.96  0  1  4.61
 0  95.31  0.42  0  0  1.09
 0  74.25  0.23  0  0  0.74
 1  82.53  0.96  0  1  1.14
 1  82.53  0.61  0  0  1.78
 2  74.25  0.23  1  2  0.93
 1  86.10  0.86  0  1  1.83
 1  73.90  0.86  0  1  0.91
 3  87.33  1.11  1  3  1.11
 3  72.67  1.11  1  3  0.76
 0  70.67  1.30  0  1  0.86
 1  97.46  1.06  0  1  2.08
 2  87.33  0.46  1  2  1.28
 1  90.98  1.00  0  1  1.57
 3  98.95  0.62  1  3  3.98
 3  90.98  1.00  1  3  0.67
 2  67.44  1.24  1  2  0.86
 0  78.06  0.21  0  0  2.52
 3  89.33  1.30  1  3  1.10
 3  98.95  0.95  1  3  1.36
 2  77.42  0.40  1  2  2.53
 2  72.67  0.46  1  2  1.95
 1  78.06  1.37  0  0  3.80
 0  67.44  0.33  0  0  1.37
 0  67.44  1.24  0  1  0.96
 0  64.69  0.42  0  1  1.64
 3  82.58  1.17  1  3  1.09
 0  81.94  0.21  0  0  2.85
 0  85.75  0.23  0  0  0.70
 2  92.56  0.33  1  2  0.88
 2  67.05  0.86  1  2  1.77
 2  61.05  0.95  1  2  0.78
 0  61.05  0.62  0  0  1.24
 2  60.30  0.84  1  2  0.90
 1  92.95  0.71  0  1  2.53
 1  77.47  0.61  0  1  0.77
 1  82.53  0.96  0  1  0.68
 0  69.02  0.57  0  1  1.65
 0  70.67  1.30  0  1  1.87
 3  73.90  0.86  1  2  1.08
 0  62.54  1.06  0  0  1.93
 2  85.75  0.23  1  2  1.73
 1  92.95  0.86  0  1  3.19
 3  92.95  0.86  1  3  0.95
 1  89.33  1.30  0  1  1.35
 1  97.46  1.06  0  1  0.72
 3  98.95  0.62  1  2  1.26
 1  73.90  0.86  0  1  1.10
 1  92.56  1.24  0  1  1.75
 2  70.67  0.27  1  2  1.36
 0  69.02  1.00  0  0  1.18
 1  73.90  0.71  0  0  0.69
 1  86.10  0.86  0  1  0.66
 0  67.05  0.71  0  1  0.92
 3  99.70  0.73  1  3  0.77
 1  98.95  0.62  0  1  1.29
 3  72.67  1.11  1  2  0.84
 3  74.25  1.34  1  3  1.29
 1  82.58  1.17  0  1  0.99
 2  89.33  0.27  1  0  0.80
 0  78.06  0.21  0  0  1.71
 2  64.69  1.16  1  2  3.01
 1  87.33  1.11  0  1  1.85
 1  82.53  0.61  0  1  1.97
 3  92.56  1.24  1  3  1.51
 2  60.30  0.73  1  2  1.21
 0  61.05  0.95  0  0  1.13
 2  78.06  0.21  1  2  1.62
 2  64.69  0.42  1  2  0.84
 2  62.54  0.51  1  2  0.71
 0  95.31  0.42  0  0  1.62
 0  70.67  0.27  0  0  0.88
 1  85.75  1.34  0  1  0.85
 0  77.42  0.40  0  0  1.26
 1  90.98  1.00  0  3  1.82
 3  81.94  1.37  1  3  1.27
 2  87.33  0.46  1  2  1.64
 3  87.33  1.11  1  3  0.95
 0  62.54  0.51  0  0  1.22
 2  61.05  0.62  1  2  1.08
 2  82.58  0.40  1  3  1.06
 3  86.10  0.86  1  3  0.91
 1  77.42  1.17  0  1  3.04
 2  95.31  0.42  1  2  1.35
 3  98.95  0.95  1  3  1.20
 1  77.47  0.96  0  1  1.66
 0  60.30  0.73  0  0  1.17
 1  99.70  0.73  0  1  1.10
 0  72.67  0.46  0  1  0.82
 3  77.47  0.96  1  3  1.77
 3  73.90  0.71  1  3  0.99
 1  86.10  0.71  0  1  1.49
 1  95.31  1.16  0  1  0.71
 3  77.47  0.61  1  3  1.41
 1  81.94  1.37  0  1  1.42
 2  69.02  1.00  1  3  1.57
 1  72.67  1.11  0  1  1.98
 2  67.05  0.71  1  2  0.88
 3  97.46  1.06  1  3  0.78
 3  82.53  0.96  1  3  0.85
 3  77.42  1.17  1  3  0.73
 3  90.98  1.00  1  3  0.68
 2  69.02  0.57  1  2  1.08
 0  64.69  1.16  0  0  1.94
 2  74.25  0.23  1  0  1.03
 2  67.44  0.33  1  2  0.91
 0  74.25  0.23  0  0  1.37
 2  97.46  0.51  1  2  1.17
 1  99.70  0.84  0  3  1.03
 2  77.42  0.40  1  2  2.03
 1  90.98  0.57  0  1  2.74
 3  89.33  1.30  1  3  1.05
 3  78.06  1.37  1  3  0.91
 0  82.58  0.40  0  0  1.45
 0  87.33  0.46  0  0  0.93
 1  98.95  0.95  0  1  1.16
 0  92.56  0.33  0  0  0.74
 3  82.53  0.61  1  2  1.83
 0  97.46  0.51  0  3  0.85
 2  67.44  1.24  1  2  1.11
 0  67.05  0.86  0  0  0.98
 3  92.95  0.71  1  3  1.42
 3  86.10  0.71  1  3  2.16
 2  81.94  0.21  1  2  1.16
 3  90.98  0.57  1  3  2.14
 1  74.25  1.34  0  0  2.06
 2  70.67  1.30  1  2  1.12
 0  60.30  0.84  0  0  0.98
 2  62.54  1.06  1  2  0.80
 3  85.75  1.34  1  3  1.03
 0  89.33  0.27  0  0  2.11
 3  95.31  1.16  1  3  1.60
 3  99.70  0.84  1  3  0.74
 1  72.67  1.11  0  0  6.10
 0  64.69  1.16  0  0  0.61
 0  62.54  1.06  0  0  0.72
 3  90.98  0.57  1  2  1.55
 3  78.06  1.37  1  3  0.76
 3  89.33  1.30  1  3  0.63
 1  87.33  1.11  0  1  1.97
 2  95.31  0.42  1  2  1.10
 2  70.67  0.27  1  2  1.27
 1  77.42  1.17  0  1  1.21
 1  77.47  0.96  0  1  0.82
 2  89.33  0.27  1  2  0.86
 2  62.54  1.06  1  2  1.17
 3  99.70  0.73  1  3  0.86
 0  67.44  0.33  0  0  2.53
 0  72.67  0.46  0  0  0.80
 2  61.05  0.95  1  2  0.89
 1  92.95  0.71  0  1  1.44
 2  82.58  0.40  1  2  1.87
 3  99.70  0.84  1  3  1.00
 0  67.05  0.71  0  1  1.66
 1  73.90  0.86  0  0  1.11
 0  89.33  0.27  0  0  1.57
 2  67.44  1.24  1  2  1.64
 3  73.90  0.71  1  3  1.43
 0  74.25  0.23  0  0  1.71
 1  97.46  1.06  0  1  0.93
 0  67.05  0.86  0  0  0.82
 1  98.95  0.95  0  1  0.73
 3  72.67  1.11  1  3  1.09
 1  85.75  1.34  0  1  1.40
 2  67.44  0.33  1  2  1.66
 1  90.98  0.57  0  0  1.04
 2  85.75  0.23  1  2  1.21
 2  67.05  0.86  1  2  0.78
 3  85.75  1.34  1  3  1.07
 0  70.67  0.27  0  0  1.37
 1  74.25  1.34  0  1  1.03
 1  98.95  0.62  0  1  0.82
 0  78.06  0.21  0  1  0.68
 2  61.05  0.62  1  2  0.80
 1  99.70  0.73  0  1  1.69
 1  82.53  0.96  0  1  1.26
 1  82.58  1.17  0  1  0.97
 2  69.02  1.00  1  2  1.10
 1  82.53  0.61  0  1  1.45
 1  90.98  1.00  0  1  0.75
 2  64.69  0.42  1  2  0.94
 0  85.75  0.23  0  0  1.25
 0  82.58  0.40  0  0  0.97
 3  95.31  1.16  1  3  0.87
 2  92.56  0.33  1  2  0.89
 1  95.31  1.16  0  1  0.99
 1  81.94  1.37  0  1  0.78
 2  64.69  1.16  1  2  0.96
 2  62.54  0.51  1  2  0.77
 0  69.02  1.00  0  0  1.41
 3  92.95  0.71  1  3  1.45
 0  61.05  0.62  0  0  1.70
 3  86.10  0.71  1  3  1.34
 3  87.33  1.11  1  3  0.82
 0  60.30  0.84  0  0  1.26
 2  60.30  0.73  1  2  0.86
 0  92.56  0.33  0  0  2.21
 2  77.42  0.40  1  2  1.18
 2  87.33  0.46  1  2  1.38
 2  69.02  0.57  1  2  1.52
 1  99.70  0.84  0  1  1.20
 3  77.42  1.17  1  3  0.99
 3  77.47  0.61  1  3  0.90
 0  81.94  0.21  0  0  1.55
 3  92.56  1.24  1  3  0.84
 2  97.46  0.51  1  2  2.10
 0  70.67  1.30  0  0  2.07
 3  97.46  1.06  1  3  1.78
 3  92.95  0.86  1  3  1.17
 3  82.53  0.96  1  3  2.52
 1  92.95  0.86  0  1  1.17
 3  98.95  0.95  1  3  1.05
 0  69.02  0.57  0  0  1.82
 0  97.46  0.51  0  1  0.97
 3  86.10  0.86  1  3  2.02
 0  61.05  0.95  0  0  2.01
 2  78.06  0.21  1  2  1.27
 2  72.67  0.46  1  2  1.11
 2  60.30  0.84  1  2  0.83
 1  73.90  0.71  0  1  1.85
 1  92.56  1.24  0  1  0.84
 0  64.69  0.42  0  0  1.87
 2  74.25  0.23  1  2  0.87
 0  62.54  0.51  0  0  1.81
 3  77.47  0.96  1  3  1.72
 2  67.05  0.71  1  3  1.31
 0  95.31  0.42  0  0  2.84
 1  77.47  0.61  0  1  1.55
 1  86.10  0.71  0  1  0.77
 2  81.94  0.21  1  2  0.81
 3  82.58  1.17  1  3  0.84
 0  87.33  0.46  0  0  1.23
 3  81.94  1.37  1  3  1.45
 3  90.98  1.00  1  3  0.96
 3  73.90  0.86  1  3  0.89
 0  60.30  0.73  0  0  1.70
 3  98.95  0.62  1  2  2.29
 3  82.53  0.61  1  3  0.68
 0  67.44  1.24  0  1  2.55
 1  78.06  1.37  0  1  0.90
 2  70.67  1.30  1  2  1.50
 3  74.25  1.34  1  2  0.76
 1  86.10  0.86  0  1  2.01
 0  77.42  0.40  0  0  1.20
 1  89.33  1.30  0  1  1.49
 2  95.31  0.42  1  0  1.85
 2  92.56  0.33  1  2  0.77
 0  60.30  0.84  0  0  1.24
 0  70.67  0.27  0  0  2.21
 3  82.58  1.17  1  3  0.99
 0  95.31  0.42  0  0  1.88
 3  89.33  1.30  1  3  0.83
 3  82.53  0.61  1  3  1.29
 3  73.90  0.86  1  3  0.77
 0  69.02  0.57  0  1  2.64
 1  99.70  0.73  0  1  0.95
 1  82.53  0.96  0  1  1.64
 0  62.54  0.51  0  0  0.85
 3  74.25  1.34  1  3  2.24
 3  98.95  0.95  1  3  0.80
 0  67.44  1.24  0  0  1.06
 2  64.69  1.16  1  2  0.88
 2  72.67  0.46  1  2  1.19
 2  81.94  0.21  1  2  0.84
 0  64.69  1.16  0  0  1.35
 2  74.25  0.23  1  2  0.91
 0  70.67  1.30  0  0  1.72
 2  61.05  0.95  1  2  0.88
 1  86.10  0.71  0  1  1.85
 1  90.98  1.00  0  1  0.76
 1  99.70  0.84  0  1  0.68
 2  70.67  0.27  1  2  0.96
 1  95.31  1.16  0  1  1.46
 1  72.67  1.11  0  1  0.85
 0  62.54  1.06  0  0  0.74
 3  90.98  1.00  1  3  1.23
 1  98.95  0.62  0  1  1.00
 3  97.46  1.06  1  3  0.85
 2  78.06  0.21  1  2  0.83
 0  77.42  0.40  0  0  2.37
 3  92.95  0.71  1  3  1.55
 2  60.30  0.84  1  2  0.81
 2  67.05  0.86  1  2  0.82
 3  85.75  1.34  1  3  0.92
 1  92.95  0.71  0  1  1.00
 0  61.05  0.95  0  0  0.94
 0  92.56  0.33  0  0  1.21
 0  72.67  0.46  0  0  0.88
 0  81.94  0.21  0  0  0.87
 2  85.75  0.23  1  2  1.50
 2  89.33  0.27  1  2  0.52
 3  90.98  0.57  1  2  3.07
 3  87.33  1.11  1  3  0.60
 2  82.58  0.40  1  2  0.88
 0  97.46  0.51  0  0  1.83
 2  67.44  0.33  1  2  1.29
 1  73.90  0.86  0  1  1.25
 0  87.33  0.46  0  0  0.91
 3  72.67  1.11  1  3  1.42
 3  73.90  0.71  1  3  1.11
 0  64.69  0.42  0  0  1.29
 3  92.56  1.24  1  3  1.39
 0  61.05  0.62  0  0  0.98
 0  85.75  0.23  0  0  1.78
 0  67.05  0.86  0  1  1.15
 3  81.94  1.37  1  3  1.05
 2  61.05  0.62  1  2  0.73
 0  82.58  0.40  0  0  1.90
 1  82.53  0.61  0  0  1.22
 0  89.33  0.27  0  0  0.72
 3  82.53  0.96  1  3  0.98
 3  86.10  0.71  1  3  0.86
 2  97.46  0.51  1  3  0.63
 1  87.33  1.11  0  1  1.59
 1  77.47  0.61  0  0  2.07
 3  86.10  0.86  1  3  2.02
 1  85.75  1.34  0  1  0.98
 2  62.54  0.51  1  2  1.60
 2  69.02  1.00  1  3  1.01
 3  99.70  0.84  1  3  0.63
 2  67.44  1.24  1  2  0.95
 0  60.30  0.73  0  0  1.00
 1  73.90  0.71  0  1  0.91
 3  77.47  0.61  1  2  1.98
 0  78.06  0.21  0  0  1.86
 1  89.33  1.30  0  1  0.94
 1  81.94  1.37  0  1  0.69
 3  78.06  1.37  1  3  2.00
 3  98.95  0.62  1  3  0.85
 2  62.54  1.06  1  2  0.89
 3  77.42  1.17  1  3  1.34
 1  97.46  1.06  0  1  0.93
 0  74.25  0.23  0  0  0.83
 2  67.05  0.71  1  2  0.79
 3  99.70  0.73  1  3  0.79
 1  92.56  1.24  0  1  0.89
 1  98.95  0.95  0  1  0.70
 3  92.95  0.86  1  3  1.29
 0  67.44  0.33  0  0  1.64
 2  87.33  0.46  1  2  2.03
 3  77.47  0.96  1  2  1.46
 1  78.06  1.37  0  1  1.24
 2  60.30  0.73  1  2  1.20
 1  74.25  1.34  0  1  1.27
 2  64.69  0.42  1  2  2.11
 2  70.67  1.30  1  3  1.60
 0  69.02  1.00  0  0  2.81
 1  92.95  0.86  0  1  1.12
 1  77.47  0.96  0  1  0.80
 2  69.02  0.57  1  2  1.19
 1  82.58  1.17  0  1  1.16
 2  77.42  0.40  1  2  1.27
 1  86.10  0.86  0  1  1.47
 0  67.05  0.71  0  1  1.18
 1  90.98  0.57  0  1  0.91
 1  77.42  1.17  0  1  1.87
 3  95.31  1.16  1  3  1.19
