 0  60.30  0.84  0  0  7.57
 1  95.31  1.16  0  0  1.73
 2  61.05  0.62  1  0  0.72
 0  77.42  0.40  0  0  1.02
 1  87.33  1.11  0  0  0.87
 3  87.33  1.11  1  2  1.28
 3  92.95  0.86  1  3  0.85
 2  64.69  0.42  1  0  0.82
 0  69.02  0.57  0  0  0.83
 3  74.25  1.34  1  3  1.15
 1  85.75  1.34  0  0  2.34
 1  90.98  0.57  0  1  2.28
 1  73.90  0.71  0  1  0.65
 2  72.67  0.46  1  0  0.96
 3  77.47  0.61  1  2  0.54
 0  60.30  0.73  0  2  1.80
 0  61.05  0.62  0  0  0.53
 1  77.42  1.17  0  2  2.38
 3  90.98  1.00  1  3  1.66
 2  61.05  0.95  1  0  1.12
 2  92.56  0.33  1  1  2.27
 0  67.44  1.24  0  2  1.93
 2  85.75  0.23  1  2  2.31
 2  81.94  0.21  1  2  0.74
 3  78.06  1.37  1  3  2.00
 3  82.53  0.96  1  2  2.24
 1  72.67  1.11  0  3  3.27
 2  70.67  0.27  1  2  2.39
 1  92.95  0.71  0  1  1.41
 0  69.02  1.00  0  1  1.12
 2  97.46  0.51  1  2  2.07
 2  74.25  0.23  1  2  0.58
 1  98.95  0.95  0  3  6.46
 3  98.95  0.95  1  3  2.82
 3  85.75  1.34  1  3  1.65
 3  81.94  1.37  1  3  0.45
 0  82.58  0.40  0  1  1.45
 2  70.67  1.30  1  3  1.42
 2  95.31  0.42  1  2  1.59
 3  72.67  1.11  1  2  1.47
 0  97.46  0.51  0  1  1.14
 1  97.46  1.06  0  0  2.04
 0  67.05  0.71  0  0  0.94
 3  82.53  0.61  1  2  1.75
 0  67.05  0.86  0  0  2.41
 3  89.33  1.30  1  3  1.79
 3  77.47  0.96  1  3  2.05
 2  64.69  1.16  1  3  1.28
 2  67.05  0.71  1  2  1.53
 1  86.10  0.86  0  1  1.23
 1  90.98  1.00  0  1  0.89
 1  74.25  1.34  0  0  2.50
 0  64.69  0.42  0  0  1.02
 1  78.06  1.37  0  1  0.73
 0  72.67  0.46  0  0  1.70
 0  61.05  0.95  0  1  1.55
 1  86.10  0.71  0  1  1.78
 0  62.54  0.51  0  0  0.76
 2  62.54  1.06  1  3  4.12
 0  74.25  0.23  0  1  2.14
 1  92.95  0.86  0  1  1.77
 1  98.95  0.62  0  1  1.27
 1  99.70  0.84  0  1  0.77
 2  78.06  0.21  1  2  3.97
 2  67.05  0.86  1  2  1.92
 0  70.67  1.30  0  1  1.68
 0  87.33  0.46  0  1  2.85
 1  89.33  1.30  0  1  0.68
 2  67.44  1.24  1  3  3.87
 1  82.53  0.61  0  1  3.34
 1  92.56  1.24  0  3  2.64
 0  64.69  1.16  0  0  2.76
 0  85.75  0.23  0  0  2.30
 2  60.30  0.84  1  2  1.90
 2  69.02  1.00  1  2  1.36
 0  95.31  0.42  0  0  1.98
 3  97.46  1.06  1  3  1.34
 0  67.44  0.33  0  0  3.32
 1  77.47  0.61  0  1  2.18
 2  67.44  0.33  1  2  1.92
 2  82.58  0.40  1  3 12.61
 3  95.31  1.16  1  3  1.02
 2  89.33  0.27  1  2  0.66
 1  73.90  0.86  0  1  3.22
 0  78.06  0.21  0  0  2.52
 3  90.98  0.57  1  2  3.96
 0  81.94  0.21  0  1  2.57
 1  77.47  0.96  0  2  4.85
 0  89.33  0.27  0  1  1.68
 2  69.02  0.57  1  2  3.30
 1  81.94  1.37  0  0 11.58
 0  62.54  1.06  0  0  0.78
 2  60.30  0.73  1  2  1.18
 2  77.42  0.40  1  2 15.72
 3  92.56  1.24  1  3  0.64
 0  70.67  0.27  0  0  3.79
 1  82.53  0.96  0  1  0.98
 3  99.70  0.84  1  3  1.60
 3  86.10  0.86  1  3  0.68
 2  62.54  0.51  1  2  0.56
 2  87.33  0.46  1  2  1.53
 3  77.42  1.17  1  3  2.79
 3  86.10  0.71  1  3  1.83
 3  73.90  0.86  1  2  4.28
 3  73.90  0.71  1  3  0.68
 3  92.95  0.71  1  3  0.79
 3  99.70  0.73  1  3  0.62
 0  92.56  0.33  0  1  1.84
 1  82.58  1.17  0  1  1.21
 3  82.58  1.17  1  3  1.97
 1  99.70  0.73  0  1  6.07
 3  98.95  0.62  1  3  2.22
 3  82.53  0.61  1  2 16.27
 1  99.70  0.84  0  1  0.87
 2  64.69  1.16  1  0  2.25
 1  92.95  0.71  0  3  1.98
 2  61.05  0.62  1  2  2.63
 0  95.31  0.42  0  0  4.16
 2  67.44  1.24  1  3  3.36
 3  86.10  0.86  1  3  0.78
 0  81.94  0.21  0  0  2.81
 0  82.58  0.40  0  0  1.22
 3  95.31  1.16  1  3  1.76
 3  77.47  0.61  1  2  2.16
 0  69.02  0.57  0  0  2.50
 1  77.42  1.17  0  0  3.41
 2  67.05  0.86  1  2 13.34
 3  77.42  1.17  1  2  1.29
 2  62.54  1.06  1  2  0.92
 2  70.67  0.27  1  2  1.05
 1  92.56  1.24  0  1  2.32
 3  85.75  1.34  1  3  0.87
 3  87.33  1.11  1  3  1.30
 0  85.75  0.23  0  1  2.17
 0  70.67  1.30  0  1  2.87
 0  74.25  0.23  0  0  0.84
 1  89.33  1.30  0  1  0.67
 3  72.67  1.11  1  2  1.23
 0  61.05  0.95  0  0  2.14
 3  99.70  0.73  1  3  1.14
 1  81.94  1.37  0  0  2.46
 3  78.06  1.37  1  3  1.96
 1  82.53  0.96  0  1  3.61
 3  92.95  0.86  1  3  1.75
 0  89.33  0.27  0  0  2.42
 2  70.67  1.30  1  3  5.26
 3  82.53  0.96  1  2  2.64
 3  97.46  1.06  1  3  0.66
 0  67.05  0.71  0  0  1.28
 1  73.90  0.86  0  0  0.66
 2  87.33  0.46  1  2  1.34
 3  82.58  1.17  1  1 15.32
 1  95.31  1.16  0  1  1.45
 2  69.02  0.57  1  0  2.52
 0  61.05  0.62  0  0  0.89
 0  72.67  0.46  0  0  1.02
 2  60.30  0.84  1  2  1.17
 0  70.67  0.27  0  0  1.24
 3  99.70  0.84  1  3  0.65
 1  86.10  0.86  0  1  1.13
 3  86.10  0.71  1  3  0.97
 2  78.06  0.21  1  2  2.83
 1  74.25  1.34  0  1  2.73
 0  67.44  0.33  0  0  1.11
 0  67.44  1.24  0  1  2.32
 2  89.33  0.27  1  3  1.55
 1  97.46  1.06  0  1  3.08
 2  81.94  0.21  1  0 24.95
 3  92.95  0.71  1  3  1.43
 0  62.54  1.06  0  0  1.48
 3  92.56  1.24  1  3  1.31
 3  77.47  0.96  1  2  1.48
 0  87.33  0.46  0  1  1.91
 1  77.47  0.61  0  0  0.61
 0  97.46  0.51  0  1  1.75
 1  90.98  0.57  0  0  0.80
 1  98.95  0.62  0  0  1.35
 2  62.54  0.51  1  2  1.27
 2  97.46  0.51  1  2  1.10
 0  78.06  0.21  0  0  0.81
 2  85.75  0.23  1  2  1.03
 3  81.94  1.37  1  3  2.24
 1  99.70  0.73  0  1  2.02
 3  74.25  1.34  1  2  2.08
 2  95.31  0.42  1  2  2.09
 1  82.58  1.17  0  0  4.56
 0  64.69  0.42  0  0  0.60
 1  98.95  0.95  0  1  0.88
 2  77.42  0.40  1  2 41.19
 0  69.02  1.00  0  0  1.68
 1  78.06  1.37  0  1  0.81
 2  61.05  0.95  1  2  1.98
 0  92.56  0.33  0  0  1.89
 3  98.95  0.62  1  2  1.90
 1  82.53  0.61  0  1  1.67
 1  77.47  0.96  0  1  1.10
 2  92.56  0.33  1  2  1.58
 0  67.05  0.86  0  0  1.44
 3  98.95  0.95  1  3  1.25
 1  87.33  1.11  0  1  4.41
 3  90.98  1.00  1  3 40.76
 3  89.33  1.30  1  3  1.08
 1  72.67  1.11  0  1  1.43
 2  60.30  0.73  1  2  1.21
 2  74.25  0.23  1  2  0.83
 3  73.90  0.86  1  2  1.14
 2  69.02  1.00  1  3  0.55
 1  86.10  0.71  0  1  2.12
 0  62.54  0.51  0  0  0.81
 1  92.95  0.86  0  1  1.73
 3  90.98  0.57  1  3  4.01
 0  60.30  0.73  0  0  3.34
 2  72.67  0.46  1  2  3.82
 0  64.69  1.16  0  1  3.85
 2  82.58  0.40  1  2  1.21
 2  67.44  0.33  1  2  1.00
 1  85.75  1.34  0  3  1.17
 1  90.98  1.00  0  1  0.96
 2  67.05  0.71  1  2  1.57
 0  60.30  0.84  0  0  2.35
 3  73.90  0.71  1  2  1.69
 0  77.42  0.40  0  0  3.05
 2  64.69  0.42  1  2  7.92
 1  73.90  0.71  0  1 19.87
 1  98.95  0.62  0  3  2.38
 3  82.53  0.96  1  3  1.97
 3  92.56  1.24  1  3  0.79
 3  95.31  1.16  1  3  0.66
 3  97.46  1.06  1  3  0.52
 0  77.42  0.40  0  0  2.03
 0  67.44  1.24  0  0  3.22
 3  82.53  0.61  1  3  1.75
 1  97.46  1.06  0  1  0.85
 2  69.02  1.00  1  3  3.94
 2  62.54  1.06  1  2  0.68
 0  62.54  0.51  0  0  1.47
 1  99.70  0.84  0  1  0.79
 1  73.90  0.71  0  1  3.06
 1  78.06  1.37  0  1  1.22
 1  92.95  0.71  0  1  1.14
 1  92.95  0.86  0  1  0.59
 1  89.33  1.30  0  0  1.20
 3  92.95  0.86  1  3  1.34
 1  81.94  1.37  0  1  3.49
 2  64.69  0.42  1  2  0.98
 2  61.05  0.95  1  2  4.09
 1  82.53  0.96  0  1  1.24
 0  92.56  0.33  0  0  2.45
 3  77.47  0.61  1  2  3.08
 0  62.54  1.06  0  0  1.22
 2  92.56  0.33  1  2  5.91
 2  74.25  0.23  1  2  0.82
 0  95.31  0.42  0  0  3.63
 2  72.67  0.46  1  2  1.37
 2  81.94  0.21  1  2  0.75
 3  78.06  1.37  1  3  0.94
 2  95.31  0.42  1  2  1.28
 0  61.05  0.95  0  0  1.44
 1  90.98  1.00  0  1  0.99
 1  87.33  1.11  0  1  0.70
 0  69.02  1.00  0  1  1.68
 3  72.67  1.11  1  3  2.68
 0  70.67  0.27  0  0  1.86
 2  61.05  0.62  1  2  2.21
 0  89.33  0.27  0  0  1.80
 0  74.25  0.23  0  0  3.78
 2  82.58  0.40  1  2  1.23
 2  97.46  0.51  1  3  0.81
 1  86.10  0.86  0  1  0.91
 2  89.33  0.27  1  2  1.52
 2  67.44  1.24  1  2  2.29
 1  74.25  1.34  0  0  2.86
 0  64.69  1.16  0  0  0.94
 3  90.98  0.57  1  3  2.63
 1  77.47  0.61  0  1  1.63
 0  82.58  0.40  0  1  1.45
 1  77.42  1.17  0  1  2.10
 2  60.30  0.73  1  2  1.18
 2  67.44  0.33  1  2  0.71
 0  67.05  0.86  0  1  1.74
 0  70.67  1.30  0  0  2.71
 1  82.53  0.61  0  1  1.06
 3  82.58  1.17  1  3  3.35
 2  67.05  0.86  1  2  0.84
 3  85.75  1.34  1  3  1.52
 3  73.90  0.71  1  2  2.56
 3  98.95  0.62  1  3  1.67
 1  82.58  1.17  0  1  3.34
 3  86.10  0.71  1  3  6.23
 0  97.46  0.51  0  1  1.27
 3  98.95  0.95  1  3  1.19
 3  77.47  0.96  1  2  1.43
 1  77.47  0.96  0  1  1.92
 3  99.70  0.84  1  3  1.53
 0  67.44  0.33  0  2  1.05
 3  77.42  1.17  1  3  2.17
 0  72.67  0.46  0  0  2.36
 2  85.75  0.23  1  2  1.78
 3  74.25  1.34  1  0  2.76
 3  89.33  1.30  1  3  1.58
 3  92.95  0.71  1  3  1.26
 0  78.06  0.21  0  0  2.38
 2  70.67  0.27  1  2  1.07
 2  67.05  0.71  1  2  0.64
 1  90.98  0.57  0  1 11.29
 0  85.75  0.23  0  0  1.55
 1  92.56  1.24  0  1  1.81
 0  60.30  0.84  0  0  1.69
 1  72.67  1.11  0  1  1.22
 1  73.90  0.86  0  1  3.25
 2  69.02  0.57  1  2  3.19
 2  62.54  0.51  1  2  0.62
 0  60.30  0.73  0  0  1.01
 1  99.70  0.73  0  1  2.85
 3  87.33  1.11  1  3  0.92
 0  67.05  0.71  0  1  5.48
 2  87.33  0.46  1  2  1.51
 2  60.30  0.84  1  2  1.15
 3  99.70  0.73  1  3  1.95
 1  85.75  1.34  0  1  2.01
 3  81.94  1.37  1  3  2.72
 3  86.10  0.86  1  1 14.79
 3  90.98  1.00  1  3  0.73
 2  64.69  1.16  1  2  1.08
 1  95.31  1.16  0  1  1.11
 0  81.94  0.21  0  0  1.58
 2  70.67  1.30  1  2  5.06
 0  69.02  0.57  0  0  3.84
 0  61.05  0.62  0  0  1.17
 0  87.33  0.46  0  1  4.14
 3  73.90  0.86  1  3  3.65
 1  86.10  0.71  0  1  1.33
 2  77.42  0.40  1  2  2.35
 0  64.69  0.42  0  0  2.00
 2  78.06  0.21  1  2  3.97
 1  98.95  0.95  0  1  3.65
 1  78.06  1.37  0  1 11.44
 0  69.02  1.00  0  1  0.84
 1  86.10  0.86  0  1  0.92
 2  78.06  0.21  1  2  1.26
 1  73.90  0.86  0  1  1.05
 0  64.69  1.16  0  1  4.37
 3  74.25  1.34  1  3  1.62
 1  85.75  1.34  0  1  1.55
 2  64.69  1.16  1  2  2.35
 2  97.46  0.51  1  3 10.31
 0  72.67  0.46  0  0  1.66
 1  82.53  0.96  0  1  0.90
 3  77.42  1.17  1  3  7.51
 1  90.98  0.57  0  1  1.12
 3  82.53  0.96  1  3  0.86
 0  78.06  0.21  0  0  2.24
 1  92.95  0.71  0  1  0.80
 2  61.05  0.95  1  2  1.64
 3  82.53  0.61  1  2  5.72
 3  72.67  1.11  1  3  1.05
 2  92.56  0.33  1  2  1.11
 3  92.95  0.86  1  3  0.76
 1  90.98  1.00  0  1  0.81
 1  81.94  1.37  0  1  2.35
 0  92.56  0.33  0  1  1.29
 2  70.67  1.30  1  2  2.19
 2  60.30  0.73  1  2  0.65
 2  85.75  0.23  1  2  0.69
 1  86.10  0.71  0  3  0.77
 0  64.69  0.42  0  0  1.00
 2  69.02  1.00  1  2  1.64
 2  64.69  0.42  1  2  0.71
 1  89.33  1.30  0  1  0.85
 1  82.53  0.61  0  1  0.79
 3  82.58  1.17  1  3 20.01
 0  70.67  1.30  0  0  3.82
 2  89.33  0.27  1  2  2.62
 0  70.67  0.27  0  0  1.15
 2  82.58  0.40  1  2  1.50
 1  77.47  0.96  0  1  0.86
 2  72.67  0.46  1  2  2.42
 0  67.05  0.71  0  0  2.05
 2  70.67  0.27  1  2  0.92
 2  81.94  0.21  1  2 13.03
 2  62.54  1.06  1  2  1.75
 1  74.25  1.34  0  0  2.91
 3  98.95  0.62  1  3  2.12
 2  62.54  0.51  1  2  1.15
 3  92.56  1.24  1  3  2.78
 0  61.05  0.95  0  0  1.24
 3  78.06  1.37  1  3  2.25
 2  74.25  0.23  1  2  0.94
 0  60.30  0.84  0  0 31.10
 0  77.42  0.40  0  0 24.23
 3  87.33  1.11  1  3  1.49
 3  99.70  0.84  1  3  0.87
 1  97.46  1.06  0  1  0.70
 0  97.46  0.51  0  1  0.80
 0  67.05  0.86  0  0  1.56
 0  61.05  0.62  0  0  0.79
 3  81.94  1.37  1  2  1.96
 3  97.46  1.06  1  3  0.76
 0  89.33  0.27  0  0  5.78
 1  77.47  0.61  0  1  1.77
 3  99.70  0.73  1  3  1.27
 0  60.30  0.73  0  0  1.76
 3  95.31  1.16  1  3  1.00
 2  67.44  0.33  1  2  1.11
 1  77.42  1.17  0  1  2.57
 3  98.95  0.95  1  3  0.99
 0  95.31  0.42  0  1  1.11
 3  73.90  0.86  1  2  1.70
 0  82.58  0.40  0  0  4.70
 2  67.05  0.86  1  2  1.16
 2  69.02  0.57  1  2  7.74
 0  67.44  1.24  0  0  5.98
 2  67.44  1.24  1  2  0.99
 3  85.75  1.34  1  3  0.97
 1  98.95  0.95  0  1  1.10
 0  62.54  1.06  0  0  6.24
 2  60.30  0.84  1  2 16.86
 1  72.67  1.11  0  1  1.27
 3  90.98  1.00  1  3  7.21
 1  99.70  0.73  0  1  1.01
 3  86.10  0.71  1  3  1.58
 3  73.90  0.71  1  3  2.04
 0  69.02  0.57  0  0  2.02
 3  77.47  0.61  1  2  1.13
 1  92.95  0.86  0  1  1.18
 0  62.54  0.51  0  0  2.86
 0  87.33  0.46  0  0  1.34
 1  99.70  0.84  0  1  0.61
 0  85.75  0.23  0  0  0.79
 0  67.44  0.33  0  0  0.81
 1  82.58  1.17  0  1  0.61
 2  95.31  0.42  1  2  1.56
 3  86.10  0.86  1  3  0.81
 1  95.31  1.16  0  1  0.71
 3  77.47  0.96  1  3  1.26
 3  92.95  0.71  1  3  0.96
 0  74.25  0.23  0  0  0.99
 2  77.42  0.40  1  2  0.75
 2  87.33  0.46  1  2  0.75
 3  89.33  1.30  1  3  2.26
 2  67.05  0.71  1  2  0.86
 1  73.90  0.71  0  1  1.61
 1  98.95  0.62  0  1  0.66
 3  90.98  0.57  1  2  2.28
 0  81.94  0.21  0  0  1.02
 1  92.56  1.24  0  1  0.90
 2  61.05  0.62  1  2  0.79
 1  87.33  1.11  0  1  6.85
 2  81.94  0.21  1  2  7.93
 3  73.90  0.71  1  3  1.10
 2  95.31  0.42  1  2  2.81
 2  70.67  1.30  1  3  1.30
 0  60.30  0.73  0  0  1.75
 3  86.10  0.71  1  3  1.32
 2  89.33  0.27  1  2  0.72
 0  69.02  0.57  0  1  1.11
 3  92.95  0.71  1  3  1.42
 1  92.95  0.71  0  1  1.34
 1  98.95  0.62  0  1  0.73
 2  64.69  1.16  1  2  5.41
 3  89.33  1.30  1  3  0.76
 0  69.02  1.00  0  3 19.69
 0  67.44  0.33  0  0  1.96
 1  82.53  0.61  0  1  2.41
 0  70.67  1.30  0  1  3.85
 1  92.56  1.24  0  1  0.70
 2  62.54  1.06  1  2  1.71
 0  81.94  0.21  0  0  1.61
 0  62.54  0.51  0  0  8.62
 0  78.06  0.21  0  0  5.84
 2  70.67  0.27  1  2  0.86
 1  90.98  1.00  0  1  0.94
 1  85.75  1.34  0  1  0.74
 0  85.75  0.23  0  1  0.71
 3  77.47  0.61  1  2  1.43
 0  67.05  0.71  0  1  3.25
 3  99.70  0.73  1  3  1.15
 1  90.98  0.57  0  1  0.94
 0  64.69  1.16  0  0  1.36
 1  89.33  1.30  0  1  0.78
 0  74.25  0.23  0  0  1.02
 2  74.25  0.23  1  2  1.05
 0  64.69  0.42  0  0  0.85
 3  85.75  1.34  1  3  4.32
 0  61.05  0.95  0  0  3.90
 0  72.67  0.46  0  0 35.59
 3  86.10  0.86  1  3  1.50
 3  77.47  0.96  1  3  0.65
 2  87.33  0.46  1  2  1.45
 3  98.95  0.62  1  3  1.88
 3  73.90  0.86  1  3  1.05
 3  78.06  1.37  1  2  3.11
 0  62.54  1.06  0  0  1.12
 3  92.56  1.24  1  3  1.08
 2  97.46  0.51  1  2  8.04
 1  72.67  1.11  0  1  1.47
 2  72.67  0.46  1  2  1.04
 3  90.98  0.57  1  3  1.00
 3  72.67  1.11  1  3  1.38
 2  85.75  0.23  1  2  0.95
 0  87.33  0.46  0  1  2.13
 0  67.05  0.86  0  0  0.74
 1  82.58  1.17  0  1  0.60
 1  77.47  0.96  0  1  0.55
 1  73.90  0.71  0  1  1.48
 2  64.69  0.42  1  2  2.28
 2  62.54  0.51  1  2  0.55
 3  82.53  0.61  1  3  3.01
 0  82.58  0.40  0  0  8.97
 1  78.06  1.37  0  1  1.80
 3  98.95  0.95  1  3  1.04
 3  77.42  1.17  1  3 32.40
 1  77.47  0.61  0  1 11.24
 3  87.33  1.11  1  3  1.12
 2  82.58  0.40  1  2  2.94
 0  70.67  0.27  0  0  0.71
 1  92.95  0.86  0  1  0.70
 1  99.70  0.73  0  1  0.56
 2  60.30  0.84  1  2  1.09
 0  97.46  0.51  0  1  1.12
 1  97.46  1.06  0  1  0.54
 0  89.33  0.27  0  0  0.87
 2  67.44  1.24  1  2  1.63
 3  90.98  1.00  1  3  0.87
 1  81.94  1.37  0  1  7.50
 2  61.05  0.62  1  2  8.10
 2  69.02  0.57  1  2  1.29
 1  99.70  0.84  0  1  0.82
 1  73.90  0.86  0  1  0.72
 1  98.95  0.95  0  1  0.65
 3  95.31  1.16  1  3  8.40
 0  95.31  0.42  0  0  3.04
 2  60.30  0.73  1  2  1.17
 3  74.25  1.34  1  3  3.70
 1  86.10  0.71  0  1  0.97
 2  69.02  1.00  1  3  5.46
 0  77.42  0.40  0  0  2.64
 2  78.06  0.21  1  2  1.13
 1  74.25  1.34  0  1  3.45
 3  82.58  1.17  1  3  0.81
 3  92.95  0.86  1  3  1.02
 0  61.05  0.62  0  0  1.87
 0  92.56  0.33  0  0  0.88
 1  87.33  1.11  0  1  0.73
 3  82.53  0.96  1  3  0.92
 2  67.44  0.33  1  2  0.58
 2  67.05  0.71  1  2  1.18
 0  60.30  0.84  0  0  1.49
 2  61.05  0.95  1  2  1.21
 1  86.10  0.86  0  1  1.57
 0  67.44  1.24  0  0  1.05
 3  97.46  1.06  1  3  0.68
 2  92.56  0.33  1  2  0.82
 2  77.42  0.40  1  2  1.07
 1  82.53  0.96  0  1  1.02
 1  77.42  1.17  0  1  0.66
 1  95.31  1.16  0  1  0.54
 2  67.05  0.86  1  2  1.95
 3  81.94  1.37  1  3  1.39
 3  99.70  0.84  1  3  3.59
