 0  60.30  0.73  0  0  2.02
 1  70.67  1.30  0  0  0.91
 0  77.47  0.61  1  2  3.47
 3  81.94  1.37  1  2  2.80
 2  98.95  0.62  0  1  1.85
 1  77.47  0.96  1  0  1.09
 1  73.90  0.86  0  0  0.94
 3  92.95  0.86  0  2  4.23
 3  99.70  0.84  0  3  1.62
 0  74.25  0.23  1  2  1.93
 2  81.94  0.21  0  0  0.99
 1  74.25  1.34  1  1  4.62
 2  98.95  0.62  1  2  1.76
 1  62.54  1.06  0  0  1.58
 1  77.42  1.17  0  0  2.66
 3  95.31  1.16  1  1  1.03
 0  67.44  0.33  0  3  1.83
 3  89.33  1.30  0  0  3.50
 0  61.05  0.62  0  2  2.51
 1  67.05  0.86  0  0  0.99
 1  61.05  0.95  1  0  9.84
 0  70.67  0.27  0  3  4.54
 2  90.98  0.57  0  0  1.69
 0  77.42  0.40  1  2  2.29
 1  77.47  0.96  0  1  5.04
 1  74.25  1.34  0  3  3.08
 0  62.54  0.51  0  0  2.09
 3  97.46  1.06  0  1  3.01
 3  82.58  1.17  0  3  1.79
 1  69.02  1.00  1  2  2.26
 0  73.90  0.71  1  2  1.17
 0  70.67  0.27  1  0  0.81
 0  67.44  0.33  1  0  0.59
 2  95.31  0.42  0  0  0.74
 0  67.05  0.71  1  1  2.22
 2  99.70  0.73  0  3  1.71
 0  72.67  0.46  0  2  1.66
 2  90.98  0.57  1  2  0.79
 2  97.46  0.51  1  2  0.71
 1  78.06  1.37  1  3  3.00
 1  67.05  0.86  1  0  1.68
 1  72.67  1.11  1  1  1.42
 3  98.95  0.95  1  3  1.69
 1  60.30  0.84  0  1  1.34
 1  67.44  1.24  0  1  0.81
 0  73.90  0.71  0  3  0.91
 1  77.42  1.17  1  2  2.69
 3  82.58  1.17  1  1  0.84
 2  86.10  0.71  1  3  2.90
 3  90.98  1.00  1  2  2.79
 2  82.58  0.40  0  2  2.11
 1  70.67  1.30  1  1  1.73
 2  95.31  0.42  1  3  1.65
 0  77.42  0.40  0  2  1.58
 0  62.54  0.51  1  2  1.39
 0  64.69  0.42  0  0  1.01
 1  60.30  0.84  1  1  1.58
 2  81.94  0.21  1  2  4.48
 3  89.33  1.30  1  3  1.31
 3  99.70  0.84  1  3  1.05
 2  82.58  0.40  1  0  2.96
 0  64.69  0.42  1  0  0.75
 2  99.70  0.73  1  3  0.98
 3  95.31  1.16  0  3  2.37
 0  72.67  0.46  1  0  1.16
 3  81.94  1.37  0  3  1.86
 1  64.69  1.16  1  1  0.88
 2  92.95  0.71  0  2  2.02
 2  89.33  0.27  0  2  0.96
 1  73.90  0.86  1  0  2.55
 3  97.46  1.06  1  3  1.35
 0  74.25  0.23  0  0  1.31
 0  61.05  0.62  1  1  5.61
 0  78.06  0.21  1  0  1.23
 2  86.10  0.71  0  3  1.78
 3  92.56  1.24  0  3  0.95
 2  87.33  0.46  1  2  1.60
 0  67.05  0.71  0  0  1.06
 1  61.05  0.95  0  1  1.24
 0  69.02  0.57  1  1  0.90
 1  69.02  1.00  0  1  0.88
 3  85.75  1.34  0  3  1.09
 1  78.06  1.37  0  3  0.83
 0  78.06  0.21  0  2  2.05
 0  60.30  0.73  1  0  2.71
 3  82.53  0.96  0  3  2.34
 2  85.75  0.23  0  3  0.65
 3  82.53  0.96  1  1  3.40
 2  82.53  0.61  0  2  2.16
 2  82.53  0.61  1  2  0.78
 3  87.33  1.11  0  3  2.05
 1  72.67  1.11  0  1  1.59
 2  92.56  0.33  1  2  1.70
 2  92.56  0.33  0  2  1.04
 2  85.75  0.23  1  2  0.77
 3  90.98  1.00  0  3  1.20
 2  89.33  0.27  1  2  0.83
 1  64.69  1.16  0  1  1.78
 1  67.44  1.24  1  1  0.68
 3  86.10  0.86  1  3  2.88
 0  77.47  0.61  0  2  3.06
 0  69.02  0.57  0  0  0.82
 3  85.75  1.34  1  3  2.73
 2  97.46  0.51  0  3  0.93
 2  92.95  0.71  1  2  2.52
 3  87.33  1.11  1  1  2.32
 3  86.10  0.86  0  3  1.51
 3  92.56  1.24  1  3  3.61
 3  98.95  0.95  0  3  1.04
 2  87.33  0.46  0  2  1.05
 3  92.95  0.86  1  3  1.61
 1  62.54  1.06  1  1  2.08
 3  87.33  1.11  0  3  5.82
 1  77.47  0.96  1  3  0.82
 3  92.56  1.24  1  3  1.54
 2  81.94  0.21  0  2  1.93
 1  62.54  1.06  0  1  1.80
 1  64.69  1.16  1  1  1.21
 0  74.25  0.23  1  0  3.45
 3  82.53  0.96  0  3  1.44
 1  73.90  0.86  0  1  1.85
 0  77.42  0.40  0  2  1.41
 1  78.06  1.37  0  1  1.48
 2  87.33  0.46  1  2  1.52
 1  70.67  1.30  1  1  1.06
 3  86.10  0.86  0  3  1.31
 3  81.94  1.37  0  3  1.24
 2  92.95  0.71  0  3  0.84
 2  87.33  0.46  0  2  0.92
 2  90.98  0.57  0  2  0.96
 0  74.25  0.23  0  0  1.62
 2  92.56  0.33  0  2  1.17
 1  72.67  1.11  0  1  1.44
 3  97.46  1.06  0  3  1.41
 2  89.33  0.27  0  2  1.28
 1  60.30  0.84  0  1  1.52
 3  85.75  1.34  1  3  1.34
 3  95.31  1.16  1  3  0.66
 2  95.31  0.42  1  2  0.99
 2  82.53  0.61  0  0  1.62
 3  92.95  0.86  0  3  1.27
 2  85.75  0.23  0  2  0.95
 3  89.33  1.30  0  3  0.97
 3  81.94  1.37  1  1  5.15
 2  82.58  0.40  0  2  0.79
 1  61.05  0.95  0  1  2.90
 0  78.06  0.21  0  2  3.97
 0  67.44  0.33  0  0  0.74
 3  82.53  0.96  1  1  2.52
 0  60.30  0.73  0  0  3.93
 3  82.58  1.17  0  3  1.35
 2  99.70  0.73  0  3  1.12
 3  85.75  1.34  0  3  1.62
 3  97.46  1.06  1  3  0.87
 3  98.95  0.95  1  3  0.59
 1  72.67  1.11  1  1  2.49
 1  77.42  1.17  0  1  1.10
 1  67.44  1.24  1  1  0.85
 0  67.05  0.71  0  0  1.88
 1  67.44  1.24  0  1  0.98
 1  64.69  1.16  0  1  1.36
 0  69.02  0.57  1  0  1.38
 1  62.54  1.06  1  1  1.08
 0  72.67  0.46  1  2  3.05
 2  81.94  0.21  1  2  0.57
 3  92.56  1.24  0  3  0.87
 1  60.30  0.84  1  0  1.77
 3  82.58  1.17  1  3  1.16
 0  62.54  0.51  1  0  1.29
 2  97.46  0.51  1  2  1.10
 1  70.67  1.30  0  1  2.09
 0  60.30  0.73  1  0  0.98
 2  92.95  0.71  1  3 11.41
 2  98.95  0.62  0  3  0.85
 0  78.06  0.21  1  2  0.97
 1  73.90  0.86  1  1  1.99
 3  86.10  0.86  1  3  1.97
 0  77.47  0.61  0  2  2.31
 3  92.95  0.86  1  3  0.98
 2  95.31  0.42  0  2  0.88
 2  90.98  0.57  1  2  0.89
 1  61.05  0.95  1  1  1.95
 2  86.10  0.71  1  3  2.67
 2  92.56  0.33  1  2  0.68
 1  74.25  1.34  1  2  1.02
 0  61.05  0.62  0  0  4.57
 0  70.67  0.27  0  0  1.20
 3  98.95  0.95  0  3  1.17
 0  73.90  0.71  1  0  1.74
 0  64.69  0.42  0  0  0.74
 1  78.06  1.37  1  1  1.47
 1  77.42  1.17  1  1  0.89
 0  64.69  0.42  1  0  0.96
 0  67.05  0.71  1  0  1.51
 0  70.67  0.27  1  0  1.23
 2  86.10  0.71  0  3  2.46
 0  73.90  0.71  0  0  3.23
 3  90.98  1.00  0  3  1.11
 2  82.53  0.61  1  2  1.67
 0  77.47  0.61  1  0  1.37
 2  85.75  0.23  1  2  1.16
 2  89.33  0.27  1  2  0.66
 3  99.70  0.84  0  3  0.69
 2  97.46  0.51  0  2  0.96
 2  99.70  0.73  1  2  2.50
 3  87.33  1.11  1  3  2.88
 0  67.44  0.33  1  0  1.27
 1  74.25  1.34  0  1  0.92
 0  69.02  0.57  0  0  0.96
 1  67.05  0.86  1  0  5.16
 3  95.31  1.16  0  3  1.32
 2  98.95  0.62  1  2  1.16
 0  77.42  0.40  1  0  1.94
 0  72.67  0.46  0  0  0.75
 1  69.02  1.00  0  1  0.96
 1  77.47  0.96  0  1  1.44
 1  69.02  1.00  1  1  0.97
 3  89.33  1.30  1  3  1.21
 3  99.70  0.84  1  2  1.06
 2  82.58  0.40  1  0  2.38
 0  62.54  0.51  0  0  0.82
 3  90.98  1.00  1  3  1.26
 1  67.05  0.86  0  0  1.40
 0  61.05  0.62  1  0  0.90
 2  81.94  0.21  1  2  4.10
 1  77.42  1.17  0  1  1.91
 0  61.05  0.62  1  0  0.77
 1  77.47  0.96  0  1  2.43
 2  99.70  0.73  1  2  1.54
 0  67.44  0.33  0  0  0.89
 0  74.25  0.23  0  0  0.96
 1  67.05  0.86  0  1  1.39
 3  82.58  1.17  1  1  1.00
 3  87.33  1.11  0  3  1.00
 0  73.90  0.71  0  0  1.20
 3  97.46  1.06  0  3  1.37
 2  98.95  0.62  1  2  0.86
 0  62.54  0.51  1  0  0.67
 2  90.98  0.57  0  2  1.04
 2  89.33  0.27  0  2  0.75
 0  69.02  0.57  0  0  0.84
 3  85.75  1.34  0  3  1.16
 0  61.05  0.62  0  0  0.69
 3  81.94  1.37  1  1  1.63
 2  85.75  0.23  0  2  0.81
 2  92.95  0.71  0  2  1.07
 1  73.90  0.86  1  1  3.28
 1  64.69  1.16  1  1  0.88
 2  87.33  0.46  0  2  1.21
 0  64.69  0.42  0  0  0.68
 0  77.42  0.40  1  2  0.64
 1  61.05  0.95  1  1  1.17
 1  60.30  0.84  1  1  0.70
 0  64.69  0.42  1  0  0.94
 2  99.70  0.73  0  3  3.08
 3  92.95  0.86  0  3  1.18
 1  73.90  0.86  0  1  2.16
 3  89.33  1.30  1  1  2.13
 2  82.58  0.40  0  2  0.76
 2  85.75  0.23  1  2  0.92
 3  92.56  1.24  0  3  1.21
 1  61.05  0.95  0  1  1.69
 0  78.06  0.21  0  2  1.87
 2  97.46  0.51  1  2  1.12
 0  77.47  0.61  1  0  1.16
 1  67.44  1.24  0  1  1.12
 1  72.67  1.11  0  1  1.57
 3  81.94  1.37  0  3  1.56
 1  62.54  1.06  1  1  1.10
 3  99.70  0.84  0  3  1.17
 1  64.69  1.16  0  1  0.90
 1  77.42  1.17  1  1  2.27
 3  92.56  1.24  1  3  0.80
 3  95.31  1.16  1  3  0.67
 1  78.06  1.37  1  1  1.37
 1  70.67  1.30  1  1  0.63
 2  86.10  0.71  0  2  0.97
 0  70.67  0.27  1  0  1.08
 2  97.46  0.51  0  2  0.89
 3  89.33  1.30  0  3  0.86
 2  98.95  0.62  0  2  1.17
 3  99.70  0.84  1  3  1.17
 0  77.42  0.40  0  0  1.86
 0  67.05  0.71  1  0  0.91
 1  78.06  1.37  0  1  1.14
 2  89.33  0.27  1  2  1.78
 2  87.33  0.46  1  2  0.73
 0  74.25  0.23  1  0  0.92
 3  98.95  0.95  1  3  0.71
 0  67.05  0.71  0  0  1.45
 2  81.94  0.21  0  2  1.31
 2  86.10  0.71  1  3  3.81
 1  67.05  0.86  1  0  2.38
 3  86.10  0.86  1  3  1.50
 3  82.53  0.96  0  3  1.10
 2  95.31  0.42  1  2  0.79
 0  60.30  0.73  1  0  1.63
 0  70.67  0.27  0  0  0.74
 0  67.44  0.33  1  0  0.55
 3  87.33  1.11  1  1  1.34
 2  90.98  0.57  1  2  0.74
 3  97.46  1.06  1  3  1.44
 2  92.95  0.71  1  2  0.90
 0  72.67  0.46  1  0  0.97
 0  60.30  0.73  0  0  0.98
 1  60.30  0.84  0  0  0.85
 1  67.44  1.24  1  1  0.98
 3  92.95  0.86  1  3  2.16
 3  86.10  0.86  0  1  2.69
 3  82.58  1.17  0  3  1.22
 1  74.25  1.34  0  1  2.02
 3  95.31  1.16  0  3  1.13
 3  98.95  0.95  0  3  0.98
 0  77.47  0.61  0  0  2.12
 3  82.53  0.96  1  1  1.09
 3  90.98  1.00  0  3  0.97
 1  70.67  1.30  0  1  1.56
 1  69.02  1.00  1  1  0.77
 2  92.56  0.33  1  2  0.82
 0  69.02  0.57  1  0  0.89
 0  62.54  0.51  0  0  0.63
 0  72.67  0.46  0  0  0.74
 2  82.58  0.40  1  2  0.79
 1  77.47  0.96  1  1  1.52
 1  72.67  1.11  1  1  0.88
 2  82.53  0.61  0  2  1.22
 2  82.53  0.61  1  2  0.83
 2  92.56  0.33  0  2  0.68
 3  85.75  1.34  1  3  1.28
 1  62.54  1.06  0  1  1.09
 1  69.02  1.00  0  1  1.31
 2  95.31  0.42  0  2  0.78
 1  74.25  1.34  1  1  1.37
 0  73.90  0.71  1  2  4.58
 0  78.06  0.21  1  0  1.25
 3  90.98  1.00  1  3  1.53
 3  95.31  1.16  1  3  4.26
 0  70.67  0.27  1  0  1.24
 2  97.46  0.51  0  2  1.28
 3  90.98  1.00  0  3  0.91
 0  64.69  0.42  1  0  0.70
 3  98.95  0.95  1  3  1.57
 1  77.47  0.96  0  1  1.14
 2  86.10  0.71  0  2  1.65
 1  73.90  0.86  0  1  1.38
 3  81.94  1.37  0  1  1.44
 2  85.75  0.23  0  2  0.58
 1  70.67  1.30  1  1  0.96
 0  73.90  0.71  1  0  0.91
 2  82.58  0.40  0  2  1.79
 0  72.67  0.46  1  0  0.90
 2  90.98  0.57  0  2  1.07
 1  78.06  1.37  1  1  0.93
 0  69.02  0.57  0  0  0.66
 2  95.31  0.42  1  2  0.93
 2  95.31  0.42  0  2  2.56
 0  77.42  0.40  1  0  0.94
 1  78.06  1.37  0  1  0.73
 3  98.95  0.95  0  3  1.62
 3  97.46  1.06  1  3  1.28
 3  97.46  1.06  0  3  0.72
 3  85.75  1.34  0  1  1.60
 3  92.95  0.86  1  3  1.69
 2  92.56  0.33  1  2  0.83
 2  82.53  0.61  1  2  1.24
 2  92.95  0.71  1  3  2.14
 3  85.75  1.34  1  3  1.58
 1  67.44  1.24  1  1  0.90
 0  61.05  0.62  1  0  0.72
 2  89.33  0.27  0  2  0.77
 2  92.95  0.71  0  2  4.09
 1  62.54  1.06  1  1  0.87
 3  87.33  1.11  1  3  1.41
 2  90.98  0.57  1  2  0.63
 3  82.58  1.17  1  3  2.98
 1  72.67  1.11  1  1  1.20
 0  62.54  0.51  1  0  0.64
 1  69.02  1.00  1  1  0.89
 2  82.58  0.40  1  2  0.69
 3  89.33  1.30  0  3  1.00
 3  86.10  0.86  1  3  1.98
 1  60.30  0.84  0  0  1.00
 0  74.25  0.23  1  2  0.91
 3  82.58  1.17  0  1  2.92
 1  61.05  0.95  1  0  3.51
 0  67.44  0.33  1  0  1.49
 0  60.30  0.73  1  0  0.78
 0  69.02  0.57  1  2  1.49
 1  74.25  1.34  1  1  0.81
 1  67.44  1.24  0  1  0.61
 3  89.33  1.30  1  3  1.20
 1  64.69  1.16  0  1  0.87
 2  98.95  0.62  0  2  0.78
 3  99.70  0.84  0  3  1.44
 2  99.70  0.73  1  2  0.74
 0  72.67  0.46  0  0  1.53
 1  67.05  0.86  0  1  1.31
 1  70.67  1.30  0  1  0.68
 1  73.90  0.86  1  0  1.30
 2  97.46  0.51  1  2  1.05
 0  78.06  0.21  0  0  1.91
 2  87.33  0.46  1  2  0.85
 1  60.30  0.84  1  0  1.36
 2  86.10  0.71  1  3  1.12
 0  74.25  0.23  0  0  1.92
 1  72.67  1.11  0  1  1.57
 0  77.47  0.61  1  0  1.80
 0  62.54  0.51  0  0  0.72
 1  67.05  0.86  1  1  0.86
 1  77.42  1.17  1  3  1.78
 2  92.56  0.33  0  2  0.73
 0  60.30  0.73  0  0  1.07
 0  67.05  0.71  0  0  1.83
 1  64.69  1.16  1  1  0.60
 3  87.33  1.11  0  3  0.82
 0  77.42  0.40  0  2  0.65
 2  89.33  0.27  1  2  0.82
 1  62.54  1.06  0  1  0.94
 3  86.10  0.86  0  3  2.05
 2  85.75  0.23  1  2  0.67
 0  73.90  0.71  0  1  4.40
 3  92.56  1.24  1  3  1.37
 1  74.25  1.34  0  1  0.99
 2  87.33  0.46  0  2  0.73
 3  82.53  0.96  1  1  1.24
 1  69.02  1.00  0  1  1.14
 0  67.44  0.33  0  0  0.89
 1  61.05  0.95  0  1  1.17
 0  67.05  0.71  1  0  1.24
 0  64.69  0.42  0  0  0.72
 0  61.05  0.62  0  0  0.61
 0  78.06  0.21  1  2  0.91
 1  77.47  0.96  1  1  0.96
 0  77.47  0.61  0  2  1.39
 3  82.53  0.96  0  3  1.20
 2  81.94  0.21  0  2  0.84
 1  77.42  1.17  0  1  1.16
 2  99.70  0.73  0  2  1.21
 3  99.70  0.84  1  3  1.21
 3  92.56  1.24  0  3  1.33
 2  81.94  0.21  1  0  1.75
 2  82.53  0.61  0  2  0.95
 0  70.67  0.27  0  0  0.80
 3  92.95  0.86  0  3  1.37
 3  81.94  1.37  1  1  0.65
 2  98.95  0.62  1  2  0.72
 3  95.31  1.16  0  3  0.82
 3  90.98  1.00  1  3  1.35
 1  74.25  1.34  0  1  1.15
 3  90.98  1.00  0  3  1.04
 3  97.46  1.06  1  3  0.65
 0  62.54  0.51  0  0  0.72
 2  99.70  0.73  1  2  2.04
 1  67.05  0.86  1  1  1.47
 3  99.70  0.84  1  3  1.63
 0  67.44  0.33  0  0  0.64
 3  97.46  1.06  0  3  0.84
 1  64.69  1.16  0  1  0.86
 0  77.47  0.61  1  0  1.76
 3  95.31  1.16  1  3  0.87
 0  77.42  0.40  0  0  1.14
 3  86.10  0.86  0  3  3.85
 2  89.33  0.27  0  2  0.84
 2  99.70  0.73  0  2  1.21
 0  77.47  0.61  0  0  1.99
 1  62.54  1.06  1  1  1.10
 3  98.95  0.95  1  3  1.02
 1  61.05  0.95  0  1  4.68
 2  82.58  0.40  0  0  1.86
 3  95.31  1.16  0  3  0.65
 3  82.58  1.17  1  3  1.98
 2  85.75  0.23  1  2  0.77
 0  67.05  0.71  0  0  1.10
 1  64.69  1.16  1  1  0.86
 0  77.42  0.40  1  0  1.61
 0  73.90  0.71  0  0  1.12
 1  67.44  1.24  1  1  0.66
 0  72.67  0.46  0  0  0.97
 2  86.10  0.71  0  2  1.05
 1  61.05  0.95  1  1  1.37
 1  70.67  1.30  0  1  0.70
 1  78.06  1.37  0  1  0.99
 0  60.30  0.73  0  0  0.70
 1  77.42  1.17  1  3  2.02
 2  97.46  0.51  1  2  0.70
 1  60.30  0.84  1  1  2.59
 1  60.30  0.84  0  1  1.12
 0  62.54  0.51  1  0  0.64
 0  60.30  0.73  1  1  1.42
 1  74.25  1.34  1  1  0.86
 3  87.33  1.11  1  3  1.36
 2  87.33  0.46  1  2  0.56
 2  95.31  0.42  0  2  0.48
 3  92.56  1.24  1  3  1.01
 3  82.53  0.96  0  3  1.70
 3  90.98  1.00  1  3  0.66
 0  73.90  0.71  1  1  1.53
 2  90.98  0.57  0  2  1.35
 3  81.94  1.37  0  1  0.88
 0  70.67  0.27  1  0  0.95
 0  61.05  0.62  0  0  1.15
 1  77.47  0.96  0  3  2.07
 2  81.94  0.21  1  2  0.80
 1  69.02  1.00  1  1  0.83
 2  92.95  0.71  0  3  1.94
 2  86.10  0.71  1  3  2.14
 0  69.02  0.57  0  0  1.71
 2  81.94  0.21  0  2  1.11
 1  69.02  1.00  0  1  0.70
 0  67.44  0.33  1  0  0.97
 0  64.69  0.42  1  0  0.58
 2  95.31  0.42  1  2  0.82
 0  74.25  0.23  0  0  0.77
 2  82.58  0.40  1  2  2.02
 3  86.10  0.86  1  3  1.00
 3  82.53  0.96  1  3  0.90
 2  85.75  0.23  0  2  0.66
 3  98.95  0.95  0  3  0.52
 2  82.53  0.61  1  2  1.78
 0  78.06  0.21  1  2  0.59
 1  72.67  1.11  0  1  0.60
 1  73.90  0.86  1  1  0.87
 3  85.75  1.34  1  1  0.88
 0  70.67  0.27  0  0  1.19
 1  67.44  1.24  0  1  0.63
 3  89.33  1.30  0  3  1.98
 1  77.42  1.17  0  1  0.67
 0  69.02  0.57  1  0  0.73
 1  67.05  0.86  0  1  1.23
 3  81.94  1.37  1  3  1.56
 2  89.33  0.27  1  2  0.74
 0  72.67  0.46  1  0  1.32
 1  62.54  1.06  0  1  0.93
 2  97.46  0.51  0  2  0.65
 0  74.25  0.23  1  0  0.79
 0  64.69  0.42  0  0  0.53
 0  61.05  0.62  1  0  0.63
 1  72.67  1.11  1  1  0.63
 3  82.58  1.17  0  3  0.98
 2  87.33  0.46  0  2  0.68
 1  78.06  1.37  1  1  0.86
 0  67.05  0.71  1  0  0.74
 1  70.67  1.30  1  1  0.63
 0  78.06  0.21  0  2  0.69
 3  87.33  1.11  0  3  1.13
 2  98.95  0.62  1  2  0.76
 3  89.33  1.30  1  3  1.18
 2  82.53  0.61  0  2  0.84
 1  77.47  0.96  1  1  1.96
 2  90.98  0.57  1  2  1.22
 3  99.70  0.84  0  3  1.29
 2  92.56  0.33  1  2  0.63
 3  92.95  0.86  0  3  0.67
 3  92.95  0.86  1  3  0.73
 3  92.56  1.24  0  3  0.75
 3  85.75  1.34  0  3  1.29
 2  92.95  0.71  1  3  3.01
 1  73.90  0.86  0  0  2.89
 2  92.56  0.33  0  2  0.88
 2  98.95  0.62  0  2  1.71
