 0  92.56  1.24  0  0  1.12
 1  85.75  0.23  0  1  1.14
 0  73.90  0.86  0  2  1.87
 1  61.05  0.62  0  0  0.92
 1  72.67  0.46  0  1  0.68
 1  77.42  0.40  0  0  2.74
 1  67.05  0.71  0  1  0.72
 3  60.30  0.73  1  2  1.98
 2  73.90  0.71  1  3  1.14
 0  97.46  1.06  0  2  0.86
 3  97.46  0.51  1  3  2.26
 1  81.94  0.21  0  0  1.49
 3  85.75  0.23  1  1  0.68
 2  86.10  0.86  1  2  1.78
 2  87.33  1.11  1  2  0.59
 3  60.30  0.84  1  2  0.78
 2  90.98  0.57  1  3  1.23
 1  82.58  0.40  0  0  2.25
 3  64.69  1.16  1  2  1.34
 0  87.33  1.11  0  1  0.94
 0  99.70  0.73  0  1  0.82
 3  95.31  0.42  1  3  1.58
 2  99.70  0.84  1  3  0.48
 1  60.30  0.84  0  0  1.34
 1  70.67  0.27  0  1  1.75
 2  89.33  1.30  1  2  0.97
 3  89.33  0.27  1  3  0.98
 2  92.56  1.24  1  2  0.73
 2  95.31  1.16  1  2  1.25
 0  90.98  0.57  0  1  0.85
 1  60.30  0.73  0  1  0.83
 3  70.67  0.27  1  3  0.82
 1  61.05  0.95  0  1  0.83
 0  81.94  1.37  0  0  0.76
 1  95.31  0.42  0  1  0.91
 2  98.95  0.95  1  2  3.90
 0  92.95  0.71  0  1  2.33
 2  73.90  0.86  1  0  1.20
 2  81.94  1.37  1  2  0.81
 2  86.10  0.71  1  3  1.22
 3  78.06  0.21  1  3  0.71
 0  74.25  1.34  0  0  2.81
 1  89.33  0.27  0  1  0.59
 3  64.69  0.42  1  2  1.03
 0  82.58  1.17  0  0  1.14
 2  82.53  0.96  1  2  1.58
 1  67.05  0.86  0  1  3.08
 1  74.25  0.23  0  1  0.60
 2  77.42  1.17  1  2  1.16
 3  81.94  0.21  1  3  0.57
 0  86.10  0.86  0  1  1.34
 1  70.67  1.30  0  0  1.79
 1  69.02  0.57  0  1  0.72
 0  85.75  1.34  0  0  0.57
 3  67.44  0.33  1  3  1.14
 1  78.06  0.21  0  1  1.08
 2  90.98  1.00  1  3  0.61
 1  67.44  0.33  0  1  1.26
 0  77.42  1.17  0  0  1.09
 0  77.47  0.61  0  1  0.68
 0  98.95  0.95  0  1  0.72
 1  62.54  0.51  0  1  0.82
 0  78.06  1.37  0  0  0.64
 1  87.33  0.46  0  1  0.53
 2  98.95  0.62  1  3  0.77
 2  92.95  0.86  1  2  1.31
 0  72.67  1.11  0  0  1.82
 3  92.56  0.33  1  3  0.66
 3  74.25  0.23  1  3  0.57
 3  61.05  0.95  1  3  0.79
 1  92.56  0.33  0  1  0.66
 0  82.53  0.96  0  0  1.08
 3  61.05  0.62  1  3  1.11
 1  97.46  0.51  0  1  0.82
 2  72.67  1.11  1  2  1.20
 3  69.02  1.00  1  2  0.75
 3  72.67  0.46  1  3  0.56
 3  62.54  1.06  1  3  0.91
 2  99.70  0.73  1  3  0.86
 0  98.95  0.62  0  1  1.25
 0  90.98  1.00  0  0  1.02
 0  73.90  0.71  0  0  0.42
 3  82.58  0.40  1  3  0.76
 1  69.02  1.00  0  1  1.00
 0  89.33  1.30  0  0  0.76
 0  82.53  0.61  0  1  0.61
 3  67.44  1.24  1  2  2.81
 2  82.53  0.61  1  3  0.81
 0  99.70  0.84  0  0  2.14
 2  97.46  1.06  1  3  1.36
 2  85.75  1.34  1  2  1.04
 3  69.02  0.57  1  3  0.83
 1  64.69  0.42  0  1  0.88
 2  78.06  1.37  1  0  0.70
 0  95.31  1.16  0  0  1.12
 2  77.47  0.96  1  2  1.04
 0  92.95  0.86  0  1  1.05
 3  67.05  0.86  1  3  3.24
 2  92.95  0.71  1  3  0.66
 3  62.54  0.51  1  3  1.22
 0  77.47  0.96  0  1  1.85
 3  70.67  1.30  1  2  1.34
 3  77.42  0.40  1  3  0.59
 3  67.05  0.71  1  3  0.57
 2  82.58  1.17  1  2  1.75
 1  67.44  1.24  0  1  1.88
 2  77.47  0.61  1  3  0.78
 1  64.69  1.16  0  3  0.80
 0  86.10  0.71  0  1  0.96
 2  74.25  1.34  1  1  1.41
 3  87.33  0.46  1  3  1.15
 1  62.54  1.06  0  1  1.76
 2  86.10  0.71  1  3  3.88
 0  92.95  0.71  0  1  0.89
 3  70.67  0.27  1  3  0.70
 2  92.56  1.24  1  0  2.05
 0  82.53  0.61  0  1  0.72
 3  61.05  0.62  1  3  0.83
 3  61.05  0.95  1  3  0.91
 2  78.06  1.37  1  2  0.97
 0  86.10  0.86  0  0  1.47
 3  62.54  0.51  1  3  0.72
 0  77.47  0.61  0  0  1.23
 1  60.30  0.73  0  1  0.77
 0  92.95  0.86  0  0  1.10
 3  89.33  0.27  1  3  0.71
 2  81.94  1.37  1  0  1.27
 0  99.70  0.73  0  0  1.21
 0  92.56  1.24  0  0  0.83
 2  90.98  0.57  1  3  0.55
 3  67.44  1.24  1  2  1.65
 0  90.98  0.57  0  1  1.67
 3  62.54  1.06  1  3  1.88
 2  97.46  1.06  1  2  1.53
 2  95.31  1.16  1  2  0.65
 1  70.67  0.27  0  1  1.16
 1  62.54  0.51  0  1  0.75
 0  77.42  1.17  0  0  0.61
 0  82.53  0.96  0  0  0.48
 3  87.33  0.46  1  3  1.02
 3  67.05  0.86  1  3  2.97
 0  78.06  1.37  0  0  1.42
 1  78.06  0.21  0  1  1.27
 0  98.95  0.95  0  0  1.02
 0  97.46  1.06  0  0  1.24
 0  86.10  0.71  0  1  0.70
 2  73.90  0.71  1  2  1.71
 1  74.25  0.23  0  1  1.34
 1  60.30  0.84  0  1  0.87
 0  87.33  1.11  0  0  1.65
 3  69.02  1.00  1  1  0.83
 2  82.53  0.96  1  3  0.64
 1  92.56  0.33  0  1  0.86
 3  60.30  0.84  1  1  0.91
 3  77.42  0.40  1  3  0.70
 3  64.69  0.42  1  3  0.82
 1  61.05  0.62  0  1  0.89
 1  67.05  0.86  0  1  0.53
 2  98.95  0.62  1  3  0.91
 1  81.94  0.21  0  1  0.86
 1  67.44  0.33  0  1  1.15
 1  67.44  1.24  0  0  0.85
 1  69.02  1.00  0  1  0.59
 0  85.75  1.34  0  0  0.85
 1  85.75  0.23  0  1  0.76
 2  98.95  0.95  1  2  1.11
 0  90.98  1.00  0  1  0.94
 2  87.33  1.11  1  0  0.61
 0  82.58  1.17  0  0  0.84
 3  92.56  0.33  1  3  0.77
 1  62.54  1.06  0  1  1.28
 1  89.33  0.27  0  1  2.16
 1  64.69  1.16  0  1  1.08
 2  77.47  0.96  1  2  2.88
 3  70.67  1.30  1  3  0.87
 3  85.75  0.23  1  3  0.77
 0  99.70  0.84  0  1  1.16
 1  67.05  0.71  0  1  0.67
 3  97.46  0.51  1  3  2.36
 2  77.42  1.17  1  3  2.67
 1  61.05  0.95  0  1  0.93
 0  73.90  0.71  0  1  0.48
 2  82.53  0.61  1  2  1.47
 3  72.67  0.46  1  2  0.73
 0  74.25  1.34  0  0  2.04
 2  99.70  0.84  1  2  1.69
 1  77.42  0.40  0  1  1.32
 0  95.31  1.16  0  0  0.69
 0  73.90  0.86  0  1  1.72
 0  77.47  0.96  0  0  0.82
 1  97.46  0.51  0  1  0.85
 0  81.94  1.37  0  0  1.48
 2  92.95  0.71  1  3  1.63
 1  69.02  0.57  0  1  1.47
 3  78.06  0.21  1  3  1.27
 3  67.05  0.71  1  2  1.53
 3  95.31  0.42  1  3  0.63
 1  70.67  1.30  0  0  1.57
 3  74.25  0.23  1  3  1.39
 2  74.25  1.34  1  0  1.75
 3  67.44  0.33  1  3  1.29
 2  90.98  1.00  1  2  2.03
 3  82.58  0.40  1  3  0.76
 2  82.58  1.17  1  2  2.00
 3  81.94  0.21  1  3  0.60
 2  73.90  0.86  1  2  1.57
 2  86.10  0.86  1  3  1.62
 0  98.95  0.62  0  1  1.77
 2  77.47  0.61  1  2  2.37
 2  85.75  1.34  1  2  1.48
 2  72.67  1.11  1  2  1.65
 1  87.33  0.46  0  1  1.43
 0  72.67  1.11  0  1  2.17
 1  72.67  0.46  0  1  1.49
 2  99.70  0.73  1  3  2.68
 3  64.69  1.16  1  3  1.79
 2  92.95  0.86  1  2  1.46
 3  69.02  0.57  1  3  1.67
 1  95.31  0.42  0  1  2.58
 1  64.69  0.42  0  1  0.97
 0  89.33  1.30  0  0  2.03
 1  82.58  0.40  0  1  0.85
 2  89.33  1.30  1  2  3.24
 3  60.30  0.73  1  3  0.87
 2  72.67  1.11  1  2  2.01
 0  95.31  1.16  0  1  2.11
 2  77.47  0.61  1  2  1.91
 0  90.98  0.57  0  1  1.01
 1  61.05  0.62  0  1  0.74
 1  72.67  0.46  0  1  1.90
 3  92.56  0.33  1  1  0.67
 2  99.70  0.84  1  2  1.45
 0  73.90  0.86  0  0  1.75
 1  62.54  0.51  0  2  1.38
 3  70.67  0.27  1  3  1.88
 1  70.67  0.27  0  1  0.79
 0  87.33  1.11  0  0  1.30
 0  92.95  0.86  0  1  0.77
 1  67.44  1.24  0  1  1.67
 1  82.58  0.40  0  1  1.18
 1  64.69  1.16  0  1  1.03
 2  81.94  1.37  1  2  1.21
 3  89.33  0.27  1  3  0.50
 1  67.05  0.71  0  1  1.62
 0  82.58  1.17  0  0  1.96
 2  74.25  1.34  1  2  1.05
 3  72.67  0.46  1  3  1.09
 2  90.98  1.00  1  2  1.32
 2  82.58  1.17  1  2  1.19
 1  69.02  0.57  0  1  0.70
 3  74.25  0.23  1  3  0.61
 1  64.69  0.42  0  1  0.86
 0  92.56  1.24  0  0  1.28
 3  61.05  0.62  1  3  0.89
 3  62.54  1.06  1  3  0.87
 2  85.75  1.34  1  2  0.84
 3  62.54  0.51  1  3  0.69
 3  67.44  1.24  1  3  1.19
 0  86.10  0.86  0  0  1.33
 3  70.67  1.30  1  3  1.55
 3  64.69  0.42  1  3  1.20
 2  77.42  1.17  1  3  0.97
 1  85.75  0.23  0  1  0.78
 1  95.31  0.42  0  1  0.82
 3  78.06  0.21  1  3  0.90
 0  81.94  1.37  0  0  1.78
 1  78.06  0.21  0  1  0.67
 1  67.44  0.33  0  1  1.26
 1  61.05  0.95  0  1  1.53
 3  69.02  0.57  1  3  1.06
 3  60.30  0.84  1  3  0.58
 2  90.98  0.57  1  3  1.19
 0  86.10  0.71  0  0  1.22
 2  89.33  1.30  1  3  2.02
 2  92.95  0.86  1  2  1.02
 0  99.70  0.73  0  0  0.75
 2  92.95  0.71  1  2  1.40
 2  78.06  1.37  1  2  1.21
 0  82.53  0.61  0  0  0.79
 1  92.56  0.33  0  1  0.53
 3  81.94  0.21  1  3  0.59
 1  67.05  0.86  0  1  1.34
 0  72.67  1.11  0  1  1.26
 2  97.46  1.06  1  2  1.72
 1  74.25  0.23  0  1  0.94
 2  82.53  0.61  1  2  1.68
 2  95.31  1.16  1  0  0.83
 2  98.95  0.95  1  2  0.94
 0  90.98  1.00  0  0  0.64
 0  89.33  1.30  0  0  0.84
 2  87.33  1.11  1  0  0.52
 1  70.67  1.30  0  1  0.84
 1  60.30  0.73  0  1  0.78
 2  99.70  0.73  1  3  0.85
 3  69.02  1.00  1  3  0.66
 3  77.42  0.40  1  3  0.64
 1  62.54  1.06  0  1  1.88
 3  67.05  0.86  1  3  2.74
 0  82.53  0.96  0  1  1.04
 3  85.75  0.23  1  3  0.72
 0  85.75  1.34  0  0  2.16
 2  73.90  0.71  1  2  1.28
 0  98.95  0.95  0  1  0.82
 2  86.10  0.71  1  2  1.19
 0  99.70  0.84  0  0  1.13
 3  82.58  0.40  1  3  1.57
 1  81.94  0.21  0  3  0.68
 2  92.56  1.24  1  2  1.28
 1  69.02  1.00  0  1  0.78
 0  74.25  1.34  0  0  1.00
 0  77.42  1.17  0  0  0.74
 0  97.46  1.06  0  0  1.25
 2  73.90  0.86  1  3  0.88
 3  67.05  0.71  1  2  0.50
 3  64.69  1.16  1  2  1.38
 2  98.95  0.62  1  3  0.73
 3  97.46  0.51  1  2  1.14
 3  61.05  0.95  1  3  1.07
 1  87.33  0.46  0  0  1.58
 3  95.31  0.42  1  1  0.62
 1  60.30  0.84  0  1  1.36
 3  60.30  0.73  1  3  1.19
 2  86.10  0.86  1  2  1.25
 3  67.44  0.33  1  3  2.21
 0  77.47  0.61  0  0  1.99
 2  77.47  0.96  1  2  1.64
 1  89.33  0.27  0  1  0.82
 0  73.90  0.71  0  0  1.30
 0  77.47  0.96  0  0  0.66
 1  97.46  0.51  0  1  1.24
 0  78.06  1.37  0  0  0.85
 3  87.33  0.46  1  2  1.08
 2  82.53  0.96  1  2  0.83
 1  77.42  0.40  0  1  1.07
 0  98.95  0.62  0  1  0.75
 0  92.95  0.71  0  0  0.87
 3  78.06  0.21  1  3  2.20
 2  78.06  1.37  1  2  1.67
 2  90.98  0.57  1  3  1.92
 0  81.94  1.37  0  0  0.81
 1  64.69  0.42  0  1  0.98
 3  74.25  0.23  1  3  2.06
 3  97.46  0.51  1  3  2.46
 0  98.95  0.95  0  1  5.06
 2  92.95  0.71  1  2  1.82
 0  77.47  0.96  0  0  6.11
 0  92.95  0.86  0  1  1.59
 1  87.33  0.46  0  1  1.01
 1  72.67  0.46  0  1  1.31
 2  81.94  1.37  1  2  1.75
 3  77.42  0.40  1  3  2.38
 0  73.90  0.86  0  1  3.55
 2  74.25  1.34  1  2  1.11
 2  98.95  0.95  1  2  1.39
 3  60.30  0.73  1  3  0.75
 0  77.47  0.61  0  0  1.50
 3  72.67  0.46  1  0  0.62
 2  86.10  0.71  1  3  1.18
 1  62.54  1.06  0  1  1.37
 1  81.94  0.21  0  1  1.00
 3  70.67  1.30  1  2  3.24
 0  97.46  1.06  0  0  2.19
 0  87.33  1.11  0  0  0.65
 0  95.31  1.16  0  0  0.71
 2  73.90  0.71  1  2  3.16
 1  74.25  0.23  0  1  1.33
 2  87.33  1.11  1  2  3.62
 2  77.42  1.17  1  2  0.85
 3  60.30  0.84  1  3  0.79
 2  85.75  1.34  1  2  0.86
 1  69.02  0.57  0  1  2.06
 1  95.31  0.42  0  1  0.85
 3  89.33  0.27  1  3  1.08
 2  77.47  0.61  1  2  1.12
 0  99.70  0.73  0  0  2.11
 0  82.58  1.17  0  0  1.63
 0  86.10  0.86  0  0  0.86
 3  92.56  0.33  1  3  1.35
 1  64.69  1.16  0  1  1.97
 0  72.67  1.11  0  1  1.06
 3  64.69  1.16  1  3  1.23
 2  99.70  0.73  1  2  1.15
 1  82.58  0.40  0  1  1.05
 3  64.69  0.42  1  3  2.04
 1  70.67  0.27  0  1  1.04
 3  81.94  0.21  1  3  1.13
 3  67.44  0.33  1  3  0.82
 1  69.02  1.00  0  1  1.11
 2  97.46  1.06  1  2  2.27
 1  85.75  0.23  0  1  0.97
 1  61.05  0.95  0  1  0.75
 1  67.05  0.86  0  1  0.70
 1  70.67  1.30  0  0  0.65
 0  99.70  0.84  0  0  1.15
 2  92.56  1.24  1  2  1.73
 1  77.42  0.40  0  1  1.89
 3  95.31  0.42  1  3  1.11
 1  89.33  0.27  0  1  1.28
 1  67.44  0.33  0  1  0.84
 0  90.98  0.57  0  0  1.20
 3  67.44  1.24  1  3  3.39
 2  95.31  1.16  1  2  1.05
 1  67.05  0.71  0  1  1.40
 0  73.90  0.71  0  1  0.90
 3  87.33  0.46  1  3  1.78
 3  69.02  1.00  1  3  2.03
 1  62.54  0.51  0  1  0.95
 2  77.47  0.96  1  2  3.29
 2  92.95  0.86  1  2  1.56
 0  85.75  1.34  0  0  2.12
 1  97.46  0.51  0  1  0.55
 3  82.58  0.40  1  2  2.48
 2  82.53  0.96  1  2  0.82
 2  82.58  1.17  1  2  0.72
 0  82.53  0.61  0  1  1.02
 0  90.98  1.00  0  0  1.73
 1  92.56  0.33  0  1  0.63
 3  85.75  0.23  1  3  1.42
 1  61.05  0.62  0  1  3.60
 0  82.53  0.96  0  0  4.06
 3  69.02  0.57  1  2  3.13
 2  98.95  0.62  1  2  1.29
 1  78.06  0.21  0  1  0.95
 0  77.42  1.17  0  0  1.15
 2  72.67  1.11  1  2  0.97
 3  70.67  0.27  1  3  0.79
 2  89.33  1.30  1  2  0.69
 0  92.56  1.24  0  0  3.40
 3  67.05  0.71  1  3  2.90
 1  60.30  0.73  0  0  1.14
 0  78.06  1.37  0  0  0.66
 0  89.33  1.30  0  0  1.30
 2  90.98  1.00  1  2  0.96
 2  82.53  0.61  1  3  0.71
 3  62.54  0.51  1  3  1.21
 0  92.95  0.71  0  1  0.87
 2  99.70  0.84  1  2  1.11
 1  67.44  1.24  0  1  0.96
 0  74.25  1.34  0  0  1.82
 3  61.05  0.62  1  3  1.47
 3  62.54  1.06  1  3  1.47
 2  73.90  0.86  1  2  1.57
 0  86.10  0.71  0  1  0.79
 2  86.10  0.86  1  2  1.08
 1  60.30  0.84  0  1  1.52
 0  98.95  0.62  0  1  1.52
 3  61.05  0.95  1  3  1.67
 3  67.05  0.86  1  3  0.60
 0  90.98  0.57  0  1  1.43
 2  98.95  0.95  1  2  1.05
 0  77.47  0.61  0  1  1.93
 3  67.05  0.86  1  3  1.34
 0  78.06  1.37  0  0  0.97
 1  60.30  0.84  0  3  1.01
 0  77.47  0.96  0  0  1.12
 3  82.58  0.40  1  3  1.73
 3  62.54  0.51  1  3  3.57
 2  98.95  0.62  1  3  0.70
 2  78.06  1.37  1  2  1.10
 2  90.98  1.00  1  2  1.29
 2  77.42  1.17  1  2  0.64
 0  95.31  1.16  0  1  1.01
 2  87.33  1.11  1  2  1.55
 3  89.33  0.27  1  3  0.95
 0  73.90  0.71  0  0  2.33
 1  85.75  0.23  0  1  0.62
 1  87.33  0.46  0  1  0.70
 3  64.69  1.16  1  3  1.07
 1  70.67  1.30  0  0  1.04
 3  64.69  0.42  1  3  1.19
 2  92.95  0.86  1  2  1.22
 3  60.30  0.84  1  3  0.71
 3  70.67  0.27  1  3  0.87
 1  97.46  0.51  0  1  1.15
 1  64.69  1.16  0  1  0.69
 3  70.67  1.30  1  2  1.72
 0  86.10  0.86  0  0  1.89
 1  74.25  0.23  0  1  0.69
 0  99.70  0.73  0  0  1.04
 2  82.58  1.17  1  2  1.77
 3  67.44  0.33  1  3  0.78
 3  95.31  0.42  1  3  0.99
 0  86.10  0.71  0  1  1.69
 0  77.42  1.17  0  0  1.29
 0  82.58  1.17  0  0  0.76
 2  81.94  1.37  1  2  2.20
 1  61.05  0.95  0  3  0.94
 2  92.95  0.71  1  2  1.53
 2  73.90  0.71  1  3  0.86
 1  92.56  0.33  0  1  1.55
 1  61.05  0.62  0  1  0.66
 2  74.25  1.34  1  3  1.54
 1  62.54  1.06  0  0  1.08
 1  70.67  0.27  0  1  0.93
 0  97.46  1.06  0  0  2.32
 2  97.46  1.06  1  3  1.10
 0  81.94  1.37  0  0  1.39
 0  90.98  1.00  0  0  1.10
 2  77.47  0.96  1  2  1.48
 0  82.53  0.61  0  0  1.71
 0  89.33  1.30  0  0  0.76
 0  98.95  0.95  0  0  1.34
 2  95.31  1.16  1  2  1.38
 2  85.75  1.34  1  2  2.52
 0  73.90  0.86  0  0  1.41
 2  72.67  1.11  1  2  1.54
 2  73.90  0.86  1  2  1.09
 3  97.46  0.51  1  2  1.18
 2  89.33  1.30  1  2  1.01
 2  86.10  0.86  1  2  0.68
 3  72.67  0.46  1  2  1.84
 3  92.56  0.33  1  3  0.91
 1  95.31  0.42  0  1  0.96
 3  69.02  1.00  1  1  1.07
 2  82.53  0.96  1  2  1.21
 3  74.25  0.23  1  3  0.73
 2  99.70  0.73  1  2  1.96
 1  67.44  1.24  0  1  1.85
 2  99.70  0.84  1  2  1.43
 2  90.98  0.57  1  2  0.53
 1  64.69  0.42  0  1  0.90
 3  69.02  0.57  1  1  0.66
 2  82.53  0.61  1  2  1.58
 0  74.25  1.34  0  0  1.09
 1  82.58  0.40  0  1  1.98
 1  67.05  0.71  0  1  0.87
 3  61.05  0.95  1  1  0.72
 1  81.94  0.21  0  1  1.55
 0  92.95  0.71  0  0  1.51
 3  85.75  0.23  1  3  2.33
 1  77.42  0.40  0  1  1.31
 1  62.54  0.51  0  1  1.48
 3  87.33  0.46  1  3  1.29
 1  69.02  1.00  0  1  1.91
 3  77.42  0.40  1  3  0.97
 2  86.10  0.71  1  0  1.45
 0  85.75  1.34  0  0  0.71
 3  81.94  0.21  1  3  0.94
 2  92.56  1.24  1  2  0.99
 1  89.33  0.27  0  1  1.81
 0  98.95  0.62  0  1  0.52
 0  87.33  1.11  0  0  0.61
 1  78.06  0.21  0  1  0.57
 3  67.05  0.71  1  3  2.86
 0  72.67  1.11  0  0  2.88
 1  67.05  0.86  0  1  0.61
 1  60.30  0.73  0  0  0.74
 1  69.02  0.57  0  1  0.66
 3  61.05  0.62  1  3  2.60
 3  60.30  0.73  1  3  0.70
 1  67.44  0.33  0  1  1.05
 0  92.56  1.24  0  0  0.74
 0  92.95  0.86  0  0  1.21
 1  72.67  0.46  0  1  0.59
 3  62.54  1.06  1  3  2.15
 3  78.06  0.21  1  3  1.54
 0  99.70  0.84  0  0  4.63
 3  67.44  1.24  1  3  1.86
 2  77.47  0.61  1  2  1.42
 0  82.53  0.96  0  0  1.87
