 0  77.42  0.40  1  0  9.64
 0  73.90  0.71  1  0  2.00
 0  78.06  0.21  1  0  1.28
 1  67.44  1.24  1  1  1.49
 1  74.25  1.34  1  1  0.76
 2  90.98  0.57  0  2  2.10
 2  89.33  0.27  0  2  0.63
 2  92.95  0.71  0  2  0.82
 2  81.94  0.21  1  0  1.96
 3  82.58  1.17  1  1  1.59
 2  87.33  0.46  0  3  0.97
 1  70.67  1.30  1  1  2.35
 1  72.67  1.11  1  1  1.65
 3  85.75  1.34  0  3  6.72
 1  77.42  1.17  1  1  2.44
 3  89.33  1.30  1  3  6.96
 0  77.42  0.40  0  2  2.72
 3  86.10  0.86  1  0  1.32
 1  69.02  1.00  0  0  1.40
 2  89.33  0.27  1  2  2.28
 0  70.67  0.27  0  2  1.69
 2  87.33  0.46  1  2  0.91
 1  62.54  1.06  0  1  2.45
 0  67.44  0.33  1  0  1.60
 1  61.05  0.95  0  1  2.00
 0  60.30  0.73  0  1  1.53
 2  98.95  0.62  1  2  1.74
 3  95.31  1.16  0  3  1.78
 1  60.30  0.84  0  0  2.48
 0  61.05  0.62  1  1  1.10
 3  99.70  0.84  0  2  1.38
 3  85.75  1.34  1  3  1.83
 2  92.56  0.33  0  2  2.69
 0  78.06  0.21  0  2  1.33
 0  74.25  0.23  0  0  1.31
 3  92.95  0.86  0  2  1.37
 0  72.67  0.46  1  0  1.72
 1  74.25  1.34  0  1  2.17
 0  62.54  0.51  1  0  1.42
 3  92.56  1.24  0  3  1.45
 2  86.10  0.71  0  2  1.17
 2  82.53  0.61  0  2  1.76
 1  78.06  1.37  1  1  4.09
 3  99.70  0.84  1  2  2.79
 1  67.05  0.86  1  0  1.64
 2  82.58  0.40  0  2  1.06
 3  95.31  1.16  1  3  6.64
 0  77.47  0.61  1  2  2.64
 2  90.98  0.57  1  2  1.12
 1  60.30  0.84  1  0  1.36
 0  69.02  0.57  0  2  3.55
 3  87.33  1.11  0  3  2.25
 2  86.10  0.71  1  2  2.51
 1  70.67  1.30  0  1  2.69
 3  97.46  1.06  0  3  2.18
 3  82.58  1.17  0  3  1.72
 0  77.47  0.61  0  2  2.04
 3  97.46  1.06  1  3  2.39
 2  99.70  0.73  1  2  1.88
 1  67.44  1.24  0  1  2.32
 2  98.95  0.62  0  2  1.58
 2  95.31  0.42  1  2  1.05
 3  81.94  1.37  1  1  2.99
 2  97.46  0.51  0  2  1.17
 0  64.69  0.42  0  0  1.45
 0  67.44  0.33  0  0  1.11
 0  69.02  0.57  1  0  1.12
 3  82.53  0.96  0  3  2.33
 1  77.47  0.96  0  3  1.18
 3  86.10  0.86  0  3  1.08
 2  85.75  0.23  0  2  1.14
 1  64.69  1.16  1  1  1.05
 0  62.54  0.51  0  1  1.45
 3  98.95  0.95  1  3  1.11
 3  98.95  0.95  0  3  0.85
 1  62.54  1.06  1  1  1.57
 3  82.53  0.96  1  3  2.31
 0  67.05  0.71  0  1  2.94
 2  85.75  0.23  1  2  1.16
 2  99.70  0.73  0  3  1.53
 0  60.30  0.73  1  1  1.26
 0  67.05  0.71  1  0  1.12
 2  81.94  0.21  0  2  1.13
 2  92.56  0.33  1  2  1.75
 1  61.05  0.95  1  1  2.12
 1  69.02  1.00  1  1  1.21
 3  92.95  0.86  1  3  3.02
 1  77.42  1.17  0  3  1.63
 3  92.56  1.24  1  3  1.98
 1  72.67  1.11  0  1  1.66
 1  64.69  1.16  0  1  1.50
 0  73.90  0.71  0  0  1.38
 1  77.47  0.96  1  1  2.28
 1  67.05  0.86  0  0  1.57
 0  61.05  0.62  0  0  0.65
 3  87.33  1.11  1  3  2.24
 3  90.98  1.00  1  3  1.18
 1  73.90  0.86  1  0  3.06
 1  73.90  0.86  0  0  1.24
 2  82.53  0.61  1  2  1.01
 3  90.98  1.00  0  3  1.56
 0  72.67  0.46  0  2  3.35
 0  74.25  0.23  1  0  1.79
 0  64.69  0.42  1  0  1.03
 3  81.94  1.37  0  3  2.82
 2  82.58  0.40  1  2  1.49
 0  70.67  0.27  1  0  1.19
 2  92.95  0.71  1  2  1.31
 2  97.46  0.51  1  2  0.93
 3  89.33  1.30  0  3  1.51
 1  78.06  1.37  0  1  1.69
 2  95.31  0.42  0  2  1.47
 1  69.02  1.00  0  1  7.35
 1  67.44  1.24  0  1  1.51
 0  70.67  0.27  0  0  1.63
 0  67.05  0.71  1  0  0.96
 1  60.30  0.84  1  0  1.27
 1  72.67  1.11  0  2  1.76
 3  99.70  0.84  1  3  2.66
 2  97.46  0.51  0  2  1.78
 0  73.90  0.71  1  0  1.83
 3  90.98  1.00  1  2  2.48
 2  89.33  0.27  1  2  0.98
 0  61.05  0.62  1  0  1.63
 0  74.25  0.23  1  0  1.31
 0  67.44  0.33  0  0  1.04
 1  64.69  1.16  0  1  1.04
 2  85.75  0.23  1  2  0.89
 3  82.53  0.96  1  3  1.73
 3  99.70  0.84  0  3  1.54
 0  77.42  0.40  0  2  2.61
 3  85.75  1.34  0  3  2.52
 3  98.95  0.95  0  3  1.64
 2  86.10  0.71  0  2  1.62
 2  95.31  0.42  1  2  1.06
 3  82.53  0.96  0  0  1.10
 2  89.33  0.27  0  2  0.87
 1  61.05  0.95  1  1  2.55
 3  92.95  0.86  0  2  1.54
 2  82.53  0.61  1  0  1.37
 1  70.67  1.30  1  1  1.18
 2  82.58  0.40  0  2  1.97
 0  78.06  0.21  1  0  1.61
 0  78.06  0.21  0  0  1.19
 1  77.42  1.17  0  1  1.41
 2  87.33  0.46  0  2  1.09
 2  90.98  0.57  1  2  0.95
 1  78.06  1.37  0  1  1.17
 1  62.54  1.06  0  1  1.04
 3  82.58  1.17  1  2  1.50
 1  70.67  1.30  0  1  1.28
 1  73.90  0.86  0  1  1.50
 0  77.47  0.61  1  0  1.74
 3  97.46  1.06  1  3  1.60
 1  72.67  1.11  1  1  1.11
 2  98.95  0.62  0  2  0.79
 0  70.67  0.27  1  0  1.38
 1  67.05  0.86  1  1  2.59
 0  72.67  0.46  0  0  1.56
 2  95.31  0.42  0  2  1.13
 2  81.94  0.21  0  2  1.43
 1  77.47  0.96  0  3  1.93
 0  64.69  0.42  0  0  1.51
 3  89.33  1.30  1  3  1.10
 0  72.67  0.46  1  0  1.49
 1  74.25  1.34  1  1  0.89
 1  77.47  0.96  1  1  1.30
 0  69.02  0.57  1  1  1.46
 0  74.25  0.23  0  0  1.17
 0  62.54  0.51  0  0  0.94
 1  69.02  1.00  1  1  0.73
 0  67.05  0.71  0  1  1.13
 0  77.47  0.61  0  1  1.31
 1  61.05  0.95  0  1  0.65
 2  82.53  0.61  0  2  1.54
 0  60.30  0.73  0  1  1.78
 3  98.95  0.95  1  3  1.93
 2  92.95  0.71  0  2  1.16
 2  99.70  0.73  0  2  1.19
 0  77.42  0.40  1  0  2.42
 2  92.56  0.33  1  2  1.05
 0  61.05  0.62  0  0  1.48
 3  87.33  1.11  1  3  1.99
 2  99.70  0.73  1  2  1.88
 0  73.90  0.71  0  0  1.61
 2  92.56  0.33  0  2  2.01
 2  81.94  0.21  1  0  2.62
 0  69.02  0.57  0  0  1.31
 0  60.30  0.73  1  0  1.40
 2  98.95  0.62  1  2  1.50
 2  97.46  0.51  1  2  1.11
 2  87.33  0.46  1  2  0.73
 1  64.69  1.16  1  1  1.16
 3  90.98  1.00  0  3  2.23
 1  60.30  0.84  0  1  2.08
 3  97.46  1.06  0  3  1.06
 1  77.42  1.17  1  1  2.50
 3  81.94  1.37  0  3  1.81
 3  95.31  1.16  1  3  1.99
 3  82.58  1.17  0  1  2.87
 3  86.10  0.86  0  3  1.42
 0  62.54  0.51  1  1  2.02
 2  85.75  0.23  0  2  1.12
 2  86.10  0.71  1  3  1.42
 3  92.56  1.24  1  3  0.75
 3  81.94  1.37  1  3  0.93
 3  92.95  0.86  1  3  1.48
 2  82.58  0.40  1  2  0.93
 3  95.31  1.16  0  3  0.85
 2  90.98  0.57  0  2  0.97
 0  67.44  0.33  1  0  1.61
 3  87.33  1.11  0  2  1.32
 3  85.75  1.34  1  3  3.17
 0  64.69  0.42  1  0  1.19
 1  67.05  0.86  0  1  1.72
 2  92.95  0.71  1  2  1.65
 3  92.56  1.24  0  3  1.58
 3  89.33  1.30  0  3  0.86
 1  67.44  1.24  1  1  1.45
 1  78.06  1.37  1  1  1.24
 1  74.25  1.34  0  1  0.55
 1  62.54  1.06  1  1  0.89
 3  86.10  0.86  1  3  2.11
 1  73.90  0.86  1  0  1.82
 2  82.58  0.40  0  2  4.21
 1  64.69  1.16  0  1  2.17
 1  77.47  0.96  0  3  3.27
 3  98.95  0.95  1  3  1.14
 2  95.31  0.42  0  2  0.92
 2  97.46  0.51  1  2  1.09
 3  87.33  1.11  1  3  1.58
 0  60.30  0.73  1  1  1.36
 1  74.25  1.34  0  1  1.27
 1  70.67  1.30  1  1  0.86
 2  82.53  0.61  0  2  2.95
 3  81.94  1.37  0  3  1.84
 1  69.02  1.00  0  1  1.38
 1  67.44  1.24  0  1  0.84
 2  89.33  0.27  1  2  1.15
 0  67.05  0.71  0  1  1.66
 2  85.75  0.23  0  2  0.86
 1  72.67  1.11  1  1  1.51
 1  64.69  1.16  1  1  1.04
 3  92.95  0.86  1  3  1.74
 3  82.53  0.96  1  3  3.05
 2  90.98  0.57  1  2  1.76
 1  61.05  0.95  0  1  1.57
 3  98.95  0.95  0  3  1.22
 0  61.05  0.62  0  0  1.27
 1  67.44  1.24  1  1  1.34
 3  85.75  1.34  0  3  1.09
 0  70.67  0.27  1  0  2.52
 3  92.95  0.86  0  3  2.34
 2  81.94  0.21  1  2  2.48
 0  64.69  0.42  1  0  1.25
 1  77.42  1.17  1  1  1.21
 3  99.70  0.84  1  3  1.11
 1  67.05  0.86  0  0  1.78
 2  99.70  0.73  0  2  1.41
 0  78.06  0.21  1  2  3.47
 1  77.47  0.96  1  1  1.23
 2  95.31  0.42  1  2  1.02
 0  72.67  0.46  0  0  1.57
 0  73.90  0.71  1  0  1.40
 1  61.05  0.95  1  1  0.83
 3  90.98  1.00  1  3  1.68
 3  82.58  1.17  1  3  1.07
 0  77.47  0.61  0  2  2.06
 3  82.58  1.17  0  3  2.15
 2  82.58  0.40  1  2  0.93
 1  70.67  1.30  0  1  1.74
 2  87.33  0.46  0  2  1.45
 2  85.75  0.23  1  2  0.83
 3  95.31  1.16  0  3  0.97
 1  73.90  0.86  0  1  1.39
 0  70.67  0.27  0  0  1.32
 3  92.56  1.24  0  2  1.81
 2  92.95  0.71  0  3  1.21
 2  99.70  0.73  1  2  1.22
 2  92.56  0.33  1  2  0.71
 3  99.70  0.84  0  3  0.98
 1  74.25  1.34  1  1  1.24
 0  74.25  0.23  1  0  1.24
 0  74.25  0.23  0  0  0.73
 0  72.67  0.46  1  0  1.22
 0  67.44  0.33  1  0  0.64
 0  64.69  0.42  0  0  0.87
 3  92.56  1.24  1  3  1.21
 2  98.95  0.62  0  2  1.09
 2  86.10  0.71  0  2  1.53
 0  69.02  0.57  1  0  1.32
 3  87.33  1.11  0  3  1.01
 1  69.02  1.00  1  1  0.58
 2  92.56  0.33  0  2  1.26
 1  78.06  1.37  1  1  1.10
 1  60.30  0.84  0  1  1.13
 0  73.90  0.71  0  1  1.57
 1  62.54  1.06  0  1  1.03
 0  77.42  0.40  0  2  1.60
 3  81.94  1.37  1  1  1.28
 2  89.33  0.27  0  2  0.84
 3  82.53  0.96  0  3  0.99
 0  77.47  0.61  1  2  2.09
 3  95.31  1.16  1  3  1.17
 3  97.46  1.06  1  3  1.05
 1  73.90  0.86  1  1  2.41
 2  98.95  0.62  1  2  1.34
 3  89.33  1.30  1  3  1.79
 1  77.42  1.17  0  1  1.37
 0  67.05  0.71  1  1  1.26
 2  87.33  0.46  1  2  1.28
 2  90.98  0.57  0  2  0.96
 0  61.05  0.62  1  0  1.27
 2  97.46  0.51  0  2  1.83
 1  67.05  0.86  1  1  1.64
 3  97.46  1.06  0  3  0.90
 3  86.10  0.86  1  3  1.46
 2  86.10  0.71  1  3  0.88
 0  78.06  0.21  0  2  0.73
 3  86.10  0.86  0  3  2.28
 3  85.75  1.34  1  3  1.18
 2  92.95  0.71  1  2  0.98
 0  60.30  0.73  0  1  1.04
 3  89.33  1.30  0  3  0.82
 3  90.98  1.00  0  3  0.94
 0  67.44  0.33  0  0  1.26
 0  77.42  0.40  1  2  2.06
 1  60.30  0.84  1  1  1.27
 1  62.54  1.06  1  1  0.87
 0  62.54  0.51  1  0  1.31
 1  72.67  1.11  0  1  1.42
 0  62.54  0.51  0  0  1.55
 2  81.94  0.21  0  2  1.23
 2  82.53  0.61  1  2  1.44
 1  78.06  1.37  0  3  0.83
 0  69.02  0.57  0  0  2.19
 1  74.25  1.34  0  1  4.50
 0  69.02  0.57  1  0  1.18
 2  81.94  0.21  1  2  1.55
 3  98.95  0.95  0  3  1.00
 1  77.42  1.17  1  1  1.04
 3  87.33  1.11  1  3  1.08
 0  74.25  0.23  1  0  1.77
 3  82.58  1.17  1  1  2.62
 3  99.70  0.84  0  3  0.92
 0  77.47  0.61  0  0  2.41
 1  72.67  1.11  1  1  0.89
 1  64.69  1.16  0  1  1.16
 1  61.05  0.95  1  1  1.10
 0  64.69  0.42  0  0  1.03
 2  81.94  0.21  0  2  0.90
 1  69.02  1.00  0  1  1.22
 1  61.05  0.95  0  1  0.86
 2  90.98  0.57  0  2  0.82
 2  86.10  0.71  0  2  0.78
 3  82.53  0.96  1  3  1.02
 0  60.30  0.73  0  1  1.91
 0  73.90  0.71  0  0  1.60
 3  86.10  0.86  0  3  2.15
 0  78.06  0.21  0  2  1.89
 3  92.56  1.24  1  3  1.02
 0  64.69  0.42  1  0  1.54
 1  62.54  1.06  0  1  0.81
 3  92.95  0.86  1  3  1.89
 3  85.75  1.34  1  3  1.14
 0  67.05  0.71  1  0  1.23
 2  92.95  0.71  1  3  1.43
 2  95.31  0.42  1  2  0.95
 0  74.25  0.23  0  0  1.17
 3  92.95  0.86  0  3  1.09
 3  97.46  1.06  0  3  1.01
 2  97.46  0.51  1  2  1.14
 1  78.06  1.37  1  1  1.26
 2  82.58  0.40  0  2  3.11
 0  70.67  0.27  1  0  1.06
 1  77.42  1.17  0  1  0.88
 0  61.05  0.62  0  0  1.19
 0  69.02  0.57  0  1  1.09
 1  64.69  1.16  1  1  0.74
 0  77.42  0.40  0  0  1.02
 3  89.33  1.30  0  3  1.12
 3  82.58  1.17  0  3  1.46
 2  85.75  0.23  1  2  1.35
 0  72.67  0.46  0  2  1.47
 2  86.10  0.71  1  2  1.94
 2  87.33  0.46  0  2  0.76
 2  92.56  0.33  0  2  0.88
 2  95.31  0.42  0  2  0.77
 1  67.05  0.86  1  0  2.98
 3  95.31  1.16  1  3  1.26
 1  73.90  0.86  0  0  1.41
 1  67.44  1.24  0  1  1.03
 1  70.67  1.30  1  1  0.70
 3  92.56  1.24  0  3  1.62
 0  67.05  0.71  0  0  1.66
 3  89.33  1.30  1  3  2.36
 2  89.33  0.27  0  2  1.01
 2  82.53  0.61  0  2  2.06
 2  82.58  0.40  1  2  1.58
 1  60.30  0.84  1  0  1.32
 2  85.75  0.23  0  2  1.20
 3  99.70  0.84  1  3  1.33
 0  78.06  0.21  1  2  1.82
 3  82.53  0.96  0  3  1.92
 0  77.47  0.61  1  0  3.93
 0  73.90  0.71  1  0  1.13
 3  90.98  1.00  0  3  1.06
 1  69.02  1.00  1  1  1.27
 1  77.47  0.96  1  1  0.81
 2  82.53  0.61  1  2  1.66
 1  74.25  1.34  1  1  1.46
 3  86.10  0.86  1  2  1.76
 2  97.46  0.51  0  2  0.76
 0  70.67  0.27  0  0  1.05
 3  81.94  1.37  1  1  2.29
 2  98.95  0.62  0  2  1.48
 0  60.30  0.73  1  0  1.29
 0  62.54  0.51  0  0  0.78
 1  62.54  1.06  1  1  0.80
 0  72.67  0.46  1  0  2.88
 3  85.75  1.34  0  3  1.60
 1  72.67  1.11  0  1  2.49
 3  97.46  1.06  1  3  2.23
 0  77.42  0.40  1  2  1.91
 3  95.31  1.16  0  3  1.84
 1  73.90  0.86  1  0  2.06
 2  87.33  0.46  1  2  0.98
 0  67.44  0.33  1  0  1.25
 0  61.05  0.62  1  0  1.04
 0  67.44  0.33  0  0  0.78
 2  92.56  0.33  1  2  1.38
 2  90.98  0.57  1  2  1.11
 3  98.95  0.95  1  3  0.93
 1  77.47  0.96  0  1  2.28
 1  60.30  0.84  0  1  1.04
 3  81.94  1.37  0  3  1.52
 0  62.54  0.51  1  0  1.15
 2  98.95  0.62  1  2  2.01
 2  99.70  0.73  0  3  1.07
 1  67.44  1.24  1  1  1.01
 2  92.95  0.71  0  2  1.07
 2  89.33  0.27  1  2  0.89
 1  78.06  1.37  0  1  2.69
 3  90.98  1.00  1  3  1.68
 1  67.05  0.86  0  1  1.30
 1  70.67  1.30  0  1  0.72
 3  87.33  1.11  0  3  1.16
 2  99.70  0.73  1  2  1.21
 2  99.70  0.73  1  2  3.83
 1  62.54  1.06  1  1  1.02
 0  60.30  0.73  0  1  1.93
 2  92.56  0.33  0  2  1.79
 0  60.30  0.73  1  1  1.08
 0  73.90  0.71  1  1  1.41
 2  81.94  0.21  0  2  1.00
 2  90.98  0.57  0  2  1.27
 1  73.90  0.86  0  1  1.85
 2  90.98  0.57  1  2  1.11
 0  77.42  0.40  1  0  2.28
 1  67.05  0.86  0  1  1.09
 3  95.31  1.16  1  3  1.02
 1  70.67  1.30  0  1  0.76
 0  64.69  0.42  0  0  1.34
 2  98.95  0.62  1  2  1.34
 0  72.67  0.46  0  0  1.41
 0  74.25  0.23  1  0  0.94
 1  73.90  0.86  1  0  1.54
 0  78.06  0.21  1  0  2.37
 3  92.56  1.24  0  3  1.04
 1  70.67  1.30  1  1  0.93
 0  67.44  0.33  1  0  0.97
 2  86.10  0.71  1  2  2.70
 2  85.75  0.23  0  2  2.91
 1  61.05  0.95  1  1  1.72
 0  78.06  0.21  0  2  2.14
 0  70.67  0.27  1  0  2.14
 2  87.33  0.46  1  3  2.59
 3  81.94  1.37  0  3  1.45
 3  97.46  1.06  0  3  1.67
 3  86.10  0.86  1  2  2.35
 1  61.05  0.95  0  1  1.98
 1  77.42  1.17  0  3  2.24
 0  62.54  0.51  1  0  1.18
 0  77.47  0.61  1  1  1.19
 2  97.46  0.51  0  2  1.21
 2  89.33  0.27  1  2  0.92
 3  86.10  0.86  0  3  3.63
 3  82.53  0.96  0  3  0.76
 0  67.44  0.33  0  0  1.12
 3  87.33  1.11  0  3  1.08
 0  67.05  0.71  1  0  1.34
 1  78.06  1.37  1  3  2.48
 0  61.05  0.62  1  0  0.95
 2  81.94  0.21  1  2  1.85
 0  69.02  0.57  1  0  1.41
 3  95.31  1.16  0  3  1.12
 1  64.69  1.16  1  1  1.04
 0  77.47  0.61  0  2  2.93
 3  89.33  1.30  0  3  0.87
 2  97.46  0.51  1  2  0.86
 1  78.06  1.37  0  3  2.49
 3  89.33  1.30  1  3  0.86
 3  82.58  1.17  1  1  1.06
 0  67.05  0.71  0  0  1.18
 1  67.44  1.24  0  1  1.01
 2  92.95  0.71  0  2  0.91
 1  69.02  1.00  1  1  1.70
 2  82.53  0.61  0  2  3.22
 1  60.30  0.84  1  0  1.88
 0  61.05  0.62  0  1  1.21
 3  92.56  1.24  1  3  1.67
 0  62.54  0.51  0  0  3.30
 3  98.95  0.95  0  3  1.57
 2  82.58  0.40  1  2  2.48
 2  85.75  0.23  1  2  1.63
 2  92.56  0.33  1  2  0.88
 2  87.33  0.46  0  2  1.00
 1  77.47  0.96  1  1  5.30
 1  64.69  1.16  0  1  1.00
 2  98.95  0.62  0  2  1.74
 0  77.42  0.40  0  2  1.10
 2  89.33  0.27  0  2  0.90
 3  90.98  1.00  0  3  0.85
 1  60.30  0.84  0  1  1.39
 1  62.54  1.06  0  1  0.97
 3  82.53  0.96  1  3  2.40
 1  74.25  1.34  0  1  1.21
 3  99.70  0.84  0  2  1.27
 0  74.25  0.23  0  0  2.11
 1  74.25  1.34  1  1  0.82
 0  69.02  0.57  0  0  1.39
 1  69.02  1.00  0  1  1.26
 1  67.44  1.24  1  1  0.70
 3  85.75  1.34  1  3  1.33
 3  82.58  1.17  0  3  2.33
 2  92.95  0.71  1  2  1.03
 2  86.10  0.71  0  2  0.76
 0  72.67  0.46  1  0  1.31
 1  77.47  0.96  0  1  1.24
 0  73.90  0.71  0  1  2.72
 3  81.94  1.37  1  1  1.04
 1  72.67  1.11  1  1  1.02
 3  85.75  1.34  0  3  0.75
 3  87.33  1.11  1  3  0.95
 2  95.31  0.42  0  2  1.24
 3  92.95  0.86  0  3  1.22
 3  97.46  1.06  1  3  0.93
 2  82.53  0.61  1  2  2.82
 0  64.69  0.42  1  0  1.10
 3  98.95  0.95  1  3  0.94
 1  67.05  0.86  1  1  0.86
 1  77.42  1.17  1  1  1.94
 0  70.67  0.27  0  0  1.01
 3  90.98  1.00  1  3  0.84
 2  95.31  0.42  1  2  0.72
 3  99.70  0.84  1  3  1.16
 2  99.70  0.73  0  2  1.28
 1  72.67  1.11  0  1  0.99
 3  92.95  0.86  1  3  1.66
 2  82.58  0.40  0  2  0.80
