 2  85.75  0.23  1  0  2.44
 2  87.33  0.46  0  2  1.95
 3  92.95  0.86  0  2  3.27
 2  99.70  0.73  1  3  1.56
 0  74.25  0.23  1  2  1.53
 0  61.05  0.62  0  1  2.37
 2  97.46  0.51  0  3  3.72
 3  82.53  0.96  0  3  4.09
 3  89.33  1.30  0  3  2.62
 1  67.44  1.24  0  3  2.52
 3  85.75  1.34  0  3  2.26
 0  69.02  0.57  0  2  5.32
 0  67.05  0.71  0  0  1.69
 1  72.67  1.11  1  2  2.78
 2  89.33  0.27  0  0  6.51
 2  81.94  0.21  0  2  1.16
 0  77.42  0.40  1  2  1.70
 3  98.95  0.95  0  3  8.14
 3  95.31  1.16  0  3  1.50
 0  67.44  0.33  1  0  3.31
 1  62.54  1.06  1  1  2.51
 0  62.54  0.51  0  2  2.23
 2  86.10  0.71  0  1  2.86
 0  69.02  0.57  1  1  8.88
 0  77.47  0.61  0  2  2.16
 0  70.67  0.27  0  0  4.58
 2  82.58  0.40  0  0  1.25
 3  92.56  1.24  1  3  5.59
 1  61.05  0.95  1  2  1.59
 3  90.98  1.00  0  2  3.08
 3  95.31  1.16  1  3  0.56
 0  62.54  0.51  1  0  3.38
 0  73.90  0.71  1  1  1.71
 1  69.02  1.00  1  2  2.17
 3  97.46  1.06  1  1  1.06
 2  90.98  0.57  0  0  2.87
 2  86.10  0.71  1  0  1.37
 1  67.05  0.86  0  2  2.27
 1  78.06  1.37  1  2  2.12
 3  97.46  1.06  0  1  0.79
 2  95.31  0.42  1  0  4.15
 3  81.94  1.37  1  3  1.42
 1  61.05  0.95  0  1  3.32
 3  82.58  1.17  0  3  0.99
 2  98.95  0.62  0  2  0.84
 2  92.95  0.71  1  2  2.01
 2  82.58  0.40  1  2  0.76
 1  74.25  1.34  1  3  1.19
 3  81.94  1.37  0  1  1.07
 1  73.90  0.86  0  3  1.75
 3  86.10  0.86  0  2  5.24
 2  92.95  0.71  0  3  1.08
 1  62.54  1.06  0  0  3.00
 3  92.56  1.24  0  3  4.78
 1  70.67  1.30  1  1  1.66
 3  86.10  0.86  1  2  2.93
 0  64.69  0.42  0  1  2.92
 0  78.06  0.21  0  0  1.14
 0  72.67  0.46  1  0  1.11
 2  97.46  0.51  1  3  1.45
 3  90.98  1.00  1  3  1.86
 0  67.05  0.71  1  0  2.41
 1  60.30  0.84  0  0  2.48
 3  89.33  1.30  1  3  3.02
 1  67.44  1.24  1  1  3.04
 0  72.67  0.46  0  0  2.26
 2  81.94  0.21  1  2  1.03
 2  99.70  0.73  0  0  3.76
 0  67.44  0.33  0  0  1.46
 0  77.47  0.61  1  0  2.53
 3  99.70  0.84  0  3  5.21
 1  70.67  1.30  0  1  3.39
 1  74.25  1.34  0  1  1.59
 3  87.33  1.11  0  3  3.64
 0  77.42  0.40  0  2  5.49
 1  67.05  0.86  1  0  1.48
 1  73.90  0.86  1  1  1.85
 2  82.53  0.61  1  2  3.50
 0  78.06  0.21  1  2  1.86
 3  92.95  0.86  1  2  0.75
 1  64.69  1.16  0  1  1.63
 0  70.67  0.27  1  0  1.62
 3  99.70  0.84  1  2  3.94
 1  77.42  1.17  1  3  2.28
 1  77.47  0.96  0  1  1.41
 1  78.06  1.37  0  3  2.70
 2  92.56  0.33  0  2  3.21
 0  60.30  0.73  0  1  4.51
 1  72.67  1.11  0  1  5.12
 3  82.58  1.17  1  3  6.44
 2  90.98  0.57  1  2  3.37
 2  89.33  0.27  1  0  1.24
 3  98.95  0.95  1  2  1.01
 0  73.90  0.71  0  1  8.22
 1  64.69  1.16  1  3  3.15
 0  61.05  0.62  1  1  1.21
 3  82.53  0.96  1  1  5.00
 3  87.33  1.11  1  3  0.99
 1  77.47  0.96  1  3  1.22
 0  60.30  0.73  1  1  3.47
 2  92.56  0.33  1  2  1.87
 2  85.75  0.23  0  2  1.17
 0  64.69  0.42  1  0  2.29
 2  95.31  0.42  0  2  1.61
 2  98.95  0.62  1  2  1.79
 1  69.02  1.00  0  3  3.95
 2  87.33  0.46  1  2  3.67
 1  60.30  0.84  1  1 11.03
 3  85.75  1.34  1  3  1.61
 2  82.53  0.61  0  2  1.14
 1  77.42  1.17  0  3  1.27
 0  74.25  0.23  0  0  5.22
 1  67.05  0.86  1  3 10.73
 2  86.10  0.71  0  1  5.78
 0  67.05  0.71  0  0  2.05
 3  81.94  1.37  0  3  3.05
 1  70.67  1.30  1  3  1.30
 2  89.33  0.27  0  0  3.63
 0  62.54  0.51  0  2  5.60
 3  90.98  1.00  0  3  2.39
 2  92.56  0.33  1  2  3.49
 3  99.70  0.84  1  0  7.05
 1  61.05  0.95  1  1  5.98
 1  78.06  1.37  1  3  3.00
 0  74.25  0.23  0  2  4.72
 0  60.30  0.73  1  1  5.39
 3  82.58  1.17  1  1  2.41
 2  97.46  0.51  0  2  1.34
 1  77.42  1.17  1  3  2.52
 1  74.25  1.34  0  1  3.15
 1  62.54  1.06  0  3  2.23
 1  74.25  1.34  1  1  2.53
 3  89.33  1.30  0  3  3.12
 3  92.95  0.86  0  3  4.38
 0  64.69  0.42  0  0  5.09
 2  95.31  0.42  0  2  1.94
 0  67.44  0.33  0  0  2.87
 2  85.75  0.23  0  2  1.05
 2  82.53  0.61  1  0  3.88
 1  77.42  1.17  0  1  5.86
 3  85.75  1.34  1  3  0.82
 2  82.53  0.61  0  0  3.04
 1  77.47  0.96  0  3  3.82
 3  95.31  1.16  1  3  7.76
 3  90.98  1.00  1  3  4.03
 3  82.58  1.17  0  3  1.99
 1  64.69  1.16  0  1  3.81
 1  67.44  1.24  0  1  1.20
 2  89.33  0.27  1  2  2.85
 3  86.10  0.86  1  3  2.31
 0  77.42  0.40  1  2  2.70
 2  86.10  0.71  1  0  2.77
 1  72.67  1.11  1  3  4.92
 1  67.05  0.86  0  1  0.97
 3  98.95  0.95  0  3  2.70
 1  61.05  0.95  0  1  4.73
 2  81.94  0.21  0  2  1.68
 0  62.54  0.51  1  0  2.27
 0  69.02  0.57  0  0  0.87
 0  67.05  0.71  1  0  0.89
 0  77.42  0.40  0  2  0.80
 1  72.67  1.11  0  1  5.46
 0  78.06  0.21  1  2  1.35
 3  97.46  1.06  0  3  2.18
 3  92.56  1.24  1  3  1.10
 0  72.67  0.46  0  0  2.93
 2  85.75  0.23  1  2  1.48
 3  97.46  1.06  1  3  3.09
 1  78.06  1.37  0  1  2.19
 3  81.94  1.37  1  1  1.11
 3  95.31  1.16  0  3  0.88
 0  67.44  0.33  1  0  1.92
 3  86.10  0.86  0  3  4.63
 0  64.69  0.42  1  0  4.73
 2  99.70  0.73  0  3  5.48
 2  98.95  0.62  0  2  0.72
 3  85.75  1.34  0  1  6.95
 3  92.56  1.24  0  3  0.65
 1  73.90  0.86  1  1  6.45
 0  61.05  0.62  1  1  1.50
 2  90.98  0.57  0  2  3.27
 1  69.02  1.00  1  1  4.35
 1  70.67  1.30  0  1  1.13
 0  70.67  0.27  0  0  1.83
 2  92.95  0.71  1  3  2.03
 0  61.05  0.62  0  0  5.45
 0  73.90  0.71  0  1  4.54
 3  89.33  1.30  1  3  1.56
 2  98.95  0.62  1  2  2.21
 1  60.30  0.84  0  0  3.58
 0  77.47  0.61  0  0  2.31
 3  92.95  0.86  1  3  1.77
 2  82.58  0.40  0  0  3.71
 0  60.30  0.73  0  1  6.39
 0  72.67  0.46  1  0  4.32
 1  67.44  1.24  1  1  7.39
 1  69.02  1.00  0  1  2.15
 1  73.90  0.86  0  1  3.54
 2  81.94  0.21  1  2  1.74
 0  77.47  0.61  1  0  6.59
 1  77.47  0.96  1  1  2.22
 2  97.46  0.51  1  2 11.20
 2  92.56  0.33  0  2  0.69
 3  87.33  1.11  1  3  1.66
 3  98.95  0.95  1  3  0.87
 0  78.06  0.21  0  0  2.24
 0  70.67  0.27  1  0  0.61
 2  82.58  0.40  1  0  0.86
 2  92.95  0.71  0  3  2.49
 1  60.30  0.84  1  1  3.05
 3  87.33  1.11  0  3  1.92
 2  90.98  0.57  1  2  1.38
 3  82.53  0.96  0  1  1.70
 0  73.90  0.71  1  1  7.09
 3  82.53  0.96  1  1  2.26
 2  87.33  0.46  1  2  1.38
 0  74.25  0.23  1  0  1.45
 2  87.33  0.46  0  2  6.59
 2  95.31  0.42  1  2  1.00
 0  69.02  0.57  1  0  2.13
 2  99.70  0.73  1  3  1.99
 1  64.69  1.16  1  1  2.09
 3  99.70  0.84  0  3  1.30
 1  62.54  1.06  1  1  8.09
 3  98.95  0.95  1  3  4.67
 0  67.05  0.71  0  0  3.62
 2  87.33  0.46  0  2  2.68
 0  60.30  0.73  1  0  3.67
 2  82.53  0.61  1  2  3.23
 0  77.42  0.40  0  2  1.48
 1  77.47  0.96  1  0  1.32
 3  86.10  0.86  0  3  2.62
 3  92.95  0.86  1  3  1.13
 2  97.46  0.51  1  2  1.74
 1  67.44  1.24  0  1  5.87
 3  95.31  1.16  0  3  5.46
 3  92.56  1.24  1  3  1.19
 3  89.33  1.30  0  3  0.82
 0  60.30  0.73  0  0  1.43
 1  69.02  1.00  1  1  1.69
 1  64.69  1.16  0  1  0.95
 0  77.42  0.40  1  2  1.30
 0  72.67  0.46  1  0  0.92
 1  73.90  0.86  0  1  6.66
 3  82.53  0.96  0  1  5.37
 2  90.98  0.57  1  2  1.22
 2  92.56  0.33  0  2  1.15
 0  74.25  0.23  0  0  1.05
 3  82.58  1.17  0  3  1.92
 0  64.69  0.42  0  0  2.18
 1  77.47  0.96  0  1  1.07
 2  89.33  0.27  0  2  0.61
 2  92.95  0.71  0  3  0.72
 2  99.70  0.73  0  2  1.05
 3  86.10  0.86  1  3  2.16
 2  90.98  0.57  0  2  1.65
 3  82.58  1.17  1  1  3.39
 0  61.05  0.62  1  1  2.80
 0  70.67  0.27  0  2  2.88
 0  77.47  0.61  0  3  3.96
 2  85.75  0.23  1  2  1.32
 3  85.75  1.34  1  3  1.08
 1  77.42  1.17  1  1  2.09
 2  99.70  0.73  1  2  1.57
 0  77.47  0.61  1  0  0.80
 1  74.25  1.34  0  1  6.10
 1  67.05  0.86  1  0  4.33
 3  87.33  1.11  1  3  3.75
 3  90.98  1.00  1  3  1.40
 1  62.54  1.06  0  1  2.61
 3  81.94  1.37  1  3  2.87
 0  73.90  0.71  0  0  7.09
 0  62.54  0.51  1  0  2.43
 2  87.33  0.46  1  2  2.24
 2  92.95  0.71  1  2  2.10
 2  82.58  0.40  1  2  1.12
 0  70.67  0.27  1  0  3.04
 3  99.70  0.84  1  3  1.12
 2  98.95  0.62  1  2  0.75
 3  85.75  1.34  0  1  8.64
 2  95.31  0.42  1  2  1.09
 1  60.30  0.84  1  1  5.40
 0  73.90  0.71  1  0  3.56
 3  92.95  0.86  0  3  3.38
 1  70.67  1.30  0  1  2.49
 0  67.44  0.33  1  0  3.83
 3  92.56  1.24  0  3  1.49
 0  74.25  0.23  1  0  7.55
 2  97.46  0.51  0  2  1.67
 3  99.70  0.84  0  3  1.67
 1  73.90  0.86  1  1  4.96
 3  97.46  1.06  1  3  2.43
 3  82.53  0.96  1  1  1.49
 0  78.06  0.21  0  0  5.69
 2  95.31  0.42  0  2  1.67
 2  92.56  0.33  1  2  0.72
 0  67.44  0.33  0  0  2.79
 0  64.69  0.42  1  0  0.82
 3  81.94  1.37  0  3  6.81
 0  72.67  0.46  0  1  2.23
 0  69.02  0.57  1  0  1.55
 1  64.69  1.16  1  1  0.98
 2  86.10  0.71  1  2  1.95
 3  95.31  1.16  1  3  1.52
 1  72.67  1.11  1  1  1.95
 1  78.06  1.37  1  1  0.91
 0  67.05  0.71  1  0  0.95
 1  77.42  1.17  0  1  3.84
 3  97.46  1.06  0  3  2.86
 2  85.75  0.23  0  2  1.20
 1  72.67  1.11  0  1  2.37
 0  69.02  0.57  0  0  1.42
 1  62.54  1.06  1  1  1.69
 2  82.53  0.61  0  2  4.37
 2  86.10  0.71  0  2  1.03
 2  89.33  0.27  1  2  1.29
 1  61.05  0.95  1  1  2.31
 1  67.05  0.86  0  1  1.19
 2  81.94  0.21  1  2  1.15
 0  78.06  0.21  1  2  1.08
 2  82.58  0.40  0  2  0.86
 1  74.25  1.34  1  1  3.20
 3  90.98  1.00  0  2  4.11
 1  61.05  0.95  0  0  5.71
 3  89.33  1.30  1  3  1.77
 1  60.30  0.84  0  0  3.39
 1  67.44  1.24  1  1  1.58
 1  78.06  1.37  0  3  1.78
 1  69.02  1.00  0  1  2.52
 1  70.67  1.30  1  1  0.79
 3  98.95  0.95  0  3  5.09
 0  61.05  0.62  0  0  1.26
 0  62.54  0.51  0  0  2.25
 2  98.95  0.62  0  2  1.95
 2  81.94  0.21  0  2  1.43
 3  87.33  1.11  0  3  1.08
 2  82.58  0.40  1  2  3.59
 3  95.31  1.16  0  3  1.29
 0  67.44  0.33  0  0  1.07
 2  99.70  0.73  1  3  1.62
 3  82.58  1.17  1  3  0.69
 2  81.94  0.21  0  2  0.88
 1  74.25  1.34  1  1  1.53
 3  85.75  1.34  1  3  0.70
 1  70.67  1.30  1  1  1.23
 3  95.31  1.16  1  3  0.75
 1  69.02  1.00  1  1  1.17
 1  73.90  0.86  1  1  3.20
 2  92.95  0.71  0  2  4.95
 3  98.95  0.95  0  3  0.74
 3  81.94  1.37  1  1  1.15
 2  92.56  0.33  0  2  1.10
 2  98.95  0.62  1  2  1.80
 2  92.95  0.71  1  3  2.79
 2  89.33  0.27  1  2  0.73
 0  64.69  0.42  0  0  2.15
 0  69.02  0.57  0  0  0.85
 1  77.47  0.96  0  1  1.49
 0  69.02  0.57  1  0  0.88
 3  82.53  0.96  1  3  5.22
 1  67.44  1.24  1  1  1.39
 3  89.33  1.30  1  3  1.15
 3  82.53  0.96  0  3 10.70
 0  77.47  0.61  0  2  0.88
 1  77.42  1.17  0  3  1.61
 1  64.69  1.16  1  1  1.37
 1  61.05  0.95  1  1  2.38
 2  85.75  0.23  0  2  1.33
 2  90.98  0.57  1  2  1.16
 1  73.90  0.86  0  0  5.46
 1  77.47  0.96  1  1  3.49
 0  61.05  0.62  1  0  3.04
 0  67.44  0.33  1  0  0.61
 1  72.67  1.11  0  1  2.26
 3  81.94  1.37  0  3  1.40
 3  92.95  0.86  1  2  2.94
 1  60.30  0.84  1  1  2.87
 3  85.75  1.34  0  3  1.45
 0  67.05  0.71  1  0  2.89
 3  87.33  1.11  0  3  2.50
 0  77.42  0.40  1  2  0.94
 1  70.67  1.30  0  1  1.83
 0  77.42  0.40  0  2  1.56
 2  99.70  0.73  0  2  1.56
 3  97.46  1.06  0  3  0.99
 3  89.33  1.30  0  3  0.68
 3  98.95  0.95  1  2  2.22
 1  60.30  0.84  0  0  1.42
 2  97.46  0.51  1  2  2.87
 0  78.06  0.21  1  2  0.94
 0  60.30  0.73  1  0  3.35
 1  64.69  1.16  0  1  1.04
 2  85.75  0.23  1  2  1.16
 2  86.10  0.71  1  2  1.20
 3  92.56  1.24  0  3  0.63
 3  99.70  0.84  0  2  1.31
 2  87.33  0.46  0  2  1.18
 1  62.54  1.06  0  1  2.54
 0  77.47  0.61  1  2  3.80
 1  77.42  1.17  1  1  1.62
 3  92.56  1.24  1  3  1.21
 0  74.25  0.23  1  2  0.94
 0  78.06  0.21  0  2  0.86
 2  98.95  0.62  0  2  1.79
 1  61.05  0.95  0  1  1.22
 0  64.69  0.42  1  0  0.88
 2  90.98  0.57  0  2  2.15
 1  78.06  1.37  0  1  5.59
 0  73.90  0.71  0  0  2.78
 0  60.30  0.73  0  0  2.17
 3  92.95  0.86  0  0  7.82
 0  72.67  0.46  1  0  2.00
 2  95.31  0.42  0  2  1.43
 3  90.98  1.00  0  3  1.35
 1  67.44  1.24  0  1  1.27
 0  70.67  0.27  0  0  1.84
 3  86.10  0.86  0  1  1.81
 0  62.54  0.51  0  0  1.17
 2  87.33  0.46  1  2  1.63
 2  82.58  0.40  0  2  0.86
 0  61.05  0.62  0  0  1.76
 0  62.54  0.51  1  0  0.82
 3  99.70  0.84  1  3  1.43
 1  69.02  1.00  0  1  1.95
 0  73.90  0.71  1  0  2.07
 3  87.33  1.11  1  3  2.43
 1  67.05  0.86  1  0  2.15
 3  82.58  1.17  0  3  1.53
 1  78.06  1.37  1  3  1.19
 1  67.05  0.86  0  0  1.72
 2  92.56  0.33  1  2  2.67
 2  89.33  0.27  0  2  0.82
 2  95.31  0.42  1  2  0.83
 0  72.67  0.46  0  0  1.82
 0  74.25  0.23  0  0  0.81
 2  81.94  0.21  1  2  1.41
 3  90.98  1.00  1  3  1.25
 2  86.10  0.71  0  0  4.67
 1  72.67  1.11  1  1  1.69
 0  67.05  0.71  0  0  1.04
 3  97.46  1.06  1  3  0.93
 1  62.54  1.06  1  1  1.44
 2  97.46  0.51  0  0  3.20
 2  82.53  0.61  0  0  2.94
 2  82.53  0.61  1  2  0.91
 1  74.25  1.34  0  1  2.34
 0  70.67  0.27  1  0 16.02
 3  86.10  0.86  1  0  6.18
 2  90.98  0.57  1  2  3.31
 2  92.56  0.33  1  2  0.75
 2  92.56  0.33  0  2  0.68
 3  89.33  1.30  0  3  0.94
 1  77.47  0.96  0  1  2.46
 0  67.44  0.33  0  0  1.07
 3  86.10  0.86  1  2  3.84
 2  99.70  0.73  0  2  1.58
 0  61.05  0.62  1  0  1.27
 3  98.95  0.95  0  3  2.48
 0  77.47  0.61  0  0  2.41
 3  87.33  1.11  0  1  2.60
 1  78.06  1.37  0  1  1.73
 3  85.75  1.34  1  1  2.39
 2  95.31  0.42  0  2  1.82
 3  95.31  1.16  0  3  0.90
 0  62.54  0.51  0  0  1.48
 1  64.69  1.16  1  1  1.02
 2  82.58  0.40  0  0  4.43
 3  81.94  1.37  0  3  1.11
 2  97.46  0.51  1  2  0.93
 1  67.44  1.24  1  1  1.51
 2  85.75  0.23  1  2  1.43
 0  73.90  0.71  1  0  1.26
 2  99.70  0.73  1  2  3.52
 0  60.30  0.73  1  0  1.64
 2  82.53  0.61  1  0  7.41
 1  61.05  0.95  0  0  1.65
 1  74.25  1.34  1  1  1.66
 1  61.05  0.95  1  0  2.53
 2  81.94  0.21  0  2  1.39
 2  87.33  0.46  0  2  0.82
 0  74.25  0.23  1  2  0.98
 1  67.05  0.86  0  0  1.60
 0  77.42  0.40  1  2  2.09
 0  72.67  0.46  0  0  0.97
 2  81.94  0.21  1  2  1.28
 1  77.42  1.17  0  3  1.05
 0  64.69  0.42  0  0  1.30
 2  82.53  0.61  0  0  8.41
 1  60.30  0.84  0  0  1.74
 3  97.46  1.06  0  3  1.11
 3  97.46  1.06  1  3  1.69
 2  89.33  0.27  1  2  0.97
 0  67.05  0.71  1  0  2.61
 2  85.75  0.23  0  2  1.12
 0  77.47  0.61  1  0  4.14
 3  82.53  0.96  1  1  2.73
 1  60.30  0.84  1  1  1.32
 0  67.44  0.33  1  0  5.32
 0  64.69  0.42  1  0  0.72
 1  77.42  1.17  1  1  2.17
 0  62.54  0.51  1  0  0.94
 2  92.95  0.71  1  2  2.04
 0  69.02  0.57  1  0  1.65
 0  78.06  0.21  1  2  1.47
 3  90.98  1.00  1  3  2.64
 0  73.90  0.71  0  0  3.54
 3  95.31  1.16  1  3  1.36
 1  62.54  1.06  1  1  1.29
 3  99.70  0.84  1  2  4.63
 3  98.95  0.95  1  3  1.18
 3  87.33  1.11  1  1  1.79
 2  90.98  0.57  0  2  1.92
 2  98.95  0.62  0  2  0.60
 3  89.33  1.30  1  3  1.90
 2  95.31  0.42  1  2  0.78
 0  67.05  0.71  0  0  1.92
 0  74.25  0.23  0  0  6.52
 3  92.56  1.24  0  3  2.62
 1  69.02  1.00  1  1  3.64
 3  86.10  0.86  0  3  4.39
 1  72.67  1.11  0  1  1.42
 1  67.44  1.24  0  1  3.95
 3  92.95  0.86  0  3  4.91
 3  85.75  1.34  0  3  3.37
 3  92.95  0.86  1  2  4.79
 0  77.42  0.40  0  2  0.77
 1  69.02  1.00  0  1  2.43
 0  72.67  0.46  1  0  6.64
 0  69.02  0.57  0  0  1.17
 0  60.30  0.73  0  0  1.31
 1  78.06  1.37  1  1  6.55
 2  86.10  0.71  1  2  2.15
 1  70.67  1.30  0  1  2.15
 3  82.58  1.17  0  1  4.21
 3  90.98  1.00  0  3  1.84
 3  82.58  1.17  1  3  4.29
 2  98.95  0.62  1  2  2.12
 1  62.54  1.06  0  1  2.50
 1  64.69  1.16  0  1  0.65
 1  73.90  0.86  0  0  8.15
 2  82.58  0.40  1  2  2.01
 3  99.70  0.84  0  3  1.03
 0  70.67  0.27  0  2  5.03
 1  74.25  1.34  0  3  1.74
 0  70.67  0.27  1  1  2.39
 2  87.33  0.46  1  0  1.21
 0  78.06  0.21  0  2  4.69
 1  77.47  0.96  1  3  5.85
 2  92.95  0.71  0  2  3.00
 1  72.67  1.11  1  1  4.72
 2  89.33  0.27  0  2  2.48
 3  82.53  0.96  0  1  2.09
 3  92.56  1.24  1  3  0.77
 2  86.10  0.71  0  2  1.13
 1  70.67  1.30  1  1  2.32
 1  67.05  0.86  1  0  0.91
 0  61.05  0.62  0  0  0.77
 3  81.94  1.37  1  3  1.03
 1  73.90  0.86  1  1  1.86
 2  97.46  0.51  0  2  2.19
