 0  74.25  0.23  0  1  4.96
 3  92.95  0.71  1  2  3.94
 2  87.33  0.46  1  3  4.93
 1  90.98  0.57  0  2  3.35
 2  60.30  0.73  1  0  5.49
 0  67.05  0.71  0  2  3.77
 3  82.58  1.17  1  3  6.57
 0  85.75  0.23  0  1  5.70
 0  67.05  0.86  0  3  3.57
 2  61.05  0.95  1  1  5.32
 2  82.58  0.40  1  3  3.51
 2  61.05  0.62  1  1 11.60
 1  81.94  1.37  0  3  8.06
 3  77.47  0.61  1  0  8.08
 2  62.54  1.06  1  2  5.07
 0  70.67  1.30  0  0  5.26
 3  74.25  1.34  1  3  5.11
 1  95.31  1.16  0  1  1.60
 1  74.25  1.34  0  0  0.51
 3  73.90  0.86  1  3  1.35
 3  72.67  1.11  1  0  0.74
 2  74.25  0.23  1  0  1.01
 0  89.33  0.27  0  2  6.86
 3  99.70  0.84  1  3  0.71
 2  85.75  0.23  1  1  0.57
 3  98.95  0.95  1  3  8.95
 3  82.53  0.61  1  0  2.11
 1  77.47  0.96  0  2  0.84
 0  77.42  0.40  0  0  4.01
 3  81.94  1.37  1  2  0.94
 1  92.95  0.86  0  1  2.43
 1  77.47  0.61  0  2  2.69
 2  78.06  0.21  1  0  6.05
 1  87.33  1.11  0  1  5.69
 3  95.31  1.16  1  3  2.04
 2  67.44  0.33  1  0  1.74
 3  85.75  1.34  1  1  0.73
 1  99.70  0.73  0  2  4.37
 0  64.69  1.16  0  3  1.07
 3  77.42  1.17  1  3  2.81
 3  77.47  0.96  1  1  2.40
 3  99.70  0.73  1  2  1.21
 2  97.46  0.51  1  2  2.34
 1  82.58  1.17  0  1  6.30
 0  62.54  0.51  0  3  2.52
 2  70.67  0.27  1  0  0.74
 1  86.10  0.71  0  3  4.58
 2  89.33  0.27  1  3  1.40
 3  86.10  0.86  1  2  6.96
 0  62.54  1.06  0  3  1.16
 1  78.06  1.37  0  1  1.07
 1  72.67  1.11  0  2  0.66
 0  97.46  0.51  0  2  1.45
 1  98.95  0.95  0  2 10.69
 2  70.67  1.30  1  2  2.75
 3  78.06  1.37  1  3  0.61
 2  81.94  0.21  1  2  1.73
 1  92.56  1.24  0  1  0.63
 1  73.90  0.86  0  0  0.39
 0  67.44  1.24  0  2  3.10
 2  95.31  0.42  1  3  2.68
 3  92.95  0.86  1  1  0.56
 3  82.53  0.96  1  2  4.48
 1  97.46  1.06  0  1  1.06
 0  61.05  0.62  0  1  1.00
 2  67.05  0.71  1  2  3.93
 0  69.02  0.57  0  2  5.56
 0  81.94  0.21  0  1  3.26
 2  60.30  0.84  1  3  1.82
 2  92.56  0.33  1  3  2.72
 0  95.31  0.42  0  2  8.17
 1  82.53  0.96  0  0  3.91
 0  82.58  0.40  0  1  2.01
 1  98.95  0.62  0  0  2.34
 1  73.90  0.71  0  0  1.74
 0  60.30  0.84  0  2  2.69
 3  90.98  0.57  1  3  1.32
 0  78.06  0.21  0  0  2.67
 1  86.10  0.86  0  1  1.08
 0  64.69  0.42  0  0  1.04
 3  90.98  1.00  1  2  2.23
 3  98.95  0.62  1  3  1.04
 1  90.98  1.00  0  1  2.49
 0  92.56  0.33  0  0  1.18
 3  97.46  1.06  1  2  3.47
 1  99.70  0.84  0  1  2.41
 2  67.44  1.24  1  3  2.91
 3  73.90  0.71  1  2  1.69
 0  60.30  0.73  0  0  2.57
 1  89.33  1.30  0  2  4.97
 3  92.56  1.24  1  2  2.29
 1  82.53  0.61  0  0  2.50
 2  69.02  0.57  1  2  2.10
 2  64.69  0.42  1  2  1.69
 2  62.54  0.51  1  2  1.40
 1  92.95  0.71  0  1  1.34
 1  77.42  1.17  0  0  1.43
 2  67.05  0.86  1  3  2.82
 2  69.02  1.00  1  2  1.96
 0  87.33  0.46  0  1  1.78
 3  89.33  1.30  1  2  2.38
 0  67.44  0.33  0  0  2.04
 0  61.05  0.95  0  1  2.39
 0  72.67  0.46  0  0  1.01
 0  70.67  0.27  0  0  1.05
 2  72.67  0.46  1  2  4.52
 3  86.10  0.71  1  2  1.94
 2  77.42  0.40  1  3  1.17
 0  69.02  1.00  0  1  2.57
 3  87.33  1.11  1  2  2.21
 1  85.75  1.34  0  1  2.16
 2  64.69  1.16  1  2  4.42
 1  99.70  0.84  0  1  8.78
 2  64.69  1.16  1  2  2.47
 1  73.90  0.86  0  1  1.08
 2  60.30  0.73  1  2  1.18
 2  89.33  0.27  1  0  1.32
 3  82.53  0.61  1  2  1.53
 0  60.30  0.73  0  1  1.93
 3  95.31  1.16  1  2  2.07
 1  85.75  1.34  0  1  1.73
 3  85.75  1.34  1  3  2.34
 3  86.10  0.86  1  3  1.04
 0  85.75  0.23  0  1  1.32
 3  82.53  0.96  1  3  1.78
 0  69.02  1.00  0  0  4.51
 2  72.67  0.46  1  2  2.02
 0  72.67  0.46  0  0  1.75
 1  81.94  1.37  0  3  1.64
 0  67.44  0.33  0  0  1.29
 0  78.06  0.21  0  0  1.03
 0  97.46  0.51  0  0  0.79
 3  92.56  1.24  1  2  5.18
 1  92.95  0.86  0  1  1.91
 0  74.25  0.23  0  0  0.95
 0  61.05  0.62  0  1  1.73
 0  82.58  0.40  0  0  0.79
 2  87.33  0.46  1  2  1.73
 1  95.31  1.16  0  1  1.40
 2  69.02  0.57  1  2  2.76
 3  90.98  1.00  1  3  6.48
 0  67.44  1.24  0  1  3.81
 0  61.05  0.95  0  0  1.28
 1  74.25  1.34  0  0  1.27
 3  86.10  0.71  1  2  2.21
 2  62.54  0.51  1  3  1.35
 0  70.67  1.30  0  1  1.85
 1  82.58  1.17  0  0  0.90
 3  87.33  1.11  1  2  1.44
 3  90.98  0.57  1  2  1.05
 3  92.95  0.71  1  3  0.81
 0  69.02  0.57  0  0  2.22
 0  60.30  0.84  0  0  1.07
 2  92.56  0.33  1  2  1.94
 0  64.69  1.16  0  1  1.28
 2  97.46  0.51  1  2  1.42
 1  72.67  1.11  0  0  2.22
 0  64.69  0.42  0  1  1.45
 1  73.90  0.71  0  1  1.58
 3  73.90  0.86  1  2  2.57
 0  62.54  1.06  0  0  2.85
 2  61.05  0.95  1  2  1.95
 0  92.56  0.33  0  1  3.56
 2  95.31  0.42  1  2  1.46
 2  60.30  0.84  1  2  1.63
 1  98.95  0.62  0  0  1.78
 1  98.95  0.95  0  1  1.16
 1  90.98  0.57  0  1  0.75
 2  67.05  0.86  1  2  2.44
 2  69.02  1.00  1  2  0.91
 3  97.46  1.06  1  2  4.02
 3  81.94  1.37  1  3  0.77
 2  70.67  0.27  1  2  0.94
 0  67.05  0.71  0  0  3.77
 0  89.33  0.27  0  1  1.24
 0  81.94  0.21  0  0  0.94
 2  67.44  0.33  1  2  2.28
 3  98.95  0.62  1  3  0.96
 1  99.70  0.73  0  1  1.24
 2  85.75  0.23  1  3  2.87
 0  77.42  0.40  0  1  1.10
 2  77.42  0.40  1  3  2.00
 3  77.47  0.61  1  2  0.75
 3  74.25  1.34  1  2  3.26
 1  86.10  0.71  0  0  1.47
 1  77.47  0.61  0  1  0.92
 3  99.70  0.73  1  3  2.68
 1  90.98  1.00  0  1  1.47
 1  92.95  0.71  0  1  1.35
 0  95.31  0.42  0  0  0.97
 0  70.67  0.27  0  0  1.26
 1  87.33  1.11  0  1  1.32
 3  72.67  1.11  1  3  1.85
 0  67.05  0.86  0  1  1.15
 2  81.94  0.21  1  2  1.70
 2  78.06  0.21  1  2  0.89
 1  77.42  1.17  0  0  1.89
 3  77.47  0.96  1  2  1.84
 1  82.53  0.61  0  1  1.22
 3  98.95  0.95  1  3  0.94
 1  82.53  0.96  0  1  1.03
 1  77.47  0.96  0  3  1.29
 1  86.10  0.86  0  1  0.81
 3  77.42  1.17  1  3  2.59
 1  97.46  1.06  0  1  1.45
 2  70.67  1.30  1  3  1.84
 2  62.54  1.06  1  2  0.72
 3  92.95  0.86  1  3  0.85
 2  82.58  0.40  1  3  0.75
 3  99.70  0.84  1  2  1.52
 2  74.25  0.23  1  2  1.84
 2  67.05  0.71  1  3  1.87
 2  64.69  0.42  1  2  1.06
 1  89.33  1.30  0  1  3.87
 3  82.58  1.17  1  2  1.53
 0  87.33  0.46  0  1  1.25
 2  61.05  0.62  1  2  2.66
 0  62.54  0.51  0  1  1.12
 2  67.44  1.24  1  2  1.00
 3  89.33  1.30  1  3  1.36
 1  78.06  1.37  0  1  1.01
 1  92.56  1.24  0  1  0.86
 3  78.06  1.37  1  3  1.60
 3  73.90  0.71  1  3  0.76
 3  90.98  0.57  1  3  5.39
 1  77.42  1.17  0  1  1.29
 0  61.05  0.62  0  0  1.52
 1  77.47  0.61  0  1  0.86
 3  87.33  1.11  1  2  1.90
 0  81.94  0.21  0  1  1.42
 1  74.25  1.34  0  1  1.15
 2  69.02  0.57  1  3  2.77
 0  61.05  0.95  0  1  1.09
 0  95.31  0.42  0  1  1.53
 0  64.69  0.42  0  1  1.59
 2  67.44  1.24  1  2  1.10
 2  61.05  0.95  1  2  0.62
 3  77.42  1.17  1  3  1.13
 2  67.05  0.71  1  3  0.63
 1  90.98  1.00  0  1  1.16
 2  77.42  0.40  1  2  3.50
 2  64.69  1.16  1  2  1.38
 0  72.67  0.46  0  1  1.25
 2  72.67  0.46  1  2  1.24
 3  77.47  0.61  1  2  1.28
 3  89.33  1.30  1  2  1.10
 0  64.69  1.16  0  1  1.30
 2  67.05  0.86  1  0  0.83
 3  99.70  0.73  1  3  2.07
 2  81.94  0.21  1  3  0.92
 0  70.67  1.30  0  1  1.36
 2  70.67  1.30  1  2  1.17
 3  98.95  0.95  1  3  0.88
 1  97.46  1.06  0  1  1.76
 1  90.98  0.57  0  1  0.83
 0  69.02  0.57  0  0  1.46
 0  97.46  0.51  0  1  0.86
 3  98.95  0.62  1  2  1.20
 3  92.95  0.86  1  3  0.74
 1  72.67  1.11  0  1  1.15
 1  92.95  0.86  0  1  0.88
 1  85.75  1.34  0  1  0.90
 2  82.58  0.40  1  3  1.24
 3  72.67  1.11  1  2  1.48
 3  73.90  0.71  1  3  0.83
 2  89.33  0.27  1  2  1.06
 1  87.33  1.11  0  1  0.93
 2  62.54  0.51  1  3  2.90
 2  61.05  0.62  1  2  1.12
 1  98.95  0.62  0  1  2.05
 3  92.95  0.71  1  1  3.83
 0  82.58  0.40  0  1  1.36
 1  81.94  1.37  0  0  1.63
 2  85.75  0.23  1  2  1.91
 1  77.47  0.96  0  1  1.56
 1  82.58  1.17  0  1  0.97
 0  70.67  0.27  0  1  1.09
 1  98.95  0.95  0  0  1.41
 2  60.30  0.84  1  2  2.62
 1  73.90  0.71  0  1  1.44
 3  99.70  0.84  1  3  2.03
 1  95.31  1.16  0  1  1.80
 2  70.67  0.27  1  3  0.99
 3  90.98  1.00  1  3  0.71
 3  74.25  1.34  1  2  0.83
 0  67.44  0.33  0  0  2.43
 3  81.94  1.37  1  2  2.20
 3  86.10  0.71  1  3  0.83
 3  95.31  1.16  1  3  0.65
 3  82.53  0.96  1  3  0.65
 2  92.56  0.33  1  3  0.79
 1  86.10  0.71  0  0  4.45
 3  86.10  0.86  1  2  1.39
 0  69.02  1.00  0  0  1.01
 1  73.90  0.86  0  1  1.64
 2  87.33  0.46  1  3  3.15
 0  74.25  0.23  0  0  3.38
 3  97.46  1.06  1  2  1.69
 3  77.47  0.96  1  3  1.55
 3  92.56  1.24  1  3  0.74
 3  73.90  0.86  1  3  0.90
 2  69.02  1.00  1  3  0.64
 3  82.53  0.61  1  3  3.93
 2  95.31  0.42  1  3  1.71
 0  85.75  0.23  0  1  1.30
 2  78.06  0.21  1  2  1.88
 2  60.30  0.73  1  3  1.38
 0  60.30  0.73  0  1  1.05
 0  77.42  0.40  0  1  1.14
 0  92.56  0.33  0  1  1.21
 2  67.44  0.33  1  3  2.03
 2  62.54  1.06  1  2  1.31
 3  85.75  1.34  1  3  0.70
 2  64.69  0.42  1  2  1.07
 2  97.46  0.51  1  3  0.70
 0  78.06  0.21  0  0  1.30
 0  67.05  0.86  0  0  4.40
 3  82.58  1.17  1  3  2.39
 0  60.30  0.84  0  0  1.83
 1  92.95  0.71  0  1  0.78
 0  67.05  0.71  0  1  1.24
 0  62.54  1.06  0  0  0.97
 1  82.53  0.96  0  1  0.95
 1  78.06  1.37  0  1  0.86
 0  87.33  0.46  0  1  1.19
 0  89.33  0.27  0  0  0.75
 1  82.53  0.61  0  0  0.73
 1  86.10  0.86  0  0  1.35
 1  99.70  0.73  0  1  0.65
 1  89.33  1.30  0  1  0.92
 1  92.56  1.24  0  1  0.66
 3  78.06  1.37  1  2  2.58
 1  99.70  0.84  0  1  1.78
 2  74.25  0.23  1  3  1.49
 0  62.54  0.51  0  0  1.61
 0  67.44  1.24  0  2  1.64
 0  87.33  0.46  0  1  2.68
 2  89.33  0.27  1  2  1.48
 1  92.95  0.86  0  0  1.72
 0  62.54  0.51  0  0  0.80
 2  67.44  1.24  1  2  1.55
 3  92.95  0.71  1  3  2.06
 1  95.31  1.16  0  1  3.99
 1  99.70  0.73  0  1  1.13
 3  82.58  1.17  1  3  2.28
 3  99.70  0.84  1  3  1.19
 0  64.69  0.42  0  0  1.32
 1  82.53  0.61  0  1  1.15
 0  67.44  0.33  0  0  1.21
 3  90.98  0.57  1  3  1.46
 3  74.25  1.34  1  2  2.86
 0  61.05  0.95  0  0  1.16
 2  67.44  0.33  1  2  3.51
 1  89.33  1.30  0  1  1.84
 1  77.42  1.17  0  1  1.08
 3  73.90  0.71  1  3  3.57
 0  74.25  0.23  0  1  1.87
 3  92.56  1.24  1  3  1.55
 2  85.75  0.23  1  3  1.31
 2  97.46  0.51  1  3  1.06
 0  89.33  0.27  0  1  1.63
 1  86.10  0.86  0  0  0.84
 2  61.05  0.62  1  2  1.73
 1  87.33  1.11  0  1  1.63
 1  72.67  1.11  0  1  1.67
 0  85.75  0.23  0  1  1.32
 3  92.95  0.86  1  3  1.39
 3  77.47  0.61  1  3  1.00
 3  77.47  0.96  1  3  0.97
 2  74.25  0.23  1  2  1.16
 0  67.05  0.71  0  0  3.71
 3  98.95  0.62  1  3  1.40
 1  99.70  0.84  0  1  1.04
 2  81.94  0.21  1  2  1.38
 3  82.53  0.96  1  2  2.53
 3  82.53  0.61  1  3  0.89
 0  77.42  0.40  0  1  1.00
 0  70.67  0.27  0  0  1.67
 0  92.56  0.33  0  1  0.93
 3  81.94  1.37  1  3  1.74
 1  78.06  1.37  0  1  1.33
 3  95.31  1.16  1  3  1.29
 1  90.98  0.57  0  1  1.36
 0  78.06  0.21  0  1  1.12
 2  67.05  0.71  1  2  1.13
 1  98.95  0.95  0  1  1.25
 1  73.90  0.71  0  0  1.13
 0  95.31  0.42  0  1  0.93
 1  92.56  1.24  0  0  1.42
 2  77.42  0.40  1  2  2.18
 3  73.90  0.86  1  2  0.97
 2  95.31  0.42  1  3  0.93
 0  72.67  0.46  0  0  1.41
 2  92.56  0.33  1  3  1.58
 0  69.02  0.57  0  0  1.64
 0  81.94  0.21  0  1  1.07
 3  78.06  1.37  1  2  1.31
 1  73.90  0.86  0  0  1.68
 1  85.75  1.34  0  1  0.92
 2  64.69  0.42  1  2  1.38
 0  97.46  0.51  0  1  1.07
 0  70.67  1.30  0  0  1.58
 3  97.46  1.06  1  3  2.10
 2  62.54  0.51  1  2  1.87
 2  60.30  0.73  1  2  1.58
 2  82.58  0.40  1  3  1.10
 0  67.44  1.24  0  0  1.46
 1  77.47  0.96  0  1  1.03
 0  61.05  0.62  0  0  0.94
 2  70.67  1.30  1  2  2.00
 2  72.67  0.46  1  3  1.95
 1  92.95  0.71  0  1  1.18
 1  97.46  1.06  0  1  1.11
 0  62.54  1.06  0  0  1.15
 0  67.05  0.86  0  0  1.11
 2  62.54  1.06  1  2  1.51
 2  67.05  0.86  1  2  0.94
 3  86.10  0.86  1  3  0.99
 1  98.95  0.62  0  1  1.30
 2  69.02  0.57  1  2  1.18
 1  81.94  1.37  0  1  1.39
 2  70.67  0.27  1  2  1.42
 0  60.30  0.73  0  0  1.09
 0  69.02  1.00  0  0  1.06
 1  77.47  0.61  0  1  0.91
 1  86.10  0.71  0  1  1.23
 3  86.10  0.71  1  3  1.12
 0  82.58  0.40  0  1  1.01
 2  60.30  0.84  1  2  1.06
 2  64.69  1.16  1  2  1.56
 3  85.75  1.34  1  3  1.35
 1  82.58  1.17  0  1  1.03
 2  87.33  0.46  1  3  1.37
 3  90.98  1.00  1  3  1.11
 0  60.30  0.84  0  0  1.22
 3  89.33  1.30  1  3  1.40
 3  87.33  1.11  1  3  3.46
 3  77.42  1.17  1  2  1.24
 0  64.69  1.16  0  0  1.07
 1  82.53  0.96  0  1  1.30
 3  72.67  1.11  1  2  1.23
 3  99.70  0.73  1  3  1.85
 1  74.25  1.34  0  0  1.23
 3  98.95  0.95  1  3  0.92
 2  78.06  0.21  1  3  0.94
 2  61.05  0.95  1  2  1.20
 1  90.98  1.00  0  1  1.38
 2  69.02  1.00  1  2  2.65
 3  95.31  1.16  1  3  3.83
 2  87.33  0.46  1  3  1.11
 1  90.98  1.00  0  1  1.14
 2  67.05  0.86  1  2  1.51
 0  69.02  0.57  0  0  1.08
 1  87.33  1.11  0  1  2.83
 3  82.58  1.17  1  3  1.69
 3  99.70  0.84  1  3  1.48
 3  72.67  1.11  1  2  1.03
 1  99.70  0.73  0  1  1.11
 1  89.33  1.30  0  1  1.11
 3  82.53  0.61  1  3  1.39
 0  97.46  0.51  0  1  1.09
 3  86.10  0.86  1  3  1.54
 0  87.33  0.46  0  1  2.64
 2  61.05  0.95  1  2  1.06
 2  70.67  1.30  1  2  1.62
 3  77.47  0.96  1  3  5.26
 3  90.98  0.57  1  3  1.71
 3  82.53  0.96  1  3  1.03
 1  90.98  0.57  0  1  1.22
 1  77.42  1.17  0  1  1.07
 3  99.70  0.73  1  3  1.93
 0  67.05  0.71  0  0  1.28
 0  60.30  0.73  0  0  1.09
 1  95.31  1.16  0  1  1.32
 2  72.67  0.46  1  2  1.45
 1  98.95  0.62  0  1  1.18
 2  64.69  1.16  1  2  1.14
 3  73.90  0.71  1  2  1.80
 3  97.46  1.06  1  3  1.16
 0  62.54  0.51  0  0  1.34
 1  82.53  0.61  0  1  1.06
 1  85.75  1.34  0  1  2.05
 1  72.67  1.11  0  1  1.01
 0  60.30  0.84  0  0  1.05
 1  92.56  1.24  0  1  0.97
 2  64.69  0.42  1  2  1.82
 1  73.90  0.71  0  1  1.05
 3  85.75  1.34  1  3  1.16
 0  62.54  1.06  0  0  1.06
 0  92.56  0.33  0  1  1.01
 0  89.33  0.27  0  1  1.13
 0  78.06  0.21  0  0  0.92
 0  74.25  0.23  0  0  1.03
 0  67.05  0.86  0  1  1.11
 1  78.06  1.37  0  1  0.97
 0  64.69  0.42  0  0  1.84
 1  77.47  0.96  0  1  0.95
 1  86.10  0.71  0  1  0.94
 2  70.67  0.27  1  2  3.39
 1  97.46  1.06  0  1  1.10
 0  69.02  1.00  0  0  1.02
 3  74.25  1.34  1  2  1.58
 0  67.44  0.33  0  1  1.03
 0  64.69  1.16  0  0  2.43
 3  89.33  1.30  1  3  1.07
 1  98.95  0.95  0  1  1.09
 1  82.58  1.17  0  1  0.84
 0  70.67  1.30  0  0  1.15
 2  61.05  0.62  1  2  1.01
 3  81.94  1.37  1  3  3.04
 0  85.75  0.23  0  1  1.22
 0  72.67  0.46  0  0  0.92
 0  61.05  0.95  0  0  1.03
 3  92.95  0.71  1  3  1.37
 2  89.33  0.27  1  3  0.96
 1  92.95  0.86  0  1  1.29
 0  81.94  0.21  0  1  1.00
 2  82.58  0.40  1  3  1.15
 2  69.02  0.57  1  2  1.61
 3  92.95  0.86  1  3  1.88
 2  74.25  0.23  1  3  1.14
 3  78.06  1.37  1  2  0.93
 1  81.94  1.37  0  1  1.64
 1  77.47  0.61  0  1  0.84
 1  86.10  0.86  0  1  0.90
 2  85.75  0.23  1  3  1.46
 3  77.47  0.61  1  2  1.14
 1  82.53  0.96  0  1  1.03
 2  78.06  0.21  1  2  2.12
 2  67.44  1.24  1  2  1.16
 0  67.44  1.24  0  0  2.70
 1  73.90  0.86  0  1  1.70
 2  69.02  1.00  1  3  2.38
 3  90.98  1.00  1  3  0.92
 0  82.58  0.40  0  1  1.17
 0  70.67  0.27  0  0  1.35
 1  99.70  0.84  0  1  0.99
 3  87.33  1.11  1  3  1.05
 3  77.42  1.17  1  3  1.48
 2  97.46  0.51  1  3  1.06
 2  92.56  0.33  1  3  1.62
 3  98.95  0.62  1  2  1.07
 0  77.42  0.40  0  0  1.20
 2  81.94  0.21  1  3  1.65
 2  62.54  1.06  1  2  1.07
 2  67.44  0.33  1  2  1.09
 2  67.05  0.71  1  2  0.78
 3  86.10  0.71  1  3  0.64
 2  60.30  0.73  1  2  0.75
 1  92.95  0.71  0  1  1.24
 3  73.90  0.86  1  3  2.72
 2  60.30  0.84  1  2  0.96
 0  61.05  0.62  0  0  1.24
 2  95.31  0.42  1  3  1.29
 1  74.25  1.34  0  0  1.74
 0  95.31  0.42  0  1  0.83
 2  62.54  0.51  1  3  1.40
 3  98.95  0.95  1  3  1.08
 2  77.42  0.40  1  2  1.12
 3  92.56  1.24  1  3  1.21
