 3  61.05  0.62  1  0  2.62
 0  73.90  0.86  0  2  4.80
 3  89.33  0.27  1  3  1.94
 3  69.02  0.57  1  0  2.15
 3  67.44  0.33  1  3  3.19
 1  74.25  0.23  0  2  1.64
 0  77.47  0.61  0  1  2.24
 2  92.95  0.71  1  1  2.42
 2  73.90  0.71  1  3  1.74
 1  92.56  0.33  0  1 10.79
 2  72.67  1.11  1  3  1.25
 1  70.67  1.30  0  2  2.02
 0  90.98  1.00  0  1  4.32
 2  82.53  0.96  1  3  1.33
 0  82.53  0.61  0  2  6.25
 3  74.25  0.23  1  1  1.76
 1  82.58  0.40  0  2 21.90
 1  64.69  0.42  0  2  1.65
 3  81.94  0.21  1  0  1.29
 2  95.31  1.16  1  3  1.60
 2  98.95  0.62  1  3  2.27
 3  70.67  1.30  1  3  1.42
 0  92.95  0.71  0  1  2.28
 2  74.25  1.34  1  3  1.11
 3  64.69  0.42  1  3  0.91
 2  86.10  0.71  1  0  1.75
 3  97.46  0.51  1  3  1.65
 2  97.46  1.06  1  2  1.26
 0  95.31  1.16  0  2  1.86
 1  97.46  0.51  0  1  1.14
 0  82.53  0.96  0  2  1.63
 1  62.54  1.06  0  0  1.04
 1  61.05  0.62  0  2  8.22
 2  77.42  1.17  1  3  1.45
 0  74.25  1.34  0  0  7.15
 3  78.06  0.21  1  2  4.35
 0  90.98  0.57  0  1  1.67
 1  67.05  0.71  0  2  1.24
 3  62.54  1.06  1  3  0.93
 3  62.54  0.51  1  0 12.80
 1  67.44  0.33  0  0  4.33
 2  73.90  0.86  1  3 15.11
 0  89.33  1.30  0  1  2.27
 1  69.02  1.00  0  0  1.47
 0  73.90  0.71  0  0  2.36
 1  67.44  1.24  0  0  4.74
 2  98.95  0.95  1  3  1.09
 2  87.33  1.11  1  3  1.37
 1  61.05  0.95  0  0  1.98
 0  77.47  0.96  0  1  5.81
 3  82.58  0.40  1  3  8.57
 1  69.02  0.57  0  1  6.39
 1  60.30  0.84  0  0  1.10
 2  77.47  0.61  1  3  1.60
 3  69.02  1.00  1  3  1.33
 0  87.33  1.11  0  0  3.55
 0  92.95  0.86  0  0  0.90
 0  81.94  1.37  0  0  1.28
 0  97.46  1.06  0  0  0.78
 1  70.67  0.27  0  1  1.10
 1  64.69  1.16  0  1  1.07
 2  81.94  1.37  1  2  1.85
 0  92.56  1.24  0  0  1.61
 3  67.44  1.24  1  3  1.19
 1  62.54  0.51  0  1  2.94
 2  82.53  0.61  1  2  1.62
 2  99.70  0.73  1  2  1.42
 3  85.75  0.23  1  2  2.78
 0  98.95  0.62  0  1  2.38
 3  60.30  0.73  1  3  1.45
 0  82.58  1.17  0  0  1.65
 0  78.06  1.37  0  0  1.49
 1  67.05  0.86  0  0  0.92
 3  77.42  0.40  1  3  1.26
 2  86.10  0.86  1  2  0.91
 3  92.56  0.33  1  3  1.46
 1  81.94  0.21  0  1  1.55
 2  77.47  0.96  1  3  1.57
 1  85.75  0.23  0  1  1.08
 0  98.95  0.95  0  1  1.47
 0  99.70  0.84  0  1  1.74
 0  99.70  0.73  0  0  0.84
 2  85.75  1.34  1  3  1.11
 1  87.33  0.46  0  1  2.15
 3  67.05  0.71  1  3  3.53
 3  70.67  0.27  1  3  1.45
 2  92.95  0.86  1  2  0.95
 2  90.98  1.00  1  2  1.01
 2  89.33  1.30  1  2  4.28
 1  77.42  0.40  0  1  1.68
 3  87.33  0.46  1  2  3.67
 3  67.05  0.86  1  3  1.39
 0  86.10  0.71  0  1  1.01
 2  78.06  1.37  1  3  1.34
 1  89.33  0.27  0  1  0.81
 3  61.05  0.95  1  3  1.21
 3  95.31  0.42  1  3  1.65
 2  99.70  0.84  1  2  7.56
 3  64.69  1.16  1  3  0.94
 0  72.67  1.11  0  0  2.38
 2  90.98  0.57  1  2  1.49
 2  82.58  1.17  1  3  1.14
 1  78.06  0.21  0  0  2.56
 3  60.30  0.84  1  3  1.35
 1  95.31  0.42  0  1  1.27
 0  77.42  1.17  0  0  1.27
 0  86.10  0.86  0  1  2.64
 1  60.30  0.73  0  0  1.52
 2  92.56  1.24  1  2  1.49
 3  72.67  0.46  1  3  2.25
 1  72.67  0.46  0  0  2.03
 0  85.75  1.34  0  1  2.18
 3  62.54  1.06  1  3  1.83
 2  99.70  0.84  1  2  1.77
 2  87.33  1.11  1  2  1.91
 3  81.94  0.21  1  3  1.79
 0  89.33  1.30  0  1  2.48
 2  78.06  1.37  1  3  1.59
 1  61.05  0.95  0  1  1.95
 1  97.46  0.51  0  1  1.17
 3  60.30  0.84  1  3  1.04
 1  67.44  0.33  0  0  8.58
 1  62.54  1.06  0  1  2.13
 0  92.56  1.24  0  0  1.17
 1  82.58  0.40  0  1  1.37
 0  99.70  0.84  0  0  1.61
 0  95.31  1.16  0  1  1.15
 0  90.98  1.00  0  1  2.11
 1  61.05  0.62  0  1  1.77
 2  90.98  1.00  1  2  6.33
 2  92.95  0.71  1  3 10.29
 3  72.67  0.46  1  3  1.67
 3  67.05  0.86  1  3  1.72
 1  72.67  0.46  0  0 10.44
 0  86.10  0.71  0  1  1.09
 3  87.33  0.46  1  3  1.57
 0  74.25  1.34  0  1  1.67
 1  77.42  0.40  0  0 12.51
 2  77.47  0.61  1  3 11.55
 0  97.46  1.06  0  0  1.64
 1  67.44  1.24  0  1  1.43
 1  81.94  0.21  0  1  0.99
 2  73.90  0.71  1  3  1.42
 2  99.70  0.73  1  2  1.70
 3  64.69  0.42  1  3  1.21
 2  86.10  0.86  1  2  2.40
 2  82.53  0.61  1  3  1.32
 0  77.47  0.96  0  1  2.97
 0  86.10  0.86  0  1  3.40
 2  90.98  0.57  1  3  2.65
 0  99.70  0.73  0  1  1.61
 3  78.06  0.21  1  3  1.99
 0  77.47  0.61  0  1  1.84
 3  85.75  0.23  1  3  1.45
 3  64.69  1.16  1  3  2.39
 0  82.58  1.17  0  0  1.55
 0  92.95  0.86  0  1  0.75
 1  67.05  0.86  0  1  2.02
 3  82.58  0.40  1  3  1.91
 0  98.95  0.62  0  0  1.29
 3  67.05  0.71  1  3  4.86
 3  61.05  0.95  1  3  1.57
 2  86.10  0.71  1  2  3.07
 1  89.33  0.27  0  0  1.85
 3  95.31  0.42  1  3  2.95
 0  73.90  0.71  0  1  2.26
 3  70.67  1.30  1  3  1.14
 3  89.33  0.27  1  3  1.79
 3  70.67  0.27  1  3  1.56
 1  70.67  0.27  0  0  3.09
 1  74.25  0.23  0  1  1.11
 2  82.53  0.96  1  3  1.73
 0  73.90  0.86  0  0  1.93
 3  77.42  0.40  1  3  2.41
 1  64.69  0.42  0  1  2.87
 1  64.69  1.16  0  0  1.24
 0  78.06  1.37  0  0  1.00
 2  97.46  1.06  1  2  1.85
 2  73.90  0.86  1  3  2.02
 3  67.44  0.33  1  3  0.95
 3  97.46  0.51  1  2  1.25
 2  77.42  1.17  1  2  3.24
 1  69.02  1.00  0  1 17.77
 0  90.98  0.57  0  0  1.43
 3  67.44  1.24  1  3  1.41
 0  87.33  1.11  0  0  2.57
 0  72.67  1.11  0  1  0.89
 1  85.75  0.23  0  1  1.63
 3  69.02  0.57  1  3  2.04
 1  67.05  0.71  0  1  3.21
 0  92.95  0.71  0  0  1.96
 2  72.67  1.11  1  3  1.08
 2  81.94  1.37  1  2  1.26
 0  77.42  1.17  0  0  2.77
 2  74.25  1.34  1  2  2.44
 1  62.54  0.51  0  1  2.18
 2  82.58  1.17  1  2  2.00
 2  98.95  0.95  1  2 12.51
 2  77.47  0.96  1  2 23.01
 1  92.56  0.33  0  0  1.73
 3  62.54  0.51  1  3  1.07
 3  92.56  0.33  1  3  0.64
 3  74.25  0.23  1  3  1.22
 0  81.94  1.37  0  0  1.98
 1  78.06  0.21  0  1  2.34
 1  60.30  0.73  0  1  1.74
 2  89.33  1.30  1  2  2.03
 1  60.30  0.84  0  1 10.61
 2  92.95  0.86  1  2  8.58
 2  92.56  1.24  1  2  4.28
 0  85.75  1.34  0  0  1.16
 2  98.95  0.62  1  3  1.06
 1  95.31  0.42  0  1  1.58
 0  98.95  0.95  0  0  1.49
 1  70.67  1.30  0  1  0.83
 3  61.05  0.62  1  3  1.11
 0  82.53  0.61  0  0  1.99
 1  69.02  0.57  0  1  0.94
 3  69.02  1.00  1  3  3.17
 2  95.31  1.16  1  2  0.84
 3  60.30  0.73  1  3  0.74
 2  85.75  1.34  1  2  0.80
 0  82.53  0.96  0  0  2.27
 1  87.33  0.46  0  1  0.93
 0  86.10  0.71  0  0  2.60
 2  97.46  1.06  1  2  1.86
 2  89.33  1.30  1  2  1.45
 3  81.94  0.21  1  3  1.39
 3  64.69  0.42  1  3  1.52
 0  78.06  1.37  0  0  1.94
 3  82.58  0.40  1  3  5.84
 1  70.67  0.27  0  1  3.04
 1  97.46  0.51  0  0  3.07
 0  73.90  0.71  0  0  2.55
 3  95.31  0.42  1  3  1.63
 1  67.05  0.86  0  1  2.07
 0  81.94  1.37  0  0  1.55
 0  85.75  1.34  0  0  1.44
 0  98.95  0.62  0  1  1.42
 0  77.42  1.17  0  0  2.01
 0  86.10  0.86  0  1  1.95
 3  72.67  0.46  1  3  1.41
 1  87.33  0.46  0  0  1.98
 0  90.98  1.00  0  0  1.08
 0  90.98  0.57  0  0  0.90
 3  74.25  0.23  1  3  3.92
 0  92.56  1.24  0  0  1.64
 1  64.69  1.16  0  1  0.91
 1  81.94  0.21  0  1  2.26
 1  72.67  0.46  0  1  3.40
 2  77.47  0.96  1  3 16.40
 0  82.53  0.61  0  0 23.28
 1  64.69  0.42  0  1  1.94
 2  92.95  0.71  1  3  3.34
 0  99.70  0.84  0  0  2.88
 2  99.70  0.84  1  2  2.17
 2  78.06  1.37  1  3  1.20
 2  74.25  1.34  1  2  1.10
 2  98.95  0.95  1  2  1.28
 3  67.44  0.33  1  3  0.89
 0  99.70  0.73  0  0  2.42
 1  78.06  0.21  0  1  1.16
 0  92.95  0.86  0  0  1.49
 3  67.44  1.24  1  3  1.95
 2  98.95  0.62  1  2  1.20
 3  62.54  1.06  1  3  0.82
 0  95.31  1.16  0  0  2.42
 3  78.06  0.21  1  3  1.32
 2  90.98  1.00  1  2  1.17
 3  64.69  1.16  1  3  0.94
 3  69.02  1.00  1  3  0.77
 3  92.56  0.33  1  3 15.18
 2  72.67  1.11  1  3  1.33
 1  62.54  1.06  0  1  2.06
 3  60.30  0.84  1  3  1.39
 0  72.67  1.11  0  0  1.37
 2  82.58  1.17  1  2  1.46
 1  67.05  0.71  0  1  1.99
 0  89.33  1.30  0  0  1.88
 1  61.05  0.62  0  1  1.76
 3  70.67  1.30  1  3 21.92
 1  85.75  0.23  0  1  4.80
 0  97.46  1.06  0  0  3.26
 0  82.53  0.96  0  0  4.71
 2  87.33  1.11  1  2  1.48
 1  74.25  0.23  0  1  1.42
 3  97.46  0.51  1  2  3.00
 3  87.33  0.46  1  3  0.73
 1  61.05  0.95  0  1  8.23
 0  77.47  0.96  0  0  1.18
 2  90.98  0.57  1  2 16.95
 1  67.44  0.33  0  1  3.20
 1  60.30  0.84  0  1  6.76
 0  77.47  0.61  0  0  2.94
 2  95.31  1.16  1  2  4.42
 1  70.67  1.30  0  1  2.38
 2  82.53  0.96  1  2  5.78
 3  77.42  0.40  1  2  1.01
 1  69.02  1.00  0  1  1.50
 2  92.95  0.86  1  2  2.16
 2  99.70  0.73  1  2  1.82
 1  77.42  0.40  0  1  1.69
 3  61.05  0.95  1  3  1.14
 2  92.56  1.24  1  2  2.53
 1  69.02  0.57  0  1  9.29
 3  85.75  0.23  1  3  5.00
 1  89.33  0.27  0  0  6.15
 2  73.90  0.71  1  2  2.30
 0  98.95  0.95  0  0  2.31
 2  82.53  0.61  1  3  2.48
 0  82.58  1.17  0  0  1.49
 3  61.05  0.62  1  3  1.67
 3  62.54  0.51  1  3  1.15
 1  92.56  0.33  0  1  1.46
 3  60.30  0.73  1  3  0.86
 0  92.95  0.71  0  0  1.71
 0  87.33  1.11  0  0  8.22
 1  95.31  0.42  0  1  1.09
 1  82.58  0.40  0  1  3.26
 0  73.90  0.86  0  0  2.14
 1  60.30  0.73  0  1  2.06
 2  85.75  1.34  1  2 16.59
 2  77.42  1.17  1  2  0.94
 2  77.47  0.61  1  2  1.92
 3  67.05  0.86  1  3  1.66
 1  67.44  1.24  0  1  7.73
 2  73.90  0.86  1  2 16.68
 2  86.10  0.71  1  2  1.00
 2  81.94  1.37  1  3  1.09
 3  89.33  0.27  1  3  1.25
 3  69.02  0.57  1  3  1.03
 3  70.67  0.27  1  3  1.01
 1  62.54  0.51  0  1  1.59
 0  74.25  1.34  0  0  1.55
 3  67.05  0.71  1  3  1.57
 2  86.10  0.86  1  2  2.52
 0  99.70  0.84  0  1  1.69
 0  95.31  1.16  0  0  1.57
 1  67.44  1.24  0  1  3.67
 2  89.33  1.30  1  2  3.19
 3  81.94  0.21  1  3  1.19
 3  64.69  1.16  1  3  2.24
 1  78.06  0.21  0  1  1.71
 2  97.46  1.06  1  2  1.10
 0  77.47  0.96  0  0  3.92
 1  72.67  0.46  0  1  2.01
 3  62.54  1.06  1  3  1.23
 0  77.42  1.17  0  0  2.24
 3  89.33  0.27  1  2  5.69
 0  98.95  0.62  0  0  2.29
 2  92.95  0.71  1  2  1.80
 2  99.70  0.84  1  2  0.85
 1  92.56  0.33  0  0  1.20
 3  70.67  0.27  1  3  1.16
 0  92.95  0.71  0  0  1.55
 3  67.05  0.71  1  3  0.91
 1  70.67  1.30  0  1  1.82
 2  78.06  1.37  1  3  1.79
 2  82.58  1.17  1  2  1.15
 2  85.75  1.34  1  2  1.27
 0  92.56  1.24  0  0  1.51
 2  95.31  1.16  1  0  0.87
 2  77.47  0.61  1  2  1.41
 1  85.75  0.23  0  1  2.39
 1  67.05  0.71  0  1  1.88
 0  99.70  0.73  0  0  2.91
 1  60.30  0.84  0  1  1.00
 1  82.58  0.40  0  0  1.14
 2  86.10  0.86  1  2  1.69
 0  90.98  0.57  0  0  1.64
 2  81.94  1.37  1  2  1.43
 3  67.05  0.86  1  3  1.70
 0  86.10  0.86  0  0  1.48
 0  89.33  1.30  0  0  1.01
 3  69.02  1.00  1  3  1.31
 2  72.67  1.11  1  3  1.20
 3  60.30  0.84  1  3  4.36
 1  62.54  1.06  0  1  2.36
 2  87.33  1.11  1  2  1.77
 2  77.47  0.96  1  2  1.24
 3  72.67  0.46  1  3  2.37
 0  82.53  0.61  0  0  9.75
 2  92.95  0.86  1  2  9.83
 3  85.75  0.23  1  3  1.68
 0  81.94  1.37  0  0 10.48
 2  82.53  0.96  1  2 13.72
 3  67.44  0.33  1  3  3.72
 0  92.95  0.86  0  0  0.92
 1  87.33  0.46  0  0  1.48
 3  74.25  0.23  1  3  5.46
 1  70.67  0.27  0  1  3.43
 3  95.31  0.42  1  3  2.06
 2  74.25  1.34  1  3  1.01
 3  97.46  0.51  1  2  2.40
 2  82.53  0.61  1  2  1.38
 3  78.06  0.21  1  3  1.50
 1  69.02  1.00  0  0  5.39
 3  60.30  0.73  1  3  1.56
 0  82.53  0.96  0  0  3.10
 0  98.95  0.95  0  0  1.80
 0  73.90  0.71  0  0  2.91
 2  73.90  0.71  1  2 15.71
 3  61.05  0.95  1  3  1.00
 2  98.95  0.62  1  2  1.84
 1  60.30  0.73  0  1  1.43
 3  61.05  0.62  1  3  1.79
 1  89.33  0.27  0  0  1.50
 0  77.47  0.61  0  0  1.17
 0  82.58  1.17  0  0  0.92
 3  69.02  0.57  1  3  2.27
 1  61.05  0.62  0  0 17.01
 3  77.42  0.40  1  3  5.06
 1  67.44  0.33  0  1  5.68
 0  97.46  1.06  0  0  1.32
 2  86.10  0.71  1  2  2.14
 1  62.54  0.51  0  1  1.97
 1  95.31  0.42  0  0  1.93
 0  74.25  1.34  0  0  2.53
 1  61.05  0.95  0  1  1.35
 1  64.69  0.42  0  0  1.68
 2  99.70  0.73  1  2  4.73
 0  73.90  0.86  0  0 25.40
 2  92.56  1.24  1  2  5.23
 1  97.46  0.51  0  0  1.15
 3  70.67  1.30  1  3  1.95
 1  67.05  0.86  0  1  4.19
 1  64.69  1.16  0  0  2.32
 1  81.94  0.21  0  0  0.96
 3  92.56  0.33  1  3  1.48
 3  82.58  0.40  1  3  4.61
 2  90.98  1.00  1  2  1.20
 3  64.69  0.42  1  3  0.78
 3  87.33  0.46  1  3  1.95
 0  90.98  1.00  0  0  3.28
 0  85.75  1.34  0  0  1.18
 1  77.42  0.40  0  1  1.24
 2  90.98  0.57  1  2  1.72
 2  73.90  0.86  1  2  1.82
 2  98.95  0.95  1  2  1.59
 3  67.44  1.24  1  3  6.71
 2  77.42  1.17  1  3  1.30
 0  78.06  1.37  0  0  0.93
 0  72.67  1.11  0  0  1.42
 0  87.33  1.11  0  0  0.82
 0  86.10  0.71  0  0  1.74
 3  62.54  0.51  1  3  2.80
 1  69.02  0.57  0  0 27.73
 1  74.25  0.23  0  1  2.07
 2  87.33  1.11  1  2  6.92
 0  98.95  0.95  0  0  2.94
 1  70.67  1.30  0  1  2.41
 0  72.67  1.11  0  1  1.78
 3  69.02  0.57  1  2  3.05
 1  60.30  0.73  0  1  1.34
 0  97.46  1.06  0  0  1.60
 0  81.94  1.37  0  0  3.55
 2  92.95  0.71  1  2  1.26
 3  85.75  0.23  1  3  1.15
 0  89.33  1.30  0  0  1.07
 0  90.98  0.57  0  0  1.77
 3  97.46  0.51  1  2 14.30
 3  95.31  0.42  1  3  0.80
 0  73.90  0.86  0  0  1.25
 1  87.33  0.46  0  1  1.54
 3  61.05  0.62  1  3  1.96
 3  67.05  0.86  1  2  2.82
 1  89.33  0.27  0  1  1.74
 3  87.33  0.46  1  2  2.97
 3  62.54  1.06  1  3  1.11
 1  62.54  1.06  0  1  2.53
 0  73.90  0.71  0  0  4.85
 0  77.47  0.96  0  0  2.52
 1  67.05  0.71  0  0  2.48
 1  60.30  0.84  0  1  1.13
 1  77.42  0.40  0  0  0.86
 0  92.95  0.86  0  0  0.91
 2  78.06  1.37  1  3  2.13
 1  74.25  0.23  0  1  1.58
 1  69.02  0.57  0  0  1.78
 0  87.33  1.11  0  0  0.72
 1  67.44  1.24  0  0  2.17
 2  73.90  0.71  1  2  2.00
 3  72.67  0.46  1  2  1.41
 1  97.46  0.51  0  0  2.15
 1  85.75  0.23  0  1  1.61
 2  73.90  0.86  1  2  1.02
 0  82.53  0.96  0  0  1.19
 1  81.94  0.21  0  1  1.04
 0  77.42  1.17  0  0  1.18
 1  95.31  0.42  0  1  1.51
 1  69.02  1.00  0  1  1.81
 0  92.95  0.71  0  0  0.84
 2  90.98  0.57  1  2  1.84
 0  82.53  0.61  0  0  1.18
 0  90.98  1.00  0  0  2.10
 2  98.95  0.95  1  2  1.70
 2  81.94  1.37  1  3  1.04
 0  78.06  1.37  0  0  1.36
 3  64.69  0.42  1  3  1.50
 1  64.69  1.16  0  1  2.00
 2  99.70  0.84  1  2  2.95
 0  86.10  0.86  0  0 18.88
 3  61.05  0.95  1  3  1.03
 2  89.33  1.30  1  2  2.72
 1  61.05  0.62  0  1  2.58
 3  92.56  0.33  1  3  2.82
 3  70.67  1.30  1  2  9.77
 2  92.56  1.24  1  2  0.97
 2  77.47  0.96  1  3  0.95
 3  62.54  0.51  1  3  1.05
 3  60.30  0.84  1  3  1.47
 2  92.95  0.86  1  2  1.85
 0  99.70  0.84  0  0  2.25
 0  86.10  0.71  0  0  0.88
 3  81.94  0.21  1  3  1.43
 2  77.47  0.61  1  2  2.30
 3  74.25  0.23  1  3  1.31
 3  67.44  1.24  1  2  2.23
 3  67.44  0.33  1  3  0.98
 1  72.67  0.46  0  1  2.60
 1  67.44  0.33  0  1  1.44
 3  64.69  1.16  1  2  4.56
 3  67.05  0.71  1  2  1.12
 1  62.54  0.51  0  1  1.56
 1  82.58  0.40  0  1  1.52
 1  67.05  0.86  0  1  1.92
 2  82.53  0.96  1  2  1.31
 3  70.67  0.27  1  3  1.83
 3  78.06  0.21  1  3  1.47
 2  98.95  0.62  1  2  2.10
 0  92.56  1.24  0  0  3.37
 3  82.58  0.40  1  3  1.92
 2  95.31  1.16  1  2  5.04
 2  74.25  1.34  1  3  8.62
 0  74.25  1.34  0  0  2.02
 3  89.33  0.27  1  3  2.39
 2  99.70  0.73  1  2  1.06
 2  77.42  1.17  1  2  1.88
 1  70.67  0.27  0  1  1.35
 2  82.53  0.61  1  2  2.45
 3  69.02  1.00  1  3  1.24
 0  85.75  1.34  0  0  2.51
 2  86.10  0.71  1  2  1.85
 2  86.10  0.86  1  2  0.83
 2  97.46  1.06  1  2  0.94
 2  90.98  1.00  1  2  0.62
 0  82.58  1.17  0  0  1.26
 1  64.69  0.42  0  1  0.95
 0  77.47  0.61  0  0  3.21
 3  60.30  0.73  1  3  1.39
 0  98.95  0.62  0  0  2.40
 1  92.56  0.33  0  1  1.48
 2  82.58  1.17  1  2  1.76
 2  72.67  1.11  1  2  1.83
 0  99.70  0.73  0  0  1.29
 1  78.06  0.21  0  1  1.42
 0  95.31  1.16  0  0  0.95
 3  77.42  0.40  1  3  1.87
 1  61.05  0.95  0  1  2.49
 2  85.75  1.34  1  2  1.41
