 2  99.70  0.84  1  0  4.05
 1  62.54  1.06  0  3  4.01
 1  70.67  1.30  0  3  5.51
 2  81.94  1.37  1  0  6.00
 0  98.95  0.62  0  3 15.53
 3  61.05  0.62  1  0  8.21
 0  89.33  1.30  0  0  7.84
 2  82.53  0.61  1  1 30.42
 1  70.67  0.27  0  2  2.73
 1  60.30  0.73  0  1  5.23
 3  64.69  0.42  1  2  3.82
 2  99.70  0.73  1  0 27.43
 0  99.70  0.73  0  2  1.86
 0  73.90  0.86  0  3  4.03
 3  74.25  0.23  1  1  4.86
 0  92.56  1.24  0  1 37.79
 2  86.10  0.86  1  2  3.67
 0  92.95  0.86  0  0  2.15
 1  64.69  0.42  0  3  4.97
 0  92.95  0.71  0  0  8.44
 3  95.31  0.42  1  2  1.82
 3  61.05  0.95  1  1 41.10
 2  85.75  1.34  1  3  8.53
 2  89.33  1.30  1  2  1.28
 3  87.33  0.46  1  2  8.91
 3  70.67  0.27  1  3  1.21
 2  73.90  0.86  1  2 14.54
 1  64.69  1.16  0  0 23.41
 1  69.02  1.00  0  1  3.04
 2  95.31  1.16  1  3  9.72
 2  78.06  1.37  1  2  1.86
 2  98.95  0.62  1  3  0.99
 0  98.95  0.95  0  1  7.78
 1  95.31  0.42  0  1  1.61
 1  72.67  0.46  0  0  5.37
 1  82.58  0.40  0  1  1.81
 0  85.75  1.34  0  0  2.22
 0  72.67  1.11  0  1  1.83
 0  86.10  0.86  0  1  1.38
 0  82.58  1.17  0  0 25.26
 0  97.46  1.06  0  1  8.28
 2  87.33  1.11  1  3  2.76
 2  82.53  0.96  1  2  1.59
 0  86.10  0.71  0  1  1.73
 0  90.98  1.00  0  1 11.05
 2  98.95  0.95  1  3  1.97
 1  67.05  0.86  0  0 15.27
 1  92.56  0.33  0  1  8.27
 3  81.94  0.21  1  3  2.29
 0  81.94  1.37  0  1  1.42
 3  62.54  1.06  1  3 12.84
 1  67.44  0.33  0  1  3.87
 1  85.75  0.23  0  1  0.80
 0  74.25  1.34  0  0  2.77
 2  77.42  1.17  1  3 10.56
 2  92.56  1.24  1  2  1.44
 1  97.46  0.51  0  1  2.85
 0  78.06  1.37  0  0  2.25
 0  99.70  0.84  0  0 13.07
 0  77.47  0.61  0  0  0.87
 1  69.02  0.57  0  0  1.00
 3  64.69  1.16  1  3  5.71
 2  90.98  1.00  1  3  3.56
 2  97.46  1.06  1  2  0.82
 0  90.98  0.57  0  0  3.44
 1  61.05  0.95  0  0  1.45
 2  74.25  1.34  1  3  2.92
 3  77.42  0.40  1  2  4.49
 1  62.54  0.51  0  0  5.36
 0  82.53  0.96  0  0  4.13
 1  67.05  0.71  0  0 17.78
 0  77.47  0.96  0  0  1.07
 2  82.58  1.17  1  2  2.86
 3  67.05  0.86  1  2  7.71
 2  90.98  0.57  1  3  1.14
 1  89.33  0.27  0  1  1.71
 3  82.58  0.40  1  3  1.56
 3  70.67  1.30  1  2  3.99
 2  77.47  0.61  1  3  3.66
 2  77.47  0.96  1  3  1.61
 1  77.42  0.40  0  1  5.27
 0  77.42  1.17  0  0  8.51
 1  81.94  0.21  0  1  0.98
 3  67.05  0.71  1  3 17.75
 3  89.33  0.27  1  3  2.54
 3  97.46  0.51  1  3  2.63
 3  69.02  0.57  1  3  1.92
 1  87.33  0.46  0  1  1.47
 3  78.06  0.21  1  3  0.74
 2  72.67  1.11  1  2  1.32
 1  74.25  0.23  0  1  0.97
 1  67.44  1.24  0  0  1.46
 0  82.53  0.61  0  1  2.91
 2  73.90  0.71  1  2  1.96
 3  67.44  0.33  1  3  1.01
 1  60.30  0.84  0  1  6.17
 3  67.44  1.24  1  2  5.40
 3  69.02  1.00  1  3  5.18
 3  60.30  0.84  1  3  1.08
 3  92.56  0.33  1  3  6.56
 2  92.95  0.86  1  2  2.78
 1  78.06  0.21  0  1  1.21
 0  73.90  0.71  0  1  6.05
 2  86.10  0.71  1  2  2.59
 1  61.05  0.62  0  1  2.44
 3  60.30  0.73  1  3  1.40
 3  72.67  0.46  1  3  5.51
 3  62.54  0.51  1  3  4.05
 3  85.75  0.23  1  3  1.00
 0  87.33  1.11  0  0  1.51
 0  95.31  1.16  0  0  2.05
 2  92.95  0.71  1  3  4.23
 1  67.44  1.24  0  0  4.17
 1  64.69  0.42  0  1  2.39
 3  61.05  0.95  1  3  1.32
 0  78.06  1.37  0  0  4.65
 0  90.98  1.00  0  0  2.31
 1  61.05  0.62  0  1  1.14
 0  72.67  1.11  0  0 20.59
 3  92.56  0.33  1  3  1.89
 1  78.06  0.21  0  1  2.08
 1  95.31  0.42  0  1  1.30
 3  81.94  0.21  1  3  2.08
 0  77.47  0.96  0  0  4.72
 2  97.46  1.06  1  2  1.82
 2  74.25  1.34  1  2  2.78
 3  89.33  0.27  1  3  1.06
 0  92.56  1.24  0  0 12.62
 2  77.42  1.17  1  2  2.08
 0  81.94  1.37  0  0  1.51
 2  90.98  1.00  1  2  1.52
 0  95.31  1.16  0  0  1.63
 0  98.95  0.62  0  1  2.05
 0  97.46  1.06  0  0  1.59
 2  87.33  1.11  1  2  3.11
 1  77.42  0.40  0  1  1.42
 3  64.69  0.42  1  3  1.49
 1  89.33  0.27  0  1  1.06
 2  89.33  1.30  1  2  1.49
 2  98.95  0.95  1  2 14.40
 1  60.30  0.73  0  1  2.18
 3  60.30  0.84  1  3  1.63
 1  81.94  0.21  0  1  6.84
 1  62.54  0.51  0  1  1.35
 3  77.42  0.40  1  3  2.52
 1  82.58  0.40  0  1  0.91
 0  77.47  0.61  0  3  5.93
 3  72.67  0.46  1  3  9.71
 2  77.47  0.96  1  2  1.31
 2  92.95  0.71  1  3  6.19
 3  62.54  0.51  1  3  1.10
 2  99.70  0.73  1  2  9.00
 2  81.94  1.37  1  2  4.07
 3  87.33  0.46  1  3  0.90
 0  77.42  1.17  0  0  2.66
 2  82.58  1.17  1  2  1.63
 3  85.75  0.23  1  3  0.76
 1  61.05  0.95  0  1  1.41
 2  78.06  1.37  1  2  1.70
 1  62.54  1.06  0  1  1.31
 0  90.98  0.57  0  1  8.49
 2  86.10  0.86  1  2  6.36
 3  95.31  0.42  1  3  2.98
 0  86.10  0.71  0  1  4.97
 1  67.05  0.71  0  1  0.93
 2  82.53  0.61  1  3 10.92
 0  82.58  1.17  0  0  8.92
 0  74.25  1.34  0  0  1.93
 2  92.95  0.86  1  2  2.43
 2  85.75  1.34  1  2  0.80
 1  67.05  0.86  0  1  1.83
 0  99.70  0.84  0  0  2.07
 0  86.10  0.86  0  0  0.81
 1  85.75  0.23  0  1  0.82
 3  67.05  0.86  1  2  1.70
 2  95.31  1.16  1  2  0.96
 3  69.02  1.00  1  3  1.05
 2  98.95  0.62  1  2  2.15
 1  69.02  0.57  0  1  2.62
 2  77.47  0.61  1  3  3.28
 1  72.67  0.46  0  1  3.50
 3  70.67  0.27  1  3  5.85
 3  64.69  1.16  1  3  2.23
 2  73.90  0.86  1  2  1.67
 2  72.67  1.11  1  2 24.77
 3  78.06  0.21  1  3  0.94
 1  64.69  1.16  0  1  1.65
 0  89.33  1.30  0  0  2.08
 0  82.53  0.61  0  1  2.94
 0  87.33  1.11  0  0  1.45
 1  69.02  1.00  0  1  2.34
 1  92.56  0.33  0  1  6.74
 3  69.02  0.57  1  3  4.64
 2  86.10  0.71  1  2  1.43
 1  70.67  0.27  0  1  1.25
 0  73.90  0.86  0  0  2.13
 3  61.05  0.62  1  3  1.07
 3  70.67  1.30  1  2  1.60
 0  82.53  0.96  0  0  1.78
 1  60.30  0.84  0  1  1.81
 3  67.05  0.71  1  3  2.63
 0  85.75  1.34  0  0  1.21
 1  97.46  0.51  0  1  0.76
 3  67.44  1.24  1  3  1.24
 2  73.90  0.71  1  3 12.90
 3  67.44  0.33  1  3  0.75
 3  60.30  0.73  1  3  0.91
 3  62.54  1.06  1  3  1.09
 3  82.58  0.40  1  3  0.76
 0  92.95  0.71  0  0  1.74
 0  73.90  0.71  0  0  3.04
 3  97.46  0.51  1  3  1.30
 2  82.53  0.96  1  2  1.11
 0  99.70  0.73  0  0  2.92
 2  99.70  0.84  1  2  1.97
 1  74.25  0.23  0  1  4.30
 3  74.25  0.23  1  3  1.00
 1  70.67  1.30  0  0  3.51
 0  92.95  0.86  0  0  6.41
 0  98.95  0.95  0  0  4.75
 1  87.33  0.46  0  1  1.30
 2  90.98  0.57  1  3  5.73
 1  67.44  0.33  0  1  2.10
 2  92.56  1.24  1  2  2.02
 2  90.98  1.00  1  2  1.73
 3  62.54  0.51  1  3  1.77
 2  87.33  1.11  1  2  7.94
 0  82.58  1.17  0  0  8.01
 1  62.54  0.51  0  1  1.63
 0  86.10  0.71  0  0  2.43
 0  99.70  0.84  0  0  1.34
 3  81.94  0.21  1  3  1.00
 2  95.31  1.16  1  2  0.98
 1  70.67  1.30  0  1  1.95
 1  82.58  0.40  0  1 10.19
 3  64.69  1.16  1  3  1.35
 2  98.95  0.95  1  2  1.59
 2  92.95  0.71  1  2  1.84
 3  69.02  1.00  1  3  1.10
 1  78.06  0.21  0  1  0.89
 3  67.05  0.86  1  3  0.80
 0  73.90  0.71  0  1  3.91
 3  95.31  0.42  1  3  1.57
 3  62.54  1.06  1  3  1.17
 0  92.95  0.86  0  0  1.77
 0  92.56  1.24  0  0  0.76
 2  99.70  0.73  1  2  1.59
 2  86.10  0.86  1  2  1.27
 3  60.30  0.84  1  3  0.87
 3  82.58  0.40  1  3  1.00
 0  77.42  1.17  0  0  2.58
 0  74.25  1.34  0  0  2.25
 2  77.47  0.96  1  2  1.43
 1  74.25  0.23  0  1  1.33
 2  92.95  0.86  1  2  3.43
 0  89.33  1.30  0  0  5.88
 1  69.02  1.00  0  1  1.44
 3  61.05  0.62  1  3  0.88
 1  85.75  0.23  0  1  3.19
 0  73.90  0.86  0  0 14.88
 1  62.54  1.06  0  1  1.19
 2  77.42  1.17  1  2  1.06
 0  98.95  0.95  0  0  1.03
 2  86.10  0.71  1  2  1.46
 1  69.02  0.57  0  1  2.06
 0  81.94  1.37  0  0  0.90
 1  87.33  0.46  0  1  0.86
 3  60.30  0.73  1  3  0.78
 1  67.05  0.86  0  0  1.67
 1  72.67  0.46  0  1  0.88
 2  77.47  0.61  1  3  3.36
 2  73.90  0.71  1  2  1.45
 0  97.46  1.06  0  0  4.03
 2  97.46  1.06  1  2  2.61
 1  60.30  0.73  0  1  1.34
 0  77.47  0.61  0  1  1.56
 1  97.46  0.51  0  1  0.88
 2  73.90  0.86  1  2  1.79
 3  97.46  0.51  1  3  2.99
 2  82.58  1.17  1  2  1.13
 3  70.67  0.27  1  3  1.31
 3  67.05  0.71  1  3  1.74
 0  72.67  1.11  0  0  1.47
 3  72.67  0.46  1  3  1.26
 1  61.05  0.95  0  1  1.26
 1  77.42  0.40  0  1  2.33
 1  89.33  0.27  0  1  0.78
 3  89.33  0.27  1  3  0.80
 2  92.56  1.24  1  2  0.73
 0  85.75  1.34  0  0  6.39
 2  81.94  1.37  1  2  1.23
 3  78.06  0.21  1  3  0.75
 0  92.95  0.71  0  0  6.68
 1  60.30  0.84  0  1  0.91
 1  61.05  0.62  0  1  0.76
 3  87.33  0.46  1  3  1.71
 0  78.06  1.37  0  0  3.34
 2  90.98  0.57  1  2  2.20
 2  98.95  0.62  1  2  0.92
 1  95.31  0.42  0  1  0.79
 1  67.44  1.24  0  1  2.09
 2  99.70  0.84  1  2  1.47
 2  78.06  1.37  1  2  1.63
 1  67.05  0.71  0  1  1.55
 2  89.33  1.30  1  2  0.75
 2  82.53  0.61  1  2  0.93
 1  64.69  1.16  0  1  0.91
 0  77.47  0.96  0  0  1.06
 2  85.75  1.34  1  2  2.24
 3  64.69  0.42  1  3  1.24
 3  74.25  0.23  1  3  0.69
 3  67.44  1.24  1  3  1.96
 0  87.33  1.11  0  0  1.19
 1  81.94  0.21  0  1  0.93
 0  95.31  1.16  0  0  1.19
 1  64.69  0.42  0  1  1.40
 3  61.05  0.95  1  3  1.09
 3  67.44  0.33  1  3  2.24
 3  69.02  0.57  1  3  1.98
 3  77.42  0.40  1  3  1.13
 0  82.53  0.96  0  0  0.93
 0  90.98  1.00  0  0  0.78
 0  86.10  0.86  0  0  1.08
 2  82.53  0.96  1  2  0.89
 3  70.67  1.30  1  2  0.99
 3  85.75  0.23  1  3  1.07
 0  99.70  0.73  0  0  2.22
 2  74.25  1.34  1  2  2.29
 1  92.56  0.33  0  1  0.87
 0  82.53  0.61  0  1  1.56
 0  98.95  0.62  0  0  0.96
 0  90.98  0.57  0  0  1.43
 1  70.67  0.27  0  1  0.88
 2  72.67  1.11  1  2  1.88
 1  67.44  0.33  0  1  1.70
 3  92.56  0.33  1  3  1.88
 2  86.10  0.71  1  2  1.62
 2  81.94  1.37  1  2 11.68
 3  64.69  0.42  1  3  1.44
 2  92.56  1.24  1  2  0.63
 2  82.53  0.61  1  3  2.78
 2  85.75  1.34  1  2  1.10
 1  87.33  0.46  0  1  1.09
 1  60.30  0.84  0  1  1.49
 1  60.30  0.73  0  1  0.82
 2  92.95  0.71  1  2  8.39
 1  64.69  0.42  0  1  1.15
 1  67.44  0.33  0  1  4.21
 3  60.30  0.84  1  3  1.17
 2  72.67  1.11  1  2  1.10
 0  82.53  0.61  0  1  4.35
 0  92.95  0.71  0  0  0.93
 2  77.47  0.96  1  2  1.09
 3  60.30  0.73  1  3  1.04
 0  78.06  1.37  0  0  0.95
 1  67.44  1.24  0  1  2.60
 1  89.33  0.27  0  1  1.07
 1  97.46  0.51  0  1  0.84
 1  69.02  1.00  0  1  0.95
 0  73.90  0.86  0  0  2.32
 0  82.53  0.96  0  0  1.69
 3  64.69  1.16  1  3  1.12
 3  62.54  0.51  1  3  2.46
 0  95.31  1.16  0  0  2.75
 0  92.95  0.86  0  0  1.46
 0  73.90  0.71  0  0  9.93
 2  89.33  1.30  1  2  0.99
 2  82.58  1.17  1  2  0.61
 3  61.05  0.95  1  3  0.88
 0  85.75  1.34  0  0  0.76
 2  95.31  1.16  1  2  0.91
 3  67.44  1.24  1  3  1.66
 0  77.47  0.96  0  0  2.16
 1  62.54  0.51  0  1  3.80
 1  81.94  0.21  0  1  0.82
 1  95.31  0.42  0  1 14.25
 1  70.67  1.30  0  0  1.14
 3  72.67  0.46  1  3  2.22
 0  99.70  0.73  0  0  0.83
 3  74.25  0.23  1  3  0.94
 2  77.42  1.17  1  2  1.42
 2  92.95  0.86  1  2  1.15
 0  89.33  1.30  0  0  1.26
 1  61.05  0.62  0  1  1.04
 2  87.33  1.11  1  2  1.04
 0  77.42  1.17  0  0  4.41
 0  97.46  1.06  0  0  1.30
 0  74.25  1.34  0  0  2.03
 3  61.05  0.62  1  3  0.97
 0  99.70  0.84  0  0  1.35
 0  87.33  1.11  0  0  1.00
 3  69.02  1.00  1  1  4.06
 3  97.46  0.51  1  1  1.33
 0  92.56  1.24  0  0  3.58
 1  78.06  0.21  0  1  0.70
 3  67.05  0.86  1  2  2.47
 1  67.05  0.71  0  1  1.53
 2  73.90  0.71  1  2  2.62
 3  78.06  0.21  1  3  0.83
 1  64.69  1.16  0  1  1.78
 3  85.75  0.23  1  3  1.67
 2  77.47  0.61  1  2  1.97
 3  87.33  0.46  1  2  1.88
 1  72.67  0.46  0  0  1.84
 2  98.95  0.62  1  2  1.21
 0  82.58  1.17  0  0  3.62
 2  99.70  0.73  1  2  2.33
 0  86.10  0.86  0  0  2.19
 2  73.90  0.86  1  0  2.37
 0  77.47  0.61  0  0 30.40
 1  62.54  1.06  0  1  1.28
 3  67.05  0.71  1  3  3.61
 0  98.95  0.62  0  0  2.98
 1  85.75  0.23  0  1  1.05
 1  69.02  0.57  0  1  1.36
 1  70.67  0.27  0  1  1.00
 1  74.25  0.23  0  1  0.77
 3  81.94  0.21  1  3  0.69
 2  99.70  0.84  1  2  0.75
 0  81.94  1.37  0  0  0.91
 3  89.33  0.27  1  3 12.88
 3  77.42  0.40  1  3  0.86
 2  97.46  1.06  1  2  1.70
 3  95.31  0.42  1  3  1.17
 1  82.58  0.40  0  1 11.77
 3  70.67  0.27  1  3  1.51
 2  98.95  0.95  1  2  1.32
 3  67.44  0.33  1  3  1.15
 2  86.10  0.86  1  2  0.68
 2  82.53  0.96  1  2  0.91
 2  74.25  1.34  1  2  7.27
 3  62.54  1.06  1  3  0.75
 3  70.67  1.30  1  3  3.10
 3  82.58  0.40  1  3  1.11
 3  92.56  0.33  1  3  0.83
 1  67.05  0.86  0  1  1.35
 0  72.67  1.11  0  0 11.69
 1  77.42  0.40  0  1  0.70
 1  92.56  0.33  0  1  0.60
 1  61.05  0.95  0  1  0.85
 0  90.98  1.00  0  0  1.15
 0  90.98  0.57  0  1  0.85
 0  98.95  0.95  0  0  0.56
 3  69.02  0.57  1  1  4.30
 2  78.06  1.37  1  2 22.39
 2  90.98  1.00  1  2  7.33
 0  86.10  0.71  0  0  2.06
 2  90.98  0.57  1  1  5.15
 3  70.67  0.27  1  3 27.47
 0  98.95  0.62  0  0  1.68
 0  87.33  1.11  0  0  0.92
 0  77.42  1.17  0  0  1.60
 2  82.53  0.96  1  2  1.55
 1  64.69  1.16  0  3  1.26
 2  82.58  1.17  1  2 19.25
 3  72.67  0.46  1  3  2.59
 0  81.94  1.37  0  0  1.87
 1  67.05  0.71  0  0  2.41
 1  61.05  0.62  0  3  2.60
 2  97.46  1.06  1  2  6.31
 2  73.90  0.86  1  2 23.51
 3  78.06  0.21  1  3  0.83
 3  67.05  0.71  1  2  2.06
 2  77.47  0.96  1  2  0.76
 1  70.67  0.27  0  1  1.51
 3  60.30  0.84  1  3  1.21
 0  99.70  0.73  0  0  1.76
 2  81.94  1.37  1  2  2.11
 1  92.56  0.33  0  1  3.20
 2  99.70  0.73  1  0  1.40
 3  69.02  0.57  1  1 12.73
 0  90.98  0.57  0  1  3.03
 0  99.70  0.84  0  0  1.99
 2  90.98  0.57  1  3  2.93
 0  82.58  1.17  0  0  1.82
 1  74.25  0.23  0  1  1.63
 3  62.54  0.51  1  3  4.15
 1  61.05  0.95  0  1  2.41
 1  78.06  0.21  0  1  0.83
 0  85.75  1.34  0  0  2.89
 3  61.05  0.62  1  2  2.42
 3  85.75  0.23  1  3  1.39
 0  72.67  1.11  0  0  1.13
 3  87.33  0.46  1  1  1.24
 3  67.05  0.86  1  2  3.41
 0  97.46  1.06  0  0 13.56
 1  77.42  0.40  0  1  3.59
 3  74.25  0.23  1  3  4.75
 2  92.95  0.86  1  2  1.15
 2  82.53  0.61  1  2  1.97
 1  95.31  0.42  0  1  1.13
 2  78.06  1.37  1  2  2.77
 1  62.54  0.51  0  1  1.02
 2  85.75  1.34  1  0  0.67
 1  70.67  1.30  0  0  2.21
 1  62.54  1.06  0  1  0.74
 2  73.90  0.71  1  2  1.24
 0  92.95  0.86  0  0  0.95
 0  82.53  0.61  0  0  1.72
 3  95.31  0.42  1  3  1.83
 1  85.75  0.23  0  1  0.95
 2  89.33  1.30  1  2  9.28
 2  95.31  1.16  1  2  2.16
 1  87.33  0.46  0  1  2.88
 2  87.33  1.11  1  2  1.30
 0  90.98  1.00  0  0  2.46
 1  69.02  1.00  0  1  1.23
 3  62.54  1.06  1  3  1.54
 3  61.05  0.95  1  3  0.73
 1  69.02  0.57  0  1  2.83
 1  89.33  0.27  0  1  0.69
 0  86.10  0.71  0  0  1.02
 0  77.47  0.96  0  0  1.99
 2  77.47  0.61  1  2  1.18
 2  86.10  0.71  1  2  0.70
 0  98.95  0.95  0  0  1.02
 0  73.90  0.86  0  0  1.19
 3  64.69  0.42  1  3  1.62
 1  82.58  0.40  0  1  0.96
 0  89.33  1.30  0  0  0.68
 1  81.94  0.21  0  1  0.76
 3  70.67  1.30  1  2  1.91
 3  64.69  1.16  1  3  0.88
 1  72.67  0.46  0  1  2.19
 3  67.44  0.33  1  3  1.41
 0  74.25  1.34  0  0  2.47
 3  60.30  0.73  1  3  1.18
 2  98.95  0.62  1  2  1.24
 1  60.30  0.84  0  1  1.34
 3  97.46  0.51  1  2  1.24
 2  99.70  0.84  1  2  0.65
 1  97.46  0.51  0  1  1.44
 0  92.95  0.71  0  0  1.14
 2  92.56  1.24  1  0  0.68
 2  86.10  0.86  1  2  6.73
 0  86.10  0.86  0  0  1.60
 2  74.25  1.34  1  2  1.98
 0  73.90  0.71  0  0  6.22
 1  60.30  0.73  0  1  0.89
 3  81.94  0.21  1  3  7.31
 3  82.58  0.40  1  3  0.74
 3  92.56  0.33  1  3  0.93
 2  72.67  1.11  1  2  1.01
 1  67.44  0.33  0  1  2.06
 0  92.56  1.24  0  0  2.01
 1  64.69  0.42  0  1  0.94
 2  90.98  1.00  1  2  2.06
 3  69.02  1.00  1  3  5.52
 2  92.95  0.71  1  2  0.96
 0  82.53  0.96  0  0  0.98
 1  67.44  1.24  0  1  1.34
 0  77.47  0.61  0  1  3.22
 2  77.42  1.17  1  2  1.04
 3  89.33  0.27  1  1  0.70
 3  77.42  0.40  1  3  2.46
 3  67.44  1.24  1  3  2.08
 0  95.31  1.16  0  0  5.12
 2  98.95  0.95  1  2  1.88
 0  78.06  1.37  0  0 27.86
 1  67.05  0.86  0  1  2.73
