 0  67.05  0.71  0  0  4.28
 2  92.95  0.71  0  0  4.12
 2  95.31  0.42  0  2  4.74
 0  60.30  0.73  0  3  1.71
 1  70.67  1.30  1  1  2.63
 3  90.98  1.00  0  0  4.08
 3  99.70  0.84  1  1  1.51
 0  62.54  0.51  0  0  1.79
 1  74.25  1.34  0  2  1.72
 2  97.46  0.51  1  2  3.27
 1  72.67  1.11  1  0  1.53
 2  92.95  0.71  1  2  1.35
 1  78.06  1.37  1  3  2.08
 2  90.98  0.57  0  2  1.74
 0  72.67  0.46  0  0  2.27
 3  89.33  1.30  0  1  1.83
 2  95.31  0.42  1  2  1.41
 1  64.69  1.16  0  0  0.69
 3  82.58  1.17  1  3  2.65
 1  70.67  1.30  0  1  1.45
 2  97.46  0.51  0  2  1.15
 2  92.56  0.33  0  3  1.32
 1  62.54  1.06  1  0  1.57
 1  67.05  0.86  0  0  0.86
 0  67.44  0.33  1  2  1.74
 1  78.06  1.37  0  1  3.26
 2  82.58  0.40  0  2  1.35
 1  77.47  0.96  0  3  1.36
 0  70.67  0.27  1  2  2.56
 1  73.90  0.86  0  3  3.26
 3  97.46  1.06  0  3  2.88
 0  77.47  0.61  1  1  1.77
 2  87.33  0.46  0  2  1.69
 2  87.33  0.46  1  2  1.07
 3  89.33  1.30  1  3  2.07
 0  74.25  0.23  1  0  1.90
 2  98.95  0.62  0  2  3.00
 3  98.95  0.95  1  3  1.11
 0  70.67  0.27  0  0  1.17
 2  86.10  0.71  0  2  3.20
 1  61.05  0.95  0  0  1.56
 0  64.69  0.42  1  0  1.03
 3  95.31  1.16  1  3  3.55
 2  89.33  0.27  1  2  0.79
 2  99.70  0.73  1  2  2.44
 3  87.33  1.11  0  3  0.92
 3  95.31  1.16  0  3  1.20
 0  72.67  0.46  1  0  2.90
 3  87.33  1.11  1  3  2.79
 1  61.05  0.95  1  0  1.41
 0  64.69  0.42  0  0  0.82
 3  92.56  1.24  0  3  1.07
 2  90.98  0.57  1  2  0.75
 2  98.95  0.62  1  2  0.64
 1  74.25  1.34  1  1  1.56
 0  73.90  0.71  0  2  1.86
 0  69.02  0.57  1  0  1.10
 0  73.90  0.71  1  0  1.07
 2  92.56  0.33  1  2  1.32
 0  61.05  0.62  0  1  1.45
 1  69.02  1.00  0  1  2.32
 0  67.44  0.33  0  0  1.36
 1  77.47  0.96  1  3  2.97
 1  73.90  0.86  1  1  0.96
 3  85.75  1.34  0  3  1.81
 0  69.02  0.57  0  0  1.37
 0  61.05  0.62  1  0  1.07
 0  67.05  0.71  1  1  1.15
 3  86.10  0.86  0  2  2.04
 1  77.42  1.17  0  1  2.21
 2  82.53  0.61  0  2  1.13
 3  81.94  1.37  1  3  0.99
 3  82.58  1.17  0  3  0.83
 1  67.44  1.24  0  1  2.00
 1  77.42  1.17  1  1  0.75
 3  82.53  0.96  0  3  1.64
 3  99.70  0.84  0  2  0.58
 0  62.54  0.51  1  0  1.08
 0  60.30  0.73  1  0  1.07
 3  86.10  0.86  1  3  1.38
 2  82.53  0.61  1  2  0.72
 1  62.54  1.06  0  1  1.56
 0  77.47  0.61  0  2  1.40
 1  60.30  0.84  1  0  0.78
 3  92.95  0.86  0  2  1.47
 2  89.33  0.27  0  2  0.62
 0  78.06  0.21  0  2  0.77
 2  82.58  0.40  1  0  1.78
 3  98.95  0.95  0  3  1.13
 3  85.75  1.34  1  3  0.70
 3  92.56  1.24  1  3  1.00
 2  86.10  0.71  1  3  1.90
 1  60.30  0.84  0  1  2.16
 2  85.75  0.23  0  2  1.39
 3  90.98  1.00  1  3  1.19
 1  67.44  1.24  1  1  1.00
 1  64.69  1.16  1  1  0.79
 2  81.94  0.21  0  2  1.07
 0  77.42  0.40  1  0  1.97
 2  85.75  0.23  1  2  0.86
 3  92.95  0.86  1  3  1.51
 1  72.67  1.11  0  1  0.99
 3  97.46  1.06  1  3  1.33
 3  81.94  1.37  0  1  1.11
 0  74.25  0.23  0  0  1.56
 2  81.94  0.21  1  2  1.45
 1  69.02  1.00  1  1  0.84
 0  77.42  0.40  0  1  1.46
 1  67.05  0.86  1  1  0.92
 3  82.53  0.96  1  1  2.01
 2  99.70  0.73  0  3  1.96
 0  78.06  0.21  1  0  1.60
 3  87.33  1.11  1  3  2.06
 3  97.46  1.06  1  3  0.76
 0  73.90  0.71  1  1  1.97
 1  77.47  0.96  0  0  1.15
 1  69.02  1.00  1  1  1.14
 1  77.47  0.96  1  1  1.47
 2  90.98  0.57  0  2  1.16
 3  82.53  0.96  0  1  1.46
 1  78.06  1.37  0  3  0.94
 2  98.95  0.62  1  2  0.97
 1  60.30  0.84  0  1  1.33
 2  86.10  0.71  1  2  1.14
 3  92.56  1.24  0  3  0.79
 2  82.58  0.40  0  2  1.32
 0  77.42  0.40  0  0  1.24
 3  86.10  0.86  0  1  1.28
 3  86.10  0.86  1  3  2.46
 2  86.10  0.71  0  3  0.76
 1  72.67  1.11  0  1  1.11
 1  60.30  0.84  1  1  1.32
 3  81.94  1.37  1  1  1.43
 3  99.70  0.84  0  3  1.85
 0  62.54  0.51  0  1  0.89
 3  95.31  1.16  1  3  0.92
 3  92.95  0.86  1  3  1.20
 3  81.94  1.37  0  1  1.23
 0  61.05  0.62  0  1  1.70
 1  67.44  1.24  1  1  1.02
 0  77.47  0.61  1  0  1.69
 1  67.05  0.86  0  1  1.68
 1  69.02  1.00  0  1  1.12
 3  89.33  1.30  0  3  1.06
 3  92.56  1.24  1  3  0.57
 0  67.05  0.71  0  1  1.04
 0  60.30  0.73  0  0  1.91
 1  62.54  1.06  1  1  0.98
 1  67.05  0.86  1  0  1.01
 3  82.58  1.17  1  3  1.60
 1  64.69  1.16  1  1  1.17
 2  85.75  0.23  0  2  3.29
 0  62.54  0.51  1  0  1.88
 1  73.90  0.86  1  1  4.77
 0  77.47  0.61  0  3  3.85
 0  64.69  0.42  1  0  1.13
 3  98.95  0.95  1  3  1.01
 0  73.90  0.71  0  0  1.63
 0  70.67  0.27  1  0  0.73
 0  74.25  0.23  1  0  1.21
 0  67.05  0.71  1  0  1.06
 0  74.25  0.23  0  0  0.65
 0  78.06  0.21  1  0  1.19
 2  82.53  0.61  1  0  1.90
 2  89.33  0.27  0  2  1.09
 2  92.56  0.33  0  2  0.62
 2  99.70  0.73  1  2  0.90
 1  73.90  0.86  0  0  1.46
 1  70.67  1.30  1  1  0.92
 2  98.95  0.62  0  2  2.50
 0  70.67  0.27  0  0  1.32
 2  95.31  0.42  1  2  0.67
 0  64.69  0.42  0  0  0.67
 3  87.33  1.11  0  3  0.84
 1  62.54  1.06  0  1  0.73
 2  90.98  0.57  1  2  0.92
 2  97.46  0.51  1  2  0.70
 0  77.42  0.40  1  0  1.20
 2  92.95  0.71  0  3  1.53
 1  64.69  1.16  0  1  0.94
 3  99.70  0.84  1  3  1.01
 0  69.02  0.57  1  0  1.46
 1  61.05  0.95  1  1  1.34
 0  72.67  0.46  0  0  1.57
 1  61.05  0.95  0  1  0.93
 2  87.33  0.46  1  2  1.95
 2  97.46  0.51  0  2  0.89
 3  97.46  1.06  0  3  0.67
 2  95.31  0.42  0  2  0.72
 1  78.06  1.37  1  1  1.85
 0  72.67  0.46  1  0  1.88
 3  90.98  1.00  0  3  1.37
 1  70.67  1.30  0  1  0.78
 1  67.44  1.24  0  1  2.21
 3  89.33  1.30  1  3  0.99
 1  74.25  1.34  0  1  0.85
 3  82.53  0.96  1  1  1.04
 0  78.06  0.21  0  0  1.97
 3  98.95  0.95  0  3  1.09
 0  61.05  0.62  1  0  1.81
 3  85.75  1.34  0  3  1.16
 1  72.67  1.11  1  1  1.72
 3  85.75  1.34  1  3  1.22
 2  99.70  0.73  0  2  2.25
 2  85.75  0.23  1  2  1.74
 1  77.42  1.17  0  3  1.79
 3  82.58  1.17  0  1  1.16
 1  74.25  1.34  1  1  0.83
 2  92.56  0.33  1  2  1.19
 2  81.94  0.21  1  2  1.44
 0  67.44  0.33  0  0  1.17
 3  92.95  0.86  0  3  2.80
 1  77.42  1.17  1  1  2.85
 2  82.53  0.61  0  2  2.50
 2  92.95  0.71  1  3  1.73
 2  82.58  0.40  1  2  0.67
 0  67.44  0.33  1  0  1.01
 2  81.94  0.21  0  2  2.03
 0  69.02  0.57  0  0  1.44
 3  95.31  1.16  0  3  1.49
 2  87.33  0.46  0  2  0.92
 3  90.98  1.00  1  3  0.79
 2  89.33  0.27  1  2  0.86
 0  60.30  0.73  1  1  2.46
 3  87.33  1.11  1  3  1.35
 1  67.44  1.24  1  1  1.80
 2  89.33  0.27  1  2  1.19
 0  78.06  0.21  0  2  1.29
 0  74.25  0.23  0  0  0.86
 2  90.98  0.57  1  2  1.70
 0  77.42  0.40  1  2  1.92
 2  89.33  0.27  0  2  0.79
 2  81.94  0.21  1  2  1.36
 3  82.58  1.17  0  3  1.47
 3  89.33  1.30  0  3  0.80
 1  70.67  1.30  0  1  1.14
 2  86.10  0.71  1  2  2.14
 3  81.94  1.37  0  1  1.88
 0  60.30  0.73  0  1  2.38
 1  64.69  1.16  1  1  1.32
 0  70.67  0.27  0  0  1.77
 1  69.02  1.00  1  1  0.91
 2  87.33  0.46  1  2  3.49
 1  62.54  1.06  0  1  1.98
 2  81.94  0.21  0  2  1.09
 1  73.90  0.86  0  1  1.61
 0  77.42  0.40  0  2  1.26
 3  82.53  0.96  1  3  1.90
 3  99.70  0.84  1  3  2.13
 0  67.44  0.33  0  0  1.40
 2  97.46  0.51  1  2  0.96
 3  86.10  0.86  1  3  1.44
 2  92.95  0.71  1  3  0.84
 0  73.90  0.71  0  1  0.93
 2  99.70  0.73  0  2  1.54
 2  86.10  0.71  0  2  1.77
 1  72.67  1.11  1  1  1.08
 3  92.56  1.24  0  3  0.94
 3  82.58  1.17  1  1  2.57
 1  74.25  1.34  0  1  0.87
 3  85.75  1.34  1  3  0.70
 0  72.67  0.46  0  2  7.25
 0  77.47  0.61  0  2  1.25
 1  69.02  1.00  0  1  1.18
 2  95.31  0.42  0  2  0.70
 0  67.44  0.33  1  0  2.29
 3  98.95  0.95  1  3  0.97
 3  92.95  0.86  1  3  1.31
 2  92.56  0.33  1  2  0.82
 0  61.05  0.62  0  0  3.93
 3  99.70  0.84  0  3  1.24
 0  60.30  0.73  1  1  1.36
 1  62.54  1.06  1  1  0.90
 2  82.53  0.61  0  2  1.55
 1  60.30  0.84  1  1  1.77
 0  62.54  0.51  0  0  1.04
 0  74.25  0.23  1  0  1.60
 3  86.10  0.86  0  3  1.07
 2  85.75  0.23  1  2  1.23
 3  92.95  0.86  0  3  1.76
 0  72.67  0.46  1  0  1.62
 3  89.33  1.30  1  3  0.80
 1  61.05  0.95  0  1  1.98
 2  87.33  0.46  0  2  1.16
 2  85.75  0.23  0  2  0.62
 2  92.56  0.33  0  2  0.64
 3  97.46  1.06  0  3  0.70
 2  98.95  0.62  1  3  1.93
 0  69.02  0.57  1  1  1.12
 2  99.70  0.73  1  3  1.04
 0  77.47  0.61  1  1  1.13
 1  78.06  1.37  1  1  0.85
 0  64.69  0.42  0  0  1.00
 1  77.47  0.96  0  1  0.84
 3  95.31  1.16  1  3  0.71
 3  98.95  0.95  0  3  0.64
 3  92.56  1.24  1  3  0.63
 0  73.90  0.71  1  1  1.68
 2  97.46  0.51  0  2  0.81
 3  90.98  1.00  0  3  0.63
 0  67.05  0.71  1  0  1.21
 0  69.02  0.57  0  0  0.96
 1  60.30  0.84  0  0  1.49
 1  77.42  1.17  1  3  1.24
 1  67.05  0.86  0  1  1.01
 0  67.05  0.71  0  0  1.21
 2  98.95  0.62  0  2  1.47
 1  61.05  0.95  1  1  0.98
 1  77.42  1.17  0  1  1.86
 2  82.58  0.40  1  2  1.97
 3  95.31  1.16  0  3  0.64
 0  70.67  0.27  1  0  2.19
 1  67.44  1.24  0  1  1.01
 2  95.31  0.42  1  2  1.20
 1  67.05  0.86  1  1  1.35
 1  78.06  1.37  0  1  2.01
 1  73.90  0.86  1  1  1.01
 3  85.75  1.34  0  3  1.02
 0  62.54  0.51  1  0  1.56
 2  82.53  0.61  1  2  2.69
 3  82.53  0.96  0  3  1.02
 1  72.67  1.11  0  1  0.89
 3  97.46  1.06  1  3  0.87
 0  61.05  0.62  1  0  1.32
 1  77.47  0.96  1  1  1.33
 1  64.69  1.16  0  1  0.96
 3  81.94  1.37  1  1  1.77
 0  78.06  0.21  1  2  1.04
 3  87.33  1.11  0  3  2.15
 0  64.69  0.42  1  0  1.14
 1  70.67  1.30  1  1  0.83
 2  82.58  0.40  0  2  1.19
 3  90.98  1.00  1  3  0.83
 1  74.25  1.34  1  1  0.99
 2  90.98  0.57  0  2  1.35
 2  92.95  0.71  0  2  0.99
 0  78.06  0.21  1  0  3.66
 3  97.46  1.06  0  3  0.90
 0  77.47  0.61  0  0  1.34
 0  70.67  0.27  0  0  1.34
 3  98.95  0.95  0  3  0.98
 1  72.67  1.11  0  1  1.53
 1  64.69  1.16  0  1  0.63
 1  67.44  1.24  1  1  0.66
 1  62.54  1.06  1  1  1.10
 1  67.05  0.86  0  1  0.82
 1  77.42  1.17  0  1  1.46
 3  97.46  1.06  1  3  0.66
 3  82.58  1.17  1  1  1.09
 3  99.70  0.84  0  3  0.87
 0  61.05  0.62  0  0  1.65
 1  73.90  0.86  0  0  1.90
 3  89.33  1.30  1  3  0.81
 3  82.53  0.96  1  3  1.05
 0  69.02  0.57  1  0  1.40
 3  98.95  0.95  1  3  0.89
 0  67.44  0.33  1  0  0.73
 2  99.70  0.73  1  2  2.47
 1  77.47  0.96  0  1  1.71
 1  69.02  1.00  1  1  1.32
 1  77.47  0.96  1  1  0.99
 2  98.95  0.62  1  2  1.69
 0  70.67  0.27  1  0  0.94
 2  89.33  0.27  0  2  1.12
 2  81.94  0.21  1  0  1.50
 1  61.05  0.95  0  1  1.47
 3  89.33  1.30  0  3  0.93
 2  90.98  0.57  1  2  2.86
 0  73.90  0.71  1  0  1.63
 3  92.56  1.24  0  3  0.84
 2  82.58  0.40  0  2  1.90
 3  87.33  1.11  0  3  0.74
 1  60.30  0.84  1  0  2.59
 1  70.67  1.30  1  1  1.15
 0  77.42  0.40  0  0  2.93
 0  72.67  0.46  1  0  0.81
 0  67.44  0.33  0  0  0.79
 2  92.56  0.33  1  2  0.76
 3  85.75  1.34  0  3  0.72
 1  77.42  1.17  1  1  1.36
 0  62.54  0.51  0  0  0.91
 2  95.31  0.42  1  2  0.82
 2  92.56  0.33  0  2  0.66
 1  70.67  1.30  0  1  0.80
 2  87.33  0.46  0  2  0.93
 1  61.05  0.95  1  1  1.01
 0  64.69  0.42  0  0  2.40
 2  82.53  0.61  1  2  1.14
 2  85.75  0.23  0  2  0.66
 0  67.05  0.71  0  1  1.05
 2  89.33  0.27  1  2  0.64
 1  69.02  1.00  0  1  0.85
 2  82.58  0.40  1  2  0.82
 1  67.05  0.86  1  1  0.96
 0  64.69  0.42  1  1  0.76
 3  92.95  0.86  1  3  1.41
 0  61.05  0.62  1  0  1.42
 2  99.70  0.73  0  2  1.24
 2  95.31  0.42  0  2  0.78
 2  86.10  0.71  0  2  1.60
 0  74.25  0.23  1  0  1.26
 3  90.98  1.00  0  3  0.93
 3  86.10  0.86  0  3  1.25
 1  73.90  0.86  1  1  2.10
 0  62.54  0.51  1  0  1.16
 1  67.44  1.24  0  1  0.95
 0  72.67  0.46  0  0  2.40
 2  98.95  0.62  0  2  0.74
 3  95.31  1.16  0  3  0.70
 3  82.58  1.17  0  3  1.87
 3  82.53  0.96  0  3  1.06
 2  87.33  0.46  1  2  0.70
 3  90.98  1.00  1  3  1.08
 3  95.31  1.16  1  3  0.56
 0  77.47  0.61  1  0  1.39
 1  74.25  1.34  0  1  0.97
 1  72.67  1.11  1  1  0.93
 1  78.06  1.37  1  1  0.92
 2  82.53  0.61  0  2  1.75
 0  78.06  0.21  0  0  1.42
 0  60.30  0.73  1  1  1.48
 3  81.94  1.37  0  3  1.16
 0  60.30  0.73  0  1  1.41
 3  99.70  0.84  1  2  1.40
 1  78.06  1.37  0  1  1.39
 3  86.10  0.86  1  1  2.65
 2  92.95  0.71  0  2  1.29
 2  92.95  0.71  1  3  2.07
 2  85.75  0.23  1  2  1.57
 2  81.94  0.21  0  0  2.86
 2  86.10  0.71  1  3  1.10
 2  97.46  0.51  0  2  1.31
 1  60.30  0.84  0  1  1.26
 0  69.02  0.57  0  1  1.39
 0  77.42  0.40  1  0  0.75
 3  81.94  1.37  1  3  4.60
 0  73.90  0.71  0  1  1.72
 0  67.05  0.71  1  0  0.90
 0  74.25  0.23  0  0  1.07
 3  85.75  1.34  1  3  1.06
 2  90.98  0.57  0  2  1.03
 1  62.54  1.06  0  1  0.92
 3  92.95  0.86  0  3  1.55
 2  97.46  0.51  1  2  0.81
 1  64.69  1.16  1  1  0.83
 3  87.33  1.11  1  3  1.58
 3  92.56  1.24  1  3  0.86
 1  74.25  1.34  1  1  1.37
 2  98.95  0.62  1  3  1.21
 0  69.02  0.57  1  0  2.76
 0  74.25  0.23  0  0  1.15
 1  77.47  0.96  1  1  1.05
 0  74.25  0.23  1  0  1.13
 3  99.70  0.84  1  3  2.23
 2  98.95  0.62  0  2  1.18
 2  82.53  0.61  0  0  1.97
 0  62.54  0.51  0  0  1.08
 1  74.25  1.34  1  1  0.85
 2  86.10  0.71  1  2  1.83
 2  95.31  0.42  1  2  0.74
 0  60.30  0.73  1  0  2.06
 3  87.33  1.11  0  3  0.80
 1  62.54  1.06  1  1  1.77
 0  62.54  0.51  1  0  1.43
 0  61.05  0.62  0  0  3.33
 1  73.90  0.86  1  1  0.89
 1  67.44  1.24  0  1  1.14
 1  77.47  0.96  0  2  1.35
 1  67.05  0.86  0  1  1.20
 2  89.33  0.27  1  2  0.83
 3  85.75  1.34  0  3  0.63
 1  73.90  0.86  0  1  1.78
 3  95.31  1.16  1  3  1.66
 1  67.44  1.24  1  1  0.90
 3  82.58  1.17  1  3  1.79
 2  92.95  0.71  1  3  1.23
 1  74.25  1.34  0  1  1.18
 3  90.98  1.00  0  3  1.19
 3  86.10  0.86  1  2  1.38
 2  92.56  0.33  0  2  0.83
 0  69.02  0.57  0  0  1.81
 1  70.67  1.30  0  1  0.71
 2  87.33  0.46  0  2  1.17
 2  87.33  0.46  1  2  1.15
 0  67.05  0.71  1  1  0.81
 2  90.98  0.57  1  2  0.56
 0  77.47  0.61  0  3  3.44
 3  86.10  0.86  0  3  1.15
 0  70.67  0.27  0  0  0.80
 2  89.33  0.27  0  2  1.04
 1  77.42  1.17  0  1  0.83
 0  70.67  0.27  1  0  0.76
 1  72.67  1.11  1  1  0.71
 2  85.75  0.23  1  2  1.27
 3  97.46  1.06  0  3  0.81
 0  72.67  0.46  1  1  1.23
 1  60.30  0.84  0  1  1.62
 0  67.44  0.33  0  0  1.80
 1  70.67  1.30  1  1  0.99
 1  64.69  1.16  0  1  0.82
 1  61.05  0.95  1  1  0.80
 0  77.47  0.61  1  2  1.50
 2  95.31  0.42  0  2  1.22
 1  78.06  1.37  0  3  1.56
 1  78.06  1.37  1  1  0.71
 0  77.42  0.40  0  0  1.39
 3  85.75  1.34  1  3  1.01
 2  99.70  0.73  0  2  1.39
 1  64.69  1.16  1  1  1.06
 2  90.98  0.57  0  2  1.07
 0  64.69  0.42  0  0  2.89
 2  97.46  0.51  0  2  0.84
 2  81.94  0.21  1  2  0.82
 1  67.05  0.86  1  1  0.97
 3  81.94  1.37  0  3  0.94
 0  67.44  0.33  1  0  0.72
 2  81.94  0.21  0  2  0.74
 1  72.67  1.11  0  1  1.24
 0  72.67  0.46  0  0  1.51
 0  64.69  0.42  1  0  1.69
 3  82.53  0.96  0  3  1.56
 0  73.90  0.71  0  1  2.02
 2  99.70  0.73  1  2  1.17
 3  82.58  1.17  0  3  1.16
 0  78.06  0.21  0  0  1.60
 3  92.95  0.86  1  2  2.67
 3  87.33  1.11  1  3  0.75
 3  92.56  1.24  0  3  0.54
 2  97.46  0.51  1  2  1.08
 0  77.42  0.40  1  0  1.29
 2  82.58  0.40  1  2  2.21
 2  86.10  0.71  0  2  2.33
 1  69.02  1.00  1  1  1.04
 2  82.58  0.40  0  2  0.91
 0  60.30  0.73  0  0  1.51
 3  92.95  0.86  0  3  1.08
 3  95.31  1.16  0  3  0.73
 2  85.75  0.23  0  2  0.59
 3  98.95  0.95  1  2  1.35
 0  73.90  0.71  1  0  1.44
 3  98.95  0.95  0  3  1.18
 0  78.06  0.21  1  0  1.60
 1  77.42  1.17  1  1  3.04
 3  89.33  1.30  1  3  1.78
 2  92.56  0.33  1  2  0.61
 2  82.53  0.61  1  2  1.13
 3  82.53  0.96  1  3  0.85
 0  67.05  0.71  0  1  1.07
 3  89.33  1.30  0  3  0.79
 3  92.56  1.24  1  3  0.67
 3  81.94  1.37  1  3  1.09
 3  90.98  1.00  1  3  1.73
 1  60.30  0.84  1  1  0.95
 3  99.70  0.84  0  2  1.64
 1  62.54  1.06  0  1  1.59
 1  61.05  0.95  0  1  0.76
 1  69.02  1.00  0  1  0.77
 2  92.95  0.71  0  2  1.96
 0  61.05  0.62  1  0  1.46
 3  97.46  1.06  1  3  1.06
