 1  78.06  0.21  0  1 13.09
 1  61.05  0.62  0  0 13.26
 1  62.54  0.51  0  1  3.47
 1  61.05  0.95  0  1  1.28
 0  90.98  0.57  0  2  6.87
 2  85.75  1.34  1  3  3.81
 3  60.30  0.84  1  1  1.92
 3  95.31  0.42  1  1  1.78
 2  81.94  1.37  1  2  5.22
 1  67.44  1.24  0  2  5.81
 0  98.95  0.62  0  3  3.86
 0  87.33  1.11  0  1  3.06
 3  69.02  1.00  1  1  5.09
 1  69.02  1.00  0  3  4.05
 2  82.58  1.17  1  1  6.31
 2  77.47  0.61  1  1  6.23
 0  95.31  1.16  0  1  4.12
 3  67.44  0.33  1  1  1.21
 2  90.98  1.00  1  3  6.04
 3  78.06  0.21  1  2  1.89
 3  67.05  0.86  1  3  2.44
 3  64.69  0.42  1  3 18.28
 3  92.56  0.33  1  3  4.76
 2  95.31  1.16  1  2  2.91
 1  72.67  0.46  0  1  6.71
 2  97.46  1.06  1  3  2.71
 3  60.30  0.73  1  0  2.43
 2  86.10  0.71  1  3  3.36
 2  98.95  0.62  1  2  3.33
 0  92.95  0.86  0  0  3.51
 3  89.33  0.27  1  3  6.86
 2  74.25  1.34  1  2  1.46
 3  85.75  0.23  1  3  1.77
 1  77.42  0.40  0  1  1.06
 0  86.10  0.71  0  1  2.16
 1  97.46  0.51  0  1  0.97
 3  97.46  0.51  1  3  1.00
 0  92.95  0.71  0  0  1.20
 2  82.53  0.96  1  2  2.22
 2  86.10  0.86  1  2  1.22
 0  99.70  0.73  0  0  1.72
 0  85.75  1.34  0  2  1.87
 3  62.54  0.51  1  3  1.90
 1  62.54  1.06  0  0  1.41
 3  69.02  0.57  1  3  2.17
 1  74.25  0.23  0  1  1.47
 0  74.25  1.34  0  0  1.02
 1  87.33  0.46  0  1  2.52
 2  92.56  1.24  1  2  2.02
 0  92.56  1.24  0  0  1.32
 2  98.95  0.95  1  2  1.50
 3  74.25  0.23  1  3  0.82
 1  67.05  0.86  0  0  1.85
 2  73.90  0.86  1  2  1.68
 0  82.53  0.96  0  0  4.84
 3  81.94  0.21  1  3  1.28
 2  72.67  1.11  1  0  2.52
 3  62.54  1.06  1  2  0.84
 2  89.33  1.30  1  2  1.19
 2  92.95  0.71  1  2  2.43
 3  77.42  0.40  1  3  1.40
 0  78.06  1.37  0  0  1.11
 0  82.53  0.61  0  0  1.72
 3  87.33  0.46  1  3  1.37
 0  73.90  0.71  0  0  2.94
 0  86.10  0.86  0  0  0.92
 0  81.94  1.37  0  0  0.80
 3  67.05  0.71  1  2 10.61
 1  60.30  0.84  0  1  1.45
 1  89.33  0.27  0  1  1.72
 1  60.30  0.73  0  1  2.71
 2  92.95  0.86  1  2  2.38
 0  89.33  1.30  0  0  2.38
 0  77.47  0.96  0  0  0.82
 3  64.69  1.16  1  3  4.87
 2  78.06  1.37  1  2  1.83
 2  82.53  0.61  1  0  1.57
 1  70.67  0.27  0  1  1.17
 2  87.33  1.11  1  2  5.54
 3  61.05  0.95  1  3  1.53
 3  67.44  1.24  1  3  4.38
 1  82.58  0.40  0  1  2.50
 3  72.67  0.46  1  3  1.74
 0  90.98  1.00  0  0  2.57
 1  92.56  0.33  0  1  0.92
 0  98.95  0.95  0  0  1.95
 1  69.02  0.57  0  1  2.06
 0  77.47  0.61  0  1  0.72
 1  67.44  0.33  0  1  1.97
 0  97.46  1.06  0  0  1.51
 0  82.58  1.17  0  1  2.25
 2  77.47  0.96  1  2  2.89
 1  85.75  0.23  0  1  2.84
 2  99.70  0.73  1  0  2.11
 3  82.58  0.40  1  3  3.50
 2  73.90  0.71  1  2  2.14
 1  64.69  0.42  0  1  2.25
 0  73.90  0.86  0  0  1.58
 1  95.31  0.42  0  1  1.98
 3  70.67  0.27  1  3  1.63
 1  64.69  1.16  0  3  2.64
 1  81.94  0.21  0  1  1.36
 0  72.67  1.11  0  1  4.66
 2  90.98  0.57  1  2  1.29
 1  67.05  0.71  0  0  4.11
 1  70.67  1.30  0  1  1.56
 0  99.70  0.84  0  0  1.37
 0  77.42  1.17  0  1  3.65
 2  77.42  1.17  1  2  1.97
 3  61.05  0.62  1  3  6.97
 3  70.67  1.30  1  3  1.77
 2  99.70  0.84  1  2  1.11
 3  72.67  0.46  1  1  2.55
 1  72.67  0.46  0  1  2.21
 1  67.05  0.71  0  0  5.32
 3  67.44  1.24  1  3  2.18
 0  86.10  0.71  0  0  4.58
 0  92.95  0.71  0  0  1.76
 3  69.02  1.00  1  3  6.30
 3  87.33  0.46  1  2  3.58
 0  73.90  0.71  0  1  2.28
 1  97.46  0.51  0  1  2.35
 2  92.95  0.71  1  0  1.46
 2  92.95  0.86  1  2  1.20
 2  90.98  1.00  1  2  1.86
 3  78.06  0.21  1  3  0.91
 2  81.94  1.37  1  3  1.61
 1  64.69  0.42  0  1  2.47
 2  73.90  0.86  1  3  4.33
 3  70.67  1.30  1  3  1.07
 3  74.25  0.23  1  3  0.86
 1  64.69  1.16  0  1  3.11
 2  87.33  1.11  1  2  4.14
 1  95.31  0.42  0  1  3.54
 1  92.56  0.33  0  1  1.60
 2  72.67  1.11  1  3  5.31
 2  77.47  0.96  1  2  1.37
 1  70.67  0.27  0  1  1.59
 1  60.30  0.84  0  0  5.82
 0  89.33  1.30  0  0  5.37
 2  99.70  0.84  1  2  3.58
 3  81.94  0.21  1  3  0.86
 3  60.30  0.84  1  2  2.21
 1  81.94  0.21  0  1  1.21
 2  77.42  1.17  1  3  2.61
 2  97.46  1.06  1  2  2.48
 3  61.05  0.95  1  3  1.80
 2  99.70  0.73  1  2  2.58
 0  72.67  1.11  0  1  1.74
 2  98.95  0.95  1  2  1.92
 3  95.31  0.42  1  3  3.78
 1  67.44  0.33  0  1  1.58
 2  89.33  1.30  1  2  6.89
 0  90.98  0.57  0  0  2.07
 1  61.05  0.62  0  1  4.35
 3  61.05  0.62  1  3  2.22
 0  99.70  0.73  0  0  3.87
 1  69.02  0.57  0  0  5.19
 0  74.25  1.34  0  1  1.30
 3  67.05  0.71  1  3  3.65
 3  97.46  0.51  1  2  2.68
 1  62.54  1.06  0  1  1.55
 0  77.47  0.61  0  0  1.88
 3  82.58  0.40  1  2  5.31
 0  95.31  1.16  0  0  2.50
 2  77.47  0.61  1  2  4.13
 0  77.47  0.96  0  0  1.77
 0  87.33  1.11  0  0  2.41
 0  77.42  1.17  0  1  0.91
 0  81.94  1.37  0  1  1.17
 3  77.42  0.40  1  3  1.65
 0  86.10  0.86  0  0  4.72
 0  98.95  0.95  0  0  2.04
 2  73.90  0.71  1  2  1.69
 1  78.06  0.21  0  1  3.69
 3  92.56  0.33  1  3  1.60
 2  86.10  0.71  1  2 10.08
 2  74.25  1.34  1  3  0.90
 2  95.31  1.16  1  2  4.90
 1  62.54  0.51  0  0 10.03
 2  85.75  1.34  1  3  1.68
 3  89.33  0.27  1  2  1.36
 1  69.02  1.00  0  0  3.27
 0  85.75  1.34  0  1  0.95
 0  73.90  0.86  0  0  1.31
 0  92.56  1.24  0  0  1.98
 2  82.53  0.96  1  2  0.89
 2  92.56  1.24  1  2  1.13
 1  77.42  0.40  0  1  1.29
 3  70.67  0.27  1  3  1.56
 0  98.95  0.62  0  1  2.41
 3  62.54  1.06  1  2  1.90
 1  67.05  0.86  0  0  5.23
 2  78.06  1.37  1  2  2.03
 0  82.53  0.96  0  0  7.80
 0  97.46  1.06  0  0  1.03
 2  86.10  0.86  1  2  1.14
 2  82.58  1.17  1  2  1.75
 0  78.06  1.37  0  0  1.85
 1  85.75  0.23  0  1  1.33
 1  70.67  1.30  0  1  2.30
 3  64.69  0.42  1  3  2.12
 1  60.30  0.73  0  0  3.85
 0  82.58  1.17  0  0  2.32
 1  67.44  1.24  0  0  2.70
 1  89.33  0.27  0  1  0.74
 3  85.75  0.23  1  3  1.34
 0  92.95  0.86  0  0  2.43
 3  64.69  1.16  1  2  2.94
 1  74.25  0.23  0  3  1.11
 0  90.98  1.00  0  0  3.59
 3  67.05  0.86  1  2  1.84
 3  60.30  0.73  1  3  1.60
 2  82.53  0.61  1  3  1.85
 2  90.98  0.57  1  3  1.78
 0  99.70  0.84  0  0  2.29
 1  87.33  0.46  0  0  0.95
 1  82.58  0.40  0  1  1.70
 2  98.95  0.62  1  2  3.10
 0  82.53  0.61  0  0  7.27
 1  61.05  0.95  0  1  5.11
 3  62.54  0.51  1  3  4.60
 3  67.44  0.33  1  3  1.12
 3  69.02  0.57  1  3  1.01
 1  70.67  0.27  0  1  2.23
 2  77.47  0.61  1  3  1.98
 1  81.94  0.21  0  1  1.31
 1  64.69  0.42  0  0  4.10
 2  99.70  0.84  1  2  3.76
 1  67.05  0.71  0  0  1.66
 3  70.67  1.30  1  3  1.26
 3  67.05  0.71  1  2  1.30
 3  72.67  0.46  1  2  1.40
 2  77.47  0.96  1  3  1.49
 3  69.02  1.00  1  3  4.62
 3  77.42  0.40  1  3  1.20
 3  82.58  0.40  1  3  0.80
 1  92.56  0.33  0  1  4.28
 2  98.95  0.95  1  2 34.28
 1  60.30  0.84  0  1  4.78
 3  62.54  1.06  1  3  1.16
 1  67.44  0.33  0  3  1.19
 3  95.31  0.42  1  3  1.25
 1  61.05  0.95  0  0  3.77
 0  78.06  1.37  0  0  1.97
 3  60.30  0.84  1  3  1.84
 2  82.53  0.96  1  2  2.13
 3  70.67  0.27  1  3  1.38
 1  67.44  1.24  0  1  1.61
 1  70.67  1.30  0  1  1.20
 0  72.67  1.11  0  1  1.00
 0  82.58  1.17  0  0  1.44
 1  61.05  0.62  0  0  2.31
 0  92.95  0.71  0  0  1.26
 3  81.94  0.21  1  3  0.93
 2  74.25  1.34  1  3  1.71
 1  72.67  0.46  0  1  3.62
 2  97.46  1.06  1  2  1.75
 2  87.33  1.11  1  2  2.36
 2  92.95  0.71  1  2  1.24
 3  69.02  0.57  1  2  1.82
 2  90.98  1.00  1  2  1.15
 1  62.54  1.06  0  1  1.89
 1  82.58  0.40  0  1  5.12
 0  77.47  0.61  0  0  2.40
 0  92.56  1.24  0  0  1.35
 0  90.98  1.00  0  0  0.82
 3  78.06  0.21  1  3  0.92
 2  82.58  1.17  1  2  2.29
 3  67.44  1.24  1  3  1.56
 1  78.06  0.21  0  1  1.20
 0  74.25  1.34  0  0  3.29
 0  73.90  0.86  0  0  1.71
 1  67.05  0.86  0  0  2.76
 3  85.75  0.23  1  3  0.80
 2  99.70  0.73  1  2  1.58
 2  90.98  0.57  1  2  1.12
 1  77.42  0.40  0  0  4.09
 2  77.42  1.17  1  2  2.19
 0  89.33  1.30  0  0  2.41
 0  97.46  1.06  0  0  1.21
 0  85.75  1.34  0  0 15.77
 3  97.46  0.51  1  3 10.37
 1  64.69  1.16  0  1 16.34
 1  69.02  1.00  0  0  1.82
 1  95.31  0.42  0  1  1.20
 3  87.33  0.46  1  1  1.14
 3  61.05  0.62  1  3  7.10
 2  78.06  1.37  1  2  1.86
 2  81.94  1.37  1  2  1.67
 0  99.70  0.84  0  0  3.62
 0  86.10  0.86  0  0  1.12
 0  82.53  0.61  0  0  2.39
 0  99.70  0.73  0  0  0.78
 2  86.10  0.86  1  2  1.57
 2  73.90  0.86  1  2  1.42
 1  89.33  0.27  0  1  0.97
 0  92.95  0.86  0  0  3.38
 1  97.46  0.51  0  0  2.00
 3  64.69  1.16  1  2  2.81
 3  62.54  0.51  1  2  3.44
 2  85.75  1.34  1  2  1.59
 0  73.90  0.71  0  0  1.34
 3  67.44  0.33  1  3  2.37
 3  89.33  0.27  1  3  0.86
 1  62.54  0.51  0  1  2.19
 2  86.10  0.71  1  2  3.33
 0  86.10  0.71  0  0  1.62
 2  89.33  1.30  1  2  2.20
 3  92.56  0.33  1  3  2.43
 1  69.02  0.57  0  1  4.15
 3  74.25  0.23  1  1  0.82
 0  77.42  1.17  0  0  1.40
 0  82.53  0.96  0  0  1.91
 0  98.95  0.95  0  0  1.20
 3  64.69  0.42  1  3  1.73
 0  90.98  0.57  0  1  2.42
 1  74.25  0.23  0  1  1.57
 1  85.75  0.23  0  1  0.91
 2  92.56  1.24  1  2  1.61
 2  98.95  0.62  1  2  2.33
 3  61.05  0.95  1  2  3.17
 2  73.90  0.71  1  3  1.28
 1  60.30  0.73  0  1  1.15
 3  60.30  0.73  1  3  1.85
 2  72.67  1.11  1  3  2.05
 1  87.33  0.46  0  0  1.29
 0  77.47  0.96  0  0  3.23
 0  98.95  0.62  0  0  2.31
 0  81.94  1.37  0  0  1.21
 3  67.05  0.86  1  2  1.69
 0  87.33  1.11  0  2  2.66
 2  82.53  0.61  1  2  2.08
 2  92.95  0.86  1  2  1.07
 0  95.31  1.16  0  0  1.91
 2  95.31  1.16  1  2  0.91
 0  99.70  0.84  0  0  3.57
 1  61.05  0.95  0  1  1.41
 3  74.25  0.23  1  3  1.19
 2  95.31  1.16  1  2  2.87
 1  62.54  1.06  0  1  3.29
 0  92.95  0.71  0  2 11.34
 0  95.31  1.16  0  0  0.96
 3  60.30  0.73  1  3  4.82
 2  81.94  1.37  1  2  2.70
 1  78.06  0.21  0  1  1.68
 2  97.46  1.06  1  2  1.73
 3  70.67  1.30  1  2  3.26
 2  85.75  1.34  1  2  1.77
 3  89.33  0.27  1  3  1.12
 1  72.67  0.46  0  1  4.22
 3  78.06  0.21  1  3  1.16
 2  99.70  0.73  1  2  4.05
 2  92.95  0.71  1  2  1.78
 1  69.02  0.57  0  1 15.08
 0  78.06  1.37  0  1  2.71
 3  97.46  0.51  1  3  1.19
 3  64.69  0.42  1  3  2.51
 1  89.33  0.27  0  1  0.84
 0  90.98  0.57  0  0  2.64
 2  90.98  1.00  1  2  1.26
 0  92.56  1.24  0  0  1.43
 2  99.70  0.84  1  2  1.04
 1  67.44  1.24  0  3  1.74
 1  85.75  0.23  0  1  1.11
 1  64.69  1.16  0  1  2.81
 1  70.67  1.30  0  1  0.99
 0  72.67  1.11  0  1  0.91
 0  99.70  0.73  0  0  1.15
 1  62.54  0.51  0  0  1.52
 3  67.44  0.33  1  3  1.19
 1  74.25  0.23  0  3  0.76
 0  98.95  0.62  0  0  1.80
 3  85.75  0.23  1  3  1.46
 0  89.33  1.30  0  0  2.99
 2  86.10  0.71  1  2  1.09
 0  74.25  1.34  0  1  2.87
 1  87.33  0.46  0  0  1.11
 0  92.95  0.86  0  0  0.97
 1  81.94  0.21  0  1  0.93
 2  77.47  0.96  1  2  1.53
 0  77.42  1.17  0  0  2.13
 0  90.98  1.00  0  0  0.76
 3  67.05  0.71  1  2  1.65
 2  82.53  0.61  1  2  1.35
 0  85.75  1.34  0  0  1.95
 0  77.47  0.61  0  0  0.93
 2  82.58  1.17  1  2  1.07
 3  70.67  0.27  1  3  0.83
 1  60.30  0.84  0  1  2.41
 3  95.31  0.42  1  3  1.70
 1  69.02  1.00  0  0  3.13
 3  61.05  0.95  1  3  1.32
 2  77.42  1.17  1  2  1.86
 0  86.10  0.71  0  0  1.10
 0  97.46  1.06  0  0  2.90
 2  74.25  1.34  1  3  2.15
 3  72.67  0.46  1  2  1.21
 3  62.54  0.51  1  3  0.93
 2  82.53  0.96  1  2  2.13
 0  73.90  0.86  0  0  4.90
 0  82.53  0.96  0  0  0.87
 0  98.95  0.95  0  0  1.19
 3  60.30  0.84  1  1  1.48
 2  98.95  0.62  1  2  3.43
 1  95.31  0.42  0  1  1.94
 2  72.67  1.11  1  2  2.67
 3  67.05  0.86  1  2  3.79
 1  60.30  0.73  0  1  1.21
 3  61.05  0.62  1  3  1.33
 1  77.42  0.40  0  1  2.08
 1  70.67  0.27  0  1  1.14
 3  77.42  0.40  1  3  1.07
 3  87.33  0.46  1  3  1.05
 0  81.94  1.37  0  0  3.85
 3  67.44  1.24  1  3  2.84
 3  64.69  1.16  1  3  0.96
 3  82.58  0.40  1  3  1.12
 2  73.90  0.86  1  2  1.30
 3  81.94  0.21  1  3  1.30
 1  97.46  0.51  0  1  2.27
 1  82.58  0.40  0  1  0.71
 2  98.95  0.95  1  2  1.65
 3  69.02  0.57  1  2  2.72
 2  77.47  0.61  1  3  0.84
 0  87.33  1.11  0  0  2.72
 0  82.53  0.61  0  1  1.80
 2  92.95  0.86  1  2  1.39
 1  64.69  0.42  0  1  1.38
 1  61.05  0.62  0  1  1.27
 2  89.33  1.30  1  3  1.72
 0  86.10  0.86  0  0  3.04
 3  62.54  1.06  1  3 39.66
 3  92.56  0.33  1  3  1.59
 2  78.06  1.37  1  3  3.55
 2  87.33  1.11  1  2  1.39
 1  67.05  0.71  0  0  2.26
 0  77.47  0.96  0  1  0.67
 2  92.56  1.24  1  2  3.26
 0  82.58  1.17  0  0  2.24
 2  86.10  0.86  1  2  1.22
 2  73.90  0.71  1  2  1.16
 2  90.98  0.57  1  2  1.13
 3  69.02  1.00  1  2  0.99
 1  67.05  0.86  0  0  2.74
 1  67.44  0.33  0  1  0.93
 0  73.90  0.71  0  0  1.50
 1  92.56  0.33  0  1  0.99
 3  64.69  1.16  1  3  1.50
 0  97.46  1.06  0  0  1.43
 3  67.05  0.71  1  2  1.27
 0  81.94  1.37  0  0  3.24
 1  78.06  0.21  0  1  0.71
 2  82.58  1.17  1  2  2.26
 2  99.70  0.84  1  2  1.11
 0  72.67  1.11  0  0  1.71
 1  82.58  0.40  0  1  0.73
 3  62.54  1.06  1  1  1.67
 2  90.98  0.57  1  3  1.55
 1  89.33  0.27  0  3  0.82
 0  77.47  0.96  0  0  2.65
 0  90.98  0.57  0  1  1.56
 0  95.31  1.16  0  0  1.19
 0  90.98  1.00  0  0  1.00
 1  64.69  0.42  0  1  1.04
 0  82.53  0.96  0  0  4.41
 3  69.02  1.00  1  2  1.30
 2  86.10  0.71  1  2  2.02
 1  97.46  0.51  0  1  1.88
 3  85.75  0.23  1  3  1.10
 1  61.05  0.95  0  1  1.75
 3  64.69  0.42  1  3  1.16
 3  60.30  0.84  1  3  1.55
 0  92.95  0.86  0  0  1.59
 2  78.06  1.37  1  3  1.68
 1  69.02  0.57  0  1  2.05
 1  67.05  0.71  0  1  1.56
 0  89.33  1.30  0  0  1.60
 1  62.54  1.06  0  0 13.40
 0  85.75  1.34  0  0  0.81
 3  67.05  0.86  1  3  1.91
 2  74.25  1.34  1  3  1.16
 2  77.47  0.96  1  2  1.81
 2  72.67  1.11  1  2  1.31
 2  95.31  1.16  1  2  0.82
 1  72.67  0.46  0  1  1.27
 3  62.54  0.51  1  3  1.36
 1  87.33  0.46  0  1  0.88
 0  77.47  0.61  0  1  1.10
 0  73.90  0.71  0  0  0.88
 1  62.54  0.51  0  1  1.64
 3  74.25  0.23  1  3  1.01
 2  89.33  1.30  1  2  1.60
 0  92.56  1.24  0  0  1.50
 2  92.95  0.86  1  2  1.15
 1  64.69  1.16  0  1  1.71
 0  86.10  0.86  0  0  1.19
 2  92.95  0.71  1  2  1.99
 3  60.30  0.73  1  3  1.41
 3  82.58  0.40  1  3  1.43
 2  98.95  0.62  1  2  1.21
 0  82.58  1.17  0  0  1.21
 1  69.02  1.00  0  1  3.82
 1  85.75  0.23  0  1  1.33
 1  92.56  0.33  0  1  0.79
 2  86.10  0.86  1  2  1.29
 2  97.46  1.06  1  2  1.29
 2  77.42  1.17  1  2  1.90
 0  77.42  1.17  0  0  1.29
 2  77.47  0.61  1  3  1.76
 3  70.67  1.30  1  2  2.02
 3  77.42  0.40  1  3  1.09
 3  67.44  0.33  1  3  0.75
 1  61.05  0.62  0  1  1.37
 2  87.33  1.11  1  2  1.00
 1  74.25  0.23  0  1  0.83
 2  82.53  0.96  1  2  1.75
 3  61.05  0.95  1  3  3.32
 3  67.44  1.24  1  3  1.11
 0  92.95  0.71  0  0  1.36
 3  70.67  0.27  1  3  0.71
 3  78.06  0.21  1  3  0.75
 3  92.56  0.33  1  3  0.62
 2  98.95  0.95  1  2  0.99
 3  72.67  0.46  1  3  4.55
 2  85.75  1.34  1  2  1.71
 1  95.31  0.42  0  1  1.18
 2  90.98  1.00  1  2  1.28
 1  60.30  0.73  0  1  3.49
 0  74.25  1.34  0  0  1.96
 0  98.95  0.62  0  0  2.49
 3  81.94  0.21  1  3  1.10
 0  87.33  1.11  0  0  3.76
 1  81.94  0.21  0  1  0.83
 2  73.90  0.86  1  2  1.67
 1  60.30  0.84  0  1  2.76
 0  98.95  0.95  0  0  1.25
 3  69.02  0.57  1  3  1.95
 0  99.70  0.84  0  0  1.64
 2  92.56  1.24  1  2  1.19
 3  97.46  0.51  1  3  1.98
 3  87.33  0.46  1  3  1.40
 2  99.70  0.73  1  2  1.22
 0  78.06  1.37  0  0  5.71
 3  89.33  0.27  1  3  1.27
 1  67.44  0.33  0  1  0.85
 3  61.05  0.62  1  3  1.52
 3  95.31  0.42  1  3  2.15
 1  77.42  0.40  0  1  1.05
 0  86.10  0.71  0  0  5.39
 0  82.53  0.61  0  0  1.55
 1  67.05  0.86  0  1  1.63
 1  70.67  1.30  0  1  1.10
 1  67.44  1.24  0  1  0.96
 0  99.70  0.73  0  0  1.15
 0  73.90  0.86  0  0  1.99
 1  70.67  0.27  0  1  0.81
 2  73.90  0.71  1  2  1.19
 2  81.94  1.37  1  2  1.84
 2  82.53  0.61  1  3  2.44
