 0  74.25  0.23  0  0  2.52
 0  64.69  0.42  0  0  2.23
 0  86.10  0.86  1  0  3.08
 1  92.56  0.33  1  0  1.88
 1  81.94  1.37  0  0  4.09
 0  70.67  1.30  0  1  1.37
 1  77.47  0.96  0  0  1.31
 0  85.75  1.34  1  0  4.64
 0  61.05  0.95  0  1  1.70
 1  74.25  1.34  0  0  1.25
 0  69.02  1.00  0  0  3.01
 1  92.95  0.86  0  0  1.62
 1  64.69  0.42  1  0  2.59
 1  73.90  0.86  1  0  0.89
 0  82.58  0.40  0  1  1.78
 1  87.33  1.11  0  0  0.78
 0  67.44  0.33  0  0  1.01
 1  70.67  0.27  1  0  1.67
 1  77.47  0.61  1  0  2.74
 1  67.05  0.86  1  0  0.88
 1  62.54  1.06  1  0  0.85
 1  78.06  0.21  1  1  2.59
 1  69.02  1.00  1  0  1.21
 0  82.53  0.96  1  0  1.10
 1  61.05  0.62  1  1  2.65
 1  95.31  1.16  0  0  1.72
 0  67.05  0.86  0  0  0.78
 1  67.05  0.71  1  0  0.83
 0  85.75  0.23  0  1  2.13
 0  89.33  1.30  1  1  2.04
 1  77.42  1.17  0  0  0.66
 1  85.75  0.23  1  0  1.16
 0  97.46  0.51  1  0  0.68
 0  95.31  0.42  1  0  0.80
 1  90.98  1.00  0  0  1.08
 1  74.25  0.23  1  0  0.68
 0  92.56  1.24  1  1  1.24
 1  82.58  1.17  0  0  0.65
 1  77.47  0.61  0  0  0.61
 1  87.33  0.46  1  0  0.59
 0  86.10  0.71  1  0  0.41
 0  90.98  1.00  1  0  0.73
 0  78.06  1.37  1  0  0.62
 0  64.69  1.16  0  0  2.48
 1  89.33  0.27  1  0  2.63
 0  77.42  0.40  0  0  0.64
 1  64.69  1.16  1  0  0.56
 0  67.44  1.24  1  0  0.54
 1  72.67  1.11  0  0  2.04
 0  69.02  0.57  0  0  0.63
 1  92.95  0.71  0  0  0.81
 1  86.10  0.71  0  0  0.47
 0  67.44  1.24  0  0  0.96
 0  82.58  1.17  1  0  1.78
 1  90.98  0.57  0  0  2.12
 1  99.70  0.84  0  0  0.76
 0  72.67  0.46  0  1  1.74
 1  77.42  0.40  1  0  0.87
 0  98.95  0.95  1  0  0.71
 0  89.33  0.27  0  0  0.66
 0  99.70  0.84  1  0  0.53
 0  77.47  0.96  1  1  0.53
 1  98.95  0.95  0  1  0.45
 1  67.44  0.33  1  1  0.75
 0  87.33  0.46  0  0  0.55
 0  67.05  0.71  0  0  0.51
 0  97.46  1.06  1  1  0.71
 1  73.90  0.86  0  1  0.43
 0  99.70  0.73  1  1  0.55
 1  73.90  0.71  0  1  1.22
 1  98.95  0.62  0  0  0.60
 0  92.56  0.33  0  0  0.94
 1  69.02  0.57  1  0  0.51
 1  92.56  1.24  0  0  0.79
 0  77.42  1.17  1  0  0.59
 1  82.53  0.61  0  0  0.47
 1  89.33  1.30  0  1  0.45
 0  81.94  0.21  0  0  0.30
 1  60.30  0.73  1  1  0.32
 0  62.54  0.51  0  0  0.30
 0  95.31  0.42  0  1  0.29
 1  82.53  0.61  1  0  0.46
 0  87.33  1.11  1  0  0.37
 0  72.67  1.11  1  0  1.08
 0  70.67  0.27  0  1  0.87
 0  90.98  0.57  1  0  0.77
 1  81.94  0.21  1  0  0.70
 1  86.10  0.86  0  0  0.45
 1  85.75  1.34  0  0  0.53
 0  97.46  0.51  0  1  0.36
 1  62.54  0.51  1  0  0.38
 0  92.95  0.86  1  1  0.36
 1  97.46  1.06  0  1  0.30
 1  61.05  0.95  1  1  0.49
 0  92.95  0.71  1  1  0.37
 1  82.53  0.96  0  1  0.49
 0  95.31  1.16  1  1  0.56
 0  60.30  0.73  0  1  0.42
 0  78.06  0.21  0  1  0.31
 0  61.05  0.62  0  1  0.30
 0  74.25  1.34  1  1  0.48
 1  72.67  0.46  1  0  0.36
 1  99.70  0.73  0  1  0.31
 0  60.30  0.84  0  1  0.46
 1  73.90  0.71  1  1  0.28
 1  78.06  1.37  0  0  0.42
 1  82.58  0.40  1  0  0.40
 0  70.67  1.30  1  0  0.32
 0  98.95  0.62  1  0  0.60
 0  62.54  1.06  0  0  0.54
 1  60.30  0.84  1  0  0.40
 0  81.94  1.37  1  1  0.45
 0  62.54  0.51  0  1  3.18
 0  92.56  0.33  0  0  0.49
 1  72.67  1.11  0  0  0.42
 0  95.31  1.16  1  1  0.44
 1  61.05  0.95  1  0  0.39
 0  78.06  1.37  1  0  0.27
 0  97.46  0.51  1  0  0.48
 0  60.30  0.73  0  0  0.54
 1  89.33  0.27  1  0  0.41
 1  77.47  0.96  0  1  0.34
 0  64.69  1.16  0  1  1.40
 1  64.69  1.16  1  0  0.32
 0  62.54  1.06  0  1  0.54
 1  67.44  0.33  1  0  0.50
 1  73.90  0.86  0  1  0.39
 0  92.56  1.24  1  1  0.48
 1  85.75  0.23  1  0  0.39
 0  78.06  0.21  0  1  0.42
 1  73.90  0.71  1  0  2.81
 0  67.05  0.86  0  1  0.40
 1  74.25  1.34  0  0  2.23
 1  77.47  0.61  0  1  0.56
 1  67.05  0.86  1  1  0.45
 0  90.98  0.57  1  1  0.61
 1  73.90  0.86  1  0  0.58
 1  62.54  0.51  1  1  0.31
 1  90.98  1.00  0  1  0.52
 1  89.33  1.30  0  1  0.66
 0  86.10  0.71  1  1  0.26
 0  67.05  0.71  0  0  0.52
 1  73.90  0.71  0  0  0.34
 1  85.75  1.34  0  1  0.38
 0  82.53  0.96  1  0  0.41
 1  62.54  1.06  1  0  1.06
 0  69.02  0.57  0  1  1.07
 0  97.46  0.51  0  0  0.40
 1  60.30  0.73  1  0  0.51
 1  69.02  1.00  1  1  0.32
 0  92.95  0.71  1  1  0.40
 0  82.58  1.17  1  0  3.14
 0  99.70  0.84  1  0  0.95
 1  82.58  1.17  0  0  0.38
 0  72.67  0.46  0  1  0.55
 0  97.46  1.06  1  0  0.39
 1  98.95  0.95  0  0  0.66
 1  60.30  0.84  1  1  2.37
 0  81.94  1.37  1  1  2.22
 0  98.95  0.62  1  1  1.18
 1  67.05  0.71  1  1  0.61
 0  86.10  0.86  1  0  2.70
 0  70.67  0.27  0  1  2.22
 1  64.69  0.42  1  0  1.02
 1  77.42  0.40  1  1  1.06
 0  87.33  1.11  1  1  0.47
 1  78.06  0.21  1  0  1.49
 0  69.02  1.00  0  0  0.54
 1  97.46  1.06  0  0  0.44
 0  67.44  0.33  0  0  0.97
 0  67.44  1.24  0  0  0.78
 0  95.31  0.42  1  0  0.71
 1  78.06  1.37  0  0  0.65
 1  82.58  0.40  1  1  0.28
 0  61.05  0.62  0  0  0.66
 1  70.67  0.27  1  0  0.42
 1  92.56  1.24  0  0  1.17
 1  74.25  0.23  1  1  0.28
 1  87.33  1.11  0  0  0.34
 1  98.95  0.62  0  1  0.29
 1  86.10  0.71  0  1  0.41
 1  81.94  0.21  1  1  0.42
 0  70.67  1.30  0  1  0.41
 0  85.75  0.23  0  0  0.42
 1  82.53  0.96  0  0  0.58
 0  60.30  0.84  0  1  0.38
 1  99.70  0.84  0  0  0.34
 1  61.05  0.62  1  1  0.38
 1  77.47  0.61  1  1  0.65
 0  70.67  1.30  1  1  0.27
 0  74.25  0.23  0  0  0.23
 0  72.67  1.11  1  0  1.52
 1  99.70  0.73  0  0  0.46
 0  85.75  1.34  1  1  0.31
 0  90.98  1.00  1  0  0.27
 0  77.42  0.40  0  0  0.66
 1  81.94  1.37  0  0  0.66
 0  99.70  0.73  1  1  0.39
 0  98.95  0.95  1  0  0.70
 1  82.53  0.61  1  0  0.41
 1  92.56  0.33  1  1  0.28
 0  77.42  1.17  1  0  0.30
 1  92.95  0.71  0  1  0.39
 1  69.02  0.57  1  0  0.43
 0  81.94  0.21  0  1  0.28
 0  77.47  0.96  1  0  0.30
 1  87.33  0.46  1  0  1.12
 0  95.31  0.42  0  0  0.96
 1  92.95  0.86  0  0  0.35
 0  67.44  1.24  1  1  0.32
 0  89.33  0.27  0  0  0.24
 1  72.67  0.46  1  0  0.37
 1  82.53  0.61  0  1  0.29
 0  92.95  0.86  1  0  0.33
 1  90.98  0.57  0  0  0.38
 0  87.33  0.46  0  1  0.39
 1  95.31  1.16  0  0  0.27
 1  77.42  1.17  0  0  0.31
 0  82.58  0.40  0  0  0.43
 1  86.10  0.86  0  0  0.56
 0  74.25  1.34  1  1  0.38
 0  64.69  0.42  0  0  0.41
 0  89.33  1.30  1  1  0.63
 0  61.05  0.95  0  0  1.34
 0  70.67  1.30  0  0  1.96
 1  77.47  0.61  0  0  0.69
 0  67.05  0.86  0  0  0.67
 0  89.33  0.27  0  0  0.75
 0  70.67  1.30  1  0  0.36
 1  74.25  1.34  0  0  0.57
 0  67.44  1.24  0  0  0.71
 1  70.67  0.27  1  0  0.68
 1  64.69  1.16  1  1  0.39
 0  99.70  0.73  1  1  0.82
 0  92.56  1.24  1  0  0.68
 0  74.25  1.34  1  0  0.91
 1  73.90  0.71  0  0  0.52
 0  72.67  1.11  1  0  1.53
 0  92.95  0.71  1  0  0.93
 1  60.30  0.73  1  0  1.87
 1  92.56  1.24  0  1  1.01
 1  85.75  0.23  1  0  0.57
 0  87.33  1.11  1  0  2.25
 0  95.31  0.42  1  0  0.46
 1  82.53  0.61  0  0  0.40
 0  60.30  0.84  0  1  0.68
 1  81.94  1.37  0  0  0.39
 0  74.25  0.23  0  1  0.32
 0  67.05  0.71  0  0  0.28
 0  98.95  0.95  1  0  1.00
 0  86.10  0.86  1  0  0.56
 0  62.54  0.51  0  0  0.78
 1  62.54  1.06  1  0  0.43
 1  73.90  0.71  1  1  0.78
 0  92.56  0.33  0  0  0.82
 0  82.58  0.40  0  0  0.93
 1  82.58  0.40  1  0  1.19
 0  85.75  1.34  1  1  0.43
 1  61.05  0.62  1  0  0.34
 0  90.98  1.00  1  0  0.29
 1  87.33  1.11  0  0  0.50
 1  78.06  0.21  1  0  0.49
 1  92.56  0.33  1  0  0.59
 0  77.42  0.40  0  0  0.68
 0  78.06  0.21  0  0  0.85
 1  82.53  0.61  1  0  0.46
 1  99.70  0.73  0  1  0.37
 0  86.10  0.71  1  0  0.44
 1  87.33  0.46  1  0  1.00
 0  85.75  0.23  0  0  0.92
 1  92.95  0.86  0  0  0.52
 0  81.94  0.21  0  0  0.47
 0  77.47  0.96  1  0  0.71
 0  64.69  1.16  0  0  1.24
 1  92.95  0.71  0  0  0.77
 1  90.98  0.57  0  1  0.68
 1  77.42  0.40  1  0  0.87
 0  97.46  0.51  1  0  0.59
 0  92.95  0.86  1  0  0.48
 0  62.54  1.06  0  0  0.91
 0  67.44  0.33  0  0  0.73
 1  77.42  1.17  0  0  0.51
 1  90.98  1.00  0  0  0.54
 1  97.46  1.06  0  0  0.36
 1  73.90  0.86  0  1  0.41
 1  73.90  0.86  1  1  1.00
 0  97.46  1.06  1  1  0.60
 1  98.95  0.62  0  0  0.54
 0  97.46  0.51  0  1  0.60
 1  64.69  0.42  1  0  0.69
 0  61.05  0.62  0  0  0.61
 1  78.06  1.37  0  0  0.52
 0  95.31  0.42  0  0  0.51
 1  77.47  0.61  1  0  0.57
 1  86.10  0.86  0  1  4.44
 0  69.02  1.00  0  0  0.44
 1  81.94  0.21  1  0  0.39
 0  60.30  0.73  0  1  0.46
 1  85.75  1.34  0  0  0.35
 0  72.67  0.46  0  1  0.49
 1  67.44  0.33  1  0  0.40
 0  82.58  1.17  1  0  0.32
 1  74.25  0.23  1  0  0.79
 1  72.67  0.46  1  1  0.31
 1  67.05  0.71  1  0  0.47
 1  89.33  0.27  1  1  0.27
 1  89.33  1.30  0  0  0.49
 0  89.33  1.30  1  1  0.77
 1  77.47  0.96  0  0  1.22
 0  69.02  0.57  0  1  1.57
 0  99.70  0.84  1  1  0.45
 0  77.42  1.17  1  0  0.35
 0  87.33  0.46  0  0  0.50
 1  72.67  1.11  0  0  0.73
 0  67.44  1.24  1  0  0.57
 1  69.02  1.00  1  0  0.54
 0  64.69  0.42  0  1  0.37
 1  98.95  0.95  0  0  0.37
 0  98.95  0.62  1  1  0.27
 1  69.02  0.57  1  0  0.31
 0  78.06  1.37  1  1  0.56
 1  95.31  1.16  0  0  0.31
 0  61.05  0.95  0  1  0.24
 1  82.53  0.96  0  0  0.49
 0  81.94  1.37  1  1  0.29
 1  67.05  0.86  1  0  0.33
 1  82.58  1.17  0  1  0.38
 1  60.30  0.84  1  0  0.46
 1  99.70  0.84  0  1  0.69
 0  70.67  0.27  0  1  0.46
 1  61.05  0.95  1  0  0.40
 0  82.53  0.96  1  1  0.52
 0  90.98  0.57  1  0  0.57
 1  62.54  0.51  1  0  0.36
 0  95.31  1.16  1  1  0.75
 1  86.10  0.71  0  1  0.29
 1  74.25  1.34  0  0  2.38
 1  78.06  0.21  1  1  0.91
 1  60.30  0.73  1  1  0.66
 1  90.98  0.57  0  1  0.56
 0  90.98  0.57  1  1  0.61
 1  99.70  0.84  0  1  0.46
 1  64.69  0.42  1  1  0.58
 0  77.42  1.17  1  1  0.54
 1  61.05  0.62  1  1  0.55
 1  61.05  0.95  1  1  0.36
 0  89.33  1.30  1  1  0.57
 0  60.30  0.84  0  1  0.50
 1  77.47  0.61  1  1  0.52
 1  67.05  0.86  1  1  0.39
 0  85.75  1.34  1  1  0.26
 1  99.70  0.73  0  0  0.46
 0  86.10  0.86  1  1  0.37
 1  60.30  0.84  1  1  0.53
 1  82.53  0.61  0  1  0.37
 0  87.33  1.11  1  1  0.44
 1  67.05  0.71  1  1  0.25
 0  89.33  0.27  0  1  0.19
 0  85.75  0.23  0  1  0.11
 1  90.98  1.00  0  0  0.07
 1  74.25  0.23  1  1  0.34
 0  81.94  0.21  0  0  0.23
 0  92.56  0.33  0  1  0.06
 1  78.06  1.37  0  0  0.18
 0  97.46  1.06  1  1  0.23
 1  92.56  0.33  1  0  0.01
 0  70.67  1.30  1  1  0.20
 0  98.95  0.95  1  0  0.07
 0  78.06  1.37  1  1  0.09
 1  87.33  0.46  1  0  0.23
 0  95.31  0.42  0  1  1.48
 1  82.58  1.17  0  0  0.32
 0  90.98  1.00  1  1  0.62
 0  70.67  0.27  0  0  0.52
 0  62.54  1.06  0  0  0.63
 1  73.90  0.71  1  0  0.58
 1  82.53  0.96  0  1  0.68
 0  78.06  0.21  0  1  0.70
 1  86.10  0.86  0  1  0.63
 1  72.67  1.11  0  0  0.48
 0  67.44  0.33  0  0  0.42
 0  60.30  0.73  0  0  0.58
 1  69.02  1.00  1  1  0.22
 1  85.75  1.34  0  1  0.53
 0  67.05  0.86  0  1  0.59
 0  98.95  0.62  1  0  0.49
 0  67.05  0.71  0  0  0.69
 1  77.47  0.61  0  0  0.42
 0  87.33  0.46  0  1  0.30
 1  87.33  1.11  0  1  0.26
 1  77.42  0.40  1  1  0.29
 0  72.67  0.46  0  0  0.24
 0  92.95  0.71  1  0  0.22
 1  77.47  0.96  0  0  0.46
 1  73.90  0.86  1  1  0.22
 1  85.75  0.23  1  1  0.46
 1  98.95  0.95  0  1  0.32
 0  69.02  1.00  0  0  0.35
 1  81.94  0.21  1  0  0.35
 0  99.70  0.73  1  0  0.30
 0  62.54  0.51  0  1  0.44
 1  92.56  1.24  0  1  0.38
 1  98.95  0.62  0  1  0.39
 1  82.53  0.61  1  0  0.61
 0  92.56  1.24  1  0  0.46
 0  70.67  1.30  0  0  0.39
 0  97.46  0.51  1  1  0.47
 1  73.90  0.71  0  1  0.39
 0  72.67  1.11  1  1  0.48
 1  77.42  1.17  0  0  0.46
 0  92.95  0.86  1  0  1.14
 0  95.31  0.42  1  0  0.43
 1  81.94  1.37  0  1  0.39
 0  82.53  0.96  1  1  0.53
 1  62.54  1.06  1  1  0.41
 0  69.02  0.57  0  0  0.39
 1  64.69  1.16  1  0  0.46
 0  64.69  0.42  0  0  0.28
 0  81.94  1.37  1  1  0.23
 1  89.33  1.30  0  1  0.36
 0  82.58  1.17  1  1  0.34
 1  67.44  0.33  1  0  0.51
 1  92.95  0.71  0  0  0.57
 1  89.33  0.27  1  0  0.57
 1  95.31  1.16  0  1  0.48
 1  86.10  0.71  0  1  0.54
 0  67.44  1.24  1  1  0.33
 1  73.90  0.86  0  0  0.28
 1  92.95  0.86  0  0  0.39
 0  95.31  1.16  1  0  0.46
 0  82.58  0.40  0  0  3.12
 1  62.54  0.51  1  1  0.44
 0  64.69  1.16  0  1  1.79
 1  69.02  0.57  1  1  0.59
 0  77.42  0.40  0  0  0.43
 0  86.10  0.71  1  0  1.25
 0  74.25  1.34  1  0  0.48
 1  97.46  1.06  0  1  0.41
 1  82.58  0.40  1  1  0.43
 0  61.05  0.62  0  0  9.41
 0  99.70  0.84  1  0  0.25
 0  97.46  0.51  0  0  0.77
 1  72.67  0.46  1  1  0.86
 0  67.44  1.24  0  1  0.29
 0  61.05  0.95  0  1  0.26
 0  77.47  0.96  1  0  0.52
 0  74.25  0.23  0  0  0.54
 1  70.67  0.27  1  0  0.36
 1  77.42  0.40  1  0  0.69
 1  61.05  0.62  1  0  0.28
 0  67.44  1.24  1  0  0.25
 0  67.44  0.33  0  1  3.27
 1  98.95  0.95  0  0  0.39
 0  98.95  0.62  1  1  0.32
 0  64.69  0.42  0  0  0.58
 0  60.30  0.84  0  0  0.45
 0  61.05  0.62  0  0  0.47
 0  77.42  0.40  0  1  0.27
 1  82.53  0.61  0  1  0.36
 0  77.47  0.96  1  1  0.34
 0  81.94  0.21  0  0  0.29
 0  95.31  0.42  1  0  0.46
 1  89.33  1.30  0  0  0.34
 1  99.70  0.73  0  1  0.75
 0  62.54  1.06  0  1  0.70
 0  87.33  1.11  1  1  0.61
 0  81.94  1.37  1  0  0.55
 0  99.70  0.73  1  0  0.58
 1  82.53  0.61  1  0  0.63
 0  86.10  0.71  1  1  0.60
 1  85.75  0.23  1  1  0.75
 1  78.06  1.37  0  1  0.78
 1  60.30  0.84  1  0  0.78
 0  67.44  1.24  0  0  0.82
 0  74.25  0.23  0  0  0.79
 0  89.33  1.30  1  1  0.50
 1  62.54  1.06  1  1  0.64
 0  97.46  0.51  0  1  0.56
 1  87.33  0.46  1  0  0.56
 0  60.30  0.73  0  0  0.79
 0  92.95  0.71  1  0  0.57
 1  81.94  0.21  1  1  0.55
 0  90.98  0.57  1  1  0.35
 1  73.90  0.86  0  1  0.37
 0  92.95  0.86  1  0  0.35
 1  62.54  0.51  1  0  0.46
 1  89.33  0.27  1  0  0.34
 1  95.31  1.16  0  1  0.51
 0  87.33  0.46  0  1  0.58
 0  92.56  0.33  0  1  0.54
 1  77.47  0.96  0  0  0.59
 1  82.53  0.96  0  0  0.52
 0  70.67  1.30  0  0  0.60
 0  61.05  0.95  0  1  0.34
 1  74.25  0.23  1  1  0.23
 1  92.56  0.33  1  1  0.26
 0  97.46  0.51  1  0  0.38
 1  86.10  0.71  0  0  0.40
 1  67.05  0.86  1  0  0.40
 0  69.02  0.57  0  1  0.29
 1  81.94  1.37  0  1  0.33
 0  72.67  1.11  1  1  0.54
 1  72.67  1.11  0  0  0.32
 0  82.58  0.40  0  0  0.47
 1  90.98  0.57  0  0  0.47
 1  87.33  1.11  0  1  0.38
 1  74.25  1.34  0  1  0.50
 0  70.67  1.30  1  1  0.32
 0  67.05  0.86  0  0  2.60
 1  77.47  0.61  1  0  0.96
 0  74.25  1.34  1  0  0.54
 0  95.31  1.16  1  1  0.55
 1  92.95  0.86  0  1  0.46
 1  73.90  0.86  1  1  0.53
 1  98.95  0.62  0  0  0.52
 1  90.98  1.00  0  0  0.32
 1  60.30  0.73  1  0  0.30
 0  92.56  1.24  1  1  0.40
 0  85.75  1.34  1  1  0.62
 0  95.31  0.42  0  1  0.40
 1  92.95  0.71  0  0  0.46
 1  86.10  0.86  0  0  0.39
 0  78.06  1.37  1  0  0.49
 1  64.69  0.42  1  1  0.45
 1  82.58  0.40  1  1  0.65
 0  69.02  1.00  0  1  0.45
 0  67.05  0.71  0  0  0.62
 1  70.67  0.27  1  0  0.55
 1  67.44  0.33  1  0  0.52
 1  67.05  0.71  1  1  0.55
 1  77.47  0.61  0  1  0.40
 0  78.06  0.21  0  1  0.39
 1  69.02  0.57  1  0  0.63
 0  82.53  0.96  1  0  0.51
 0  62.54  0.51  0  0  0.52
 0  90.98  1.00  1  1  0.52
 0  99.70  0.84  1  1  0.47
 1  64.69  1.16  1  1  0.49
 1  92.56  1.24  0  0  0.46
 1  61.05  0.95  1  0  0.50
 1  82.58  1.17  0  0  0.59
 1  85.75  1.34  0  1  0.53
 1  99.70  0.84  0  1  0.54
 0  97.46  1.06  1  1  0.64
 1  78.06  0.21  1  0  0.49
 1  77.42  1.17  0  0  0.33
 0  89.33  0.27  0  0  3.05
 0  64.69  1.16  0  1  0.60
 0  85.75  0.23  0  1  0.65
 0  77.42  1.17  1  1  0.92
 0  82.58  1.17  1  0  1.13
 0  70.67  0.27  0  0  0.69
 1  72.67  0.46  1  0  0.41
 0  72.67  0.46  0  0  0.71
 0  86.10  0.86  1  1  0.40
 1  69.02  1.00  1  1  0.18
 1  97.46  1.06  0  0  0.50
 0  98.95  0.95  1  0  0.35
 1  73.90  0.71  1  0  0.40
 1  73.90  0.71  0  1  0.60
