 1  81.94  1.37  0  0  3.85
 1  85.75  1.34  0  1  3.91
 2  92.95  0.71  1  0  2.83
 0  61.05  0.62  0  0  2.30
 3  69.02  0.57  1  2  6.80
 2  99.70  0.73  1  2  3.09
 0  77.42  0.40  0  1  3.46
 3  67.44  0.33  1  0  2.27
 3  64.69  1.16  1  1  3.31
 1  73.90  0.86  0  1  1.40
 2  98.95  0.95  1  3  1.00
 0  67.05  0.71  0  1  0.98
 3  64.69  0.42  1  0  0.82
 3  73.90  0.71  1  1  2.03
 3  87.33  0.46  1  3  2.66
 0  72.67  0.46  0  2  3.10
 2  98.95  0.62  1  3  1.13
 1  98.95  0.62  0  1  1.42
 2  74.25  1.34  1  0  2.61
 2  97.46  1.06  1  0  3.65
 3  69.02  1.00  1  0  2.30
 1  87.33  1.11  0  1  0.78
 3  77.42  0.40  1  3  2.88
 0  87.33  0.46  0  2  1.73
 0  69.02  0.57  0  1  2.10
 3  82.58  0.40  1  3  2.13
 1  86.10  0.71  0  2  2.16
 2  95.31  0.42  1  3  0.68
 1  77.42  1.17  0  1  3.87
 3  78.06  0.21  1  2  2.03
 1  77.47  0.61  0  1  2.16
 2  82.53  0.96  1  2  2.95
 0  95.31  0.42  0  3  2.89
 2  87.33  1.11  1  0  2.20
 2  85.75  1.34  1  1  0.92
 2  97.46  0.51  1  3  1.32
 1  89.33  1.30  0  0  3.96
 3  72.67  0.46  1  1  1.35
 3  73.90  0.86  1  1  1.02
 1  86.10  0.86  0  2  0.88
 1  95.31  1.16  0  2  1.02
 3  89.33  0.27  1  3  2.23
 2  67.44  1.24  1  1  1.68
 0  64.69  1.16  0  1  1.00
 3  74.25  0.23  1  3  1.56
 0  61.05  0.95  0  2  5.24
 1  72.67  1.11  0  2  1.70
 3  67.05  0.86  1  1  0.78
 1  82.53  0.61  0  2  2.16
 1  92.95  0.86  0  2  1.38
 3  67.05  0.71  1  2  0.24
 2  82.58  1.17  1  2  1.06
 0  89.33  0.27  0  3  0.90
 2  72.67  1.11  1  1  3.58
 3  85.75  0.23  1  3  0.83
 0  62.54  0.51  0  0  4.52
 1  82.58  1.17  0  2  1.91
 0  70.67  1.30  0  2  1.60
 0  67.05  0.86  0  1  1.46
 3  61.05  0.62  1  1  1.08
 1  74.25  1.34  0  1  1.67
 0  78.06  0.21  0  0  4.29
 1  92.95  0.71  0  1  1.96
 2  92.95  0.86  1  2  1.82
 1  99.70  0.73  0  0  3.18
 3  60.30  0.73  1  1  2.10
 3  82.53  0.61  1  3  2.37
 1  77.47  0.96  0  1  2.17
 0  67.44  1.24  0  0  3.14
 0  60.30  0.84  0  1  0.88
 2  90.98  0.57  1  3  1.46
 2  77.42  1.17  1  3  0.97
 3  81.94  0.21  1  3  0.93
 0  82.58  0.40  0  0  2.24
 0  92.56  0.33  0  0  0.68
 3  62.54  1.06  1  2  4.28
 0  60.30  0.73  0  1  1.85
 1  92.56  1.24  0  1  2.94
 1  73.90  0.71  0  0  2.40
 2  78.06  1.37  1  2  5.61
 0  74.25  0.23  0  0  3.30
 2  90.98  1.00  1  3  3.57
 0  67.44  0.33  0  0  2.58
 3  70.67  0.27  1  3  1.88
 2  89.33  1.30  1  2  2.90
 0  69.02  1.00  0  1  6.94
 2  99.70  0.84  1  2  4.79
 0  62.54  1.06  0  1  1.13
 1  90.98  1.00  0  1  0.90
 2  70.67  1.30  1  2  1.85
 0  64.69  0.42  0  1  1.94
 1  78.06  1.37  0  1  1.89
 0  97.46  0.51  0  0  2.47
 3  62.54  0.51  1  3  2.10
 2  77.47  0.96  1  2  2.16
 0  70.67  0.27  0  1  3.93
 1  82.53  0.96  0  1  1.10
 3  77.47  0.61  1  3  4.06
 0  85.75  0.23  0  0  2.83
 2  86.10  0.86  1  2  5.97
 2  95.31  1.16  1  3  0.82
 1  99.70  0.84  0  1  3.33
 3  60.30  0.84  1  2  6.48
 2  81.94  1.37  1  2  2.32
 1  98.95  0.95  0  1  3.37
 3  61.05  0.95  1  2  4.50
 2  86.10  0.71  1  2  3.45
 1  90.98  0.57  0  1  4.11
 2  92.56  1.24  1  2  5.06
 3  92.56  0.33  1  3  0.70
 0  81.94  0.21  0  0  1.05
 1  97.46  1.06  0  1  0.86
 3  69.02  0.57  1  3  9.96
 2  98.95  0.95  1  2  0.99
 0  67.44  1.24  0  1  1.75
 2  70.67  1.30  1  2  3.03
 0  82.58  0.40  0  0  1.20
 0  87.33  0.46  0  0  0.75
 3  77.47  0.61  1  3  5.13
 3  69.02  1.00  1  2  0.76
 2  85.75  1.34  1  2  0.95
 0  62.54  1.06  0  1  4.72
 0  62.54  0.51  0  0  1.83
 1  77.42  1.17  0  1  0.94
 0  74.25  0.23  0  0  0.73
 0  69.02  0.57  0  0  0.99
 3  72.67  0.46  1  3  1.26
 2  81.94  1.37  1  2  0.82
 2  78.06  1.37  1  2  1.06
 0  78.06  0.21  0  0  1.07
 3  70.67  0.27  1  3  0.87
 2  99.70  0.84  1  3  3.37
 1  85.75  1.34  0  1  0.91
 3  92.56  0.33  1  3  1.39
 0  60.30  0.73  0  0  1.63
 3  64.69  1.16  1  2  1.85
 2  97.46  1.06  1  2  1.34
 0  89.33  0.27  0  0  0.78
 1  89.33  1.30  0  1  0.75
 1  73.90  0.86  0  0  2.17
 0  77.42  0.40  0  0  0.92
 1  97.46  1.06  0  1  0.95
 1  82.53  0.61  0  0  1.00
 1  99.70  0.73  0  1  2.58
 1  92.95  0.86  0  1  0.94
 1  82.58  1.17  0  1  1.64
 3  89.33  0.27  1  3  1.43
 3  60.30  0.84  1  3  3.56
 1  87.33  1.11  0  1  1.14
 3  82.53  0.61  1  3  1.51
 1  99.70  0.84  0  1  2.62
 3  61.05  0.95  1  3  1.06
 1  73.90  0.71  0  0  4.09
 3  85.75  0.23  1  3  0.79
 1  81.94  1.37  0  1  1.63
 3  64.69  0.42  1  3  1.75
 2  92.95  0.71  1  3  3.62
 2  77.47  0.96  1  3  3.52
 3  67.05  0.86  1  3  1.05
 0  85.75  0.23  0  0  4.88
 0  64.69  0.42  0  0  1.29
 3  82.58  0.40  1  3  3.74
 3  73.90  0.71  1  2  1.74
 3  61.05  0.62  1  3  1.09
 3  60.30  0.73  1  3  2.93
 1  82.53  0.96  0  1  1.97
 1  90.98  0.57  0  1  6.23
 0  81.94  0.21  0  0  0.92
 3  81.94  0.21  1  3  4.09
 1  92.95  0.71  0  1  1.75
 2  97.46  0.51  1  3  3.64
 1  95.31  1.16  0  2  0.92
 0  67.44  0.33  0  3  1.00
 0  67.05  0.71  0  3  1.21
 1  72.67  1.11  0  3  0.75
 3  67.44  0.33  1  0  1.33
 2  95.31  0.42  1  3  2.94
 2  90.98  0.57  1  2  1.68
 3  74.25  0.23  1  3  1.23
 0  61.05  0.95  0  0  3.85
 0  69.02  1.00  0  0  1.82
 1  77.47  0.61  0  1  1.28
 3  62.54  0.51  1  2  5.66
 2  89.33  1.30  1  2  1.16
 0  67.05  0.86  0  0  1.99
 0  92.56  0.33  0  1  3.74
 3  77.42  0.40  1  2  1.96
 0  61.05  0.62  0  0  1.51
 3  62.54  1.06  1  3  5.53
 2  98.95  0.62  1  2  0.98
 2  92.56  1.24  1  2  1.47
 2  74.25  1.34  1  2  1.80
 1  90.98  1.00  0  1  1.83
 2  95.31  1.16  1  2  1.74
 2  86.10  0.71  1  2  3.47
 2  82.53  0.96  1  2  1.49
 2  99.70  0.73  1  3  4.87
 3  87.33  0.46  1  2  1.94
 1  74.25  1.34  0  0  1.46
 1  86.10  0.86  0  1  0.88
 3  67.05  0.71  1  3  2.04
 2  82.58  1.17  1  2  1.15
 2  87.33  1.11  1  2  1.33
 1  77.47  0.96  0  1  2.15
 0  70.67  0.27  0  0  1.67
 0  64.69  1.16  0  0  1.31
 1  92.56  1.24  0  1  1.05
 2  77.42  1.17  1  2 10.00
 3  78.06  0.21  1  3  0.77
 0  97.46  0.51  0  1  1.40
 2  86.10  0.86  1  2  2.78
 1  86.10  0.71  0  1  2.52
 0  70.67  1.30  0  0  0.99
 0  72.67  0.46  0  0  4.71
 1  98.95  0.62  0  1  0.82
 1  98.95  0.95  0  1  1.61
 2  92.95  0.86  1  2  1.85
 2  90.98  1.00  1  2  0.98
 2  72.67  1.11  1  3  1.07
 3  73.90  0.86  1  2  2.54
 2  67.44  1.24  1  3  1.26
 0  60.30  0.84  0  0  1.11
 1  78.06  1.37  0  1  1.18
 0  95.31  0.42  0  0  0.86
 3  69.02  1.00  1  3  4.75
 2  95.31  1.16  1  2  2.09
 1  81.94  1.37  0  1  2.01
 0  62.54  1.06  0  0  1.78
 2  81.94  1.37  1  2  2.04
 2  82.53  0.96  1  2  1.46
 0  92.56  0.33  0  0  3.20
 0  67.44  0.33  0  0  2.41
 3  82.58  0.40  1  3  2.56
 1  92.95  0.71  0  1  7.07
 0  67.05  0.71  0  0  1.08
 0  61.05  0.95  0  0  2.14
 3  67.05  0.86  1  3  2.08
 3  62.54  0.51  1  3  0.80
 1  78.06  1.37  0  1  2.42
 2  92.56  1.24  1  2  2.21
 2  77.47  0.96  1  2  2.12
 0  74.25  0.23  0  0  2.01
 1  95.31  1.16  0  1  1.59
 2  86.10  0.71  1  2  2.47
 2  92.95  0.71  1  2  2.96
 3  81.94  0.21  1  3  0.87
 0  85.75  0.23  0  0  0.70
 0  78.06  0.21  0  0  0.66
 3  73.90  0.71  1  2  2.98
 2  70.67  1.30  1  2  4.24
 1  90.98  1.00  0  1  1.01
 1  87.33  1.11  0  1  0.72
 1  90.98  0.57  0  1  1.35
 0  72.67  0.46  0  0  2.05
 1  77.42  1.17  0  1  1.44
 3  82.53  0.61  1  2  2.31
 1  73.90  0.71  0  0  1.98
 1  72.67  1.11  0  0  1.34
 1  86.10  0.86  0  1  0.75
 2  92.95  0.86  1  2  0.80
 1  98.95  0.62  0  1  2.35
 0  70.67  1.30  0  0  0.84
 2  82.58  1.17  1  2  2.67
 0  69.02  0.57  0  0  1.63
 2  67.44  1.24  1  3  1.18
 2  98.95  0.95  1  2  0.84
 0  89.33  0.27  0  0  0.88
 2  98.95  0.62  1  2  0.77
 3  89.33  0.27  1  3  2.06
 2  99.70  0.84  1  2  0.75
 1  99.70  0.84  0  1  1.48
 3  69.02  0.57  1  3  1.53
 2  72.67  1.11  1  2  1.67
 1  73.90  0.86  0  0  0.95
 0  61.05  0.62  0  0  0.78
 3  61.05  0.95  1  3  0.82
 3  70.67  0.27  1  3  1.03
 2  85.75  1.34  1  1  0.66
 0  87.33  0.46  0  0  1.03
 3  73.90  0.86  1  2  1.84
 1  99.70  0.73  0  1  1.51
 3  78.06  0.21  1  3  0.84
 2  86.10  0.86  1  2  0.78
 3  85.75  0.23  1  3  0.73
 3  77.47  0.61  1  2  5.31
 3  92.56  0.33  1  3  0.51
 0  81.94  0.21  0  0  3.25
 0  60.30  0.73  0  0  0.97
 0  64.69  0.42  0  0  1.26
 1  86.10  0.71  0  1  0.73
 2  97.46  0.51  1  2  0.86
 0  77.42  0.40  0  1  3.45
 0  62.54  0.51  0  0  0.95
 0  67.44  1.24  0  0  3.93
 3  60.30  0.84  1  3  0.81
 2  90.98  1.00  1  2  0.88
 3  72.67  0.46  1  3  2.69
 1  89.33  1.30  0  1  2.28
 0  60.30  0.84  0  0  0.84
 3  64.69  1.16  1  3  0.69
 1  92.56  1.24  0  1  0.71
 2  99.70  0.73  1  2  1.08
 1  82.58  1.17  0  1  4.79
 0  64.69  1.16  0  0  1.50
 3  64.69  0.42  1  3  0.91
 0  82.58  0.40  0  1  1.01
 3  77.42  0.40  1  3  1.16
 1  82.53  0.96  0  1  3.18
 0  97.46  0.51  0  1  0.95
 3  60.30  0.73  1  3  1.47
 1  98.95  0.95  0  1  1.91
 3  87.33  0.46  1  3  1.43
 2  74.25  1.34  1  2  1.97
 1  85.75  1.34  0  1  1.08
 2  90.98  0.57  1  3  1.22
 2  78.06  1.37  1  2  1.29
 3  61.05  0.62  1  3  0.99
 1  92.95  0.86  0  1  1.22
 3  62.54  1.06  1  3  0.99
 2  89.33  1.30  1  2  3.30
 2  97.46  1.06  1  2  1.13
 1  77.47  0.61  0  0  5.25
 1  77.47  0.96  0  1  1.30
 3  67.44  0.33  1  3  2.42
 1  82.53  0.61  0  1  2.17
 0  67.05  0.86  0  0  0.89
 0  70.67  0.27  0  0  1.05
 0  95.31  0.42  0  1  0.84
 2  95.31  0.42  1  3  1.41
 1  97.46  1.06  0  1  0.84
 1  74.25  1.34  0  1  3.98
 3  67.05  0.71  1  2  7.55
 3  74.25  0.23  1  3  0.87
 2  87.33  1.11  1  2  0.72
 0  69.02  1.00  0  0  5.93
 2  77.42  1.17  1  2  2.34
 0  67.05  0.71  0  0 16.26
 2  90.98  0.57  1  2  2.36
 3  61.05  0.62  1  3  1.30
 2  82.58  1.17  1  2  0.73
 0  70.67  1.30  0  0  0.82
 0  78.06  0.21  0  0  1.04
 0  89.33  0.27  0  0  1.61
 0  61.05  0.62  0  0  1.27
 1  85.75  1.34  0  1  0.77
 3  87.33  0.46  1  3  2.06
 0  74.25  0.23  0  0  0.98
 3  82.53  0.61  1  2  2.17
 1  77.47  0.96  0  1  3.98
 3  82.58  0.40  1  3  0.94
 2  72.67  1.11  1  3  3.10
 3  67.05  0.86  1  3  1.02
 0  69.02  0.57  0  0  1.55
 3  67.44  0.33  1  3  1.06
 1  82.53  0.96  0  1  0.67
 2  78.06  1.37  1  2  1.11
 0  85.75  0.23  0  0  0.88
 1  98.95  0.62  0  1  0.80
 1  74.25  1.34  0  0  0.75
 3  77.47  0.61  1  3  1.99
 2  74.25  1.34  1  2  0.73
 3  69.02  0.57  1  3  1.18
 1  77.42  1.17  0  1  3.39
 2  98.95  0.62  1  3  1.22
 2  81.94  1.37  1  2  1.63
 1  89.33  1.30  0  1  4.45
 1  82.58  1.17  0  1  0.87
 0  62.54  0.51  0  0  0.80
 3  64.69  0.42  1  3  0.60
 3  74.25  0.23  1  3  1.25
 1  73.90  0.71  0  0  6.86
 1  95.31  1.16  0  1  0.80
 3  81.94  0.21  1  3  0.71
 0  82.58  0.40  0  0  0.81
 2  99.70  0.73  1  2  0.68
 3  73.90  0.71  1  3  1.68
 2  95.31  0.42  1  3  0.59
 2  77.42  1.17  1  2  1.92
 0  87.33  0.46  0  1  1.95
 1  90.98  0.57  0  1  0.73
 1  86.10  0.71  0  1  3.94
 2  89.33  1.30  1  2  2.08
 0  67.44  1.24  0  0  0.76
 0  69.02  1.00  0  0  0.85
 2  67.44  1.24  1  3  0.84
 2  98.95  0.95  1  2  0.85
 2  97.46  1.06  1  2  0.76
 3  64.69  1.16  1  3  0.93
 0  64.69  1.16  0  0  0.78
 2  77.47  0.96  1  2  1.73
 2  90.98  1.00  1  2  0.63
 3  72.67  0.46  1  3  0.79
 1  99.70  0.84  0  1  0.91
 2  95.31  1.16  1  2  0.74
 2  86.10  0.86  1  2  0.76
 1  98.95  0.95  0  1  0.65
 2  82.53  0.96  1  2  3.38
 3  89.33  0.27  1  3  0.66
 0  64.69  0.42  0  0  0.84
 1  82.53  0.61  0  1  1.69
 1  92.95  0.71  0  1  0.66
 0  72.67  0.46  0  0  1.59
 3  70.67  0.27  1  3  0.66
 3  62.54  0.51  1  3  0.84
 3  60.30  0.73  1  3  0.83
 3  69.02  1.00  1  2  1.50
 3  78.06  0.21  1  3  0.69
 1  87.33  1.11  0  1  0.93
 2  86.10  0.71  1  2  0.88
 1  81.94  1.37  0  1  0.86
 0  67.05  0.86  0  0  0.72
 3  85.75  0.23  1  3  0.87
 3  73.90  0.86  1  2  1.63
 0  60.30  0.84  0  0  0.81
 2  87.33  1.11  1  2  0.64
 0  81.94  0.21  0  0  0.87
 1  92.95  0.86  0  1  0.69
 1  72.67  1.11  0  0  1.26
 1  77.47  0.61  0  1  1.89
 0  70.67  0.27  0  0  1.17
 2  97.46  0.51  1  2  0.67
 0  95.31  0.42  0  2  0.65
 1  86.10  0.86  0  1  0.74
 3  67.05  0.71  1  3  1.38
 3  62.54  1.06  1  3  1.05
 1  90.98  1.00  0  1  0.64
 2  92.95  0.71  1  2  0.87
 1  78.06  1.37  0  1  0.91
 2  70.67  1.30  1  3  0.78
 0  60.30  0.73  0  0  0.73
 0  97.46  0.51  0  1  0.91
 2  92.95  0.86  1  2  0.86
 1  73.90  0.86  0  1  1.62
 3  77.42  0.40  1  3  1.09
 3  92.56  0.33  1  3  1.55
 0  61.05  0.95  0  0  0.67
 0  67.44  0.33  0  0  1.25
 2  92.56  1.24  1  2  0.81
 0  62.54  1.06  0  0  0.75
 1  99.70  0.73  0  1  2.12
 2  85.75  1.34  1  2  0.74
 1  97.46  1.06  0  1  1.11
 3  60.30  0.84  1  3  1.09
 3  61.05  0.95  1  3  0.91
 0  92.56  0.33  0  0  1.47
 2  99.70  0.84  1  2  2.06
 1  92.56  1.24  0  1  0.77
 0  77.42  0.40  0  0  3.31
 3  82.58  0.40  1  3  2.32
 2  98.95  0.62  1  2  2.07
 0  64.69  0.42  0  0  2.27
 3  74.25  0.23  1  3  0.94
 3  61.05  0.62  1  3  0.92
 2  98.95  0.95  1  2  0.77
 2  67.44  1.24  1  3  0.83
 3  73.90  0.86  1  2  0.87
 3  82.53  0.61  1  2  2.44
 0  97.46  0.51  0  0  2.61
 2  77.42  1.17  1  2  1.49
 2  90.98  0.57  1  2  3.53
 0  82.58  0.40  0  0  0.96
 3  72.67  0.46  1  3  1.85
 3  62.54  1.06  1  3  1.40
 0  92.56  0.33  0  0  1.10
 1  99.70  0.73  0  1  0.79
 0  64.69  1.16  0  0  0.68
 1  92.95  0.71  0  1  2.91
 2  90.98  1.00  1  2  0.72
 0  67.05  0.71  0  0  0.69
 0  60.30  0.73  0  0  0.64
 0  78.06  0.21  0  0  3.58
 2  85.75  1.34  1  2  2.16
 0  61.05  0.95  0  0  0.76
 0  74.25  0.23  0  0  0.67
 1  74.25  1.34  0  1  0.64
 1  99.70  0.84  0  1  1.27
 2  92.95  0.86  1  2  0.84
 2  81.94  1.37  1  2  0.65
 0  81.94  0.21  0  0  0.80
 1  92.56  1.24  0  1  2.36
 2  95.31  1.16  1  2  0.87
 3  85.75  0.23  1  3  0.89
 2  97.46  1.06  1  2  0.83
 1  86.10  0.71  0  1  0.76
 3  77.47  0.61  1  2  5.22
 1  81.94  1.37  0  1  0.98
 3  77.42  0.40  1  3  1.27
 0  87.33  0.46  0  0  2.75
 1  90.98  1.00  0  1  0.63
 3  92.56  0.33  1  3  0.66
 1  86.10  0.86  0  1  1.19
 2  77.47  0.96  1  2  0.88
 0  61.05  0.62  0  0  0.87
 0  95.31  0.42  0  0  2.04
 3  62.54  0.51  1  3  0.73
 2  74.25  1.34  1  2  0.65
 1  92.95  0.86  0  1  1.37
 0  77.42  0.40  0  0  0.62
 2  86.10  0.86  1  2  3.00
 2  99.70  0.84  1  2  0.70
 3  67.05  0.86  1  3  0.56
 3  69.02  1.00  1  2  2.34
 3  67.05  0.71  1  3  0.77
 2  78.06  1.37  1  2  1.03
 0  60.30  0.84  0  0  0.62
 1  82.53  0.61  0  0  2.83
 1  97.46  1.06  0  1  0.68
 0  72.67  0.46  0  0  2.72
 2  89.33  1.30  1  2  0.78
 0  62.54  0.51  0  0  0.55
 3  60.30  0.73  1  3  0.66
 2  97.46  0.51  1  2  2.09
 1  98.95  0.95  0  1  0.72
 1  77.47  0.96  0  1  0.58
 2  70.67  1.30  1  2  1.14
 2  92.95  0.71  1  3  1.74
 3  87.33  0.46  1  3  1.18
 2  86.10  0.71  1  2  0.93
 2  92.56  1.24  1  2  0.73
 3  70.67  0.27  1  3  0.64
 1  90.98  0.57  0  1  4.95
 1  85.75  1.34  0  1  0.71
 3  73.90  0.71  1  3  3.73
 0  69.02  0.57  0  0  2.48
 1  72.67  1.11  0  1  0.74
 1  87.33  1.11  0  1  0.77
 3  60.30  0.84  1  3  0.82
 2  82.58  1.17  1  2  2.13
 3  61.05  0.95  1  3  0.64
 0  67.05  0.86  0  1  2.87
 3  67.44  0.33  1  3  0.69
 0  62.54  1.06  0  0  1.41
 1  77.42  1.17  0  1  0.58
 1  82.53  0.96  0  1  0.65
 2  87.33  1.11  1  2  0.91
 0  70.67  1.30  0  1  5.59
 2  72.67  1.11  1  2  3.97
 0  67.44  1.24  0  0  0.95
 1  82.58  1.17  0  1  0.81
 1  98.95  0.62  0  1  1.79
 0  89.33  0.27  0  0  2.52
 0  67.44  0.33  0  1  1.09
 1  73.90  0.71  0  1  1.54
 2  82.53  0.96  1  2  0.64
 0  85.75  0.23  0  0  0.74
 1  89.33  1.30  0  1  0.74
 3  78.06  0.21  1  3  0.87
 0  69.02  1.00  0  1  1.78
 3  69.02  0.57  1  2  1.14
 0  70.67  0.27  0  0  0.76
 2  99.70  0.73  1  2  0.81
 1  78.06  1.37  0  1  2.00
 3  64.69  0.42  1  3  1.00
 3  64.69  1.16  1  3  0.99
 1  77.47  0.61  0  1  2.03
 3  89.33  0.27  1  3  2.23
 1  73.90  0.86  0  1  4.23
 1  95.31  1.16  0  1  0.74
 2  95.31  0.42  1  3  2.34
 3  81.94  0.21  1  3  0.91
