 3  85.75  0.23  1  0  1.17
 2  95.31  1.16  1  3  3.41
 3  67.05  0.86  1  2  1.02
 3  62.54  1.06  1  0  0.84
 2  86.10  0.71  1  1  1.20
 3  73.90  0.71  1  0  1.42
 1  73.90  0.86  0  3  1.74
 1  74.25  1.34  0  2  0.96
 3  73.90  0.86  1  2  0.85
 1  90.98  1.00  0  1  1.29
 0  69.02  0.57  0  0  0.59
 1  90.98  0.57  0  1  1.06
 0  64.69  1.16  0  1  1.53
 2  81.94  1.37  1  3  0.72
 0  69.02  1.00  0  0  1.74
 0  60.30  0.73  0  1  0.85
 1  98.95  0.62  0  1  2.00
 2  99.70  0.73  1  2  1.54
 1  86.10  0.86  0  0  1.14
 1  77.47  0.96  0  3  2.54
 3  69.02  0.57  1  2  1.86
 3  78.06  0.21  1  3  1.92
 0  64.69  0.42  0  0  1.90
 1  81.94  1.37  0  1  1.13
 3  60.30  0.84  1  2  1.44
 1  78.06  1.37  0  1  1.23
 0  85.75  0.23  0  0  0.70
 1  92.56  1.24  0  1  0.64
 3  69.02  1.00  1  3  1.41
 0  81.94  0.21  0  0  1.03
 2  74.25  1.34  1  2  1.66
 1  82.53  0.96  0  1  1.16
 3  61.05  0.95  1  2  3.03
 1  77.47  0.61  0  1  1.22
 3  67.05  0.71  1  3  0.69
 3  81.94  0.21  1  2  0.65
 3  61.05  0.62  1  2  1.01
 1  77.42  1.17  0  1  1.24
 2  98.95  0.62  1  2  1.47
 1  86.10  0.71  0  1  0.74
 0  61.05  0.95  0  1  1.19
 1  99.70  0.73  0  1  0.89
 0  62.54  1.06  0  0  1.57
 2  99.70  0.84  1  2  3.09
 1  95.31  1.16  0  1  0.69
 2  82.53  0.96  1  2  0.78
 3  72.67  0.46  1  3  0.61
 0  97.46  0.51  0  1  1.30
 2  87.33  1.11  1  2  0.80
 0  74.25  0.23  0  0  0.89
 0  82.58  0.40  0  1  1.71
 3  62.54  0.51  1  2  0.68
 2  97.46  1.06  1  2  0.62
 0  70.67  0.27  0  0  1.05
 2  95.31  0.42  1  3  1.53
 0  77.42  0.40  0  1  0.87
 3  70.67  0.27  1  2  0.76
 0  61.05  0.62  0  1  0.84
 2  90.98  0.57  1  2  0.58
 2  78.06  1.37  1  3  1.01
 2  89.33  1.30  1  2  1.18
 2  90.98  1.00  1  2  1.39
 1  89.33  1.30  0  1  1.73
 0  62.54  0.51  0  0  0.62
 0  67.05  0.71  0  1  0.78
 1  99.70  0.84  0  1  0.98
 2  85.75  1.34  1  2  1.96
 3  77.42  0.40  1  3  2.18
 3  67.44  0.33  1  3  0.67
 1  92.95  0.71  0  1  1.08
 2  82.58  1.17  1  2  0.95
 0  92.56  0.33  0  0  1.54
 2  92.56  1.24  1  2  0.98
 2  92.95  0.71  1  3  4.35
 0  95.31  0.42  0  0  1.92
 0  89.33  0.27  0  0  0.60
 3  92.56  0.33  1  3  1.31
 0  60.30  0.84  0  2  0.67
 1  72.67  1.11  0  1  1.07
 0  78.06  0.21  0  0  0.70
 3  60.30  0.73  1  2  2.58
 1  97.46  1.06  0  1  0.70
 2  77.47  0.96  1  2  1.85
 2  97.46  0.51  1  3  1.12
 3  82.58  0.40  1  2  1.73
 0  67.44  1.24  0  1  1.68
 0  87.33  0.46  0  1  0.90
 0  70.67  1.30  0  1  0.77
 2  70.67  1.30  1  2  2.40
 3  64.69  1.16  1  2  0.69
 3  77.47  0.61  1  1  4.19
 2  92.95  0.86  1  2  3.38
 0  67.44  0.33  0  0  1.54
 1  82.53  0.61  0  1  0.55
 3  87.33  0.46  1  3  1.31
 1  92.95  0.86  0  1  1.85
 3  74.25  0.23  1  3  2.04
 2  67.44  1.24  1  2  0.56
 1  98.95  0.95  0  1  1.26
 1  87.33  1.11  0  1  1.14
 2  77.42  1.17  1  2  2.38
 1  85.75  1.34  0  1  1.21
 1  82.58  1.17  0  1  0.81
 2  86.10  0.86  1  2  0.79
 3  64.69  0.42  1  3  1.38
 3  82.53  0.61  1  3  1.49
 0  72.67  0.46  0  0  1.54
 2  72.67  1.11  1  2  2.00
 3  89.33  0.27  1  3  0.74
 0  67.05  0.86  0  1  1.68
 2  98.95  0.95  1  2  1.18
 1  73.90  0.71  0  3  2.14
 0  87.33  0.46  0  1  2.88
 3  89.33  0.27  1  3  1.38
 2  92.95  0.71  1  2  5.62
 0  70.67  0.27  0  0  1.76
 2  99.70  0.73  1  2  1.19
 0  85.75  0.23  0  0  0.92
 1  90.98  0.57  0  3  4.18
 1  85.75  1.34  0  2  0.74
 1  90.98  1.00  0  2  1.56
 0  60.30  0.73  0  2  1.17
 1  86.10  0.71  0  2  1.47
 0  72.67  0.46  0  3  0.67
 3  92.56  0.33  1  0  1.16
 3  74.25  0.23  1  1  0.52
 2  78.06  1.37  1  1  0.64
 3  72.67  0.46  1  2  1.95
 1  92.95  0.71  0  2  2.07
 2  90.98  0.57  1  2  0.71
 0  67.44  1.24  0  1  1.08
 0  61.05  0.95  0  0  0.79
 2  81.94  1.37  1  2  0.69
 2  95.31  1.16  1  2  0.89
 0  67.05  0.71  0  1  1.21
 3  67.44  0.33  1  3  1.34
 3  67.05  0.71  1  3  0.70
 2  86.10  0.86  1  2  1.41
 2  95.31  0.42  1  3  1.10
 0  89.33  0.27  0  0  1.37
 1  92.95  0.86  0  1  0.67
 1  77.47  0.96  0  1  0.55
 0  62.54  0.51  0  1  9.39
 3  78.06  0.21  1  3  1.08
 2  87.33  1.11  1  2  0.71
 3  60.30  0.73  1  2  1.15
 3  69.02  0.57  1  3  0.73
 2  98.95  0.95  1  2  0.76
 2  92.56  1.24  1  2  1.61
 0  74.25  0.23  0  0  1.24
 2  89.33  1.30  1  2  0.96
 3  70.67  0.27  1  3  0.81
 0  64.69  1.16  0  1  1.08
 1  82.58  1.17  0  0  0.53
 1  73.90  0.71  0  1  0.93
 1  95.31  1.16  0  1  1.86
 1  73.90  0.86  0  0  1.78
 3  69.02  1.00  1  2  0.78
 3  60.30  0.84  1  2  3.54
 2  74.25  1.34  1  3  1.28
 0  64.69  0.42  0  1  1.17
 0  69.02  0.57  0  0  0.67
 0  77.42  0.40  0  0  0.63
 2  90.98  1.00  1  2  0.65
 0  81.94  0.21  0  0  0.67
 2  82.58  1.17  1  2  3.39
 2  92.95  0.86  1  3  1.75
 1  81.94  1.37  0  1  0.76
 2  67.44  1.24  1  2  2.45
 1  82.53  0.61  0  0  1.26
 1  99.70  0.84  0  1  1.77
 2  77.42  1.17  1  2  1.07
 0  69.02  1.00  0  1  0.96
 0  70.67  1.30  0  1  1.04
 2  72.67  1.11  1  2  0.62
 3  73.90  0.86  1  2  0.93
 1  86.10  0.86  0  1  1.52
 1  77.47  0.61  0  1  2.88
 1  87.33  1.11  0  1  1.16
 0  95.31  0.42  0  0  0.69
 1  97.46  1.06  0  1  0.65
 1  82.53  0.96  0  1  0.73
 3  61.05  0.62  1  3  1.56
 1  98.95  0.62  0  0  1.38
 2  70.67  1.30  1  2  0.72
 0  78.06  0.21  0  0  0.94
 3  73.90  0.71  1  2  1.98
 0  60.30  0.84  0  3  1.08
 2  99.70  0.84  1  2  0.85
 1  89.33  1.30  0  1  1.31
 1  92.56  1.24  0  1  0.90
 2  82.53  0.96  1  2  0.80
 2  97.46  1.06  1  1  1.15
 3  85.75  0.23  1  3  0.95
 1  98.95  0.95  0  1  0.78
 3  64.69  1.16  1  2  2.86
 3  77.42  0.40  1  3  0.82
 0  61.05  0.62  0  1  0.59
 1  78.06  1.37  0  0  1.09
 2  97.46  0.51  1  2  0.67
 3  67.05  0.86  1  2  0.62
 2  77.47  0.96  1  2  1.20
 1  74.25  1.34  0  1  1.47
 3  62.54  1.06  1  2  2.71
 0  82.58  0.40  0  1  1.40
 0  62.54  1.06  0  2  0.96
 3  64.69  0.42  1  2  0.77
 0  97.46  0.51  0  0  1.53
 1  99.70  0.73  0  0  1.47
 3  87.33  0.46  1  3  1.66
 0  67.44  0.33  0  0  3.03
 0  67.05  0.86  0  1  0.72
 2  85.75  1.34  1  2  0.67
 3  81.94  0.21  1  3  2.49
 3  77.47  0.61  1  2  1.04
 2  98.95  0.62  1  3  0.83
 1  72.67  1.11  0  1  0.76
 3  82.53  0.61  1  2  1.23
 3  62.54  0.51  1  2  1.11
 2  86.10  0.71  1  2  5.29
 0  92.56  0.33  0  0  0.94
 3  61.05  0.95  1  2  0.68
 3  82.58  0.40  1  3  0.76
 1  77.42  1.17  0  1  2.46
 0  67.05  0.86  0  1  0.90
 3  74.25  0.23  1  3  1.07
 2  86.10  0.71  1  2  0.83
 0  81.94  0.21  0  0  0.77
 3  67.05  0.86  1  2  0.53
 0  78.06  0.21  0  0  1.14
 0  60.30  0.73  0  1  0.70
 2  77.42  1.17  1  2  0.68
 1  98.95  0.95  0  1  1.31
 1  82.53  0.61  0  0  1.01
 2  78.06  1.37  1  2  0.70
 2  95.31  1.16  1  2  1.66
 3  60.30  0.73  1  2  0.73
 2  97.46  1.06  1  2  0.64
 1  74.25  1.34  0  1  0.93
 1  73.90  0.71  0  0  0.76
 0  69.02  0.57  0  1  1.87
 1  98.95  0.62  0  0  0.71
 2  70.67  1.30  1  2  0.60
 2  86.10  0.86  1  3  1.23
 1  81.94  1.37  0  1  0.59
 0  62.54  0.51  0  0  2.48
 0  64.69  0.42  0  1  1.15
 1  99.70  0.73  0  1  1.26
 0  67.44  1.24  0  1  0.70
 0  89.33  0.27  0  0  0.70
 3  69.02  1.00  1  2  1.62
 3  67.05  0.71  1  2  0.58
 2  99.70  0.73  1  2  1.03
 0  87.33  0.46  0  0  1.24
 1  92.95  0.86  0  1  2.11
 0  70.67  0.27  0  0  0.80
 1  87.33  1.11  0  1  1.14
 1  86.10  0.86  0  1  1.16
 3  85.75  0.23  1  3  0.96
 3  61.05  0.95  1  3  0.77
 3  62.54  0.51  1  2  1.16
 2  95.31  0.42  1  3  0.92
 2  87.33  1.11  1  2  1.09
 3  61.05  0.62  1  2  0.82
 2  90.98  1.00  1  2  0.73
 1  99.70  0.84  0  0  3.06
 3  82.58  0.40  1  2  0.63
 3  77.42  0.40  1  3  4.39
 0  69.02  1.00  0  1  0.80
 1  89.33  1.30  0  1  0.72
 3  73.90  0.86  1  3  3.17
 0  77.42  0.40  0  0  1.05
 0  61.05  0.95  0  1  0.84
 2  89.33  1.30  1  3  0.70
 1  77.42  1.17  0  1  1.00
 1  78.06  1.37  0  1  0.63
 2  99.70  0.84  1  0  1.01
 0  72.67  0.46  0  1  0.90
 3  81.94  0.21  1  3  4.55
 2  92.95  0.71  1  2  1.90
 0  64.69  1.16  0  1  0.75
 3  69.02  0.57  1  2  0.91
 1  73.90  0.86  0  1  0.77
 2  92.95  0.86  1  1  1.31
 2  82.58  1.17  1  2  2.35
 0  61.05  0.62  0  1  2.99
 1  97.46  1.06  0  1  2.10
 1  90.98  0.57  0  1  1.04
 0  85.75  0.23  0  1  1.54
 2  90.98  0.57  1  2  0.72
 3  72.67  0.46  1  3  7.30
 0  67.05  0.71  0  1  1.26
 1  77.47  0.61  0  1  0.80
 2  77.47  0.96  1  2  1.40
 0  74.25  0.23  0  0  2.28
 3  77.47  0.61  1  2  0.71
 2  72.67  1.11  1  2  1.22
 2  92.56  1.24  1  2  0.75
 0  97.46  0.51  0  1  1.37
 1  72.67  1.11  0  1  0.65
 1  86.10  0.71  0  0  1.77
 1  90.98  1.00  0  1  0.70
 0  92.56  0.33  0  0  0.81
 2  82.53  0.96  1  2  1.29
 1  92.56  1.24  0  1  1.72
 3  78.06  0.21  1  3  1.66
 3  89.33  0.27  1  3  0.68
 1  82.53  0.96  0  1  2.27
 3  92.56  0.33  1  3  1.45
 0  70.67  1.30  0  1  0.80
 3  60.30  0.84  1  2  1.35
 2  98.95  0.62  1  3  3.06
 3  64.69  0.42  1  3  1.60
 0  62.54  1.06  0  0  2.70
 3  62.54  1.06  1  0  0.92
 3  73.90  0.71  1  2  1.82
 0  60.30  0.84  0  3  1.47
 1  95.31  1.16  0  3  1.01
 1  92.95  0.71  0  2  2.99
 3  82.53  0.61  1  2  2.02
 3  87.33  0.46  1  3  3.45
 3  64.69  1.16  1  2  0.75
 1  77.47  0.96  0  0  2.25
 0  95.31  0.42  0  0  2.01
 3  67.44  0.33  1  2  3.13
 2  74.25  1.34  1  3  0.70
 2  85.75  1.34  1  2  0.47
 2  97.46  0.51  1  3  0.69
 2  98.95  0.95  1  2  4.94
 2  67.44  1.24  1  2  0.58
 1  82.58  1.17  0  1  0.95
 1  85.75  1.34  0  1  0.59
 2  81.94  1.37  1  2  1.37
 0  67.44  0.33  0  0  1.07
 3  70.67  0.27  1  0  0.54
 0  82.58  0.40  0  0  1.45
 1  77.47  0.61  0  1  2.63
 0  74.25  0.23  0  0  0.71
 0  60.30  0.84  0  1  0.76
 1  73.90  0.86  0  1  1.05
 0  64.69  0.42  0  0  0.75
 3  62.54  0.51  1  2  1.10
 3  89.33  0.27  1  3  0.78
 3  61.05  0.62  1  3  0.58
 2  86.10  0.71  1  2  1.57
 1  89.33  1.30  0  1  0.89
 0  69.02  1.00  0  1  0.65
 3  77.42  0.40  1  3  1.06
 3  70.67  0.27  1  3  0.57
 1  74.25  1.34  0  2  0.65
 1  97.46  1.06  0  1  0.56
 0  81.94  0.21  0  0  0.58
 2  87.33  1.11  1  2  1.02
 3  73.90  0.86  1  3  1.32
 1  81.94  1.37  0  1  0.61
 2  92.56  1.24  1  2  0.72
 2  86.10  0.86  1  3  1.08
 3  73.90  0.71  1  2  0.47
 3  87.33  0.46  1  3  0.71
 1  77.42  1.17  0  1  0.72
 0  92.56  0.33  0  0  0.64
 0  69.02  0.57  0  0  2.72
 1  98.95  0.62  0  0  0.80
 0  67.05  0.86  0  1  0.60
 0  97.46  0.51  0  0  0.61
 0  60.30  0.73  0  1  0.91
 2  95.31  1.16  1  2  2.08
 0  67.05  0.71  0  1  1.04
 3  67.05  0.71  1  2  1.51
 0  95.31  0.42  0  3  0.91
 0  77.42  0.40  0  0  3.92
 2  77.47  0.96  1  2  0.61
 1  92.95  0.71  0  0  3.79
 2  97.46  0.51  1  3  1.57
 1  82.53  0.61  0  1  0.73
 2  90.98  1.00  1  2  1.03
 1  85.75  1.34  0  1  1.74
 3  72.67  0.46  1  3  1.18
 1  82.53  0.96  0  1  2.27
 1  78.06  1.37  0  1  0.75
 0  78.06  0.21  0  0  0.66
 2  85.75  1.34  1  2  1.22
 0  61.05  0.95  0  1  0.89
 0  62.54  0.51  0  0  0.48
 0  89.33  0.27  0  0  0.73
 1  86.10  0.86  0  1  1.54
 0  85.75  0.23  0  0  0.61
 3  69.02  0.57  1  2  2.01
 3  67.44  0.33  1  3  2.56
 2  81.94  1.37  1  2  0.55
 0  61.05  0.62  0  1  0.67
 0  67.44  0.33  0  0  0.90
 1  92.56  1.24  0  1  0.75
 1  92.95  0.86  0  1  0.64
 1  99.70  0.73  0  0  0.73
 1  90.98  1.00  0  1  0.61
 2  77.42  1.17  1  2  1.05
 3  60.30  0.73  1  3  2.63
 2  89.33  1.30  1  2  0.93
 2  72.67  1.11  1  2  0.76
 3  64.69  0.42  1  3  0.73
 1  82.58  1.17  0  1  0.71
 2  98.95  0.95  1  2  1.22
 0  82.58  0.40  0  0  1.12
 3  74.25  0.23  1  3  1.14
 2  99.70  0.73  1  2  0.67
 3  69.02  1.00  1  2  0.71
 3  81.94  0.21  1  2  0.58
 1  86.10  0.71  0  1  0.65
 2  92.95  0.71  1  2  1.26
 2  74.25  1.34  1  2  1.22
 2  99.70  0.84  1  3  1.15
 0  67.44  1.24  0  1  0.51
 2  82.53  0.96  1  2  1.10
 0  64.69  1.16  0  1  0.63
 1  87.33  1.11  0  1  0.98
 1  77.47  0.96  0  1  0.79
 1  90.98  0.57  0  0  0.62
 3  62.54  1.06  1  2  0.54
 1  98.95  0.95  0  1  1.29
 1  99.70  0.84  0  1  0.64
 3  77.47  0.61  1  2  0.57
 2  97.46  1.06  1  2  0.50
 2  92.95  0.86  1  2  0.54
 1  95.31  1.16  0  1  1.77
 2  67.44  1.24  1  2  0.61
 0  72.67  0.46  0  0  0.61
 3  78.06  0.21  1  3  1.89
 3  64.69  1.16  1  2  0.69
 3  92.56  0.33  1  3  0.65
 3  60.30  0.84  1  2  0.54
 3  61.05  0.95  1  2  2.67
 2  98.95  0.62  1  3  0.60
 2  82.58  1.17  1  2  0.65
 1  72.67  1.11  0  1  0.94
 3  67.05  0.86  1  2  1.55
 0  87.33  0.46  0  1  1.86
 2  95.31  0.42  1  2  0.79
 2  70.67  1.30  1  2  0.76
 2  78.06  1.37  1  2  0.67
 3  82.58  0.40  1  3  0.68
 2  90.98  0.57  1  3  1.02
 3  85.75  0.23  1  3  0.75
 3  82.53  0.61  1  2  0.99
 1  73.90  0.71  0  1  0.63
 0  70.67  1.30  0  1  0.61
 0  70.67  0.27  0  0  0.78
 0  62.54  1.06  0  1  0.61
 3  85.75  0.23  1  3  1.31
 2  77.42  1.17  1  2  0.60
 1  95.31  1.16  0  1  0.58
 3  82.58  0.40  1  3  0.67
 1  98.95  0.62  0  3  0.76
 0  89.33  0.27  0  0  1.05
 3  73.90  0.71  1  2  0.70
 1  99.70  0.73  0  1  1.01
 3  61.05  0.95  1  2  0.85
 3  61.05  0.62  1  2  0.53
 3  60.30  0.84  1  3  0.80
 2  89.33  1.30  1  2  1.00
 3  78.06  0.21  1  3  0.72
 2  77.47  0.96  1  2  0.59
 2  92.56  1.24  1  2  0.96
 2  82.58  1.17  1  2  0.74
 2  86.10  0.86  1  3  0.92
 2  78.06  1.37  1  2  0.49
 0  64.69  0.42  0  0  1.61
 0  82.58  0.40  0  1  1.38
 2  98.95  0.95  1  2  0.96
 2  90.98  1.00  1  2  0.58
 1  87.33  1.11  0  1  0.91
 2  97.46  1.06  1  2  0.65
 2  92.95  0.71  1  3  0.78
 3  82.53  0.61  1  2  0.62
 1  92.95  0.86  0  1  0.63
 0  69.02  0.57  0  1  0.74
 1  77.47  0.96  0  0  0.43
 2  81.94  1.37  1  2  0.70
 0  81.94  0.21  0  0  1.22
 3  69.02  0.57  1  2  0.88
 3  81.94  0.21  1  3  0.64
 2  97.46  0.51  1  2  0.82
 2  98.95  0.62  1  3  1.17
 0  72.67  0.46  0  1  0.62
 2  72.67  1.11  1  2  0.62
 1  82.53  0.61  0  2  0.70
 1  85.75  1.34  0  2  0.62
 3  60.30  0.73  1  2  0.74
 1  78.06  1.37  0  1  0.60
 3  64.69  1.16  1  2  0.66
 1  82.53  0.96  0  1  0.59
 3  77.42  0.40  1  3  0.89
 2  99.70  0.84  1  3  1.00
 1  81.94  1.37  0  1  0.60
 2  85.75  1.34  1  2  1.12
 3  67.05  0.71  1  3  0.94
 1  97.46  1.06  0  1  0.86
 3  92.56  0.33  1  3  1.61
 2  86.10  0.71  1  3  2.26
 0  62.54  1.06  0  1  0.61
 0  97.46  0.51  0  1  1.21
 3  67.05  0.86  1  2  0.74
 2  74.25  1.34  1  2  1.86
 1  77.47  0.61  0  1  2.14
 1  90.98  1.00  0  1  1.19
 3  70.67  0.27  1  0  0.97
 0  95.31  0.42  0  1  1.24
 0  67.44  1.24  0  1  0.69
 3  77.47  0.61  1  2  1.11
 3  64.69  0.42  1  2  2.59
 1  92.95  0.71  0  1  0.63
 2  67.44  1.24  1  2  1.01
 3  89.33  0.27  1  3  1.25
 1  92.56  1.24  0  1  0.61
 0  67.05  0.71  0  1  2.53
 3  67.44  0.33  1  3  0.85
 0  87.33  0.46  0  0  1.64
 1  72.67  1.11  0  1  0.84
 3  62.54  1.06  1  2  0.76
 1  73.90  0.71  0  1  2.11
 3  87.33  0.46  1  3  1.25
 0  67.05  0.86  0  1  1.76
 0  62.54  0.51  0  0  1.26
 2  92.95  0.86  1  2  1.88
 0  70.67  1.30  0  1  0.75
 1  77.42  1.17  0  0  0.41
 2  87.33  1.11  1  2  0.64
 1  73.90  0.86  0  1  1.09
 2  82.53  0.96  1  2  0.87
 0  70.67  0.27  0  0  1.17
 1  99.70  0.84  0  1  1.04
 1  98.95  0.95  0  0  0.89
 0  61.05  0.95  0  1  0.66
 0  74.25  0.23  0  0  1.37
 3  62.54  0.51  1  2  1.03
 2  99.70  0.73  1  2  1.68
 3  73.90  0.86  1  3  2.25
 0  78.06  0.21  0  0  0.75
 2  95.31  0.42  1  3  0.68
 3  74.25  0.23  1  3  0.62
 1  86.10  0.86  0  1  0.94
 2  95.31  1.16  1  2  0.69
 0  60.30  0.84  0  1  1.99
 0  85.75  0.23  0  0  0.65
 1  89.33  1.30  0  1  0.95
 2  90.98  0.57  1  3  0.80
 0  69.02  1.00  0  1  2.73
 0  60.30  0.73  0  1  0.72
 2  70.67  1.30  1  2  0.64
 3  69.02  1.00  1  2  2.07
 3  72.67  0.46  1  3  2.44
 0  92.56  0.33  0  0  1.41
 1  82.58  1.17  0  2  2.25
 1  86.10  0.71  0  1  1.08
 1  74.25  1.34  0  1  0.62
 0  77.42  0.40  0  0  0.71
 0  61.05  0.62  0  1  1.33
 1  90.98  0.57  0  0  1.11
 0  67.44  0.33  0  0  0.88
 0  64.69  1.16  0  1  0.62
