 0  67.05  0.86  0  0  6.95
 0  60.30  0.84  0  0  0.98
 3  89.33  0.27  1  1  1.22
 0  69.02  0.57  0  0  0.79
 0  70.67  1.30  0  2  1.29
 0  67.44  1.24  0  3  0.76
 1  99.70  0.84  0  1  2.36
 1  77.47  0.61  0  1  1.41
 1  92.95  0.86  0  1  0.86
 3  92.56  0.33  1  1  1.37
 1  78.06  1.37  0  0  1.20
 0  64.69  1.16  0  0  0.85
 1  86.10  0.86  0  1  0.66
 2  95.31  1.16  1  3  2.41
 1  99.70  0.73  0  1  1.71
 2  77.47  0.96  1  2  2.07
 2  86.10  0.86  1  3  1.71
 2  85.75  1.34  1  2  1.81
 2  92.95  0.71  1  2  0.90
 1  97.46  1.06  0  1  1.42
 2  97.46  1.06  1  2  1.25
 1  72.67  1.11  0  0  0.96
 3  64.69  1.16  1  3  1.16
 2  99.70  0.73  1  2  1.31
 0  87.33  0.46  0  1  1.99
 3  70.67  0.27  1  2  2.43
 2  86.10  0.71  1  2  0.77
 0  85.75  0.23  0  1  1.13
 2  78.06  1.37  1  2  2.75
 3  62.54  1.06  1  2  1.56
 2  92.95  0.86  1  3  1.24
 3  61.05  0.62  1  0  2.29
 0  72.67  0.46  0  1  4.21
 2  98.95  0.95  1  3  5.57
 0  61.05  0.62  0  1  4.96
 0  69.02  1.00  0  0  0.53
 0  67.44  0.33  0  0  0.54
 3  69.02  1.00  1  1  3.54
 2  92.56  1.24  1  2  0.81
 0  60.30  0.73  0  0  1.48
 0  82.58  0.40  0  1  0.67
 1  85.75  1.34  0  1  1.73
 0  62.54  0.51  0  0  0.75
 2  67.44  1.24  1  2  1.87
 1  89.33  1.30  0  1  1.73
 3  60.30  0.84  1  3  3.98
 2  82.58  1.17  1  2  1.76
 0  74.25  0.23  0  1  1.21
 3  69.02  0.57  1  2  2.31
 1  73.90  0.86  0  0  1.13
 3  73.90  0.86  1  1  0.73
 0  67.05  0.71  0  2  0.78
 2  72.67  1.11  1  2  1.37
 1  81.94  1.37  0  1  2.61
 1  92.56  1.24  0  1  1.16
 1  74.25  1.34  0  0  0.75
 1  82.53  0.96  0  1  1.02
 0  97.46  0.51  0  1  5.60
 2  89.33  1.30  1  2  1.08
 3  67.05  0.71  1  0  2.49
 2  98.95  0.62  1  2  0.69
 3  62.54  0.51  1  3  1.10
 2  90.98  1.00  1  2  0.56
 1  90.98  0.57  0  1  0.63
 3  72.67  0.46  1  2  1.25
 1  90.98  1.00  0  1  2.90
 0  61.05  0.95  0  0  0.64
 3  64.69  0.42  1  2  0.94
 2  90.98  0.57  1  2  0.49
 3  82.53  0.61  1  2  0.56
 0  77.42  0.40  0  1  4.17
 1  77.47  0.96  0  1  0.76
 1  77.42  1.17  0  2  2.64
 1  92.95  0.71  0  1  1.00
 2  97.46  0.51  1  2  1.47
 2  77.42  1.17  1  2  2.67
 1  82.53  0.61  0  1  0.58
 3  85.75  0.23  1  2  0.85
 2  95.31  0.42  1  2  0.84
 1  82.58  1.17  0  1  1.05
 3  82.58  0.40  1  2  0.87
 1  98.95  0.62  0  1  1.31
 3  77.42  0.40  1  2  0.99
 0  95.31  0.42  0  1  0.78
 1  98.95  0.95  0  2  1.01
 2  81.94  1.37  1  2  2.84
 2  74.25  1.34  1  3  1.63
 3  67.05  0.86  1  2  0.87
 2  70.67  1.30  1  3  0.65
 1  86.10  0.71  0  1  0.94
 3  74.25  0.23  1  2  2.76
 2  87.33  1.11  1  2  1.34
 3  87.33  0.46  1  2  4.77
 3  77.47  0.61  1  2  1.26
 0  64.69  0.42  0  0  0.81
 0  70.67  0.27  0  0  0.59
 2  99.70  0.84  1  2  2.17
 3  67.44  0.33  1  0  2.67
 2  82.53  0.96  1  2  2.20
 1  95.31  1.16  0  1  0.86
 3  81.94  0.21  1  2  1.93
 0  89.33  0.27  0  1  1.27
 0  81.94  0.21  0  2  3.76
 3  73.90  0.71  1  2  2.56
 0  92.56  0.33  0  1  1.68
 0  62.54  1.06  0  0  1.45
 3  78.06  0.21  1  3  1.17
 1  87.33  1.11  0  1  3.55
 3  61.05  0.95  1  3  0.99
 1  73.90  0.71  0  1  3.34
 3  60.30  0.73  1  3  2.23
 0  78.06  0.21  0  1  2.53
 2  95.31  1.16  1  2  3.51
 1  82.53  0.96  0  1  2.73
 0  78.06  0.21  0  3  3.18
 2  90.98  0.57  1  3  0.75
 0  67.44  0.33  0  0  1.19
 2  78.06  1.37  1  3  3.41
 2  77.42  1.17  1  2  2.02
 1  85.75  1.34  0  1  3.70
 3  85.75  0.23  1  3  3.72
 0  97.46  0.51  0  1  1.27
 2  81.94  1.37  1  3  3.35
 0  61.05  0.95  0  0  0.71
 1  89.33  1.30  0  1  2.47
 1  82.53  0.61  0  1  1.50
 2  86.10  0.86  1  2  1.13
 1  99.70  0.84  0  2  5.89
 1  92.56  1.24  0  1  0.72
 2  77.47  0.96  1  2  0.70
 0  89.33  0.27  0  1  0.92
 2  90.98  1.00  1  3  1.74
 1  95.31  1.16  0  1  1.45
 0  67.05  0.86  0  0  0.61
 0  61.05  0.62  0  0  0.68
 0  69.02  1.00  0  0  0.53
 0  77.42  0.40  0  0  1.16
 1  87.33  1.11  0  1  3.42
 1  98.95  0.62  0  1  0.69
 0  92.56  0.33  0  1  0.55
 1  98.95  0.95  0  3  1.49
 1  81.94  1.37  0  3  2.26
 3  87.33  0.46  1  2  1.33
 1  97.46  1.06  0  1  1.96
 3  67.44  0.33  1  2  2.21
 0  62.54  0.51  0  0  1.32
 3  77.42  0.40  1  3  1.38
 2  98.95  0.62  1  2  1.60
 3  81.94  0.21  1  2  2.65
 3  60.30  0.84  1  3  1.78
 3  73.90  0.71  1  3  0.70
 3  67.05  0.86  1  3  1.89
 0  64.69  1.16  0  0  0.85
 3  82.53  0.61  1  3  0.69
 1  72.67  1.11  0  0  0.63
 0  72.67  0.46  0  1  0.81
 3  89.33  0.27  1  3  1.88
 0  60.30  0.73  0  0  2.09
 3  77.47  0.61  1  3  0.75
 2  92.95  0.86  1  3  0.74
 1  77.47  0.96  0  1  2.51
 1  92.95  0.71  0  1  0.70
 3  60.30  0.73  1  0  0.53
 2  98.95  0.95  1  3  2.43
 1  77.42  1.17  0  0  1.34
 2  82.53  0.96  1  3  0.85
 0  87.33  0.46  0  1  3.92
 3  67.05  0.71  1  3  0.81
 3  74.25  0.23  1  3  4.71
 0  81.94  0.21  0  1  2.26
 3  92.56  0.33  1  2  0.71
 2  70.67  1.30  1  3  1.33
 1  92.95  0.86  0  1  0.69
 2  67.44  1.24  1  3  1.32
 2  92.95  0.71  1  2  1.32
 2  99.70  0.73  1  2  1.28
 3  70.67  0.27  1  3  1.63
 1  73.90  0.86  0  0  0.92
 0  74.25  0.23  0  1  1.00
 1  78.06  1.37  0  3  2.27
 2  86.10  0.71  1  3  1.58
 2  95.31  0.42  1  3  1.62
 2  72.67  1.11  1  2  2.19
 3  61.05  0.62  1  3  0.96
 2  87.33  1.11  1  2  0.99
 0  69.02  0.57  0  0  1.04
 3  69.02  1.00  1  3  1.15
 1  90.98  0.57  0  1  1.63
 2  74.25  1.34  1  0  1.55
 3  69.02  0.57  1  3  1.45
 3  72.67  0.46  1  3  0.67
 2  89.33  1.30  1  2  3.42
 2  97.46  1.06  1  2  0.61
 0  70.67  1.30  0  0  0.75
 3  78.06  0.21  1  1  1.22
 3  61.05  0.95  1  3  2.19
 2  92.56  1.24  1  2  0.68
 3  62.54  1.06  1  3  1.90
 2  82.58  1.17  1  2  0.47
 2  97.46  0.51  1  2  1.16
 0  62.54  1.06  0  0  0.89
 0  85.75  0.23  0  1  1.04
 1  82.58  1.17  0  1  5.07
 1  99.70  0.73  0  2  0.71
 0  64.69  0.42  0  0  1.07
 0  95.31  0.42  0  1  1.38
 0  67.05  0.71  0  0  1.26
 1  73.90  0.71  0  1  1.13
 1  77.47  0.61  0  0  0.74
 1  86.10  0.86  0  1  1.85
 3  64.69  1.16  1  0  1.11
 1  74.25  1.34  0  0  1.03
 0  60.30  0.84  0  0  0.71
 1  90.98  1.00  0  1  1.08
 3  73.90  0.86  1  2  2.15
 2  99.70  0.84  1  2  0.78
 2  85.75  1.34  1  2  0.67
 0  82.58  0.40  0  1  1.23
 0  70.67  0.27  0  1  3.82
 3  62.54  0.51  1  3  0.94
 3  64.69  0.42  1  3  0.62
 1  86.10  0.71  0  1  2.34
 0  67.44  1.24  0  0  0.64
 3  82.58  0.40  1  2  0.85
 3  60.30  0.73  1  3  3.19
 1  77.42  1.17  0  0  5.13
 3  92.56  0.33  1  2  1.86
 0  61.05  0.95  0  0  0.97
 0  70.67  1.30  0  0  0.61
 2  90.98  1.00  1  2  7.46
 3  78.06  0.21  1  2  0.73
 0  87.33  0.46  0  0  1.90
 2  97.46  0.51  1  2  1.04
 1  95.31  1.16  0  0  3.24
 3  85.75  0.23  1  2  0.80
 3  70.67  0.27  1  0  1.18
 3  73.90  0.86  1  3  1.57
 3  87.33  0.46  1  2  0.79
 0  67.05  0.71  0  0  0.94
 3  77.47  0.61  1  3  0.89
 2  86.10  0.71  1  3  0.69
 1  86.10  0.71  0  2  1.42
 1  78.06  1.37  0  3  2.55
 1  98.95  0.62  0  1  0.98
 3  61.05  0.95  1  0  0.58
 0  81.94  0.21  0  1  1.08
 1  73.90  0.86  0  0  2.60
 1  99.70  0.84  0  1  3.67
 2  92.95  0.71  1  2  3.86
 1  72.67  1.11  0  0  1.15
 0  61.05  0.62  0  0  0.64
 0  67.44  1.24  0  0  0.82
 3  62.54  1.06  1  3  0.86
 0  69.02  0.57  0  0  3.26
 2  98.95  0.62  1  2  0.92
 0  95.31  0.42  0  1  2.26
 3  69.02  0.57  1  3  1.24
 1  82.58  1.17  0  2  3.64
 0  92.56  0.33  0  1  2.80
 1  92.95  0.86  0  1  0.78
 0  82.58  0.40  0  3  1.92
 2  70.67  1.30  1  3  3.02
 0  74.25  0.23  0  0  3.03
 3  64.69  0.42  1  3  1.84
 2  86.10  0.86  1  3  1.89
 2  97.46  1.06  1  2  1.72
 1  77.47  0.61  0  0  2.22
 1  99.70  0.73  0  1  4.71
 2  82.53  0.96  1  3  3.21
 0  62.54  1.06  0  0  0.93
 3  69.02  1.00  1  3  0.87
 2  92.56  1.24  1  2  5.84
 1  98.95  0.95  0  1  1.04
 2  77.42  1.17  1  3  1.36
 1  87.33  1.11  0  0  2.92
 3  61.05  0.62  1  0  2.54
 0  60.30  0.73  0  0  0.76
 0  97.46  0.51  0  1  1.17
 2  74.25  1.34  1  0  2.16
 1  86.10  0.86  0  1  2.33
 0  67.05  0.86  0  0  5.65
 1  85.75  1.34  0  0  3.13
 3  64.69  1.16  1  2  0.99
 2  95.31  1.16  1  3  1.37
 2  92.95  0.86  1  2  1.00
 3  77.42  0.40  1  2  0.60
 0  78.06  0.21  0  1  2.27
 2  77.47  0.96  1  0  0.76
 1  97.46  1.06  0  1  8.40
 0  64.69  0.42  0  0  1.01
 2  78.06  1.37  1  2  4.89
 2  99.70  0.73  1  2  2.43
 0  69.02  1.00  0  0  1.54
 2  95.31  0.42  1  2  1.24
 1  92.56  1.24  0  0  4.63
 0  89.33  0.27  0  1  4.97
 1  90.98  0.57  0  1  0.69
 0  60.30  0.84  0  1  5.32
 3  81.94  0.21  1  2  3.70
 3  73.90  0.71  1  2  3.19
 3  89.33  0.27  1  2  1.69
 2  67.44  1.24  1  3  1.28
 3  72.67  0.46  1  0  7.45
 3  67.05  0.71  1  3  0.72
 3  74.25  0.23  1  3  1.87
 1  81.94  1.37  0  0  0.73
 1  90.98  1.00  0  0  1.89
 0  67.44  0.33  0  0  3.96
 3  82.58  0.40  1  2  2.11
 2  85.75  1.34  1  3  1.44
 1  92.95  0.71  0  2  2.18
 0  62.54  0.51  0  0  3.72
 1  74.25  1.34  0  1  0.98
 0  72.67  0.46  0  1  2.40
 0  70.67  0.27  0  0  2.31
 3  67.44  0.33  1  2  1.83
 1  73.90  0.71  0  3  1.64
 3  82.53  0.61  1  1  1.62
 2  87.33  1.11  1  2  1.30
 1  89.33  1.30  0  1  2.92
 1  82.53  0.96  0  1  3.63
 2  82.58  1.17  1  2  2.75
 0  64.69  1.16  0  0  0.95
 3  62.54  0.51  1  0  1.53
 3  60.30  0.84  1  3  0.77
 0  77.42  0.40  0  1  4.38
 2  81.94  1.37  1  2  3.42
 2  90.98  0.57  1  2  8.30
 2  89.33  1.30  1  2  0.82
 2  72.67  1.11  1  2  1.69
 1  82.53  0.61  0  1  0.80
 0  85.75  0.23  0  1  4.49
 3  67.05  0.86  1  0  0.65
 2  98.95  0.95  1  2  1.26
 1  77.47  0.96  0  0  1.31
 2  99.70  0.84  1  2  0.90
 0  60.30  0.84  0  0  1.18
 1  86.10  0.86  0  1  0.86
 1  78.06  1.37  0  0  0.94
 1  81.94  1.37  0  0  1.83
 3  67.05  0.86  1  3  1.09
 0  61.05  0.95  0  0  0.76
 2  70.67  1.30  1  3  1.53
 2  92.95  0.86  1  2  0.98
 0  64.69  0.42  0  0  0.65
 3  78.06  0.21  1  2  0.70
 2  87.33  1.11  1  2  0.55
 0  74.25  0.23  0  2  1.39
 3  87.33  0.46  1  2  1.42
 1  98.95  0.95  0  1  6.90
 2  98.95  0.62  1  2  1.78
 0  89.33  0.27  0  1  0.54
 0  67.05  0.71  0  0  0.56
 1  92.56  1.24  0  1  0.76
 2  74.25  1.34  1  2  2.63
 0  77.42  0.40  0  1  3.84
 2  82.53  0.96  1  2  0.86
 0  70.67  0.27  0  1  3.69
 2  77.47  0.96  1  1  7.13
 0  72.67  0.46  0  0  1.29
 3  60.30  0.84  1  3  4.40
 3  82.58  0.40  1  2  2.43
 1  82.58  1.17  0  1  1.53
 3  64.69  0.42  1  0  1.83
 1  73.90  0.86  0  0  0.83
 3  89.33  0.27  1  2  1.46
 1  82.53  0.61  0  1  1.78
 3  92.56  0.33  1  2 10.11
 2  95.31  1.16  1  2  2.21
 2  90.98  0.57  1  2  0.58
 0  69.02  1.00  0  0  0.98
 1  98.95  0.62  0  1  6.89
 0  87.33  0.46  0  1  0.49
 3  61.05  0.62  1  0  0.58
 0  85.75  0.23  0  0  0.60
 0  62.54  0.51  0  0  1.02
 3  74.25  0.23  1  3  0.69
 1  97.46  1.06  0  1  1.56
 2  78.06  1.37  1  3  4.22
 0  67.05  0.86  0  0  0.96
 3  62.54  1.06  1  3  1.24
 1  73.90  0.71  0  1  5.54
 0  60.30  0.73  0  0  0.84
 0  64.69  1.16  0  0  4.77
 2  97.46  1.06  1  2  1.84
 3  72.67  0.46  1  1  1.57
 1  99.70  0.84  0  1  5.29
 1  92.95  0.71  0  1  0.72
 2  99.70  0.73  1  2  1.62
 3  77.47  0.61  1  2  5.14
 0  67.44  1.24  0  0  0.97
 3  73.90  0.71  1  2  2.05
 1  92.95  0.86  0  1  2.36
 3  62.54  0.51  1  3  1.47
 3  77.42  0.40  1  2  1.27
 0  69.02  0.57  0  0  2.03
 1  90.98  0.57  0  1  0.87
 3  70.67  0.27  1  2  1.56
 3  67.44  0.33  1  3  1.09
 3  85.75  0.23  1  2  0.73
 1  72.67  1.11  0  0  0.76
 2  97.46  0.51  1  2  1.21
 2  82.58  1.17  1  3  1.17
 0  81.94  0.21  0  1  4.69
 3  73.90  0.86  1  3  1.54
 0  61.05  0.62  0  0  1.16
 2  67.44  1.24  1  3  3.72
 3  64.69  1.16  1  3  0.90
 2  92.95  0.71  1  2  0.91
 0  62.54  1.06  0  0  3.35
 2  99.70  0.84  1  2  4.12
 2  89.33  1.30  1  3  2.13
 3  69.02  0.57  1  3  2.98
 1  82.53  0.96  0  1  1.06
 0  95.31  0.42  0  1  1.74
 2  86.10  0.86  1  1  2.66
 2  85.75  1.34  1  2  5.51
 2  95.31  0.42  1  2  0.81
 1  90.98  1.00  0  1  1.29
 2  81.94  1.37  1  3  1.35
 0  67.44  0.33  0  0  1.28
 2  90.98  1.00  1  2  6.82
 3  81.94  0.21  1  2  0.96
 1  85.75  1.34  0  2  2.19
 0  97.46  0.51  0  1  1.53
 1  99.70  0.73  0  2  4.10
 3  61.05  0.95  1  3  2.41
 3  82.53  0.61  1  2  4.85
 0  70.67  1.30  0  0  1.02
 1  77.42  1.17  0  1  1.13
 0  82.58  0.40  0  2  2.25
 1  87.33  1.11  0  1  0.51
 1  95.31  1.16  0  2  1.80
 2  98.95  0.95  1  2  0.88
 1  77.47  0.96  0  0  5.13
 3  60.30  0.73  1  0  0.74
 1  89.33  1.30  0  1  2.40
 0  78.06  0.21  0  1  2.33
 3  69.02  1.00  1  3  6.29
 2  77.42  1.17  1  2  1.37
 2  72.67  1.11  1  2  0.67
 1  86.10  0.71  0  1 10.11
 1  77.47  0.61  0  1  0.82
 2  92.56  1.24  1  2  1.55
 2  86.10  0.71  1  2  1.63
 3  67.05  0.71  1  3  1.33
 0  92.56  0.33  0  1  0.82
 1  74.25  1.34  0  0  0.81
 0  67.44  0.33  0  0  5.78
 0  64.69  1.16  0  0  0.75
 2  72.67  1.11  1  3  0.84
 1  99.70  0.84  0  1  1.01
 3  60.30  0.84  1  3  0.94
 0  82.58  0.40  0  1  1.23
 3  62.54  0.51  1  0  0.75
 3  78.06  0.21  1  2  1.38
 2  92.95  0.86  1  2  0.65
 1  99.70  0.73  0  1  1.20
 0  70.67  1.30  0  0  1.08
 3  64.69  1.16  1  3  2.79
 3  67.44  0.33  1  3  1.82
 0  69.02  0.57  0  0  1.16
 3  89.33  0.27  1  1  3.23
 0  87.33  0.46  0  1  2.35
 3  69.02  1.00  1  3  5.54
 0  64.69  0.42  0  0  0.81
 0  78.06  0.21  0  0  2.83
 3  81.94  0.21  1  3  1.75
 3  73.90  0.86  1  3  3.55
 3  70.67  0.27  1  3  0.77
 1  73.90  0.71  0  1  3.60
 1  78.06  1.37  0  1  1.88
 1  82.53  0.61  0  1  1.79
 2  85.75  1.34  1  2  0.94
 0  67.05  0.86  0  0  2.41
 2  82.58  1.17  1  1  2.98
 2  92.56  1.24  1  2  2.67
 2  95.31  1.16  1  2  1.14
 1  85.75  1.34  0  1  0.71
 3  92.56  0.33  1  3  4.92
 1  90.98  0.57  0  0  2.19
 1  82.58  1.17  0  1  2.95
 2  86.10  0.86  1  2  3.19
 0  60.30  0.84  0  0  1.24
 1  92.95  0.86  0  1  3.87
 1  81.94  1.37  0  1  5.93
 2  77.42  1.17  1  2  1.05
 1  86.10  0.86  0  1  2.24
 2  98.95  0.95  1  2  1.09
 3  67.05  0.71  1  3  1.65
 0  67.05  0.71  0  0  0.77
 1  89.33  1.30  0  1  3.07
 3  85.75  0.23  1  3  2.33
 2  90.98  1.00  1  2  3.45
 3  87.33  0.46  1  3  2.97
 3  61.05  0.62  1  3  4.05
 3  62.54  1.06  1  3  2.52
 0  77.42  0.40  0  0  4.74
 3  77.42  0.40  1  3  7.56
 1  77.47  0.61  0  1  3.26
 1  98.95  0.95  0  1  2.17
 3  77.47  0.61  1  2  5.03
 1  97.46  1.06  0  1  2.47
 0  60.30  0.73  0  0  1.13
 1  86.10  0.71  0  1  2.00
 2  90.98  0.57  1  3  5.37
 0  97.46  0.51  0  1  1.17
 2  99.70  0.84  1  1  1.28
 3  69.02  0.57  1  3  3.85
 0  92.56  0.33  0  0  6.97
 3  64.69  0.42  1  3  1.04
 0  70.67  0.27  0  0  1.01
 1  98.95  0.62  0  1  5.82
 0  89.33  0.27  0  1  1.05
 2  81.94  1.37  1  2  4.14
 0  69.02  1.00  0  0  1.29
 0  81.94  0.21  0  1  1.23
 1  77.42  1.17  0  1  0.93
 2  86.10  0.71  1  2  2.74
 1  82.53  0.96  0  0  1.61
 2  92.95  0.71  1  2  2.05
 1  73.90  0.86  0  0  3.13
 1  90.98  1.00  0  1  1.46
 0  72.67  0.46  0  0  0.84
 3  67.05  0.86  1  3  2.51
 0  95.31  0.42  0  1  2.11
 3  61.05  0.95  1  3  1.68
 2  70.67  1.30  1  3  4.23
 1  92.56  1.24  0  1  2.02
 2  89.33  1.30  1  1  1.58
 2  99.70  0.73  1  2  2.87
 3  73.90  0.71  1  2  3.21
 2  97.46  1.06  1  2  2.66
 2  82.53  0.96  1  2  1.53
 2  78.06  1.37  1  1  1.20
 2  67.44  1.24  1  3  1.44
 0  74.25  0.23  0  1  5.29
 3  72.67  0.46  1  2  2.00
 3  60.30  0.73  1  3  1.34
 2  87.33  1.11  1  2  1.79
 0  67.44  1.24  0  0  1.15
 1  87.33  1.11  0  1  2.55
 2  98.95  0.62  1  2  3.85
 1  77.47  0.96  0  1  1.57
 1  72.67  1.11  0  0  2.70
 3  82.58  0.40  1  2  2.56
 3  82.53  0.61  1  2  1.18
 0  62.54  0.51  0  0  1.62
 1  95.31  1.16  0  1  1.12
 1  92.95  0.71  0  1  2.15
 0  85.75  0.23  0  0  4.01
 2  74.25  1.34  1  2  1.73
 0  61.05  0.62  0  0  0.98
 0  61.05  0.95  0  0  2.10
 2  97.46  0.51  1  2  4.89
 3  74.25  0.23  1  3  3.32
 1  74.25  1.34  0  1  5.26
 2  77.47  0.96  1  2  4.49
 2  95.31  0.42  1  2  0.88
 0  62.54  1.06  0  0  0.74
