 3  61.05  0.95  1  1  2.03
 3  81.94  0.21  1  0  1.52
 0  74.25  0.23  0  0  1.10
 2  92.95  0.86  1  3  1.23
 2  77.47  0.96  1  2  2.43
 1  89.33  1.30  0  3  1.18
 2  90.98  1.00  1  2  2.20
 0  82.58  0.40  0  0  0.99
 2  77.42  1.17  1  2  2.66
 2  81.94  1.37  1  2  1.81
 3  82.53  0.61  1  0  0.92
 2  95.31  0.42  1  2  0.96
 2  89.33  1.30  1  2  1.03
 2  82.58  1.17  1  2  0.55
 1  74.25  1.34  0  3  1.60
 2  97.46  0.51  1  2  1.36
 2  99.70  0.73  1  2  0.70
 3  85.75  0.23  1  2  1.49
 2  82.53  0.96  1  2  0.74
 3  78.06  0.21  1  3 19.73
 1  90.98  0.57  0  0  1.82
 3  60.30  0.73  1  2  1.25
 2  86.10  0.86  1  2  0.95
 0  67.44  0.33  0  0  2.63
 3  67.05  0.71  1  2  1.04
 3  70.67  0.27  1  3  1.23
 3  67.05  0.86  1  2  1.50
 3  89.33  0.27  1  3  3.14
 1  90.98  1.00  0  1  2.58
 0  64.69  1.16  0  0  0.76
 1  87.33  1.11  0  1  0.77
 2  72.67  1.11  1  2  0.78
 2  97.46  1.06  1  2  1.00
 0  72.67  0.46  0  0  3.31
 2  99.70  0.84  1  2  1.07
 2  98.95  0.95  1  2  1.33
 2  70.67  1.30  1  3  3.73
 0  70.67  0.27  0  0 16.55
 0  60.30  0.84  0  1  0.93
 1  82.53  0.61  0  0  1.42
 1  72.67  1.11  0  1  0.72
 1  77.47  0.61  0  1  0.64
 0  85.75  0.23  0  0  1.24
 1  92.95  0.71  0  1  1.12
 0  67.05  0.71  0  1  1.08
 0  67.44  1.24  0  1  3.26
 1  77.42  1.17  0  0  0.60
 2  92.95  0.71  1  2  1.51
 0  69.02  1.00  0  0  2.62
 1  81.94  1.37  0  1  0.94
 2  85.75  1.34  1  2  0.72
 3  60.30  0.84  1  2  1.36
 0  70.67  1.30  0  1  1.97
 0  87.33  0.46  0  0  1.00
 3  73.90  0.71  1  2  0.87
 1  73.90  0.86  0  0  4.76
 3  69.02  0.57  1  2  0.75
 0  64.69  0.42  0  2  0.80
 0  62.54  0.51  0  1  3.03
 2  98.95  0.62  1  2  1.32
 3  74.25  0.23  1  3  1.20
 2  90.98  0.57  1  2  0.67
 1  98.95  0.95  0  0  4.25
 3  62.54  0.51  1  2  0.78
 2  95.31  1.16  1  2  0.61
 2  87.33  1.11  1  2  0.73
 0  81.94  0.21  0  1  3.57
 3  73.90  0.86  1  2  0.85
 3  92.56  0.33  1  2  0.96
 1  82.53  0.96  0  1  3.76
 0  77.42  0.40  0  1  1.85
 1  85.75  1.34  0  1  0.69
 0  89.33  0.27  0  0  0.62
 0  62.54  1.06  0  0  6.44
 3  64.69  0.42  1  2  0.78
 1  92.56  1.24  0  1  1.20
 2  67.44  1.24  1  2  2.17
 1  98.95  0.62  0  1  8.23
 3  72.67  0.46  1  2  0.89
 0  97.46  0.51  0  1  3.36
 2  74.25  1.34  1  2  1.13
 1  92.95  0.86  0  1  5.28
 1  82.58  1.17  0  1  1.12
 3  87.33  0.46  1  3  3.95
 1  86.10  0.71  0  1  6.14
 1  95.31  1.16  0  0  1.93
 1  73.90  0.71  0  0  0.68
 3  64.69  1.16  1  2  0.79
 3  67.44  0.33  1  3  1.60
 1  99.70  0.73  0  1  1.92
 0  78.06  0.21  0  0  5.11
 2  86.10  0.71  1  3  4.35
 3  77.47  0.61  1  3  1.49
 1  77.47  0.96  0  1  2.02
 1  78.06  1.37  0  1  1.19
 3  82.58  0.40  1  3  6.18
 0  67.05  0.86  0  0  3.56
 3  62.54  1.06  1  2  0.76
 1  99.70  0.84  0  1  3.36
 0  69.02  0.57  0  1  3.01
 3  61.05  0.62  1  3  1.71
 1  86.10  0.86  0  1  1.56
 2  92.56  1.24  1  2  1.60
 1  97.46  1.06  0  1  1.66
 2  78.06  1.37  1  0  1.11
 0  61.05  0.95  0  0  0.91
 0  95.31  0.42  0  1  2.01
 0  92.56  0.33  0  1  3.01
 3  69.02  1.00  1  2  2.53
 0  61.05  0.62  0  0  5.05
 3  77.42  0.40  1  3  1.38
 0  60.30  0.73  0  0  1.69
 0  95.31  0.42  0  1  3.26
 2  99.70  0.84  1  2  1.67
 0  67.44  1.24  0  0  0.66
 1  73.90  0.71  0  1  1.21
 1  97.46  1.06  0  1  1.67
 3  73.90  0.86  1  2  1.37
 1  82.58  1.17  0  1  2.70
 2  67.44  1.24  1  3  4.43
 3  81.94  0.21  1  3  1.05
 2  99.70  0.73  1  3  6.81
 1  77.47  0.61  0  1  2.69
 2  98.95  0.62  1  3  8.08
 0  89.33  0.27  0  1  1.88
 0  85.75  0.23  0  0  0.58
 0  72.67  0.46  0  1  2.08
 0  70.67  1.30  0  0  1.57
 1  90.98  1.00  0  0  1.73
 2  92.95  0.71  1  1  1.66
 0  67.05  0.86  0  0  6.78
 2  98.95  0.95  1  2  1.96
 1  99.70  0.73  0  1  2.45
 3  85.75  0.23  1  3  2.46
 2  78.06  1.37  1  2 10.73
 0  67.44  0.33  0  0  1.50
 3  62.54  0.51  1  2  3.51
 1  78.06  1.37  0  0  2.23
 0  77.42  0.40  0  1  0.95
 1  87.33  1.11  0  0  1.27
 1  92.95  0.71  0  1  2.50
 3  64.69  1.16  1  2  2.12
 1  73.90  0.86  0  3  0.80
 2  86.10  0.86  1  2  1.03
 3  77.47  0.61  1  2 11.27
 2  90.98  0.57  1  3  6.10
 1  74.25  1.34  0  0  0.99
 2  95.31  0.42  1  2  1.37
 3  87.33  0.46  1  2  0.58
 0  61.05  0.62  0  0  1.15
 1  98.95  0.95  0  1  1.87
 2  77.42  1.17  1  2  1.74
 2  89.33  1.30  1  2  0.76
 1  98.95  0.62  0  1  1.24
 3  89.33  0.27  1  3  6.05
 0  92.56  0.33  0  1  4.13
 2  70.67  1.30  1  2  1.01
 3  77.42  0.40  1  3  1.25
 3  78.06  0.21  1  3  0.61
 1  85.75  1.34  0  1  1.55
 0  69.02  1.00  0  1  1.03
 2  97.46  0.51  1  3  1.49
 2  92.95  0.86  1  2  1.08
 1  95.31  1.16  0  1  6.69
 0  78.06  0.21  0  0  1.10
 0  62.54  0.51  0  0  0.91
 1  99.70  0.84  0  1  0.71
 0  60.30  0.73  0  0  0.84
 1  77.42  1.17  0  1  0.93
 2  72.67  1.11  1  2  2.64
 1  86.10  0.86  0  2  0.73
 3  61.05  0.95  1  2  1.29
 0  62.54  1.06  0  1  2.24
 0  64.69  1.16  0  0  0.65
 1  92.95  0.86  0  1  1.14
 1  89.33  1.30  0  1  0.64
 3  67.05  0.71  1  3  4.23
 1  72.67  1.11  0  0  3.32
 3  82.58  0.40  1  3  4.91
 0  64.69  0.42  0  0  5.41
 3  70.67  0.27  1  0  0.84
 1  86.10  0.71  0  1  2.02
 2  82.58  1.17  1  2  1.73
 3  69.02  0.57  1  3  1.57
 3  67.44  0.33  1  3  2.15
 3  74.25  0.23  1  3  3.94
 3  64.69  0.42  1  3  9.53
 0  82.58  0.40  0  0 14.36
 0  70.67  0.27  0  0  0.77
 1  92.56  1.24  0  1  0.91
 2  87.33  1.11  1  2  1.15
 1  82.53  0.61  0  0  4.25
 1  81.94  1.37  0  1  1.47
 3  72.67  0.46  1  3  2.29
 0  60.30  0.84  0  1  3.49
 2  85.75  1.34  1  2  1.35
 1  82.53  0.96  0  1  1.85
 2  97.46  1.06  1  1  0.97
 0  87.33  0.46  0  0  2.55
 2  92.56  1.24  1  2  1.07
 1  77.47  0.96  0  1  8.00
 1  90.98  0.57  0  1  1.23
 3  73.90  0.71  1  2  0.95
 0  61.05  0.95  0  1  2.57
 0  97.46  0.51  0  1  1.26
 3  60.30  0.73  1  2  2.08
 3  92.56  0.33  1  3  2.36
 0  81.94  0.21  0  0  2.15
 2  95.31  1.16  1  2  1.34
 2  74.25  1.34  1  2  1.57
 2  82.53  0.96  1  2  0.96
 0  74.25  0.23  0  0  1.52
 2  90.98  1.00  1  2  0.98
 2  77.47  0.96  1  2  1.15
 3  82.53  0.61  1  3  0.95
 3  60.30  0.84  1  3  1.53
 3  62.54  1.06  1  3  0.91
 2  86.10  0.71  1  2  0.78
 3  61.05  0.62  1  3  0.77
 2  81.94  1.37  1  2  0.71
 0  69.02  0.57  0  1  3.64
 3  69.02  1.00  1  2  0.91
 3  67.05  0.86  1  3  0.87
 0  67.05  0.71  0  0  5.66
 3  62.54  1.06  1  3  1.66
 2  90.98  1.00  1  2  0.70
 0  78.06  0.21  0  0  0.84
 3  77.47  0.61  1  3  2.02
 2  99.70  0.73  1  2  0.76
 1  72.67  1.11  0  1  4.71
 3  61.05  0.95  1  3  1.09
 3  62.54  0.51  1  3 28.55
 0  61.05  0.95  0  0 11.25
 3  82.53  0.61  1  2  2.55
 0  95.31  0.42  0  0  2.99
 0  67.05  0.86  0  0  0.97
 2  92.95  0.71  1  2  0.89
 2  86.10  0.71  1  2  0.82
 0  72.67  0.46  0  0  5.86
 0  62.54  1.06  0  0  0.89
 3  64.69  1.16  1  3  1.19
 2  86.10  0.86  1  2  2.23
 2  82.58  1.17  1  2  1.98
 2  98.95  0.62  1  2  0.89
 1  77.47  0.96  0  1  1.18
 2  70.67  1.30  1  2  1.59
 0  64.69  1.16  0  1  2.53
 2  78.06  1.37  1  2  0.68
 1  90.98  1.00  0  1  3.70
 1  73.90  0.71  0  1  1.82
 0  67.05  0.71  0  0  4.74
 3  60.30  0.73  1  3  0.92
 2  98.95  0.95  1  2  0.58
 2  99.70  0.84  1  2  0.50
 0  85.75  0.23  0  0  1.62
 1  77.47  0.61  0  0  0.66
 3  87.33  0.46  1  3  4.85
 1  73.90  0.86  0  1 16.03
 3  67.05  0.71  1  3 35.89
 0  67.44  0.33  0  0 19.02
 1  98.95  0.62  0  1  5.35
 3  82.58  0.40  1  3  1.44
 2  87.33  1.11  1  2  0.84
 0  87.33  0.46  0  0  1.70
 1  86.10  0.71  0  1  7.18
 0  70.67  0.27  0  0  0.86
 2  77.42  1.17  1  2  0.81
 0  62.54  0.51  0  0  2.30
 1  86.10  0.86  0  1  1.46
 1  87.33  1.11  0  1  1.91
 2  90.98  0.57  1  3  1.29
 0  67.44  1.24  0  0  1.84
 3  85.75  0.23  1  3  8.97
 1  92.95  0.71  0  1  5.66
 3  92.56  0.33  1  3  1.34
 1  92.95  0.86  0  1  4.77
 3  78.06  0.21  1  3  1.10
 1  98.95  0.95  0  1  1.17
 3  81.94  0.21  1  3  1.43
 2  72.67  1.11  1  2  0.68
 1  99.70  0.84  0  1  2.30
 3  60.30  0.84  1  3  0.91
 2  77.47  0.96  1  2  2.19
 3  67.44  0.33  1  3  0.90
 3  73.90  0.86  1  3  0.82
 3  69.02  1.00  1  3  0.71
 3  69.02  0.57  1  3  1.24
 0  97.46  0.51  0  1  2.16
 0  70.67  1.30  0  1  1.51
 0  74.25  0.23  0  1  0.59
 2  85.75  1.34  1  2  1.16
 2  97.46  0.51  1  2  1.45
 0  60.30  0.84  0  0  2.05
 2  97.46  1.06  1  2  0.86
 1  89.33  1.30  0  1  1.81
 0  60.30  0.73  0  0  1.00
 3  73.90  0.71  1  3  3.22
 2  67.44  1.24  1  3  1.19
 1  82.53  0.61  0  1  1.97
 2  92.95  0.86  1  2  1.48
 0  69.02  1.00  0  1  1.72
 0  61.05  0.62  0  0  0.86
 3  72.67  0.46  1  3  1.59
 0  92.56  0.33  0  1  1.38
 1  82.58  1.17  0  1  1.46
 1  82.53  0.96  0  1  1.00
 3  64.69  0.42  1  3  1.83
 2  81.94  1.37  1  2  0.62
 3  77.42  0.40  1  3  1.76
 0  81.94  0.21  0  0  1.56
 2  95.31  1.16  1  2  1.52
 1  97.46  1.06  0  1  1.74
 1  78.06  1.37  0  1  1.77
 3  70.67  0.27  1  3  1.41
 2  82.53  0.96  1  2  0.84
 1  95.31  1.16  0  1  1.15
 3  74.25  0.23  1  3  1.30
 0  64.69  0.42  0  0  2.07
 2  92.56  1.24  1  1  1.05
 1  99.70  0.73  0  1  1.55
 3  67.05  0.86  1  3  1.09
 1  77.42  1.17  0  1  1.29
 0  77.42  0.40  0  0  3.89
 2  89.33  1.30  1  2  1.62
 1  92.56  1.24  0  1  1.32
 2  95.31  0.42  1  2  1.87
 3  61.05  0.62  1  3  0.60
 1  81.94  1.37  0  1  1.75
 1  90.98  0.57  0  1 29.23
 3  89.33  0.27  1  3  2.34
 0  69.02  0.57  0  0  2.51
 2  74.25  1.34  1  2  6.32
 0  89.33  0.27  0  0  1.77
 1  85.75  1.34  0  1  0.62
 0  82.58  0.40  0  0  1.72
 1  74.25  1.34  0  1  2.03
 1  90.98  0.57  0  1  4.09
 0  82.58  0.40  0  1  0.78
 2  92.95  0.86  1  2  0.96
 2  74.25  1.34  1  3  0.67
 0  81.94  0.21  0  0  1.69
 3  60.30  0.73  1  3  0.75
 2  70.67  1.30  1  3  0.86
 3  70.67  0.27  1  3  0.87
 2  97.46  0.51  1  2  6.62
 2  90.98  1.00  1  2  1.68
 2  90.98  0.57  1  2  1.05
 2  78.06  1.37  1  2  1.87
 0  69.02  0.57  0  0  1.88
 1  97.46  1.06  0  1  1.11
 1  77.47  0.61  0  1  1.45
 0  62.54  0.51  0  0  1.28
 3  62.54  0.51  1  3  1.31
 1  86.10  0.86  0  1  2.78
 0  70.67  0.27  0  0  1.31
 2  85.75  1.34  1  2  4.73
 2  95.31  1.16  1  2  1.70
 2  92.95  0.71  1  2  2.09
 2  87.33  1.11  1  2  0.74
 2  89.33  1.30  1  2  0.58
 3  72.67  0.46  1  3  0.86
 3  77.47  0.61  1  3  0.61
 1  78.06  1.37  0  1  4.40
 0  69.02  1.00  0  1  1.65
 0  62.54  1.06  0  0  0.72
 0  70.67  1.30  0  0  0.49
 3  67.05  0.71  1  3  1.73
 0  72.67  0.46  0  0  3.34
 3  61.05  0.95  1  3  2.33
 1  82.53  0.61  0  1  2.59
 1  99.70  0.84  0  1  2.17
 0  67.44  1.24  0  0  1.21
 2  67.44  1.24  1  3  0.73
 0  89.33  0.27  0  0  2.70
 3  74.25  0.23  1  3  1.30
 1  73.90  0.71  0  0  4.86
 0  74.25  0.23  0  1  4.34
 1  81.94  1.37  0  1  1.92
 0  77.42  0.40  0  0  4.36
 3  69.02  1.00  1  3  1.88
 3  60.30  0.84  1  3  0.71
 3  69.02  0.57  1  3  0.53
 0  78.06  0.21  0  0  1.86
 0  67.44  0.33  0  0  0.61
 1  98.95  0.95  0  1  1.33
 1  74.25  1.34  0  1  0.95
 3  73.90  0.86  1  2  9.02
 1  99.70  0.73  0  1  2.13
 1  85.75  1.34  0  1  1.33
 1  73.90  0.86  0  1  0.97
 1  77.47  0.96  0  1  1.04
 1  77.42  1.17  0  1  0.73
 1  98.95  0.62  0  1  2.33
 1  87.33  1.11  0  1  0.49
 1  92.56  1.24  0  1  0.61
 3  81.94  0.21  1  3  1.08
 1  92.95  0.71  0  1  1.07
 3  77.42  0.40  1  2  2.45
 2  86.10  0.86  1  2  1.18
 3  78.06  0.21  1  3  0.61
 2  98.95  0.62  1  2  1.04
 3  73.90  0.71  1  2  0.82
 2  95.31  0.42  1  3  1.71
 3  64.69  1.16  1  3  1.63
 3  67.05  0.86  1  3  0.70
 3  64.69  0.42  1  3  0.82
 2  72.67  1.11  1  2  0.94
 2  92.56  1.24  1  2  0.67
 2  86.10  0.71  1  2  0.91
 0  87.33  0.46  0  0  1.83
 1  72.67  1.11  0  1  2.95
 0  60.30  0.84  0  0  1.12
 0  61.05  0.62  0  0  0.62
 2  77.47  0.96  1  2  1.23
 3  61.05  0.62  1  3  0.84
 0  64.69  0.42  0  0  0.81
 2  98.95  0.95  1  2  1.81
 3  82.58  0.40  1  2  1.38
 3  82.53  0.61  1  2  1.05
 2  99.70  0.73  1  3  1.23
 0  61.05  0.95  0  0  0.84
 1  82.53  0.96  0  1  4.95
 0  85.75  0.23  0  0  1.65
 1  92.95  0.86  0  1  1.21
 3  89.33  0.27  1  3  1.81
 0  67.05  0.71  0  0  0.78
 2  82.58  1.17  1  2  0.81
 3  62.54  1.06  1  3  1.07
 1  89.33  1.30  0  1  2.70
 3  67.44  0.33  1  3  1.85
 3  92.56  0.33  1  3  3.45
 0  95.31  0.42  0  1  4.45
 3  85.75  0.23  1  3  1.31
 0  64.69  1.16  0  0  0.90
 2  81.94  1.37  1  2  0.82
 2  97.46  1.06  1  2  1.03
 0  97.46  0.51  0  1  5.54
 1  86.10  0.71  0  0  0.72
 2  82.53  0.96  1  1  0.90
 1  90.98  1.00  0  1  2.02
 3  87.33  0.46  1  3  2.03
 0  60.30  0.73  0  0  0.77
 1  95.31  1.16  0  1  1.27
 2  99.70  0.84  1  2  2.05
 2  77.42  1.17  1  2  1.50
 0  67.05  0.86  0  0  3.98
 1  82.58  1.17  0  1  1.12
 0  92.56  0.33  0  1  1.02
 2  81.94  1.37  1  2  1.21
 3  61.05  0.62  1  3  0.79
 0  61.05  0.95  0  0  0.87
 1  95.31  1.16  0  1  0.93
 2  90.98  1.00  1  2  0.94
 1  89.33  1.30  0  1  1.72
 2  90.98  0.57  1  2  1.67
 2  67.44  1.24  1  3  0.76
 3  67.05  0.71  1  2  0.84
 1  73.90  0.86  0  1  2.16
 0  67.44  1.24  0  0  0.70
 2  97.46  0.51  1  2  1.90
 1  78.06  1.37  0  1  1.73
 3  69.02  1.00  1  3  0.90
 2  92.95  0.71  1  2  1.08
 0  60.30  0.84  0  0  0.64
 0  92.56  0.33  0  0  1.46
 2  92.56  1.24  1  2  0.67
 2  95.31  1.16  1  2  0.66
 3  64.69  0.42  1  3  1.06
 0  70.67  1.30  0  1  1.28
 3  73.90  0.86  1  2  1.52
 0  62.54  1.06  0  0  1.19
 1  77.47  0.61  0  1  3.63
 3  81.94  0.21  1  3  1.13
 2  82.58  1.17  1  2  0.90
 1  85.75  1.34  0  1  1.27
 3  74.25  0.23  1  3  0.68
 3  77.47  0.61  1  2  1.19
 1  98.95  0.95  0  1  1.32
 3  69.02  0.57  1  0  0.74
 0  61.05  0.62  0  0  0.74
 1  87.33  1.11  0  1  2.13
 2  72.67  1.11  1  3  0.94
 3  77.42  0.40  1  3  1.57
 1  90.98  0.57  0  0  1.79
 2  98.95  0.62  1  2  2.06
 3  87.33  0.46  1  2  0.76
 3  62.54  0.51  1  3  1.01
 0  62.54  0.51  0  0  0.88
 3  78.06  0.21  1  3  0.92
 2  99.70  0.73  1  2  0.75
 1  86.10  0.71  0  1  2.01
 3  64.69  1.16  1  3  1.80
 1  97.46  1.06  0  1  1.25
 0  67.05  0.86  0  0  0.83
 1  99.70  0.84  0  1  1.25
 3  60.30  0.73  1  3  1.19
 0  97.46  0.51  0  1  2.71
 1  72.67  1.11  0  0  0.78
 1  74.25  1.34  0  1  0.96
 2  92.95  0.86  1  2  1.39
 1  77.47  0.96  0  1  2.73
 2  74.25  1.34  1  2  1.34
 0  64.69  1.16  0  0  0.95
 2  86.10  0.71  1  2  3.18
 3  61.05  0.95  1  3  0.59
 3  82.58  0.40  1  3  1.08
 2  77.42  1.17  1  2  0.61
 2  86.10  0.86  1  2  1.52
 3  72.67  0.46  1  3  1.10
 1  92.95  0.86  0  1  2.85
 0  67.44  0.33  0  0  1.67
 0  60.30  0.73  0  0  0.90
 0  70.67  0.27  0  0  0.56
 2  70.67  1.30  1  2  0.68
 3  82.53  0.61  1  2  0.89
 1  82.58  1.17  0  2  2.07
 1  82.53  0.96  0  1  0.86
 2  99.70  0.84  1  2  1.04
 3  85.75  0.23  1  3  0.80
 1  92.56  1.24  0  1  1.55
 2  97.46  1.06  1  2  3.31
 0  87.33  0.46  0  0  4.51
 3  89.33  0.27  1  3  1.53
 3  62.54  1.06  1  3  0.79
 0  78.06  0.21  0  1  3.74
 2  87.33  1.11  1  2  0.74
 1  90.98  1.00  0  1  1.52
 1  82.53  0.61  0  1  0.96
 0  85.75  0.23  0  0  1.00
 0  72.67  0.46  0  0  0.77
 2  77.47  0.96  1  2  1.08
 0  64.69  0.42  0  0  2.31
 1  86.10  0.86  0  1  0.85
 2  95.31  0.42  1  2  1.47
 3  92.56  0.33  1  2  0.62
 3  67.44  0.33  1  3  1.75
 3  60.30  0.84  1  3  1.07
 0  69.02  0.57  0  0  1.86
 3  67.05  0.86  1  2  2.86
 1  99.70  0.73  0  1  1.40
 1  92.95  0.71  0  1  0.89
 0  67.05  0.71  0  0  1.64
 2  85.75  1.34  1  2  0.84
 1  81.94  1.37  0  1  1.39
 2  98.95  0.95  1  2  8.04
 0  77.42  0.40  0  0  1.23
 2  89.33  1.30  1  2  0.97
 1  73.90  0.71  0  1  1.21
 2  78.06  1.37  1  2  0.66
 3  73.90  0.71  1  2  1.31
 0  82.58  0.40  0  0  1.48
 0  74.25  0.23  0  1  3.35
 2  82.53  0.96  1  2  0.95
 1  77.42  1.17  0  1  1.44
 1  98.95  0.62  0  1  2.54
 0  95.31  0.42  0  1  0.97
 0  81.94  0.21  0  0  0.66
 0  69.02  1.00  0  0  1.06
 0  89.33  0.27  0  0  1.45
 3  70.67  0.27  1  3  1.14
