 1  92.95  0.71  0  0  0.85
 1  98.95  0.95  0  0  1.14
 1  82.53  0.61  0  1  0.83
 0  92.56  0.33  0  0  1.00
 1  85.75  0.23  1  1  2.37
 0  69.02  0.57  0  1  1.77
 1  78.06  0.21  1  1  1.00
 1  92.56  1.24  0  1  1.73
 0  86.10  0.86  1  0  1.56
 0  95.31  1.16  1  0  5.47
 1  60.30  0.84  1  1  4.35
 1  81.94  0.21  1  1  0.84
 1  67.05  0.86  1  0  2.20
 0  78.06  0.21  0  0  3.06
 1  64.69  0.42  1  1  1.23
 0  81.94  1.37  1  0  2.02
 0  97.46  1.06  1  0  2.23
 0  64.69  1.16  0  1  2.11
 0  69.02  1.00  0  0  1.83
 1  61.05  0.95  1  0  0.78
 1  74.25  0.23  1  1  2.96
 0  98.95  0.62  1  1  1.97
 0  95.31  0.42  1  1  1.37
 0  62.54  0.51  0  1  2.30
 0  82.53  0.96  1  0  4.87
 1  82.58  0.40  1  1  2.79
 1  98.95  0.62  0  0  2.04
 0  90.98  1.00  1  0  1.11
 0  60.30  0.84  0  1  6.78
 0  61.05  0.95  0  0  0.85
 1  87.33  0.46  1  1  1.84
 1  95.31  1.16  0  1  4.04
 0  72.67  0.46  0  0  2.39
 1  77.42  1.17  0  1  5.64
 1  73.90  0.71  1  0  2.11
 0  70.67  0.27  0  0  1.78
 1  64.69  1.16  1  1  6.72
 0  87.33  0.46  0  0  4.60
 0  77.42  1.17  1  0  3.17
 0  60.30  0.73  0  1  1.04
 1  69.02  1.00  1  0  2.47
 0  95.31  0.42  0  0  1.28
 1  90.98  1.00  0  1  2.22
 1  69.02  0.57  1  0  9.25
 0  82.58  1.17  1  0  1.05
 1  99.70  0.73  0  0  4.91
 0  61.05  0.62  0  1  2.57
 0  92.56  1.24  1  0  2.33
 0  92.95  0.86  1  0  1.08
 1  74.25  1.34  0  1  2.18
 0  70.67  1.30  1  0  1.23
 0  97.46  0.51  1  1  1.93
 1  82.53  0.96  0  1  2.62
 1  70.67  0.27  1  1  5.37
 1  78.06  1.37  0  1  2.85
 1  89.33  0.27  1  0  1.43
 0  89.33  1.30  1  0  3.78
 0  67.44  1.24  1  1  2.01
 1  73.90  0.86  1  0  6.59
 1  77.42  0.40  1  1  1.44
 1  77.47  0.61  0  0  0.78
 1  61.05  0.62  1  1  3.32
 1  62.54  1.06  1  1  1.16
 0  87.33  1.11  1  0  1.48
 1  99.70  0.84  0  1  1.08
 0  67.44  0.33  0  0  1.02
 1  85.75  1.34  0  0  0.98
 1  62.54  0.51  1  0  1.31
 0  81.94  0.21  0  0  1.59
 0  90.98  0.57  1  1  4.46
 0  85.75  0.23  0  0  1.91
 0  99.70  0.73  1  1 17.97
 1  67.44  0.33  1  0  3.64
 1  67.05  0.71  1  1  0.98
 0  74.25  0.23  0  0  0.84
 0  67.05  0.71  0  0  1.50
 0  99.70  0.84  1  1  2.64
 1  82.58  1.17  0  1  1.02
 0  77.42  0.40  0  0  1.72
 0  74.25  1.34  1  1  1.71
 1  72.67  0.46  1  1  2.04
 0  62.54  1.06  0  0  1.30
 1  81.94  1.37  0  1  3.29
 1  77.47  0.96  0  0  3.64
 0  82.58  0.40  0  0  0.97
 0  97.46  0.51  0  0  2.89
 0  67.44  1.24  0  0  1.77
 0  77.47  0.96  1  1  1.18
 0  64.69  0.42  0  1  1.93
 0  70.67  1.30  0  0  1.95
 1  86.10  0.86  0  0  4.91
 1  82.53  0.61  1  0  1.01
 0  92.95  0.71  1  1  0.84
 0  89.33  0.27  0  0  1.46
 1  60.30  0.73  1  1  1.98
 1  86.10  0.71  0  1  4.36
 0  67.05  0.86  0  1  2.40
 1  90.98  0.57  0  0  3.31
 1  87.33  1.11  0  1  3.16
 1  89.33  1.30  0  1  8.61
 0  78.06  1.37  1  0  0.98
 1  72.67  1.11  0  0  1.15
 1  73.90  0.86  0  0  2.76
 0  98.95  0.95  1  1  3.72
 1  77.47  0.61  1  0  2.39
 1  92.56  0.33  1  1  2.86
 0  86.10  0.71  1  1 11.17
 1  97.46  1.06  0  1  2.43
 1  73.90  0.71  0  0  2.26
 0  72.67  1.11  1  0  3.34
 0  85.75  1.34  1  0  1.76
 1  92.95  0.86  0  1  1.90
 0  69.02  0.57  0  0  1.17
 0  77.42  1.17  1  1  0.84
 1  89.33  0.27  1  1  1.24
 1  67.05  0.71  1  0  2.27
 0  70.67  0.27  0  1  1.18
 0  78.06  0.21  0  0  0.75
 1  86.10  0.86  0  1  2.13
 0  81.94  1.37  1  0  2.08
 0  89.33  1.30  1  0  4.75
 0  97.46  0.51  1  1  1.58
 0  67.44  1.24  0  1  1.66
 1  98.95  0.95  0  1  1.29
 1  64.69  1.16  1  0  1.84
 1  77.42  1.17  0  1  0.65
 0  72.67  1.11  1  1  0.87
 0  70.67  1.30  1  1  0.60
 0  62.54  0.51  0  1  1.83
 1  72.67  1.11  0  0  0.82
 1  90.98  0.57  0  0  3.96
 0  67.05  0.86  0  1  2.11
 1  61.05  0.95  1  1  0.69
 0  92.56  1.24  1  0  0.67
 1  82.58  1.17  0  0  0.48
 1  67.05  0.86  1  1  0.82
 1  77.47  0.61  1  1 45.21
 1  92.95  0.86  0  1  2.43
 0  82.58  1.17  1  0  3.05
 0  74.25  1.34  1  0  2.10
 0  78.06  1.37  1  0  0.65
 0  72.67  0.46  0  0  2.83
 1  81.94  1.37  0  1  2.31
 0  86.10  0.86  1  1  2.42
 0  74.25  0.23  0  0  2.10
 0  60.30  0.73  0  0  1.80
 0  98.95  0.95  1  0  2.07
 0  86.10  0.71  1  1  2.96
 0  82.53  0.96  1  0  5.87
 1  61.05  0.62  1  1  4.54
 0  85.75  1.34  1  0  1.24
 0  97.46  0.51  0  0  4.79
 1  92.56  0.33  1  1  1.16
 0  82.58  0.40  0  0  2.80
 1  85.75  0.23  1  1  0.95
 1  69.02  1.00  1  1  1.70
 0  67.44  1.24  1  0  1.94
 0  90.98  1.00  1  0  1.75
 1  67.44  0.33  1  1  2.94
 1  99.70  0.84  0  0  2.08
 0  70.67  1.30  0  1 17.34
 1  73.90  0.71  0  1  2.38
 1  82.53  0.61  1  0 19.36
 1  62.54  0.51  1  1  2.08
 1  86.10  0.71  0  1  4.74
 0  90.98  0.57  1  1  1.76
 0  61.05  0.95  0  1  2.31
 1  74.25  0.23  1  1  1.18
 1  97.46  1.06  0  1  2.17
 0  99.70  0.73  1  1  2.90
 0  67.44  0.33  0  0  1.34
 0  81.94  0.21  0  0  2.05
 0  92.95  0.71  1  0  1.82
 0  69.02  1.00  0  0  4.52
 1  87.33  1.11  0  0  2.09
 1  89.33  1.30  0  0  1.29
 1  82.58  0.40  1  1  9.53
 1  73.90  0.86  0  1  6.07
 0  85.75  0.23  0  0  1.80
 0  99.70  0.84  1  0  2.93
 1  82.53  0.96  0  0  2.83
 0  62.54  1.06  0  0  1.45
 1  78.06  0.21  1  1  1.12
 1  90.98  1.00  0  1  4.20
 1  87.33  0.46  1  1  1.27
 1  73.90  0.71  1  1  2.94
 0  87.33  1.11  1  0  1.90
 1  77.47  0.96  0  1  5.02
 1  70.67  0.27  1  1  1.02
 0  95.31  0.42  0  0  1.72
 0  95.31  0.42  1  1  1.78
 0  60.30  0.84  0  1  5.81
 0  89.33  0.27  0  0  1.79
 1  78.06  1.37  0  1  2.99
 1  77.47  0.61  0  0  8.19
 1  95.31  1.16  0  1  3.71
 0  87.33  0.46  0  0  1.55
 1  73.90  0.86  1  0  6.29
 0  92.56  0.33  0  0  4.63
 1  74.25  1.34  0  1  1.99
 1  64.69  0.42  1  1  3.13
 1  92.56  1.24  0  0  0.86
 1  92.95  0.71  0  1  4.78
 0  61.05  0.62  0  0  2.73
 0  98.95  0.62  1  0  1.78
 0  92.95  0.86  1  0  2.97
 1  62.54  1.06  1  0  2.04
 1  99.70  0.73  0  1  1.11
 0  95.31  1.16  1  0  1.68
 1  77.42  0.40  1  1  1.15
 1  69.02  0.57  1  0  1.72
 0  64.69  0.42  0  0  2.86
 1  72.67  0.46  1  1  1.32
 1  85.75  1.34  0  1  5.01
 1  82.53  0.61  0  0  2.23
 0  77.42  0.40  0  0  1.04
 1  60.30  0.84  1  0  2.51
 1  60.30  0.73  1  0  1.46
 0  77.47  0.96  1  0  2.25
 0  64.69  1.16  0  1  2.04
 0  67.05  0.71  0  0  2.35
 1  81.94  0.21  1  1  0.97
 0  97.46  1.06  1  0  1.09
 1  98.95  0.62  0  1  1.27
 0  67.44  1.24  1  0  1.22
 1  85.75  0.23  1  0  0.88
 0  85.75  0.23  0  0  0.65
 0  74.25  1.34  1  0  1.39
 1  89.33  1.30  0  1  4.12
 0  97.46  0.51  1  1  2.36
 0  97.46  0.51  0  1  1.29
 0  72.67  0.46  0  0  1.87
 1  77.47  0.61  0  0  0.81
 1  72.67  0.46  1  1  0.19
 1  60.30  0.73  1  1  1.57
 0  60.30  0.73  0  1  1.30
 1  77.42  1.17  0  1  2.74
 0  64.69  1.16  0  1  1.31
 0  87.33  0.46  0  0  1.30
 0  81.94  1.37  1  0  4.28
 1  73.90  0.71  1  0  1.26
 1  67.44  0.33  1  1  0.78
 1  82.53  0.96  0  1  5.45
 1  89.33  0.27  1  1  0.66
 0  90.98  0.57  1  1  1.26
 0  70.67  1.30  1  0  0.92
 1  81.94  1.37  0  0  1.16
 0  72.67  1.11  1  1  0.72
 0  74.25  0.23  0  0  2.83
 1  69.02  1.00  1  0  2.79
 0  92.95  0.86  1  0  2.10
 1  64.69  1.16  1  1  1.56
 1  90.98  1.00  0  0  1.71
 0  89.33  1.30  1  0  1.36
 1  86.10  0.86  0  1  1.95
 1  67.05  0.71  1  0  0.38
 1  82.53  0.61  0  0  0.84
 0  82.58  1.17  1  0  1.63
 1  72.67  1.11  0  0  0.77
 0  89.33  0.27  0  0  1.07
 0  67.05  0.71  0  0  1.09
 0  61.05  0.95  0  1  1.96
 1  92.95  0.71  0  0  2.72
 0  78.06  0.21  0  0  0.78
 0  67.44  0.33  0  1  0.77
 0  67.44  1.24  0  0  0.38
 1  62.54  1.06  1  1  0.73
 0  98.95  0.95  1  1  0.90
 1  77.47  0.96  0  0  0.64
 1  69.02  0.57  1  1  1.68
 1  87.33  1.11  0  0  0.96
 1  61.05  0.95  1  1  1.68
 1  78.06  1.37  0  1  2.50
 0  78.06  1.37  1  1  0.79
 0  86.10  0.71  1  1  2.11
 1  73.90  0.86  0  1  3.68
 0  77.42  1.17  1  0  1.79
 0  81.94  0.21  0  0  1.18
 0  64.69  0.42  0  0  2.09
 1  85.75  1.34  0  1  2.25
 1  95.31  1.16  0  1  1.95
 1  99.70  0.84  0  0  2.14
 1  62.54  0.51  1  1  1.56
 1  61.05  0.62  1  1  4.92
 0  62.54  0.51  0  0  2.36
 0  82.58  0.40  0  0  0.84
 0  70.67  1.30  0  1  3.42
 0  82.53  0.96  1  0  5.27
 0  85.75  1.34  1  0  1.46
 1  82.58  1.17  0  1  1.21
 1  70.67  0.27  1  1  1.79
 1  77.47  0.61  1  1  1.22
 1  92.95  0.86  0  1  8.02
 0  60.30  0.84  0  0  1.64
 1  92.56  1.24  0  1  2.05
 1  78.06  0.21  1  1  1.07
 1  86.10  0.71  0  0  2.38
 0  69.02  1.00  0  1  8.53
 1  97.46  1.06  0  1  3.56
 0  61.05  0.62  0  0  2.60
 1  82.58  0.40  1  1  1.07
 1  90.98  0.57  0  0  2.82
 0  98.95  0.62  1  0  1.44
 1  74.25  0.23  1  1  2.28
 1  73.90  0.86  1  0  7.55
 0  92.56  1.24  1  1  0.88
 1  64.69  0.42  1  1  1.52
 1  98.95  0.95  0  1  2.08
 0  62.54  1.06  0  0  0.78
 0  77.47  0.96  1  0  1.83
 0  99.70  0.73  1  1  2.55
 1  77.42  0.40  1  1  0.71
 0  67.05  0.86  0  0  0.76
 0  77.42  0.40  0  1  0.95
 1  99.70  0.73  0  0  0.99
 1  98.95  0.62  0  0  0.94
 0  70.67  0.27  0  0  0.92
 0  99.70  0.84  1  0  2.16
 0  87.33  1.11  1  0  1.31
 0  69.02  0.57  0  0  3.54
 1  87.33  0.46  1  1  1.37
 1  73.90  0.71  0  0  5.10
 0  90.98  1.00  1  0  1.90
 0  95.31  1.16  1  0  1.47
 1  60.30  0.84  1  1  3.46
 0  92.95  0.71  1  0  0.43
 1  81.94  0.21  1  0  0.24
 1  82.53  0.61  1  1  0.71
 0  97.46  1.06  1  0  1.22
 0  86.10  0.86  1  0  0.58
 1  92.56  0.33  1  0  0.28
 0  95.31  0.42  1  1  0.47
 0  95.31  0.42  0  0  2.23
 1  74.25  1.34  0  1  3.05
 1  67.05  0.86  1  0  2.04
 0  92.56  0.33  0  1  1.59
 1  81.94  0.21  1  1  1.42
 0  99.70  0.73  1  1  2.78
 1  61.05  0.95  1  0  1.41
 1  85.75  0.23  1  1  0.26
 1  64.69  0.42  1  0  0.69
 1  74.25  0.23  1  1  1.28
 0  67.44  1.24  1  0  1.04
 1  99.70  0.84  0  1  2.41
 1  97.46  1.06  0  0  0.51
 0  98.95  0.95  1  1  0.32
 0  78.06  1.37  1  0  0.22
 1  77.47  0.96  0  1  2.05
 0  97.46  0.51  0  0  0.46
 1  92.56  0.33  1  1  0.62
 1  69.02  0.57  1  0  0.28
 0  82.53  0.96  1  0  1.05
 1  82.58  1.17  0  0  0.79
 1  89.33  1.30  0  1  1.53
 0  82.58  0.40  0  0  1.60
 0  86.10  0.86  1  0  3.78
 1  95.31  1.16  0  1  1.64
 0  85.75  0.23  0  0  2.12
 1  70.67  0.27  1  1  2.90
 0  99.70  0.84  1  1  3.17
 1  86.10  0.86  0  1  1.79
 0  60.30  0.84  0  0  6.49
 1  77.47  0.61  0  0  1.36
 0  69.02  1.00  0  1  2.66
 0  98.95  0.62  1  1  2.77
 1  73.90  0.71  1  0  0.75
 0  92.56  0.33  0  0  1.19
 0  85.75  1.34  1  1  0.31
 1  62.54  0.51  1  1  0.86
 0  69.02  0.57  0  0  0.64
 1  81.94  1.37  0  0  0.74
 0  90.98  0.57  1  1  0.25
 1  98.95  0.95  0  1  1.44
 0  72.67  1.11  1  1  2.05
 0  70.67  1.30  1  0  0.73
 1  67.05  0.71  1  1  1.67
 1  72.67  1.11  0  1  1.74
 0  97.46  1.06  1  0  1.96
 1  61.05  0.62  1  1  2.73
 0  78.06  0.21  0  0  4.34
 1  85.75  1.34  0  1  7.34
 1  82.53  0.61  1  1  1.17
 0  74.25  0.23  0  0  0.92
 0  61.05  0.95  0  1  0.96
 1  92.56  1.24  0  1  2.58
 0  61.05  0.62  0  0  9.27
 1  77.47  0.61  1  1  0.88
 0  82.58  1.17  1  0  1.73
 0  67.44  0.33  0  0 14.89
 1  87.33  0.46  1  1  0.83
 0  86.10  0.71  1  1  7.07
 0  64.69  0.42  0  0  1.27
 1  74.25  1.34  0  1  0.90
 0  72.67  0.46  0  0  3.92
 1  92.95  0.86  0  1  4.62
 1  73.90  0.71  0  0  1.94
 1  77.42  1.17  0  1  2.39
 0  92.56  1.24  1  0  0.96
 1  90.98  0.57  0  0  5.69
 1  82.53  0.61  0  0  1.77
 0  95.31  1.16  1  0  1.10
 0  64.69  1.16  0  0  5.88
 0  81.94  1.37  1  0  2.69
 0  90.98  1.00  1  1  9.29
 1  69.02  1.00  1  0  1.53
 0  70.67  0.27  0  0  1.09
 0  67.44  1.24  0  1  0.84
 0  70.67  1.30  0  1  1.07
 1  87.33  1.11  0  1  1.59
 1  82.58  0.40  1  1  3.61
 0  67.05  0.86  0  1  2.26
 0  89.33  0.27  0  1  2.95
 1  73.90  0.86  0  1  3.34
 0  89.33  1.30  1  0  1.14
 0  95.31  0.42  0  1  0.83
 0  92.95  0.71  1  1  1.45
 1  62.54  1.06  1  0  1.96
 1  86.10  0.71  0  0  1.48
 1  60.30  0.84  1  1  1.08
 0  62.54  0.51  0  1  0.97
 0  97.46  0.51  1  1  1.70
 1  90.98  1.00  0  0  5.06
 1  64.69  1.16  1  0  2.18
 1  99.70  0.73  0  1  0.31
 1  67.05  0.86  1  0  0.21
 1  98.95  0.62  0  0  0.60
 0  60.30  0.73  0  0  0.32
 0  92.95  0.86  1  0  0.23
 0  77.42  1.17  1  0  0.33
 1  77.42  0.40  1  0  0.21
 0  77.42  0.40  0  0  0.21
 1  78.06  1.37  0  0  0.26
 0  87.33  1.11  1  1  0.06
 1  60.30  0.73  1  0  1.64
 0  95.31  0.42  1  1  1.34
 1  89.33  0.27  1  0  2.21
 0  74.25  1.34  1  0  1.05
 0  87.33  0.46  0  1  0.80
 0  81.94  0.21  0  0  0.53
 1  73.90  0.86  1  1  0.44
 0  62.54  1.06  0  0  0.26
 0  77.47  0.96  1  0  1.65
 0  67.05  0.71  0  1  0.97
 1  67.44  0.33  1  1  1.36
 1  82.53  0.96  0  1  2.60
 1  78.06  0.21  1  1  1.43
 1  92.95  0.71  0  0  7.41
 1  72.67  0.46  1  1  1.60
 1  62.54  1.06  1  0  3.14
 1  87.33  1.11  0  1  0.63
 0  99.70  0.73  1  1  0.72
 1  60.30  0.84  1  0  0.79
 1  87.33  0.46  1  1  1.00
 1  81.94  0.21  1  1  0.79
 0  81.94  0.21  0  0  0.79
 1  73.90  0.86  0  1  1.01
 0  95.31  1.16  1  0  0.75
 1  82.53  0.61  0  1  0.62
 1  69.02  0.57  1  0  0.79
 0  67.44  1.24  0  1  0.53
 0  95.31  0.42  1  0  0.31
 1  74.25  1.34  0  1  0.52
 1  69.02  1.00  1  1  1.23
 0  95.31  0.42  0  0  0.33
 0  69.02  0.57  0  0  0.18
 0  92.56  0.33  0  1  0.09
 1  92.56  0.33  1  1  0.56
 1  70.67  0.27  1  0  0.69
 1  82.53  0.96  0  0  0.60
 1  77.47  0.61  1  1  0.79
 0  70.67  1.30  1  1  0.52
 1  78.06  1.37  0  1  0.50
 0  77.47  0.96  1  0  1.20
 1  90.98  1.00  0  0  0.92
 0  60.30  0.73  0  0  2.53
 0  85.75  1.34  1  0  8.61
 1  86.10  0.86  0  1  2.02
 0  86.10  0.71  1  1  1.46
 0  67.44  1.24  1  0  1.23
 0  87.33  1.11  1  0  0.48
 0  99.70  0.84  1  0  0.50
 1  64.69  0.42  1  0  0.60
 0  97.46  0.51  1  1  0.33
 1  81.94  1.37  0  1  0.94
 0  61.05  0.62  0  0  0.71
 1  92.56  1.24  0  1  0.29
 1  77.47  0.96  0  0  0.21
 1  92.95  0.71  0  1  0.25
 1  82.58  0.40  1  1  0.39
 1  89.33  0.27  1  0  0.33
 1  61.05  0.95  1  1  0.56
 0  98.95  0.95  1  1  0.36
 0  77.42  1.17  1  1  0.46
 1  99.70  0.73  0  0  0.20
 1  98.95  0.95  0  1  3.07
 0  87.33  0.46  0  0  0.68
 1  67.05  0.86  1  1  0.35
 0  61.05  0.95  0  0  0.24
 0  64.69  1.16  0  1  0.20
 0  64.69  0.42  0  1  0.34
 0  90.98  1.00  1  0  0.71
 0  60.30  0.84  0  1  0.24
 0  97.46  0.51  0  0  0.21
 1  73.90  0.71  1  0  0.52
 0  78.06  0.21  0  1  0.64
 1  85.75  1.34  0  0  1.09
 1  61.05  0.62  1  1  1.27
 0  97.46  1.06  1  0  1.62
 1  98.95  0.62  0  1  1.00
 0  85.75  0.23  0  0  1.31
 1  60.30  0.73  1  1  1.85
 0  78.06  1.37  1  0  0.91
 1  77.47  0.61  0  1  0.40
 1  89.33  1.30  0  0  0.37
 0  86.10  0.86  1  0  0.27
 0  82.58  1.17  1  1  0.48
 0  67.44  0.33  0  0  0.96
 1  78.06  0.21  1  1  1.01
 0  98.95  0.62  1  1  1.61
 0  72.67  0.46  0  0  0.52
 0  62.54  1.06  0  1  0.82
 0  67.05  0.71  0  1  0.86
 0  72.67  1.11  1  1  0.32
 1  85.75  0.23  1  0  0.79
 0  74.25  1.34  1  0  0.82
 1  99.70  0.84  0  1  0.76
 0  89.33  0.27  0  0  0.31
 0  62.54  0.51  0  0  0.75
 0  92.95  0.71  1  1  0.37
 1  67.44  0.33  1  0  0.21
 0  82.53  0.96  1  1  0.33
 0  69.02  1.00  0  0  0.24
 1  64.69  1.16  1  1  1.38
 1  62.54  0.51  1  0  0.76
 1  73.90  0.86  1  0  1.96
 1  97.46  1.06  0  1  1.81
 1  67.05  0.71  1  1  2.07
 1  95.31  1.16  0  1  1.18
 1  82.53  0.61  1  1  1.73
 0  90.98  0.57  1  1  0.69
 1  72.67  1.11  0  0  4.56
 0  70.67  0.27  0  1  1.35
 0  67.05  0.86  0  0  3.68
 1  74.25  0.23  1  1  2.86
 1  92.95  0.86  0  0  3.10
 0  82.58  0.40  0  0  2.28
 0  70.67  1.30  0  1  1.42
 1  82.58  1.17  0  0  1.13
 0  77.42  0.40  0  0  2.03
 0  81.94  1.37  1  1  0.86
 0  74.25  0.23  0  0  1.39
 0  92.95  0.86  1  1  1.45
 1  77.42  1.17  0  1  3.33
 0  92.56  1.24  1  0  0.99
 1  72.67  0.46  1  1  1.78
 1  86.10  0.71  0  1  2.75
 1  90.98  0.57  0  1  3.61
 0  89.33  1.30  1  0  3.10
 1  77.42  0.40  1  1  2.45
 1  73.90  0.71  0  1  3.47
