 3  81.94  0.21  1  0  0.94
 2  85.75  1.34  1  1  2.45
 2  99.70  0.84  1  2  1.05
 1  90.98  1.00  0  2  1.29
 0  85.75  0.23  0  0  0.34
 1  85.75  1.34  0  3  1.40
 3  82.53  0.61  1  2  1.47
 0  69.02  1.00  0  2  1.11
 3  61.05  0.95  1  1  1.71
 1  74.25  1.34  0  2  5.14
 2  72.67  1.11  1  2  1.63
 3  60.30  0.84  1  3  1.54
 0  87.33  0.46  0  0  0.96
 0  67.05  0.71  0  0  1.84
 1  82.53  0.61  0  1  0.77
 1  92.56  1.24  0  1  1.12
 2  86.10  0.86  1  1  0.89
 3  72.67  0.46  1  3  1.51
 0  62.54  0.51  0  1  2.37
 1  82.53  0.96  0  1  1.03
 1  81.94  1.37  0  1  0.98
 1  97.46  1.06  0  1  0.70
 2  92.56  1.24  1  3  1.02
 3  89.33  0.27  1  3  0.76
 3  70.67  0.27  1  3  0.82
 3  85.75  0.23  1  2  1.64
 1  95.31  1.16  0  0  1.20
 0  61.05  0.62  0  0  0.72
 2  97.46  1.06  1  2  2.15
 1  77.47  0.61  0  1  1.22
 0  95.31  0.42  0  3  1.11
 3  62.54  1.06  1  2  2.43
 3  73.90  0.86  1  3  0.67
 0  64.69  0.42  0  1  5.08
 3  64.69  0.42  1  2  1.58
 3  77.42  0.40  1  3  1.70
 0  92.56  0.33  0  1  1.20
 1  82.58  1.17  0  1  1.08
 2  87.33  1.11  1  2  1.71
 1  89.33  1.30  0  0  3.04
 2  82.58  1.17  1  2  2.84
 3  69.02  0.57  1  3  1.46
 1  90.98  0.57  0  0  2.46
 1  77.47  0.96  0  1  1.11
 3  67.05  0.86  1  2  1.49
 3  92.56  0.33  1  3  1.01
 2  81.94  1.37  1  2  1.30
 2  74.25  1.34  1  2  0.87
 1  77.42  1.17  0  1  8.25
 0  70.67  0.27  0  0  1.34
 3  62.54  0.51  1  2  2.10
 0  74.25  0.23  0  0  3.55
 3  64.69  1.16  1  2  6.50
 2  99.70  0.73  1  2  1.14
 3  67.05  0.71  1  3  0.79
 0  67.44  0.33  0  1  1.72
 3  82.58  0.40  1  2  1.51
 2  98.95  0.62  1  3  1.58
 3  77.47  0.61  1  3  1.76
 2  77.42  1.17  1  2  2.64
 2  97.46  0.51  1  3  1.11
 3  67.44  0.33  1  3  1.23
 0  82.58  0.40  0  1  1.83
 1  86.10  0.71  0  0  1.15
 2  95.31  1.16  1  2  1.76
 1  98.95  0.95  0  1  3.35
 3  69.02  1.00  1  2  3.11
 0  97.46  0.51  0  0  3.57
 3  60.30  0.73  1  2  1.92
 1  78.06  1.37  0  1  1.66
 2  67.44  1.24  1  2  1.61
 2  92.95  0.71  1  3  0.81
 3  61.05  0.62  1  2  3.90
 0  67.44  1.24  0  1  1.52
 2  77.47  0.96  1  2  1.43
 0  81.94  0.21  0  0  1.84
 1  92.95  0.86  0  1  0.98
 0  67.05  0.86  0  1  1.18
 0  60.30  0.73  0  0  0.86
 2  70.67  1.30  1  2  2.06
 1  87.33  1.11  0  1  4.72
 1  99.70  0.73  0  0  1.28
 2  95.31  0.42  1  2  1.68
 3  73.90  0.71  1  2  1.79
 1  73.90  0.71  0  0  2.54
 0  78.06  0.21  0  0  3.40
 2  90.98  0.57  1  3  2.14
 0  60.30  0.84  0  1  1.98
 1  98.95  0.62  0  1  1.92
 2  82.53  0.96  1  3  2.52
 0  70.67  1.30  0  0  0.87
 2  86.10  0.71  1  2  1.91
 3  87.33  0.46  1  3  2.82
 1  99.70  0.84  0  1  5.55
 2  98.95  0.95  1  2  1.44
 1  73.90  0.86  0  0  1.53
 0  89.33  0.27  0  0  1.68
 2  92.95  0.86  1  2  3.05
 1  72.67  1.11  0  0  2.03
 2  78.06  1.37  1  2  2.31
 0  69.02  0.57  0  1  1.18
 0  64.69  1.16  0  1  1.04
 0  77.42  0.40  0  0  1.31
 1  92.95  0.71  0  0  1.03
 3  78.06  0.21  1  2  1.50
 3  74.25  0.23  1  3  2.39
 1  86.10  0.86  0  1  5.01
 0  61.05  0.95  0  1  1.19
 0  72.67  0.46  0  1  1.41
 0  62.54  1.06  0  0  1.40
 2  90.98  1.00  1  2  3.36
 2  89.33  1.30  1  2  0.79
 2  77.42  1.17  1  2  8.83
 1  99.70  0.84  0  1  1.72
 3  73.90  0.71  1  3  3.42
 3  64.69  0.42  1  3  2.13
 2  95.31  1.16  1  2  0.73
 0  62.54  1.06  0  0  1.47
 0  69.02  1.00  0  0  0.70
 1  82.53  0.96  0  1  0.94
 0  70.67  1.30  0  0  0.69
 0  72.67  0.46  0  0  1.80
 1  86.10  0.86  0  1  3.05
 1  87.33  1.11  0  1  7.63
 1  98.95  0.95  0  1  2.15
 0  77.42  0.40  0  1  0.87
 1  72.67  1.11  0  0  6.07
 2  81.94  1.37  1  2  1.76
 2  97.46  1.06  1  2  1.39
 3  70.67  0.27  1  3  0.75
 3  64.69  1.16  1  2  0.86
 0  82.58  0.40  0  0  2.20
 2  78.06  1.37  1  2  1.79
 0  87.33  0.46  0  0  2.26
 1  81.94  1.37  0  1  0.77
 3  81.94  0.21  1  3  1.10
 1  74.25  1.34  0  1  1.91
 0  67.05  0.86  0  0  0.94
 0  85.75  0.23  0  0  2.51
 2  98.95  0.95  1  3  3.03
 1  95.31  1.16  0  1  1.43
 1  82.58  1.17  0  1  5.00
 2  90.98  1.00  1  2  0.97
 1  99.70  0.73  0  0  1.45
 2  97.46  0.51  1  2  1.11
 1  77.42  1.17  0  0  1.30
 1  92.56  1.24  0  1  2.23
 3  82.58  0.40  1  3  1.54
 3  67.05  0.86  1  3  2.43
 3  77.47  0.61  1  3  1.16
 0  64.69  0.42  0  0  2.50
 2  99.70  0.84  1  3  9.61
 3  92.56  0.33  1  3  0.66
 2  67.44  1.24  1  3  1.55
 0  67.44  1.24  0  1  1.07
 3  74.25  0.23  1  3  0.83
 3  61.05  0.95  1  2  1.46
 1  98.95  0.62  0  1  2.72
 2  89.33  1.30  1  2  1.39
 3  82.53  0.61  1  2  1.42
 3  69.02  0.57  1  3  1.76
 3  61.05  0.62  1  3  3.41
 0  64.69  1.16  0  1  1.78
 3  62.54  0.51  1  3  1.73
 2  92.95  0.86  1  2  6.42
 2  99.70  0.73  1  2  0.89
 0  62.54  0.51  0  0  2.20
 3  72.67  0.46  1  3  1.21
 0  67.44  0.33  0  0  1.35
 2  95.31  0.42  1  3  6.58
 3  87.33  0.46  1  2  1.87
 1  90.98  1.00  0  1  1.53
 3  85.75  0.23  1  3  0.75
 3  78.06  0.21  1  3  0.80
 2  90.98  0.57  1  2  1.33
 2  82.58  1.17  1  2  1.31
 2  98.95  0.62  1  2  2.29
 1  78.06  1.37  0  1  1.43
 3  60.30  0.73  1  3  1.88
 2  86.10  0.86  1  3  2.06
 3  73.90  0.86  1  3  1.55
 0  60.30  0.73  0  0  0.92
 2  77.47  0.96  1  3  1.45
 2  74.25  1.34  1  2  0.92
 0  67.05  0.71  0  1  1.82
 2  70.67  1.30  1  2  1.11
 1  77.47  0.96  0  1  5.64
 0  92.56  0.33  0  0  0.78
 0  69.02  0.57  0  0  1.86
 2  72.67  1.11  1  2  1.95
 1  92.95  0.86  0  1  4.05
 0  95.31  0.42  0  0  1.26
 3  89.33  0.27  1  3  0.82
 3  60.30  0.84  1  3  1.73
 1  77.47  0.61  0  0  1.89
 1  97.46  1.06  0  1  0.87
 2  82.53  0.96  1  2  0.93
 1  89.33  1.30  0  1  1.08
 3  67.05  0.71  1  3  4.75
 1  90.98  0.57  0  0  1.21
 0  60.30  0.84  0  0  0.87
 1  82.53  0.61  0  1  8.62
 0  89.33  0.27  0  0  0.87
 3  77.42  0.40  1  3  1.88
 3  67.44  0.33  1  3  0.75
 1  85.75  1.34  0  1  0.87
 0  61.05  0.62  0  0  5.73
 3  62.54  1.06  1  3  4.59
 0  70.67  0.27  0  0  0.97
 1  92.95  0.71  0  1  2.09
 0  61.05  0.95  0  0  0.75
 3  69.02  1.00  1  3  2.04
 2  92.95  0.71  1  2  3.46
 1  86.10  0.71  0  1  0.85
 0  97.46  0.51  0  0  6.81
 2  92.56  1.24  1  2  1.14
 2  87.33  1.11  1  2  1.70
 1  73.90  0.86  0  1  1.32
 0  81.94  0.21  0  0  0.87
 2  86.10  0.71  1  2  1.53
 0  74.25  0.23  0  0  0.73
 1  73.90  0.71  0  1  1.69
 0  78.06  0.21  0  0  0.71
 2  85.75  1.34  1  2  1.03
 3  60.30  0.84  1  3  3.89
 0  95.31  0.42  0  0  2.39
 0  81.94  0.21  0  0  0.59
 0  92.56  0.33  0  0  0.74
 0  97.46  0.51  0  1  0.75
 0  60.30  0.84  0  0  0.70
 2  95.31  1.16  1  2  6.19
 0  77.42  0.40  0  1  3.02
 2  82.53  0.96  1  2  1.62
 1  82.53  0.61  0  1  0.98
 0  64.69  0.42  0  0  0.87
 2  78.06  1.37  1  2  0.99
 0  69.02  1.00  0  1  1.91
 1  98.95  0.95  0  1  1.27
 1  85.75  1.34  0  1  2.83
 3  77.42  0.40  1  3 11.48
 0  82.58  0.40  0  0  1.00
 2  89.33  1.30  1  2  0.98
 2  99.70  0.73  1  2  3.51
 3  69.02  0.57  1  3  1.45
 1  90.98  0.57  0  1  3.45
 1  98.95  0.62  0  1  1.12
 3  87.33  0.46  1  3 10.33
 0  74.25  0.23  0  0  1.17
 3  67.05  0.71  1  3  1.28
 0  67.05  0.71  0  0  0.73
 0  67.05  0.86  0  0  1.31
 2  86.10  0.71  1  2  1.06
 3  89.33  0.27  1  3  0.62
 0  85.75  0.23  0  0  0.58
 2  92.95  0.71  1  2  1.13
 0  78.06  0.21  0  0  0.76
 3  82.58  0.40  1  3  1.82
 2  98.95  0.62  1  2  4.85
 0  70.67  1.30  0  0  0.82
 1  92.95  0.86  0  1  0.86
 3  78.06  0.21  1  3  0.77
 3  67.05  0.86  1  3  1.63
 0  61.05  0.62  0  0  0.59
 3  64.69  0.42  1  3  1.70
 3  81.94  0.21  1  3  0.58
 2  98.95  0.95  1  2  0.93
 1  90.98  1.00  0  1  1.20
 1  92.95  0.71  0  1  1.45
 1  82.53  0.96  0  1  0.76
 2  74.25  1.34  1  2  1.06
 2  95.31  0.42  1  3  1.12
 2  72.67  1.11  1  3  2.22
 1  97.46  1.06  0  1  1.38
 1  77.42  1.17  0  0  4.76
 3  64.69  1.16  1  2  0.97
 1  72.67  1.11  0  1  1.72
 0  70.67  0.27  0  0  1.48
 3  92.56  0.33  1  3  0.62
 1  77.47  0.61  0  1 13.27
 2  77.47  0.96  1  2  2.03
 2  70.67  1.30  1  2  1.88
 3  73.90  0.71  1  2  3.11
 0  60.30  0.73  0  0 12.59
 1  82.58  1.17  0  1  1.12
 0  62.54  0.51  0  0  0.89
 3  60.30  0.73  1  2  2.51
 2  81.94  1.37  1  2  0.71
 2  90.98  0.57  1  3  1.17
 3  67.44  0.33  1  3  0.96
 1  99.70  0.73  0  1  1.41
 1  89.33  1.30  0  1  0.64
 3  85.75  0.23  1  3  0.63
 3  62.54  0.51  1  3  3.81
 0  87.33  0.46  0  0  5.17
 0  67.44  0.33  0  0  1.07
 1  86.10  0.86  0  1  0.89
 3  73.90  0.86  1  2  1.97
 1  87.33  1.11  0  1  1.28
 2  87.33  1.11  1  2  1.87
 0  64.69  1.16  0  0  1.46
 0  89.33  0.27  0  0  0.99
 3  61.05  0.62  1  3  3.83
 2  97.46  1.06  1  2  1.17
 1  74.25  1.34  0  1  0.80
 1  92.56  1.24  0  1  0.63
 1  73.90  0.71  0  1  1.17
 2  67.44  1.24  1  2  0.87
 1  99.70  0.84  0  1  1.38
 0  72.67  0.46  0  0  0.93
 2  97.46  0.51  1  3  0.80
 3  69.02  1.00  1  3  1.89
 1  86.10  0.71  0  1  3.56
 2  92.56  1.24  1  2  1.00
 3  72.67  0.46  1  3  0.87
 0  67.44  1.24  0  1  0.68
 2  92.95  0.86  1  2  1.56
 2  85.75  1.34  1  2  3.81
 2  90.98  1.00  1  2  1.62
 1  95.31  1.16  0  1  1.20
 2  99.70  0.84  1  2  1.13
 3  62.54  1.06  1  3  1.25
 1  78.06  1.37  0  1  1.90
 3  82.53  0.61  1  2  1.44
 3  61.05  0.95  1  3  1.66
 3  70.67  0.27  1  3  0.83
 0  69.02  0.57  0  1  2.24
 3  77.47  0.61  1  2  2.63
 1  73.90  0.86  0  1  2.61
 1  81.94  1.37  0  1  0.70
 3  74.25  0.23  1  3  1.36
 2  77.42  1.17  1  2  1.40
 0  61.05  0.95  0  0  0.90
 2  82.58  1.17  1  2  0.98
 0  62.54  1.06  0  0  0.78
 1  77.47  0.96  0  1  1.74
 2  86.10  0.86  1  2  0.94
 3  61.05  0.62  1  3  1.38
 1  89.33  1.30  0  1  1.56
 2  67.44  1.24  1  3  2.95
 2  81.94  1.37  1  2  0.79
 0  95.31  0.42  0  0  0.96
 3  92.56  0.33  1  3  0.83
 0  72.67  0.46  0  0  1.14
 3  61.05  0.95  1  3  1.20
 1  77.47  0.61  0  0  2.06
 0  60.30  0.73  0  0  0.97
 3  60.30  0.84  1  3  1.35
 0  67.44  0.33  0  0  1.27
 0  67.44  1.24  0  1  1.19
 3  85.75  0.23  1  2  1.17
 0  69.02  1.00  0  0  1.19
 1  82.53  0.61  0  1  1.24
 1  87.33  1.11  0  1  0.77
 3  77.42  0.40  1  3  1.36
 3  67.05  0.71  1  3  4.28
 2  86.10  0.86  1  2  1.20
 1  98.95  0.95  0  1  1.73
 2  82.53  0.96  1  2  1.07
 1  73.90  0.71  0  1  4.36
 2  90.98  1.00  1  2  3.61
 2  77.47  0.96  1  2  1.90
 2  92.95  0.71  1  2  1.04
 2  98.95  0.95  1  2  0.81
 0  87.33  0.46  0  0  0.85
 3  69.02  0.57  1  3  1.47
 3  74.25  0.23  1  3  0.82
 1  81.94  1.37  0  1  0.83
 1  98.95  0.62  0  1  1.50
 3  87.33  0.46  1  2  1.05
 0  97.46  0.51  0  1  1.69
 0  89.33  0.27  0  0  1.00
 3  67.44  0.33  1  3  1.22
 0  81.94  0.21  0  0  1.17
 1  74.25  1.34  0  1  1.71
 0  64.69  0.42  0  0  0.98
 3  81.94  0.21  1  3  3.76
 3  64.69  0.42  1  3  5.28
 3  69.02  1.00  1  2  1.10
 1  99.70  0.73  0  1  2.62
 1  92.95  0.86  0  1  0.94
 1  82.53  0.96  0  0  1.52
 0  78.06  0.21  0  0  0.62
 2  95.31  0.42  1  3  0.99
 0  64.69  1.16  0  0  1.67
 1  77.47  0.96  0  1  1.05
 1  85.75  1.34  0  1  0.80
 3  67.05  0.86  1  3  1.17
 1  86.10  0.71  0  1  1.04
 2  70.67  1.30  1  2  1.13
 2  82.58  1.17  1  2  0.63
 1  82.58  1.17  0  1  0.86
 3  60.30  0.73  1  3  1.20
 1  92.56  1.24  0  1  0.81
 3  62.54  0.51  1  3  1.16
 0  85.75  0.23  0  0  0.80
 2  89.33  1.30  1  2  0.82
 2  86.10  0.71  1  2  1.35
 2  92.95  0.86  1  2  0.73
 0  82.58  0.40  0  1  0.84
 2  95.31  1.16  1  2  0.80
 0  60.30  0.84  0  0  1.00
 3  82.53  0.61  1  2  1.64
 0  77.42  0.40  0  0  1.03
 2  99.70  0.84  1  2  2.26
 2  87.33  1.11  1  2  1.41
 3  64.69  1.16  1  3  1.07
 1  92.95  0.71  0  1  1.62
 3  73.90  0.71  1  3  1.74
 0  62.54  0.51  0  0  0.75
 1  78.06  1.37  0  1  0.69
 3  72.67  0.46  1  3  2.42
 3  78.06  0.21  1  3  0.54
 1  90.98  1.00  0  1  1.34
 3  89.33  0.27  1  3  0.64
 1  90.98  0.57  0  1  1.25
 0  67.05  0.71  0  0  0.93
 2  85.75  1.34  1  2  1.04
 2  74.25  1.34  1  2  1.65
 2  97.46  1.06  1  2  1.00
 1  95.31  1.16  0  1  0.93
 3  82.58  0.40  1  3  1.78
 2  98.95  0.62  1  3  1.68
 1  73.90  0.86  0  1  2.52
 2  97.46  0.51  1  3  1.62
 1  72.67  1.11  0  0  0.97
 2  77.42  1.17  1  2  2.75
 2  78.06  1.37  1  2  0.90
 2  92.56  1.24  1  2  1.07
 0  70.67  0.27  0  0  1.20
 0  70.67  1.30  0  1  1.35
 3  70.67  0.27  1  3  0.78
 1  99.70  0.84  0  1  1.70
 0  74.25  0.23  0  0  0.92
 2  72.67  1.11  1  2  1.49
 0  62.54  1.06  0  0  1.00
 0  69.02  0.57  0  0  2.38
 0  92.56  0.33  0  0  1.04
 3  77.47  0.61  1  3  2.50
 1  77.42  1.17  0  1  1.27
 2  90.98  0.57  1  2  2.64
 3  73.90  0.86  1  3  2.20
 1  86.10  0.86  0  1  1.32
 0  61.05  0.95  0  0  0.69
 3  62.54  1.06  1  3  0.94
 1  97.46  1.06  0  1  0.87
 0  67.05  0.86  0  0  0.68
 2  99.70  0.73  1  2  7.17
 0  61.05  0.62  0  0  0.64
 3  82.58  0.40  1  3  1.63
 2  85.75  1.34  1  2  0.87
 0  61.05  0.95  0  0  0.62
 0  89.33  0.27  0  0  1.11
 1  86.10  0.86  0  1  0.69
 0  60.30  0.84  0  0  0.71
 2  87.33  1.11  1  2  0.86
 0  67.44  1.24  0  1  2.19
 1  77.47  0.96  0  1  1.32
 2  92.95  0.86  1  2  3.12
 1  77.47  0.61  0  0  1.29
 2  90.98  0.57  1  2  6.24
 1  92.56  1.24  0  1  0.69
 0  78.06  0.21  0  0  0.71
 3  73.90  0.71  1  2  2.62
 3  62.54  1.06  1  3  1.32
 1  99.70  0.84  0  1  0.93
 0  95.31  0.42  0  0  0.86
 1  82.58  1.17  0  1  0.66
 2  74.25  1.34  1  2  2.22
 3  70.67  0.27  1  3  0.68
 0  67.05  0.71  0  0  1.03
 0  85.75  0.23  0  0  0.70
 2  99.70  0.84  1  2  1.37
 1  72.67  1.11  0  0  0.93
 3  77.42  0.40  1  3  0.88
 0  67.05  0.86  0  0  9.58
 2  97.46  0.51  1  3  1.59
 2  70.67  1.30  1  3  0.87
 1  82.53  0.61  0  1  1.56
 2  95.31  1.16  1  2  1.25
 3  60.30  0.84  1  3  0.86
 1  74.25  1.34  0  1  0.74
 0  61.05  0.62  0  0  0.91
 3  64.69  0.42  1  3  1.44
 3  81.94  0.21  1  3  0.68
 2  99.70  0.73  1  2  1.20
 3  69.02  0.57  1  3  0.94
 1  92.95  0.71  0  1  3.21
 2  82.53  0.96  1  2  1.07
 1  73.90  0.71  0  1  1.81
 0  69.02  0.57  0  0  1.68
 3  85.75  0.23  1  3  0.66
 0  70.67  1.30  0  1  1.37
 1  86.10  0.71  0  1  0.89
 0  97.46  0.51  0  1  1.09
 1  81.94  1.37  0  1  0.66
 3  72.67  0.46  1  3  1.91
 2  77.47  0.96  1  2  0.91
 0  62.54  1.06  0  0  0.89
 0  92.56  0.33  0  0  0.82
 1  89.33  1.30  0  1  0.67
 3  73.90  0.86  1  3  3.68
 3  67.44  0.33  1  3  0.81
 1  92.95  0.86  0  1  0.81
 2  67.44  1.24  1  3  3.02
 2  97.46  1.06  1  2  0.91
 3  78.06  0.21  1  3  0.62
 2  90.98  1.00  1  2  1.09
 1  85.75  1.34  0  1  0.93
 2  86.10  0.86  1  2  1.88
 0  64.69  1.16  0  0  1.64
 3  64.69  1.16  1  3  1.02
 2  92.95  0.71  1  2  1.66
 2  81.94  1.37  1  2  0.90
 3  62.54  0.51  1  3  0.69
 2  89.33  1.30  1  2  0.88
 2  95.31  0.42  1  3  1.03
 3  61.05  0.95  1  3  0.86
 2  82.58  1.17  1  2  0.73
 1  95.31  1.16  0  1  0.75
 0  70.67  0.27  0  0  0.73
 3  87.33  0.46  1  3  2.47
 0  72.67  0.46  0  3  0.78
 0  77.42  0.40  0  0  0.73
 0  67.44  0.33  0  0  1.02
 1  90.98  0.57  0  1  0.97
 0  60.30  0.73  0  0  0.74
 0  64.69  0.42  0  0  0.59
 1  78.06  1.37  0  1  0.60
 2  77.42  1.17  1  2  0.97
 2  98.95  0.62  1  3  4.21
 2  86.10  0.71  1  2  2.34
 1  98.95  0.62  0  1  0.85
 3  89.33  0.27  1  3  0.94
 1  98.95  0.95  0  1  0.73
 3  60.30  0.73  1  3  0.64
 0  82.58  0.40  0  0  3.42
 3  82.53  0.61  1  3  2.24
 0  74.25  0.23  0  0  0.76
 2  78.06  1.37  1  2  0.71
 3  67.05  0.71  1  3  2.73
 1  90.98  1.00  0  1  0.68
 2  92.56  1.24  1  2  0.75
 1  82.53  0.96  0  1  3.21
 0  81.94  0.21  0  0  0.64
 3  69.02  1.00  1  3  1.54
 1  73.90  0.86  0  0  0.84
 2  72.67  1.11  1  2  0.89
 2  98.95  0.95  1  2  2.45
 3  61.05  0.62  1  3  0.73
 0  62.54  0.51  0  0  0.70
 0  69.02  1.00  0  1  0.81
 1  99.70  0.73  0  1  0.75
 3  74.25  0.23  1  3  0.81
 0  87.33  0.46  0  3  1.49
 3  92.56  0.33  1  2  3.31
 1  77.42  1.17  0  1  1.05
 1  97.46  1.06  0  1  0.85
 3  77.47  0.61  1  2  1.76
 1  87.33  1.11  0  1  0.85
 3  67.05  0.86  1  3  1.47
