 0  90.98  0.57  0  1  1.45
 1  97.46  1.06  1  1  1.13
 1  73.90  0.71  0  0  2.60
 1  99.70  0.84  1  0  1.00
 1  77.42  1.17  1  1  0.95
 1  97.46  0.51  1  1  3.55
 0  81.94  0.21  1  0  0.72
 1  81.94  0.21  0  0  0.79
 1  67.44  0.33  0  1  1.04
 1  78.06  1.37  1  1  1.59
 1  92.56  1.24  1  1  0.63
 0  72.67  0.46  1  1  1.55
 0  61.05  0.95  1  1  0.78
 1  67.05  0.71  0  1  1.87
 0  86.10  0.71  0  0  2.13
 0  92.56  1.24  0  1  0.66
 1  86.10  0.86  1  1  1.39
 1  95.31  0.42  1  0  0.95
 0  78.06  0.21  1  0  0.83
 1  77.42  0.40  0  0  1.13
 1  67.44  1.24  1  1  0.77
 1  62.54  1.06  0  1  0.82
 1  74.25  0.23  0  0  0.78
 0  74.25  0.23  1  1  1.19
 0  89.33  1.30  0  1  0.83
 1  78.06  0.21  0  1  1.87
 1  61.05  0.62  0  1  0.91
 0  62.54  1.06  1  1  0.77
 0  95.31  0.42  0  1  1.14
 1  90.98  1.00  1  1  2.23
 0  85.75  0.23  1  0  1.47
 1  87.33  0.46  0  0  0.78
 1  62.54  0.51  0  1  0.82
 0  67.44  1.24  0  1  1.87
 0  92.95  0.86  0  1  2.42
 0  82.58  0.40  1  0  0.96
 0  70.67  1.30  0  0  2.09
 0  87.33  1.11  0  1  0.89
 1  64.69  1.16  0  1  1.29
 0  73.90  0.71  1  1  1.92
 1  99.70  0.73  1  1  2.91
 1  85.75  0.23  0  0  0.87
 1  67.05  0.86  0  1  2.76
 1  60.30  0.84  0  0  1.09
 0  73.90  0.86  1  1  0.71
 1  86.10  0.71  1  1  1.18
 0  90.98  1.00  0  1  1.16
 0  77.47  0.61  1  1  3.92
 0  77.42  1.17  0  1  0.76
 0  82.58  1.17  0  1  0.94
 1  70.67  1.30  1  1  1.14
 0  77.42  0.40  1  0  1.22
 0  97.46  0.51  0  0  3.71
 1  72.67  0.46  0  0  3.22
 1  98.95  0.62  1  1  1.50
 0  87.33  0.46  1  1  2.72
 0  82.53  0.96  0  1  0.92
 1  87.33  1.11  1  1  2.32
 1  61.05  0.95  0  0  1.85
 0  98.95  0.62  0  1  1.17
 1  89.33  0.27  0  0  2.24
 1  70.67  0.27  0  0  3.39
 0  99.70  0.84  0  1  0.83
 0  78.06  1.37  0  1  1.56
 1  85.75  1.34  1  0  1.27
 1  77.47  0.61  0  1  1.82
 0  85.75  1.34  0  1  1.25
 1  73.90  0.86  0  1  1.23
 0  62.54  0.51  1  0  3.89
 1  74.25  1.34  1  1  4.15
 1  69.02  1.00  0  0  3.08
 0  67.05  0.71  1  1  0.51
 1  92.56  0.33  0  0  1.37
 1  98.95  0.95  1  1  2.19
 1  69.02  0.57  0  1  4.01
 1  92.95  0.86  1  1  1.31
 0  64.69  1.16  1  1  3.46
 1  92.95  0.71  1  1  0.88
 1  95.31  1.16  1  1  0.92
 0  64.69  0.42  1  1  2.27
 0  92.56  0.33  1  0  3.96
 0  92.95  0.71  0  1  1.57
 0  69.02  0.57  1  1  0.88
 1  82.58  0.40  0  0  4.03
 0  67.05  0.86  1  1  1.65
 0  95.31  1.16  0  1  1.75
 0  67.44  0.33  1  0  4.03
 0  81.94  1.37  0  1  0.78
 0  82.53  0.61  1  0  3.98
 0  60.30  0.84  1  1  1.19
 0  98.95  0.95  0  1  0.91
 0  97.46  1.06  0  1  1.47
 1  72.67  1.11  1  1  2.04
 1  81.94  1.37  1  1  0.92
 0  72.67  1.11  0  1  2.55
 1  90.98  0.57  1  1  1.37
 0  99.70  0.73  0  1  3.27
 0  89.33  0.27  1  0  0.92
 1  82.53  0.96  1  0  1.05
 0  61.05  0.62  1  0  2.85
 1  64.69  0.42  0  0  3.18
 0  77.47  0.96  0  1  0.95
 1  89.33  1.30  1  1  0.60
 0  70.67  0.27  1  0  1.06
 0  60.30  0.73  1  1  0.91
 0  86.10  0.86  0  1  0.98
 1  82.58  1.17  1  1  0.75
 1  77.47  0.96  1  1  0.90
 1  60.30  0.73  0  1  2.30
 0  74.25  1.34  0  1  1.04
 1  82.53  0.61  0  1  2.08
 0  69.02  1.00  1  1  1.28
 1  60.30  0.73  0  1  1.96
 1  78.06  0.21  0  0  0.54
 0  81.94  0.21  1  0  1.16
 0  82.53  0.61  1  0  5.18
 0  67.05  0.71  1  1  1.32
 1  74.25  0.23  0  0  0.87
 0  99.70  0.73  0  1  1.39
 1  99.70  0.84  1  1  0.82
 0  67.44  1.24  0  1  0.88
 1  72.67  0.46  0  1  1.12
 1  69.02  0.57  0  1  2.39
 1  73.90  0.86  0  1  0.91
 0  77.47  0.96  0  1  1.03
 0  87.33  0.46  1  1  1.38
 1  89.33  0.27  0  1  1.33
 0  97.46  0.51  0  1  0.89
 0  64.69  1.16  1  1  0.91
 1  82.53  0.61  0  0  1.11
 0  78.06  0.21  1  0  0.91
 0  72.67  1.11  0  1  0.95
 1  70.67  0.27  0  0  0.85
 0  82.53  0.96  0  1  0.96
 0  61.05  0.95  1  1  1.39
 1  67.05  0.71  0  1  1.08
 1  82.58  0.40  0  0  1.36
 0  77.47  0.61  1  1  1.42
 0  87.33  1.11  0  1  0.84
 0  70.67  1.30  0  1  2.14
 0  86.10  0.71  0  0  0.87
 0  81.94  1.37  0  1  2.51
 0  90.98  0.57  0  0  0.49
 1  90.98  0.57  1  1  1.68
 1  67.44  1.24  1  1  1.06
 1  89.33  1.30  1  1  2.22
 0  67.05  0.86  1  0  1.93
 0  61.05  0.62  1  0  1.17
 1  92.95  0.86  1  1  1.22
 0  62.54  0.51  1  0  1.33
 0  86.10  0.86  0  0  1.69
 0  78.06  1.37  0  0  0.81
 0  97.46  1.06  0  0  1.63
 0  73.90  0.71  1  1  2.35
 1  60.30  0.84  0  0  0.67
 0  67.44  0.33  1  1  0.94
 0  92.56  0.33  1  1  2.43
 1  87.33  0.46  0  0  2.54
 0  85.75  0.23  1  1  1.02
 0  89.33  1.30  0  0  2.19
 0  82.58  0.40  1  0  0.76
 0  92.56  1.24  0  0  1.32
 1  92.56  0.33  0  0  1.62
 1  77.47  0.61  0  0  1.64
 1  97.46  0.51  1  1  0.97
 1  95.31  0.42  1  1  0.78
 1  74.25  1.34  1  0  2.23
 0  60.30  0.73  1  0  3.13
 0  73.90  0.86  1  0  2.67
 1  92.95  0.71  1  0  1.73
 1  67.05  0.86  0  0  5.80
 0  98.95  0.62  0  1  0.98
 0  95.31  1.16  0  1  0.94
 0  98.95  0.95  0  0  1.90
 1  85.75  1.34  1  0  1.13
 1  73.90  0.71  0  1  0.51
 0  95.31  0.42  0  1  0.79
 1  82.58  1.17  1  1  0.94
 1  61.05  0.95  0  1  2.03
 1  81.94  0.21  0  0  1.41
 1  95.31  1.16  1  1  3.24
 0  77.42  0.40  1  0  4.80
 1  99.70  0.73  1  1  0.98
 1  77.47  0.96  1  1  0.92
 0  90.98  1.00  0  1  3.66
 0  89.33  0.27  1  0  0.47
 1  67.44  0.33  0  0  1.45
 0  70.67  0.27  1  1  1.41
 0  77.42  1.17  0  1  1.04
 1  69.02  1.00  0  0  1.64
 1  78.06  1.37  1  1  2.51
 1  72.67  1.11  1  1  2.70
 1  97.46  1.06  1  1  1.72
 0  92.95  0.71  0  0  1.62
 0  64.69  0.42  1  0  1.05
 1  61.05  0.62  0  0  2.22
 1  98.95  0.62  1  1  1.11
 0  62.54  1.06  1  0  4.09
 0  72.67  0.46  1  0  2.00
 1  98.95  0.95  1  1  1.51
 1  77.42  0.40  0  0  1.74
 1  87.33  1.11  1  1  1.78
 1  82.53  0.96  1  1  0.50
 1  81.94  1.37  1  1  1.04
 1  85.75  0.23  0  0  0.93
 0  74.25  0.23  1  0  3.93
 1  90.98  1.00  1  1  0.65
 1  64.69  1.16  0  0  3.19
 1  62.54  1.06  0  1  0.69
 1  86.10  0.86  1  1  1.28
 1  77.42  1.17  1  0  3.21
 1  62.54  0.51  0  1  1.00
 1  70.67  1.30  1  1  1.20
 0  82.58  1.17  0  1  1.62
 0  60.30  0.84  1  0  2.88
 1  92.56  1.24  1  1  1.85
 0  69.02  0.57  1  0  0.92
 1  64.69  0.42  0  1  2.67
 1  86.10  0.71  1  1  3.72
 0  92.95  0.86  0  0  1.89
 0  74.25  1.34  0  1  0.88
 0  99.70  0.84  0  0  1.52
 0  69.02  1.00  1  1  2.76
 0  85.75  1.34  0  1  3.07
 0  61.05  0.62  1  0  1.72
 0  92.95  0.71  0  0  1.52
 0  86.10  0.71  0  0  2.29
 0  87.33  1.11  0  0  2.76
 0  89.33  1.30  0  1  1.33
 0  98.95  0.95  0  0  1.39
 0  77.47  0.61  1  0  0.90
 0  90.98  0.57  0  0  0.94
 1  72.67  1.11  1  1  0.83
 0  61.05  0.95  1  1  1.57
 1  92.95  0.86  1  0  1.11
 0  98.95  0.62  0  0  1.14
 0  73.90  0.86  1  0  2.12
 1  74.25  0.23  0  0  1.71
 0  60.30  0.73  1  0  1.93
 1  89.33  1.30  1  0  1.08
 1  87.33  1.11  1  1  1.68
 1  60.30  0.84  0  1  0.84
 0  87.33  0.46  1  0  2.37
 0  70.67  1.30  0  1  0.83
 1  67.44  1.24  1  0  1.34
 1  82.53  0.61  0  1  1.66
 0  67.44  0.33  1  1  0.51
 1  64.69  0.42  0  1  1.64
 1  87.33  0.46  0  1  1.17
 0  92.56  0.33  1  0  1.07
 0  78.06  0.21  1  0  0.76
 0  86.10  0.86  0  1  2.21
 1  89.33  0.27  0  0  1.26
 1  61.05  0.62  0  1  0.68
 0  69.02  1.00  1  0  1.17
 0  69.02  0.57  1  0  0.86
 1  92.56  0.33  0  0  0.82
 1  70.67  1.30  1  0  0.62
 1  61.05  0.95  0  1  2.56
 0  74.25  0.23  1  0  0.74
 0  74.25  1.34  0  1  1.16
 1  99.70  0.73  1  0  0.46
 0  97.46  0.51  0  0  1.14
 0  85.75  1.34  0  0  1.77
 0  81.94  1.37  0  0  1.35
 1  85.75  0.23  0  0  0.78
 1  70.67  0.27  0  1  2.42
 1  73.90  0.71  0  1  0.91
 0  64.69  1.16  1  1  4.03
 1  74.25  1.34  1  0  2.35
 1  62.54  1.06  0  1  1.41
 1  97.46  0.51  1  0  0.63
 1  67.05  0.86  0  1  2.38
 1  82.53  0.96  1  0  0.82
 1  81.94  1.37  1  1  1.80
 1  99.70  0.84  1  1  3.48
 1  73.90  0.86  0  0  2.83
 1  81.94  0.21  0  0  2.41
 0  97.46  1.06  0  1  0.94
 1  69.02  0.57  0  0  1.67
 0  78.06  1.37  0  1  0.95
 0  92.95  0.86  0  0  1.60
 0  82.58  0.40  1  0  0.70
 0  62.54  0.51  1  0  1.15
 1  78.06  0.21  0  0  1.08
 1  92.95  0.71  1  0  3.88
 1  64.69  1.16  0  1  0.88
 0  70.67  0.27  1  0  0.78
 1  92.56  1.24  1  1  4.86
 1  77.47  0.96  1  1  0.94
 0  90.98  1.00  0  1  1.50
 0  95.31  0.42  0  1  3.87
 0  64.69  0.42  1  0  1.88
 0  95.31  1.16  0  1  1.04
 0  92.56  1.24  0  0  0.96
 0  60.30  0.84  1  0  0.61
 1  78.06  1.37  1  0  0.89
 0  67.05  0.86  1  0  0.89
 1  86.10  0.71  1  1  2.64
 0  82.53  0.61  1  1  0.64
 1  85.75  1.34  1  0  4.29
 0  85.75  0.23  1  0  0.75
 0  77.47  0.96  0  1  0.84
 1  82.58  1.17  1  0  1.70
 0  82.58  1.17  0  1  0.76
 1  67.44  0.33  0  1  2.85
 1  77.42  0.40  0  1  1.05
 0  72.67  0.46  1  0  0.88
 0  99.70  0.84  0  0  2.79
 1  60.30  0.73  0  1  1.14
 0  67.44  1.24  0  1  0.89
 1  86.10  0.86  1  0  0.96
 1  77.42  1.17  1  1  1.75
 1  97.46  1.06  1  1  0.79
 0  81.94  0.21  1  0  0.71
 1  77.47  0.61  0  1  1.94
 1  98.95  0.62  1  1  2.84
 1  95.31  1.16  1  1  2.80
 0  72.67  1.11  0  1  1.43
 1  69.02  1.00  0  1  2.75
 0  67.05  0.71  1  0  3.23
 1  62.54  0.51  0  0  2.29
 0  73.90  0.71  1  0  0.65
 0  82.53  0.96  0  1  0.54
 1  90.98  1.00  1  0  1.68
 0  77.42  1.17  0  1  1.25
 1  95.31  0.42  1  0  0.88
 1  90.98  0.57  1  1  3.35
 0  99.70  0.73  0  1  1.43
 1  72.67  0.46  0  1  2.05
 0  77.42  0.40  1  0  1.14
 0  62.54  1.06  1  1  2.41
 1  98.95  0.95  1  0  2.45
 0  89.33  0.27  1  0  1.06
 1  82.58  0.40  0  1  2.34
 1  67.05  0.71  0  1  1.81
 0  60.30  0.73  1  1  2.38
 0  60.30  0.84  1  0  2.72
 1  87.33  1.11  1  0  1.38
 0  97.46  1.06  0  1  2.52
 0  62.54  1.06  1  0  2.75
 1  99.70  0.73  1  0  1.00
 0  74.25  0.23  1  0  4.79
 1  73.90  0.86  0  0  3.78
 1  69.02  1.00  0  1  0.91
 1  85.75  1.34  1  0  0.77
 1  99.70  0.84  1  0  0.98
 1  92.95  0.71  1  1  0.74
 1  72.67  1.11  1  1  0.81
 0  70.67  0.27  1  0  0.75
 0  67.44  0.33  1  0  0.80
 1  82.53  0.96  1  0  1.61
 1  97.46  0.51  1  0  3.51
 0  74.25  1.34  0  1  0.74
 0  98.95  0.95  0  1  0.85
 0  92.95  0.86  0  0  1.31
 0  90.98  0.57  0  0  0.67
 1  67.44  1.24  1  0  0.73
 0  92.56  0.33  1  0  0.60
 1  92.95  0.86  1  1  4.30
 1  92.56  1.24  1  1  0.80
 0  92.95  0.71  0  0  2.05
 0  82.53  0.96  0  1  4.10
 1  78.06  1.37  1  0  1.30
 1  77.47  0.96  1  1  1.00
 1  90.98  1.00  1  1  0.80
 0  81.94  0.21  1  0  0.96
 0  70.67  1.30  0  1  0.74
 1  67.05  0.71  0  0  1.12
 0  82.53  0.61  1  0  0.94
 1  81.94  1.37  1  0  2.62
 0  95.31  1.16  0  1  0.85
 0  99.70  0.84  0  0  3.23
 0  72.67  0.46  1  0  0.45
 0  86.10  0.71  0  0  0.83
 0  98.95  0.62  0  0  0.70
 1  73.90  0.71  0  0  0.97
 0  87.33  1.11  0  1  0.68
 1  60.30  0.84  0  1  0.88
 0  67.44  1.24  0  1  0.69
 0  73.90  0.86  1  0  0.53
 0  61.05  0.62  1  0  0.76
 0  67.05  0.71  1  0  0.81
 0  72.67  1.11  0  0  2.41
 0  90.98  1.00  0  1  2.32
 0  81.94  1.37  0  0  1.93
 1  85.75  0.23  0  0  1.17
 1  97.46  1.06  1  0  0.89
 1  61.05  0.95  0  1  0.69
 0  86.10  0.86  0  1  0.69
 1  89.33  1.30  1  0  0.70
 1  82.58  0.40  0  1  2.17
 1  62.54  0.51  0  1  1.88
 1  90.98  0.57  1  0  0.66
 0  95.31  0.42  0  1  1.07
 1  78.06  0.21  0  1  1.26
 1  95.31  1.16  1  0  0.85
 1  77.47  0.61  0  0  4.95
 1  77.42  0.40  0  1  0.87
 1  82.58  1.17  1  0  1.42
 0  77.42  0.40  1  0  1.78
 1  98.95  0.62  1  0  1.42
 1  92.56  0.33  0  0  1.74
 1  86.10  0.86  1  0  1.50
 0  92.56  1.24  0  1  0.84
 0  61.05  0.95  1  1  2.40
 0  73.90  0.71  1  0  0.74
 0  67.05  0.86  1  0  0.59
 0  85.75  1.34  0  1  0.86
 0  77.47  0.96  0  1  1.38
 0  85.75  0.23  1  0  0.61
 0  69.02  1.00  1  0  0.83
 1  98.95  0.95  1  0  0.75
 0  78.06  1.37  0  1  0.70
 0  64.69  1.16  1  0  1.03
 0  77.42  1.17  0  0  0.80
 1  64.69  0.42  0  1  2.02
 0  62.54  0.51  1  0  1.06
 0  64.69  0.42  1  0  1.44
 1  82.53  0.61  0  1  4.70
 0  89.33  1.30  0  1  0.70
 1  70.67  0.27  0  0  2.21
 0  97.46  0.51  0  1  1.79
 1  60.30  0.73  0  0  1.41
 0  69.02  0.57  1  0  2.42
 1  67.44  0.33  0  1  0.93
 1  69.02  0.57  0  1  0.80
 0  89.33  0.27  1  0  0.44
 1  95.31  0.42  1  0  0.49
 1  89.33  0.27  0  1  0.83
 0  99.70  0.73  0  1  0.84
 1  74.25  0.23  0  0  0.85
 1  77.42  1.17  1  0  2.20
 1  87.33  0.46  0  0  1.65
 0  87.33  0.46  1  0  2.38
 0  82.58  0.40  1  0  0.74
 0  77.47  0.61  1  0  0.94
 1  62.54  1.06  0  1  0.81
 1  64.69  1.16  0  1  0.54
 1  86.10  0.71  1  0  1.09
 1  74.25  1.34  1  1  1.75
 0  78.06  0.21  1  0  0.65
 1  67.05  0.86  0  1  3.60
 1  72.67  0.46  0  1  1.80
 0  82.58  1.17  0  1  0.72
 1  70.67  1.30  1  0  0.91
 1  61.05  0.62  0  1  3.98
 1  81.94  0.21  0  1  2.07
 0  64.69  0.42  1  0  4.46
 1  73.90  0.86  0  1  0.67
 1  86.10  0.86  1  0  0.71
 0  77.42  0.40  1  0  0.75
 1  92.95  0.86  1  0  2.97
 1  62.54  0.51  0  1  0.68
 1  87.33  1.11  1  1  1.38
 1  67.44  0.33  0  1  1.38
 1  70.67  1.30  1  1  2.34
 1  85.75  0.23  0  1  0.91
 0  78.06  1.37  0  1  0.69
 0  73.90  0.86  1  0  2.86
 0  90.98  1.00  0  1  0.55
 0  77.42  1.17  0  1  0.58
 0  62.54  1.06  1  0  1.58
 1  92.56  1.24  1  0  0.76
 0  95.31  0.42  0  0  1.76
 1  89.33  1.30  1  0  0.46
 1  70.67  0.27  0  1  1.05
 0  85.75  0.23  1  0  0.78
 0  72.67  0.46  1  0  0.90
 0  92.56  1.24  0  1  0.44
 0  97.46  1.06  0  0  1.59
 1  69.02  0.57  0  1  1.19
 1  82.58  0.40  0  0  1.19
 0  70.67  1.30  0  1  0.84
 1  64.69  1.16  0  1  0.93
 0  67.44  1.24  0  1  0.54
 1  82.53  0.96  1  0  1.62
 0  92.95  0.71  0  0  1.27
 1  81.94  0.21  0  1  3.19
 0  70.67  0.27  1  0  0.49
 0  86.10  0.86  0  1  0.83
 0  61.05  0.62  1  0  0.92
 0  82.58  1.17  0  0  1.27
 1  77.47  0.96  1  0  0.81
 0  64.69  1.16  1  1  1.18
 1  82.53  0.61  0  0  1.84
 1  78.06  0.21  0  0  1.93
 1  74.25  1.34  1  1  1.63
 1  95.31  1.16  1  1  0.96
 0  82.58  0.40  1  0  0.77
 0  77.47  0.96  0  0  1.65
 0  77.47  0.61  1  0  1.08
 1  69.02  1.00  0  1  0.81
 0  98.95  0.95  0  1  2.58
 1  61.05  0.62  0  1  1.33
 1  98.95  0.95  1  0  1.44
 0  95.31  1.16  0  1  0.90
 1  72.67  1.11  1  0  2.36
 0  99.70  0.84  0  1  1.28
 1  74.25  0.23  0  0  1.36
 0  86.10  0.71  0  0  2.71
 0  81.94  0.21  1  0  0.61
 0  99.70  0.73  0  0  0.99
 1  82.58  1.17  1  0  1.05
 1  85.75  1.34  1  1  2.49
 0  90.98  0.57  0  1  0.98
 1  67.05  0.71  0  0  3.06
 0  78.06  0.21  1  0  0.79
 0  60.30  0.73  1  0  1.25
 1  78.06  1.37  1  0  0.86
 1  77.47  0.61  0  1  1.97
 0  73.90  0.71  1  0  1.16
 1  98.95  0.62  1  0  0.75
 0  87.33  0.46  1  0  1.68
 1  67.05  0.86  0  1  0.84
 0  81.94  1.37  0  1  0.71
 0  82.53  0.96  0  1  0.70
 1  72.67  0.46  0  0  1.44
 1  86.10  0.71  1  0  0.79
 1  81.94  1.37  1  1  3.52
 0  92.56  0.33  1  0  0.88
 0  92.95  0.86  0  0  1.31
 0  97.46  0.51  0  0  1.20
 0  82.53  0.61  1  0  0.83
 0  72.67  1.11  0  0  2.02
 0  60.30  0.84  1  1  2.10
 0  69.02  0.57  1  0  0.78
 0  89.33  1.30  0  1  0.66
 1  87.33  0.46  0  0  1.06
 0  89.33  0.27  1  0  1.38
 0  62.54  0.51  1  0  0.49
 0  67.05  0.86  1  0  0.56
 1  92.95  0.71  1  0  3.39
 1  61.05  0.95  0  1  0.64
 1  90.98  0.57  1  0  1.03
 1  97.46  1.06  1  0  1.79
 1  60.30  0.73  0  1  0.94
 1  64.69  0.42  0  1  1.57
 1  97.46  0.51  1  0  0.76
 0  67.05  0.71  1  1  1.08
 1  89.33  0.27  0  0  1.03
 1  73.90  0.71  0  1  1.47
 1  77.42  0.40  0  0  1.06
 1  99.70  0.84  1  0  0.80
 1  92.56  0.33  0  0  1.88
 0  87.33  1.11  0  1  1.04
 1  90.98  1.00  1  0  6.67
 1  60.30  0.84  0  1  0.35
 0  74.25  0.23  1  1  0.26
 1  77.42  1.17  1  1  0.62
 0  98.95  0.62  0  0  0.60
 1  95.31  0.42  1  0  0.65
 0  61.05  0.95  1  1  0.95
 0  67.44  0.33  1  1  1.87
 0  69.02  1.00  1  0  2.45
 0  74.25  1.34  0  1  0.72
 1  67.44  1.24  1  0  1.67
 1  99.70  0.73  1  0  0.61
 1  62.54  1.06  0  1  0.75
 0  85.75  1.34  0  1  0.95
