 1  62.54  0.51  0  1  2.70
 0  95.31  1.16  0  0  1.01
 1  61.05  0.95  1  1  0.92
 1  81.94  0.21  1  0  0.99
 0  82.58  1.17  0  0  1.29
 0  74.25  1.34  1  1  0.96
 1  67.44  0.33  1  0  2.71
 1  67.05  0.71  1  0  0.66
 1  73.90  0.86  1  1  1.02
 1  60.30  0.84  0  1  1.01
 1  60.30  0.84  1  1  0.82
 1  69.02  1.00  1  1  0.60
 0  99.70  0.84  0  0  0.72
 0  92.95  0.71  0  0  0.52
 1  69.02  0.57  1  1  0.58
 0  86.10  0.86  1  0  0.50
 0  85.75  1.34  0  0  1.21
 0  97.46  0.51  1  0  0.86
 1  61.05  0.95  0  1  0.55
 0  82.53  0.96  0  0  0.49
 0  74.25  1.34  0  1  0.67
 0  67.44  1.24  1  1  1.74
 0  78.06  1.37  1  0  0.77
 0  67.44  1.24  0  1  0.90
 0  85.75  1.34  1  0  0.67
 0  86.10  0.86  0  0  0.62
 1  72.67  0.46  1  0  0.65
 1  85.75  0.23  0  1  0.55
 0  90.98  0.57  0  1  0.77
 0  92.95  0.86  1  0  0.84
 0  70.67  1.30  1  1  1.63
 0  82.53  0.96  1  0  0.62
 1  89.33  0.27  1  0  0.53
 1  81.94  0.21  0  1  0.86
 0  92.95  0.71  1  0  1.08
 1  73.90  0.71  1  0  1.12
 0  92.95  0.86  0  0  0.72
 0  90.98  0.57  1  0  0.58
 1  62.54  1.06  1  1  1.82
 1  77.47  0.61  1  0  0.70
 0  81.94  1.37  1  0  2.27
 0  77.42  1.17  0  0  0.70
 1  89.33  0.27  0  0  3.51
 1  82.58  0.40  0  1  0.49
 0  95.31  1.16  1  0  0.86
 0  98.95  0.95  1  0  0.53
 0  90.98  1.00  1  0  0.81
 0  72.67  1.11  0  1  1.43
 0  99.70  0.73  0  0  1.32
 0  97.46  1.06  1  0  0.71
 0  77.42  1.17  1  0  1.26
 1  82.53  0.61  1  1  1.15
 0  86.10  0.71  1  1  0.59
 1  85.75  0.23  1  0  0.04
 0  89.33  1.30  1  0  1.32
 0  87.33  1.11  1  0  0.78
 1  78.06  0.21  1  1  0.95
 1  73.90  0.86  0  1  1.16
 1  87.33  0.46  1  1  1.55
 0  89.33  1.30  0  0  0.77
 0  99.70  0.84  1  0  0.90
 1  82.53  0.61  0  0  2.04
 1  77.47  0.61  0  1  0.51
 1  69.02  0.57  0  1  0.95
 0  92.56  1.24  1  0  0.99
 0  90.98  1.00  0  0  0.71
 1  67.05  0.86  0  1  0.96
 0  77.47  0.96  0  0  1.30
 1  64.69  0.42  0  1  1.46
 0  99.70  0.73  1  1  1.65
 1  62.54  1.06  0  1  0.76
 1  64.69  1.16  0  1  0.70
 1  67.05  0.86  1  1  3.47
 1  78.06  0.21  0  1  2.22
 0  92.56  1.24  0  0  0.83
 1  67.05  0.71  0  1  2.10
 1  60.30  0.73  0  1  0.96
 0  82.58  1.17  1  0  0.78
 1  64.69  1.16  1  1  0.73
 1  70.67  0.27  0  1  2.22
 1  87.33  0.46  0  0  2.36
 1  72.67  0.46  0  1  0.86
 1  92.56  0.33  1  0  1.51
 1  77.42  0.40  0  1  0.26
 1  74.25  0.23  1  1  1.00
 1  73.90  0.71  0  1  2.22
 0  98.95  0.62  1  1  1.86
 0  86.10  0.71  0  0  0.42
 0  97.46  1.06  0  0  0.56
 0  98.95  0.95  0  0  0.53
 1  82.58  0.40  1  0  1.53
 1  60.30  0.73  1  1  1.12
 1  92.56  0.33  0  0  2.84
 1  64.69  0.42  1  1  0.59
 1  77.42  0.40  1  0  4.25
 0  70.67  1.30  0  1  0.86
 1  61.05  0.62  0  0  0.80
 0  95.31  0.42  1  0  2.34
 1  70.67  0.27  1  1  1.92
 0  98.95  0.62  0  0  1.03
 1  61.05  0.62  1  1  3.07
 1  67.44  0.33  0  1  0.73
 1  62.54  0.51  1  1  0.43
 0  78.06  1.37  0  0  1.51
 0  87.33  1.11  0  0  1.05
 0  97.46  0.51  0  0  0.92
 0  95.31  0.42  0  0  0.91
 0  77.47  0.96  1  0  2.62
 1  69.02  1.00  0  1  1.42
 0  81.94  1.37  0  0  1.25
 0  72.67  1.11  1  0  0.74
 1  74.25  0.23  0  1  2.75
 0  92.95  0.71  1  0  1.43
 1  72.67  0.46  0  1  2.03
 1  64.69  0.42  0  1  0.71
 1  62.54  0.51  1  1  0.79
 1  81.94  0.21  1  1  3.05
 1  92.56  0.33  0  1  0.99
 0  97.46  1.06  1  0  0.77
 0  74.25  1.34  1  1  1.48
 0  70.67  1.30  1  0  0.33
 0  95.31  0.42  1  1  1.55
 1  64.69  1.16  0  0  1.04
 0  67.44  1.24  1  1  0.49
 0  74.25  1.34  0  0  0.51
 1  92.56  0.33  1  0  2.30
 0  85.75  1.34  0  0  1.40
 0  77.42  1.17  1  0  0.51
 1  77.42  0.40  0  1  1.13
 1  64.69  0.42  1  1  0.62
 1  77.42  0.40  1  1  0.61
 0  99.70  0.73  0  0  0.58
 0  99.70  0.73  1  0  0.57
 0  81.94  1.37  0  0  1.76
 0  90.98  1.00  1  0  0.87
 0  97.46  0.51  1  1  1.55
 1  82.58  0.40  0  0  0.81
 1  60.30  0.73  0  1  0.57
 0  95.31  0.42  0  0  1.82
 1  87.33  0.46  1  0  1.00
 1  73.90  0.86  0  1  0.51
 0  92.95  0.71  0  0  0.79
 1  69.02  0.57  1  0  1.84
 1  74.25  0.23  1  1  0.70
 1  61.05  0.62  0  1  0.64
 1  82.58  0.40  1  0  1.01
 1  67.05  0.71  1  1  0.92
 0  95.31  1.16  1  0  0.70
 0  70.67  1.30  0  1  1.41
 0  97.46  0.51  0  0  0.56
 1  60.30  0.84  0  1  1.06
 0  98.95  0.95  0  0  0.76
 1  89.33  0.27  1  1  1.90
 1  73.90  0.86  1  1  1.06
 0  97.46  1.06  0  0  0.85
 0  87.33  1.11  0  0  1.33
 0  86.10  0.71  0  0  0.82
 0  92.95  0.86  1  0  0.55
 0  86.10  0.71  1  0  0.67
 0  92.95  0.86  0  0  0.58
 0  77.47  0.96  0  1  0.84
 1  78.06  0.21  0  1  1.08
 1  64.69  1.16  1  1  1.12
 0  72.67  1.11  0  1  0.54
 1  73.90  0.71  0  1  0.76
 0  77.42  1.17  0  1  0.63
 1  70.67  0.27  0  1  1.87
 1  82.53  0.61  0  1  2.88
 1  85.75  0.23  1  1  0.83
 0  82.53  0.96  1  1  1.49
 1  67.44  0.33  0  1  0.69
 0  87.33  1.11  1  0  2.52
 1  78.06  0.21  1  1  0.67
 0  92.56  1.24  1  0  0.92
 0  81.94  1.37  1  0  1.19
 0  78.06  1.37  0  1  0.85
 0  82.58  1.17  0  0  0.51
 1  77.47  0.61  1  1  0.70
 1  82.53  0.61  1  1  0.52
 0  99.70  0.84  1  1  2.13
 0  99.70  0.84  0  0  0.78
 1  72.67  0.46  1  1  0.95
 0  90.98  0.57  0  1  0.86
 1  67.05  0.71  0  1  1.05
 1  60.30  0.73  1  1  0.52
 1  60.30  0.84  1  1  0.50
 0  78.06  1.37  1  0  2.90
 0  92.56  1.24  0  0  0.66
 0  86.10  0.86  0  0  0.66
 0  67.44  1.24  0  1  0.95
 1  73.90  0.71  1  0  0.57
 0  89.33  1.30  1  1  0.77
 0  98.95  0.62  0  0  3.66
 1  62.54  1.06  1  1  0.68
 1  67.05  0.86  1  1  2.58
 1  67.44  0.33  1  1  0.65
 0  72.67  1.11  1  1  0.92
 0  98.95  0.95  1  0  0.91
 1  77.47  0.61  0  1  1.99
 0  90.98  1.00  0  1  0.64
 0  98.95  0.62  1  1  2.86
 0  89.33  1.30  0  0  0.86
 1  61.05  0.62  1  1  0.57
 1  89.33  0.27  0  0  0.20
 0  90.98  0.57  1  1  3.44
 1  67.05  0.86  0  1  0.66
 0  82.58  1.17  1  1  1.74
 1  74.25  0.23  0  1  0.67
 1  62.54  0.51  0  1  0.81
 1  61.05  0.95  1  1  0.69
 1  81.94  0.21  0  1  1.34
 1  69.02  0.57  0  1  0.61
 0  82.53  0.96  0  0  1.03
 0  85.75  1.34  1  0  0.70
 1  62.54  1.06  0  1  0.95
 1  69.02  1.00  0  1  0.62
 1  61.05  0.95  0  1  0.59
 0  77.47  0.96  1  0  1.32
 1  69.02  1.00  1  1  0.69
 1  85.75  0.23  0  1  0.77
 0  86.10  0.86  1  1  0.67
 0  95.31  1.16  0  0  0.88
 1  70.67  0.27  1  1  0.74
 1  87.33  0.46  0  0  4.58
 0  90.98  1.00  1  0  2.77
 0  82.58  1.17  0  0  0.73
 1  67.44  0.33  0  1  0.62
 1  81.94  0.21  0  1  1.84
 1  77.42  0.40  1  1  0.55
 0  98.95  0.62  1  0  1.33
 0  86.10  0.71  0  0  0.70
 1  64.69  1.16  1  1  0.64
 1  62.54  0.51  0  1  0.59
 1  69.02  1.00  1  1  0.47
 1  69.02  1.00  0  1  0.55
 1  74.25  0.23  1  0  0.81
 1  78.06  0.21  1  1  0.88
 1  64.69  1.16  0  1  0.76
 0  67.44  1.24  0  1  0.96
 0  92.56  1.24  0  0  1.32
 0  74.25  1.34  0  0  1.16
 0  98.95  0.62  0  0  2.05
 0  74.25  1.34  1  1  6.55
 1  82.53  0.61  1  0  1.46
 0  86.10  0.71  1  1  0.63
 1  67.05  0.71  0  1  0.76
 0  81.94  1.37  1  0  1.21
 0  97.46  0.51  0  1  1.09
 1  72.67  0.46  0  1  0.90
 1  62.54  1.06  0  1  7.33
 0  72.67  1.11  1  1  1.02
 1  67.44  0.33  1  1  1.69
 0  78.06  1.37  1  0  0.81
 0  85.75  1.34  0  0  0.63
 1  69.02  0.57  0  1  0.93
 1  73.90  0.86  0  1  0.57
 1  73.90  0.71  0  0  1.91
 0  90.98  1.00  0  0  0.93
 1  92.56  0.33  0  1  1.53
 0  89.33  1.30  1  0  0.67
 1  60.30  0.73  1  1  0.65
 0  92.56  1.24  1  0  0.77
 0  95.31  0.42  0  1  1.01
 0  92.95  0.86  1  0  0.66
 0  70.67  1.30  1  1  0.71
 0  86.10  0.86  0  1  2.69
 0  82.53  0.96  1  0  0.58
 1  87.33  0.46  1  1  0.67
 0  89.33  1.30  0  1  4.49
 0  77.42  1.17  1  0  0.93
 0  81.94  1.37  0  0  0.70
 1  67.05  0.86  1  1  0.99
 1  69.02  0.57  1  1  0.57
 0  92.95  0.71  1  1  1.65
 1  89.33  0.27  0  0  0.91
 1  72.67  0.46  1  1  0.79
 1  82.58  0.40  1  1  1.56
 0  90.98  0.57  0  1  1.16
 1  89.33  0.27  1  0  0.48
 0  90.98  0.57  1  1  0.90
 0  87.33  1.11  1  0  1.92
 1  61.05  0.62  1  1  0.74
 1  77.42  0.40  0  1  4.80
 0  82.53  0.96  0  0  0.61
 1  78.06  0.21  0  1  0.56
 1  85.75  0.23  1  1  0.93
 0  77.47  0.96  0  0  0.56
 1  61.05  0.95  0  1  0.80
 0  92.95  0.71  0  0  1.15
 1  64.69  0.42  0  1  0.60
 0  98.95  0.95  1  0  1.17
 0  70.67  1.30  0  1  0.64
 0  99.70  0.84  0  0  1.11
 0  97.46  1.06  1  0  0.86
 0  95.31  1.16  0  0  1.03
 0  98.95  0.95  0  0  0.56
 1  70.67  0.27  1  1  0.65
 1  87.33  0.46  0  1  0.68
 1  85.75  0.23  0  1  0.83
 1  60.30  0.84  1  1  0.66
 0  99.70  0.84  1  0  0.95
 1  77.47  0.61  0  0  0.72
 1  62.54  0.51  1  1  0.57
 0  86.10  0.86  1  1  1.47
 1  60.30  0.73  0  1  0.51
 0  99.70  0.73  1  0  0.52
 1  70.67  0.27  0  1  0.68
 0  82.58  1.17  1  0  0.76
 1  82.53  0.61  0  0  1.11
 1  64.69  0.42  1  1  0.54
 1  77.47  0.61  1  1  1.87
 0  67.44  1.24  1  1  0.70
 1  61.05  0.95  1  1  0.71
 0  99.70  0.73  0  0  1.12
 0  77.42  1.17  0  1  1.26
 1  61.05  0.62  0  1  0.57
 0  87.33  1.11  0  0  0.77
 0  77.47  0.96  1  1  0.73
 0  95.31  0.42  1  1  2.35
 1  67.05  0.71  1  1  1.23
 1  73.90  0.86  1  1  0.77
 1  67.05  0.86  0  1  0.60
 1  74.25  0.23  0  1  2.03
 0  92.95  0.86  0  0  1.59
 0  95.31  1.16  1  0  0.59
 0  78.06  1.37  0  1  0.94
 1  62.54  1.06  1  1  0.86
 1  73.90  0.71  1  1  0.61
 1  92.56  0.33  1  1  6.68
 0  72.67  1.11  0  1  1.09
 1  82.58  0.40  0  0  5.31
 0  85.75  1.34  1  0  1.58
 0  97.46  0.51  1  1  1.83
 1  60.30  0.84  0  1  0.54
 0  97.46  1.06  0  0  0.82
 1  81.94  0.21  1  1  0.93
 1  74.25  0.23  1  1  0.92
 0  81.94  1.37  0  0  0.82
 1  64.69  0.42  1  1  0.44
 0  97.46  0.51  0  1  1.14
 1  69.02  0.57  0  1  0.66
 1  62.54  0.51  0  1  0.76
 1  70.67  0.27  1  1  3.38
 1  67.44  0.33  0  1  0.55
 1  82.58  0.40  0  1  0.65
 0  72.67  1.11  1  0  5.22
 1  67.05  0.86  1  1  1.51
 0  86.10  0.86  0  0  0.85
 1  60.30  0.84  0  1  0.49
 0  82.58  1.17  0  0  1.68
 1  61.05  0.95  0  1  0.60
 1  69.02  1.00  0  1  0.58
 0  67.44  1.24  1  1  0.78
 0  67.44  1.24  0  1  0.93
 0  95.31  0.42  1  0  2.06
 0  72.67  1.11  0  1  1.07
 1  62.54  1.06  1  1  1.26
 0  99.70  0.73  1  0  0.72
 1  73.90  0.86  0  1  0.65
 1  82.53  0.61  1  0  2.41
 0  95.31  0.42  0  0  1.01
 0  97.46  1.06  1  0  0.59
 0  86.10  0.71  1  0  0.85
 1  67.05  0.86  0  1  0.95
 1  69.02  0.57  1  1  3.69
 0  86.10  0.86  1  0  0.99
 0  99.70  0.73  0  0  0.81
 0  92.56  1.24  1  0  0.70
 0  77.42  1.17  1  0  1.47
 0  99.70  0.84  0  0  0.72
 0  92.95  0.71  1  0  0.63
 0  92.95  0.71  0  0  0.74
 1  67.44  0.33  1  1  0.95
 0  82.53  0.96  1  0  0.99
 1  82.58  0.40  1  0  0.74
 0  74.25  1.34  1  0  2.44
 1  74.25  0.23  0  1  0.90
 0  98.95  0.95  0  0  0.57
 1  73.90  0.86  1  1  0.60
 1  77.47  0.61  0  1  0.66
 0  85.75  1.34  0  0  0.75
 1  81.94  0.21  0  1  0.72
 0  95.31  1.16  0  0  0.87
 0  98.95  0.62  1  0  0.80
 1  73.90  0.71  1  1  0.72
 1  72.67  0.46  1  1  0.64
 1  89.33  0.27  0  0  0.68
 0  98.95  0.62  0  0  1.33
 0  97.46  0.51  1  0  0.79
 0  90.98  0.57  1  0  0.58
 1  77.42  0.40  0  1  2.07
 0  89.33  1.30  1  0  0.77
 1  69.02  1.00  1  1  0.58
 0  95.31  1.16  1  0  2.13
 1  77.42  0.40  1  1  0.55
 1  72.67  0.46  0  1  0.61
 1  61.05  0.62  0  1  0.68
 1  77.47  0.61  1  1  0.87
 1  85.75  0.23  1  1  0.66
 0  78.06  1.37  1  1  0.79
 1  85.75  0.23  0  1  0.72
 1  73.90  0.71  0  1  0.78
 0  78.06  1.37  0  0  1.32
 1  64.69  1.16  0  1  0.65
 1  61.05  0.62  1  1  0.53
 0  87.33  1.11  0  0  0.67
 1  81.94  0.21  1  1  0.69
 0  92.56  1.24  0  0  0.99
 0  90.98  1.00  0  1  0.56
 1  60.30  0.84  1  1  0.55
 0  77.42  1.17  0  0  0.75
 1  61.05  0.95  1  1  0.60
 0  77.47  0.96  1  0  1.86
 1  60.30  0.73  0  1  0.70
 1  67.05  0.71  1  1  0.77
 0  77.47  0.96  0  0  0.65
 0  92.95  0.86  0  0  1.45
 0  90.98  0.57  0  0  0.52
 0  74.25  1.34  0  0  1.46
 1  78.06  0.21  0  1  0.69
 1  64.69  1.16  1  1  0.56
 0  82.58  1.17  1  1  0.97
 1  62.54  1.06  0  1  0.59
 0  97.46  1.06  0  0  0.77
 1  67.05  0.71  0  0  0.18
 1  87.33  0.46  1  1  2.81
 0  99.70  0.84  1  0  1.50
 0  90.98  1.00  1  0  0.75
 0  81.94  1.37  1  1  0.60
 0  70.67  1.30  1  1  1.58
 1  89.33  0.27  1  1  0.62
 0  70.67  1.30  0  1  1.61
 1  70.67  0.27  0  1  3.08
 0  82.53  0.96  0  1  0.69
 1  92.56  0.33  1  1  0.60
 0  98.95  0.95  1  0  1.01
 0  87.33  1.11  1  0  0.90
 1  82.53  0.61  0  0  1.71
 0  89.33  1.30  0  0  0.56
 1  64.69  0.42  0  1  1.44
 1  62.54  0.51  1  1  0.64
 0  85.75  1.34  1  0  0.88
 1  60.30  0.73  1  1  1.80
 1  87.33  0.46  0  0  4.13
 0  92.95  0.86  1  1  0.61
 1  78.06  0.21  1  1  0.75
 0  86.10  0.71  0  0  0.94
 1  92.56  0.33  0  1  4.91
 1  67.05  0.86  0  1  1.01
 0  78.06  1.37  0  1  1.17
 1  78.06  0.21  1  1  0.58
 1  64.69  0.42  1  1  1.00
 0  92.95  0.71  1  0  0.72
 0  92.95  0.86  1  0  0.71
 1  60.30  0.73  1  1  0.75
 1  87.33  0.46  0  0  1.52
 0  98.95  0.95  0  0  0.68
 0  78.06  1.37  1  1  2.34
 0  74.25  1.34  1  0  0.42
 0  72.67  1.11  1  0  0.62
 1  69.02  1.00  0  0  0.58
 1  60.30  0.84  0  1  0.57
 0  99.70  0.84  1  0  0.67
 0  92.95  0.86  0  0  1.21
 0  97.46  0.51  0  0  1.39
 0  95.31  1.16  0  0  0.78
 0  98.95  0.62  0  0  0.72
 1  67.05  0.71  1  1  0.74
 0  98.95  0.62  1  0  0.66
 0  70.67  1.30  0  1  0.77
 1  77.47  0.61  0  0  0.91
 0  97.46  1.06  1  0  1.02
 0  90.98  0.57  0  0  0.70
 0  99.70  0.84  0  0  1.04
 0  82.53  0.96  0  0  1.03
 1  73.90  0.71  0  0  2.63
 1  62.54  0.51  0  1  1.38
 1  82.58  0.40  1  1  0.98
 1  74.25  0.23  1  1  1.03
 0  95.31  0.42  0  0  0.88
 1  82.53  0.61  1  0  0.73
 1  61.05  0.62  1  1  0.63
 0  77.42  1.17  1  0  2.74
 1  64.69  1.16  1  0  0.74
 0  95.31  1.16  1  0  5.14
 1  77.42  0.40  1  1  1.10
 0  86.10  0.71  0  0  1.74
 1  73.90  0.71  1  0  0.78
 1  62.54  1.06  0  1  0.48
 1  89.33  0.27  1  0  0.63
 0  81.94  1.37  0  0  0.83
 0  90.98  0.57  1  0  1.73
 0  92.56  1.24  0  0  1.10
 1  67.05  0.86  1  1  1.18
 0  97.46  1.06  0  0  0.67
 0  74.25  1.34  0  1  0.72
 1  72.67  0.46  1  1  0.76
 0  99.70  0.73  0  0  0.85
 1  67.05  0.71  0  1  4.50
 0  67.44  1.24  1  1  0.98
 0  85.75  1.34  1  0  0.89
 0  81.94  1.37  1  0  1.05
 1  82.58  0.40  0  1  0.88
 1  85.75  0.23  0  1  4.44
 1  77.42  0.40  0  1  2.14
 0  90.98  1.00  0  0  0.74
 0  67.44  1.24  0  0  1.28
 0  77.47  0.96  0  0  0.75
 0  90.98  1.00  1  0  0.72
 1  61.05  0.62  0  1  0.70
 0  89.33  1.30  1  0  0.76
 0  87.33  1.11  0  0  0.88
 0  82.58  1.17  0  0  2.13
 0  97.46  0.51  1  1  2.07
 1  60.30  0.84  1  1  0.96
 1  74.25  0.23  0  1  1.32
 0  98.95  0.95  1  0  0.75
 1  81.94  0.21  1  1  1.87
 1  70.67  0.27  0  1  0.56
 1  61.05  0.95  1  0  0.90
 1  64.69  0.42  0  1  0.59
 1  92.56  0.33  0  1  3.27
 1  92.56  0.33  1  1  0.61
 1  73.90  0.86  0  1  1.36
 1  72.67  0.46  0  1  0.61
 1  82.53  0.61  0  0  1.04
 1  70.67  0.27  1  1  0.54
 0  92.56  1.24  1  0  0.76
 0  89.33  1.30  0  0  0.61
 1  67.44  0.33  1  1  0.63
 0  72.67  1.11  0  0  5.47
 0  86.10  0.71  1  0  1.93
 1  85.75  0.23  1  0  0.75
 1  62.54  0.51  1  1  2.08
 1  78.06  0.21  0  1  0.87
 0  86.10  0.86  1  0  1.11
 0  99.70  0.73  1  0  0.57
 1  62.54  1.06  1  1  0.54
 1  69.02  1.00  1  1  0.53
 1  77.47  0.61  1  0  1.30
 0  82.53  0.96  1  1  0.82
 1  67.44  0.33  0  1  2.01
 1  69.02  0.57  0  0  1.02
 1  87.33  0.46  1  1  1.60
 0  77.47  0.96  1  0  1.97
 0  86.10  0.86  0  0  0.95
 0  70.67  1.30  1  1  1.00
 1  81.94  0.21  0  1  0.85
 0  77.42  1.17  0  0  1.24
 1  60.30  0.73  0  1  0.76
 1  61.05  0.95  0  1  0.55
 0  82.58  1.17  1  0  0.72
 0  95.31  0.42  1  0  3.57
 0  85.75  1.34  0  0  1.50
 1  69.02  0.57  1  1  0.74
 1  89.33  0.27  0  1  0.86
 0  92.95  0.71  0  0  0.78
 0  87.33  1.11  1  0  0.79
 1  64.69  1.16  0  1  0.54
 1  73.90  0.86  1  1  0.58
