 0  99.70  0.73  0  0  2.57
 1  70.67  0.27  0  0  1.52
 1  78.06  0.21  0  1  1.54
 0  77.47  0.96  0  1  2.59
 1  61.05  0.95  0  0  1.17
 0  85.75  1.34  0  1  1.13
 1  72.67  0.46  1  0  1.33
 0  98.95  0.95  1  1  3.62
 1  73.90  0.71  1  0  3.12
 0  98.95  0.62  1  1  0.76
 1  82.58  0.40  1  0  2.01
 0  97.46  1.06  0  0  2.31
 0  95.31  1.16  1  0  0.79
 0  86.10  0.71  0  0  5.33
 1  77.42  0.40  0  0  2.86
 1  77.47  0.61  1  0  2.11
 0  82.58  1.17  0  0  1.56
 0  87.33  1.11  1  1  0.57
 0  92.95  0.71  0  0  1.23
 1  64.69  0.42  1  1  2.05
 1  67.44  0.33  0  1  6.90
 1  82.53  0.61  1  0  0.88
 1  62.54  0.51  1  1  1.12
 0  90.98  0.57  0  0  1.08
 0  98.95  0.95  0  0  1.05
 0  82.58  1.17  1  0  0.74
 0  97.46  0.51  0  0  0.74
 0  87.33  1.11  0  1  1.40
 0  99.70  0.84  1  0  0.59
 0  99.70  0.84  0  0  0.67
 1  87.33  0.46  0  1  2.20
 1  72.67  0.46  0  1  1.03
 1  73.90  0.71  0  1  1.31
 0  77.42  1.17  1  0  0.60
 1  73.90  0.86  1  1  1.58
 1  62.54  1.06  0  1  1.38
 1  60.30  0.73  1  1  0.70
 1  67.44  0.33  1  1  1.33
 1  69.02  0.57  0  1  0.85
 0  70.67  1.30  0  0  0.97
 0  92.95  0.71  1  0  1.61
 1  69.02  1.00  0  1  1.52
 1  61.05  0.62  1  1  0.82
 0  78.06  1.37  0  0  1.13
 0  82.53  0.96  1  1  1.04
 0  90.98  1.00  1  0  1.56
 0  85.75  1.34  1  0  0.48
 1  64.69  1.16  1  1  1.00
 1  61.05  0.95  1  1  0.81
 0  82.53  0.96  0  0  1.19
 0  81.94  1.37  1  0  0.83
 1  82.58  0.40  0  1  1.90
 1  85.75  0.23  1  1  0.67
 1  74.25  0.23  1  1  0.56
 0  95.31  0.42  1  1  1.26
 0  67.44  1.24  0  1  2.73
 0  77.42  1.17  0  0  0.59
 0  95.31  0.42  0  1  1.36
 1  92.56  0.33  0  0  0.90
 1  78.06  0.21  1  1  1.08
 0  92.56  1.24  1  1  0.98
 1  60.30  0.84  1  1  1.18
 0  78.06  1.37  1  0  2.84
 0  70.67  1.30  1  0  1.37
 1  89.33  0.27  1  1  0.66
 0  72.67  1.11  1  1  1.69
 0  89.33  1.30  0  0  2.22
 1  87.33  0.46  1  1  1.63
 0  86.10  0.71  1  0  2.83
 1  62.54  1.06  1  1  0.87
 1  67.05  0.71  0  1  0.79
 1  81.94  0.21  1  1  6.11
 1  67.05  0.86  0  1  1.11
 0  86.10  0.86  0  0  5.04
 1  92.56  0.33  1  1  1.40
 0  86.10  0.86  1  1  4.42
 1  70.67  0.27  1  1  0.94
 1  85.75  0.23  0  1  0.83
 1  77.47  0.61  0  1  2.14
 0  77.47  0.96  1  0  1.61
 0  92.95  0.86  0  0  1.27
 0  95.31  1.16  0  0  2.61
 0  97.46  0.51  1  1  1.49
 0  97.46  1.06  1  0  2.99
 1  69.02  0.57  1  1  2.90
 0  99.70  0.73  1  0  2.03
 1  67.05  0.71  1  1  0.91
 0  90.98  0.57  1  0  2.54
 0  72.67  1.11  0  1  1.30
 0  74.25  1.34  1  0  2.37
 1  62.54  0.51  0  1  0.79
 0  67.44  1.24  1  0  1.76
 1  81.94  0.21  0  1  1.28
 1  73.90  0.86  0  1  3.26
 0  74.25  1.34  0  0  4.50
 1  69.02  1.00  1  1  1.72
 0  89.33  1.30  1  0  1.33
 1  60.30  0.84  0  1  1.35
 0  81.94  1.37  0  0  3.58
 0  92.95  0.86  1  1  1.84
 0  90.98  1.00  0  0  1.43
 1  64.69  1.16  0  1  3.46
 1  67.05  0.86  1  1  2.19
 1  64.69  0.42  0  0  1.26
 0  92.56  1.24  0  0  1.82
 1  82.53  0.61  0  1  2.85
 1  74.25  0.23  0  1  2.30
 1  61.05  0.62  0  1  0.70
 0  98.95  0.62  0  0  2.75
 1  77.42  0.40  1  1  9.87
 1  89.33  0.27  0  1  1.51
 1  60.30  0.73  0  1  1.75
 0  78.06  1.37  0  0  2.78
 0  98.95  0.62  0  1  5.90
 0  67.44  1.24  1  1  1.13
 1  70.67  0.27  1  1  1.31
 0  70.67  1.30  0  0  1.28
 0  95.31  0.42  1  1  2.00
 1  62.54  1.06  1  1  1.67
 0  81.94  1.37  1  0  1.24
 0  92.56  1.24  1  0  1.42
 1  62.54  0.51  0  1  3.14
 1  82.58  0.40  0  1  2.22
 0  86.10  0.86  0  1  1.80
 1  78.06  0.21  1  1  1.19
 1  61.05  0.62  0  1  1.03
 0  82.53  0.96  0  0  1.11
 1  85.75  0.23  0  1  1.44
 0  86.10  0.71  0  1  3.27
 0  90.98  0.57  1  1  3.23
 1  67.05  0.71  1  1  1.13
 1  67.44  0.33  0  1  1.21
 1  62.54  0.51  1  1  1.06
 1  67.05  0.86  0  1  2.24
 1  64.69  1.16  1  1  1.53
 0  95.31  0.42  0  0  1.48
 1  67.05  0.71  0  1  1.46
 1  64.69  0.42  1  1  1.60
 1  60.30  0.73  1  1  1.33
 1  69.02  1.00  0  0  3.22
 0  82.58  1.17  1  0  1.30
 1  82.53  0.61  0  1  2.48
 1  60.30  0.84  0  1  1.11
 0  92.95  0.86  0  0  2.18
 1  87.33  0.46  0  1  1.48
 0  99.70  0.73  0  0  3.13
 0  98.95  0.95  0  0  1.65
 1  60.30  0.84  1  1  1.24
 1  92.56  0.33  1  1  4.58
 1  81.94  0.21  0  1  1.59
 0  89.33  1.30  1  0  1.92
 0  97.46  1.06  0  0  1.20
 1  62.54  1.06  0  1  1.25
 1  73.90  0.71  0  1  3.11
 0  92.95  0.86  1  0  2.71
 1  77.42  0.40  0  1  1.52
 1  73.90  0.71  1  1  2.85
 0  87.33  1.11  1  0  1.26
 0  99.70  0.73  1  0  1.81
 0  90.98  0.57  0  1  1.98
 1  69.02  0.57  1  1  1.43
 1  81.94  0.21  1  1  1.20
 1  78.06  0.21  0  1  1.22
 1  61.05  0.95  1  1  1.27
 0  97.46  1.06  1  0  1.71
 0  82.58  1.17  0  0  1.53
 1  85.75  0.23  1  1  3.09
 0  99.70  0.84  1  0  2.04
 0  82.53  0.96  1  0  1.91
 1  92.56  0.33  0  1  1.78
 1  67.44  0.33  1  1  1.15
 0  77.47  0.96  0  1  3.01
 0  95.31  1.16  0  0  1.29
 1  60.30  0.73  0  1  2.79
 0  95.31  1.16  1  0  1.72
 0  92.56  1.24  0  0  1.84
 0  97.46  0.51  0  0  5.60
 0  81.94  1.37  0  0  4.59
 0  70.67  1.30  1  1  2.33
 1  72.67  0.46  0  1  2.95
 1  73.90  0.86  1  1  3.38
 1  72.67  0.46  1  1  7.22
 1  89.33  0.27  0  1 12.52
 0  98.95  0.95  1  0  4.63
 0  97.46  0.51  1  1  2.35
 1  61.05  0.62  1  1  2.01
 0  77.42  1.17  1  0  2.35
 0  85.75  1.34  1  0  1.68
 0  92.95  0.71  1  1  3.48
 0  78.06  1.37  1  0  1.80
 0  74.25  1.34  1  0  3.50
 0  67.44  1.24  0  0  1.75
 0  72.67  1.11  0  0  1.27
 1  77.47  0.61  1  1  2.07
 0  99.70  0.84  0  0  1.89
 1  70.67  0.27  0  1  1.56
 1  69.02  0.57  0  1  1.90
 1  73.90  0.86  0  1  4.45
 0  86.10  0.86  1  1  3.29
 0  85.75  1.34  0  0  1.41
 0  74.25  1.34  0  0  1.22
 0  87.33  1.11  0  0  1.09
 0  77.47  0.96  1  0  2.34
 0  92.95  0.71  0  0  1.64
 1  89.33  0.27  1  1  2.70
 1  82.53  0.61  1  1  1.17
 1  67.05  0.86  1  1  1.86
 0  77.42  1.17  0  0  2.19
 0  98.95  0.62  1  0  1.67
 1  77.42  0.40  1  0  1.79
 0  86.10  0.71  1  1  1.84
 1  69.02  1.00  1  1  1.31
 1  87.33  0.46  1  0  1.44
 1  74.25  0.23  1  1  1.21
 0  72.67  1.11  1  1  1.19
 0  89.33  1.30  0  0  1.04
 0  90.98  1.00  0  0  1.39
 0  90.98  1.00  1  0  1.28
 1  64.69  1.16  0  1  2.07
 1  82.58  0.40  1  1  2.74
 1  74.25  0.23  0  1  2.12
 1  64.69  0.42  0  1  1.51
 1  77.47  0.61  0  1  2.90
 1  61.05  0.95  0  1  1.08
 1  67.05  0.86  1  1  5.27
 1  69.02  1.00  0  1  1.35
 1  60.30  0.73  0  1  1.46
 1  82.58  0.40  0  1  3.75
 0  86.10  0.86  0  0  2.86
 1  70.67  0.27  0  1  1.76
 1  82.53  0.61  0  1  1.90
 0  90.98  0.57  1  1  2.03
 1  81.94  0.21  0  1  3.57
 1  67.05  0.86  0  1  1.30
 0  82.53  0.96  1  0  1.57
 0  72.67  1.11  0  1  1.42
 0  98.95  0.95  1  0  2.05
 1  73.90  0.86  1  0  1.67
 1  61.05  0.62  0  1  1.36
 1  85.75  0.23  1  1  2.03
 1  73.90  0.71  1  1  4.07
 0  98.95  0.62  1  0  1.61
 0  92.95  0.86  1  0  2.20
 1  62.54  0.51  1  1  1.50
 1  62.54  1.06  1  1  1.41
 0  77.47  0.96  1  0  1.53
 0  95.31  0.42  0  1  1.50
 1  64.69  1.16  0  0  2.09
 1  92.56  0.33  0  0  1.49
 0  99.70  0.73  1  0  2.30
 1  61.05  0.62  1  1  0.96
 1  82.53  0.61  1  1  4.38
 1  67.44  0.33  0  1  1.22
 0  92.56  1.24  0  0  1.29
 1  64.69  0.42  0  1  1.32
 1  82.58  0.40  1  1  2.95
 0  90.98  0.57  0  0  1.05
 0  97.46  1.06  1  0  0.98
 0  81.94  1.37  0  0  1.96
 0  95.31  0.42  1  1  1.71
 1  67.05  0.71  0  1  1.22
 0  99.70  0.84  1  0  1.58
 0  77.42  1.17  1  0  1.50
 0  89.33  1.30  1  0  1.34
 0  97.46  1.06  0  0  1.37
 1  77.47  0.61  0  1  1.44
 1  81.94  0.21  1  1  1.51
 0  77.42  1.17  0  0  2.08
 1  85.75  0.23  0  1  1.68
 1  89.33  0.27  0  1  1.48
 1  89.33  0.27  1  1  2.84
 1  69.02  0.57  0  1  1.43
 1  78.06  0.21  0  1  1.22
 1  87.33  0.46  0  1  2.40
 0  98.95  0.95  0  0  1.29
 1  72.67  0.46  1  1  1.98
 1  77.47  0.61  1  1  2.39
 1  61.05  0.95  0  1  1.25
 0  70.67  1.30  1  0  1.70
 0  78.06  1.37  1  0  1.47
 0  85.75  1.34  1  0  3.25
 1  64.69  1.16  1  0 26.42
 1  60.30  0.84  1  1  1.24
 0  87.33  1.11  1  0  5.45
 0  89.33  1.30  0  0  1.41
 1  77.42  0.40  1  1  1.31
 0  97.46  0.51  0  1  5.89
 0  99.70  0.84  0  0  1.39
 0  81.94  1.37  1  0  1.56
 1  67.44  0.33  1  1  1.36
 1  61.05  0.95  1  1  1.19
 1  70.67  0.27  1  1  1.21
 0  92.56  1.24  1  0  1.22
 0  98.95  0.62  0  0  1.46
 1  64.69  0.42  1  1  1.18
 0  85.75  1.34  0  0  1.26
 0  87.33  1.11  0  0  1.32
 0  90.98  1.00  0  0  1.21
 0  86.10  0.71  0  1  7.48
 0  92.95  0.71  0  0  1.58
 1  87.33  0.46  1  0  2.04
 0  92.95  0.71  1  1  3.49
 0  67.44  1.24  0  0  2.48
 1  74.25  0.23  0  1  1.45
 0  90.98  1.00  1  0  1.55
 1  73.90  0.71  0  1  2.09
 0  74.25  1.34  1  0  1.32
 0  70.67  1.30  0  0  1.77
 1  62.54  0.51  0  1  3.31
 1  72.67  0.46  0  1  8.16
 0  92.95  0.86  0  0  2.00
 0  95.31  1.16  1  0  1.61
 0  86.10  0.86  1  1 10.80
 1  62.54  1.06  0  1  1.40
 1  60.30  0.73  1  1  1.24
 0  72.67  1.11  1  1  1.31
 0  67.44  1.24  1  0  1.32
 0  77.47  0.96  0  0 13.33
 0  82.58  1.17  0  0  1.41
 1  69.02  1.00  1  1  2.66
 0  78.06  1.37  0  0  1.44
 1  78.06  0.21  1  1  1.51
 1  69.02  0.57  1  1  3.85
 0  74.25  1.34  0  0  1.26
 0  97.46  0.51  1  0  1.99
 1  77.42  0.40  0  0  1.78
 1  67.05  0.71  1  1  1.49
 0  82.58  1.17  1  0  1.39
 0  82.53  0.96  0  0  1.31
 1  92.56  0.33  1  1  2.25
 0  86.10  0.71  1  0  5.09
 1  73.90  0.86  0  0  1.14
 1  60.30  0.84  0  1  1.98
 0  99.70  0.73  0  0  1.48
 0  95.31  1.16  0  0  1.52
 1  74.25  0.23  1  1  1.47
 1  74.25  0.23  0  1  2.83
 1  73.90  0.86  0  0  1.27
 0  90.98  1.00  0  0  3.24
 0  82.58  1.17  0  0  3.32
 1  77.42  0.40  1  1  1.14
 0  92.56  1.24  1  0  1.37
 0  98.95  0.95  0  0  0.98
 0  67.44  1.24  0  1  2.84
 0  89.33  1.30  0  0  1.84
 0  86.10  0.71  1  1  3.65
 0  74.25  1.34  1  0  3.17
 1  60.30  0.84  1  1  2.20
 0  97.46  0.51  1  0  1.85
 1  60.30  0.84  0  1  1.66
 0  89.33  1.30  1  0  1.61
 1  92.56  0.33  0  0  2.86
 1  72.67  0.46  1  1  1.54
 1  69.02  0.57  0  1  1.70
 0  90.98  0.57  0  1  7.73
 1  70.67  0.27  0  1  1.61
 0  74.25  1.34  0  0  2.80
 1  67.05  0.71  1  1  1.81
 0  82.58  1.17  1  0  1.64
 0  97.46  0.51  0  0  8.51
 1  67.05  0.86  0  1  1.73
 1  82.58  0.40  0  1  2.71
 1  69.02  0.57  1  1  1.47
 0  86.10  0.86  1  0  1.67
 1  74.25  0.23  1  1  1.22
 0  86.10  0.71  0  0  2.18
 0  95.31  1.16  0  0  2.44
 0  99.70  0.73  1  1  5.36
 0  67.44  1.24  1  0  1.56
 1  64.69  0.42  1  1  1.17
 1  67.44  0.33  0  1  1.08
 0  97.46  1.06  0  0  1.30
 1  62.54  0.51  1  1  1.22
 0  81.94  1.37  0  0  1.87
 0  72.67  1.11  1  0  8.19
 0  82.53  0.96  0  0  3.87
 0  78.06  1.37  0  0  1.36
 1  62.54  1.06  0  1  1.52
 0  98.95  0.95  1  0  1.26
 1  64.69  1.16  1  1  2.79
 0  99.70  0.84  0  0  1.21
 1  64.69  0.42  0  1  1.90
 1  82.53  0.61  1  1  8.22
 1  61.05  0.62  1  1  1.67
 1  73.90  0.71  0  1  2.48
 0  77.42  1.17  1  0  1.25
 1  89.33  0.27  0  1  2.88
 0  99.70  0.84  1  0  2.54
 0  77.42  1.17  0  0  1.47
 1  60.30  0.73  1  1  2.41
 1  69.02  1.00  1  1  1.58
 0  85.75  1.34  0  0  3.32
 1  60.30  0.73  0  1  1.52
 0  92.56  1.24  0  0  1.85
 1  62.54  0.51  0  1  1.54
 0  86.10  0.86  0  0  1.77
 0  77.47  0.96  1  0  5.21
 0  87.33  1.11  1  0  1.36
 0  70.67  1.30  0  0  1.93
 0  77.47  0.96  0  0  1.32
 1  92.56  0.33  1  1  2.62
 0  72.67  1.11  0  0  1.74
 1  89.33  0.27  1  1  2.15
 1  87.33  0.46  0  1  7.04
 0  70.67  1.30  1  1  2.82
 0  98.95  0.62  0  0  1.57
 1  61.05  0.95  1  1  1.49
 0  95.31  1.16  1  0  2.56
 1  64.69  1.16  0  1  2.00
 1  67.44  0.33  1  1  1.46
 0  85.75  1.34  1  0  1.26
 1  82.58  0.40  1  1  3.97
 0  78.06  1.37  1  0  1.96
 1  62.54  1.06  1  1  1.62
 0  87.33  1.11  0  0  1.93
 0  92.95  0.86  0  0  1.46
 1  82.53  0.61  0  1  1.63
 0  92.95  0.86  1  1  2.76
 1  72.67  0.46  0  1  1.43
 1  61.05  0.62  0  1  1.26
 1  69.02  1.00  0  1  1.33
 1  78.06  0.21  0  1  1.15
 0  99.70  0.73  0  0  1.50
 0  81.94  1.37  1  0  1.60
 1  61.05  0.95  0  1  1.25
 1  73.90  0.71  1  1  4.59
 1  67.05  0.71  0  1  1.64
 1  87.33  0.46  1  1  2.15
 0  98.95  0.62  1  0  1.28
 1  81.94  0.21  1  1  1.26
 0  95.31  0.42  1  1  2.14
 1  81.94  0.21  0  1  1.52
 1  67.05  0.86  1  1  1.07
 0  92.95  0.71  1  0  1.60
 1  85.75  0.23  1  1  2.56
 1  85.75  0.23  0  1  2.13
 0  90.98  1.00  1  0  2.29
 1  73.90  0.86  1  1  2.44
 1  77.47  0.61  0  1  1.54
 0  97.46  1.06  1  0  1.26
 0  92.95  0.71  0  0  1.63
 1  78.06  0.21  1  1  1.28
 0  90.98  0.57  1  0  2.87
 1  77.42  0.40  0  0  1.58
 0  95.31  0.42  0  1  2.54
 1  70.67  0.27  1  1  1.53
 1  77.47  0.61  1  1  5.14
 0  82.53  0.96  1  1  2.74
 1  62.54  0.51  0  1  3.28
 0  92.95  0.71  1  0  1.41
 1  67.05  0.71  1  1  2.29
 1  89.33  0.27  1  1  4.29
 0  87.33  1.11  1  0  1.53
 1  87.33  0.46  1  1  2.96
 0  98.95  0.95  0  0  1.73
 1  72.67  0.46  0  1  1.89
 1  64.69  1.16  0  1  2.15
 1  61.05  0.62  1  1  1.44
 1  60.30  0.84  0  1  1.06
 0  77.47  0.96  1  0  2.08
 1  60.30  0.73  1  1  1.22
 1  64.69  0.42  1  1  1.39
 1  64.69  0.42  0  1  1.26
 1  82.58  0.40  0  0  4.83
 0  98.95  0.62  1  0  1.46
 1  67.44  0.33  0  1  1.33
 0  81.94  1.37  0  0  1.34
 1  69.02  1.00  1  1  2.92
 0  72.67  1.11  1  0  6.37
 1  62.54  1.06  1  1  1.89
 1  61.05  0.95  0  1  3.44
 0  78.06  1.37  0  0  1.65
 0  82.58  1.17  0  0  1.26
 1  77.47  0.61  1  1  5.74
 1  74.25  0.23  1  1  1.30
 0  99.70  0.84  0  0  1.74
 0  98.95  0.62  0  0  2.69
 0  82.53  0.96  1  1  2.55
 0  85.75  1.34  1  0  1.64
 0  90.98  0.57  0  1  2.56
 0  89.33  1.30  0  0  1.24
 0  99.70  0.73  0  0  2.73
 1  82.53  0.61  0  1  1.76
 1  64.69  1.16  1  1  1.41
 1  61.05  0.62  0  1  1.26
 0  85.75  1.34  0  0  2.18
 1  81.94  0.21  0  1  6.64
 1  67.05  0.71  0  1  1.40
 1  85.75  0.23  1  1  1.40
 1  92.56  0.33  1  1  1.33
 0  92.56  1.24  1  0  1.17
 1  92.56  0.33  0  1  6.45
 0  89.33  1.30  1  0  1.38
 0  70.67  1.30  0  1  5.76
 0  86.10  0.86  0  0  1.92
 1  69.02  0.57  0  1  1.98
 0  92.56  1.24  0  0  1.42
 0  92.95  0.86  0  0  2.72
 0  77.42  1.17  1  0  2.72
 1  73.90  0.86  0  1  6.42
 1  72.67  0.46  1  1  1.39
 0  99.70  0.73  1  0  1.85
 1  70.67  0.27  1  1  1.61
 1  67.05  0.86  0  1  2.55
 0  97.46  0.51  1  0  3.42
 0  86.10  0.86  1  1  4.06
 0  95.31  1.16  1  0  1.19
 0  81.94  1.37  1  0  1.16
 0  92.95  0.86  1  0  2.22
 1  77.47  0.61  0  1  1.40
 0  82.58  1.17  1  0  5.61
 0  95.31  0.42  1  1  1.74
 1  70.67  0.27  0  1  1.34
 0  92.95  0.71  0  0  1.46
 0  90.98  1.00  1  0  1.20
 1  67.44  0.33  1  1  2.32
 1  78.06  0.21  0  1  1.56
 0  67.44  1.24  1  1  1.35
 0  67.44  1.24  0  0  5.82
 0  77.47  0.96  0  0  1.27
 1  74.25  0.23  0  1  1.44
 1  73.90  0.86  1  0  3.74
 1  61.05  0.95  1  1  2.22
 0  72.67  1.11  0  0  5.77
 0  86.10  0.71  0  0  1.59
 1  87.33  0.46  0  0  2.85
 0  99.70  0.84  1  0  1.30
 1  62.54  0.51  1  1  1.38
 1  81.94  0.21  1  1  2.46
 1  69.02  1.00  0  1  1.73
 0  97.46  1.06  0  0  1.13
 1  77.42  0.40  0  1  1.23
 1  78.06  0.21  1  1  1.46
 0  95.31  1.16  0  0  1.94
 0  70.67  1.30  1  1  1.67
 1  60.30  0.73  0  1  1.25
 0  82.53  0.96  0  0 16.00
 1  89.33  0.27  0  1  1.83
 1  67.05  0.86  1  0  2.47
 0  97.46  1.06  1  0  1.05
 0  95.31  0.42  0  1  1.45
 1  82.58  0.40  1  1  3.28
 1  69.02  0.57  1  1  1.96
 0  98.95  0.95  1  0  3.46
 0  90.98  0.57  1  1  5.21
 0  78.06  1.37  1  0  7.68
 1  77.42  0.40  1  1  1.50
 1  73.90  0.71  0  1  1.34
 0  90.98  1.00  0  0  2.09
 1  85.75  0.23  0  1  2.17
 1  60.30  0.84  1  1  1.59
 1  62.54  1.06  0  1  1.60
 0  77.42  1.17  0  0  5.08
 0  74.25  1.34  1  0  1.47
 0  86.10  0.71  1  1  1.94
 0  87.33  1.11  0  0  2.03
 1  73.90  0.71  1  1  2.13
 0  97.46  0.51  0  0  1.81
 1  82.53  0.61  1  1  1.50
 0  74.25  1.34  0  0  1.84
