 0  85.75  1.34  1  0  1.14
 0  95.31  0.42  1  0  1.11
 1  78.06  0.21  1  0  1.00
 1  60.30  0.73  1  0  1.01
 1  73.90  0.86  1  0  0.95
 1  62.54  1.06  0  1  0.93
 0  86.10  0.71  1  1  1.12
 0  67.44  1.24  0  1  1.30
 1  69.02  1.00  1  1  2.85
 1  85.75  0.23  1  0  1.14
 1  74.25  0.23  1  1  1.66
 0  85.75  1.34  0  0  1.09
 0  72.67  1.11  1  1  0.63
 0  95.31  0.42  0  0  1.62
 0  97.46  0.51  1  1  0.48
 0  74.25  1.34  0  1  2.28
 1  78.06  0.21  0  0  6.10
 0  78.06  1.37  1  1  1.19
 1  72.67  0.46  0  1  1.48
 1  64.69  0.42  1  0  0.79
 0  98.95  0.95  1  0  2.90
 0  92.95  0.71  0  1  0.54
 1  69.02  0.57  0  1  1.76
 1  72.67  0.46  1  1  0.97
 0  82.53  0.96  0  0  0.75
 0  90.98  1.00  1  0  1.05
 1  77.47  0.61  0  1  1.04
 1  60.30  0.84  1  0  1.81
 0  90.98  0.57  1  0  1.08
 1  92.56  0.33  1  0  0.65
 1  89.33  0.27  0  0  1.67
 1  67.05  0.86  0  1  1.29
 0  95.31  1.16  1  1  2.50
 1  67.44  0.33  0  0  1.56
 0  98.95  0.62  0  0  3.55
 0  90.98  1.00  0  1  2.23
 0  72.67  1.11  0  1  0.65
 0  81.94  1.37  0  1  1.04
 0  99.70  0.84  1  0  0.98
 1  67.05  0.86  1  0  0.90
 0  89.33  1.30  0  1  0.85
 1  69.02  1.00  0  1  3.68
 1  82.53  0.61  0  0  0.68
 1  82.53  0.61  1  0  0.91
 0  99.70  0.73  1  0  0.71
 1  64.69  0.42  0  1  1.13
 0  77.42  1.17  0  1  0.57
 0  87.33  1.11  0  0  0.80
 0  67.44  1.24  1  1  0.51
 0  97.46  1.06  0  0  0.69
 1  81.94  0.21  1  0  1.65
 0  77.42  1.17  1  1  0.78
 1  89.33  0.27  1  0  0.87
 0  92.95  0.86  0  0  0.67
 1  85.75  0.23  0  1  1.50
 1  67.05  0.71  0  1  2.13
 0  82.53  0.96  1  0  0.75
 1  69.02  0.57  1  1  0.75
 0  97.46  1.06  1  0  0.46
 1  70.67  0.27  1  1  0.72
 1  70.67  0.27  0  1  0.59
 1  61.05  0.95  0  0  0.81
 0  86.10  0.86  1  0  0.40
 0  92.56  1.24  1  0  0.59
 0  90.98  0.57  0  0  0.49
 0  99.70  0.84  0  0  0.44
 0  99.70  0.73  0  0  0.38
 0  82.58  1.17  1  0  0.62
 0  92.56  1.24  0  0  0.43
 0  98.95  0.62  1  0  0.50
 0  86.10  0.86  0  0  0.46
 0  86.10  0.71  0  0  0.62
 1  82.58  0.40  0  1  0.65
 0  97.46  0.51  0  1  0.72
 0  81.94  1.37  1  1  0.83
 0  89.33  1.30  1  1  1.25
 0  92.95  0.71  1  0  0.99
 0  70.67  1.30  1  1  0.53
 0  77.47  0.96  1  0  0.89
 1  73.90  0.86  0  1  0.77
 0  98.95  0.95  0  0  0.49
 0  70.67  1.30  0  1  0.65
 1  73.90  0.71  0  1  1.29
 1  64.69  1.16  1  1  0.76
 0  95.31  1.16  0  0  0.38
 1  60.30  0.73  0  1  0.55
 1  77.42  0.40  0  0  1.24
 1  67.44  0.33  1  1  0.63
 1  77.47  0.61  1  0  1.58
 1  77.42  0.40  1  1  1.42
 0  92.95  0.86  1  0  0.70
 1  73.90  0.71  1  1  0.92
 1  62.54  0.51  1  1  0.53
 1  81.94  0.21  0  0  0.81
 1  64.69  1.16  0  1  0.63
 1  87.33  0.46  0  0  0.46
 1  61.05  0.62  0  1  0.53
 1  60.30  0.84  0  1  0.53
 0  77.47  0.96  0  0  0.66
 1  67.05  0.71  1  1  0.61
 0  87.33  1.11  1  0  0.65
 0  82.58  1.17  0  0  0.54
 1  61.05  0.95  1  1  0.61
 1  62.54  1.06  1  1  0.45
 1  87.33  0.46  1  0  0.50
 1  74.25  0.23  0  1  0.69
 1  92.56  0.33  0  1  0.79
 0  78.06  1.37  0  1  0.84
 1  61.05  0.62  1  1  0.61
 1  62.54  0.51  0  1  0.52
 1  82.58  0.40  1  0  0.62
 0  74.25  1.34  1  1  0.88
 1  60.30  0.73  1  1  2.79
 0  77.47  0.96  0  0  0.70
 1  72.67  0.46  0  1  1.61
 0  70.67  1.30  0  1  0.77
 0  70.67  1.30  1  1  0.79
 1  78.06  0.21  1  1  0.70
 1  92.56  0.33  0  1  0.75
 0  85.75  1.34  1  0  0.99
 0  95.31  0.42  1  1  0.66
 0  78.06  1.37  1  0  1.43
 0  90.98  0.57  0  0  1.67
 0  86.10  0.86  1  0  0.68
 1  69.02  0.57  1  1  0.73
 0  82.53  0.96  0  0  0.59
 1  87.33  0.46  1  0  0.54
 0  92.56  1.24  1  0  1.25
 0  92.95  0.86  1  0  0.46
 1  73.90  0.86  0  0  1.34
 1  62.54  0.51  1  1  0.59
 1  61.05  0.62  1  1  0.48
 1  81.94  0.21  1  1  0.59
 0  74.25  1.34  0  0  0.64
 0  87.33  1.11  0  0  0.50
 0  81.94  1.37  1  1  1.06
 1  69.02  1.00  1  1  0.59
 1  85.75  0.23  1  1  0.70
 0  90.98  0.57  1  0  0.75
 1  73.90  0.71  0  0  0.76
 0  92.95  0.71  1  0  0.67
 1  74.25  0.23  1  1  0.48
 1  64.69  1.16  0  0  1.21
 0  99.70  0.73  1  0  0.47
 0  95.31  0.42  0  0  1.15
 0  99.70  0.73  0  0  0.57
 1  72.67  0.46  1  1  0.61
 0  86.10  0.71  1  1  1.64
 1  73.90  0.86  1  1  0.67
 0  85.75  1.34  0  0  1.12
 0  98.95  0.62  0  0  0.48
 1  60.30  0.84  0  1  0.61
 0  98.95  0.62  1  0  0.49
 1  77.47  0.61  0  1  1.61
 1  70.67  0.27  0  1  0.49
 1  92.56  0.33  1  0  0.56
 0  67.44  1.24  1  1  0.81
 0  92.56  1.24  0  0  0.82
 0  87.33  1.11  1  0  0.84
 0  78.06  1.37  0  0  2.49
 1  64.69  0.42  0  1  0.56
 0  92.95  0.71  0  0  0.76
 1  82.53  0.61  0  0  0.75
 0  89.33  1.30  1  0  1.37
 0  89.33  1.30  0  0  0.55
 1  61.05  0.95  0  1  0.60
 0  97.46  1.06  0  0  0.70
 0  77.42  1.17  0  0  0.98
 0  82.58  1.17  0  0  0.81
 0  86.10  0.71  0  0  0.77
 1  67.05  0.71  1  1  0.77
 1  60.30  0.73  0  1  0.49
 0  72.67  1.11  1  0  0.80
 1  62.54  1.06  1  1  0.50
 1  69.02  1.00  0  1  1.15
 0  97.46  0.51  1  0  0.40
 1  89.33  0.27  1  1  0.56
 1  67.44  0.33  0  1  0.48
 0  86.10  0.86  0  0  0.45
 0  67.44  1.24  0  1  0.45
 0  72.67  1.11  0  0  0.52
 1  82.58  0.40  1  0  0.70
 1  67.05  0.71  0  1  1.37
 1  70.67  0.27  1  1  0.73
 0  97.46  0.51  0  0  0.56
 0  77.47  0.96  1  0  0.95
 1  73.90  0.71  1  0  0.54
 0  97.46  1.06  1  0  0.86
 1  77.42  0.40  1  1  0.65
 0  81.94  1.37  0  0  0.73
 1  74.25  0.23  0  1  0.51
 0  99.70  0.84  1  0  0.48
 1  60.30  0.84  1  1  0.74
 1  78.06  0.21  0  1  0.59
 0  95.31  1.16  1  0  0.52
 1  61.05  0.95  1  1  0.57
 1  85.75  0.23  0  0  0.58
 1  67.44  0.33  1  1  1.78
 1  81.94  0.21  0  1  0.58
 0  77.42  1.17  1  0  0.63
 0  98.95  0.95  1  0  0.41
 1  87.33  0.46  0  0  0.66
 0  98.95  0.95  0  0  0.49
 0  90.98  1.00  0  0  0.54
 1  89.33  0.27  0  1  0.60
 0  99.70  0.84  0  0  0.51
 0  74.25  1.34  1  1  0.67
 1  62.54  0.51  0  1  0.60
 1  82.53  0.61  1  0  0.61
 1  64.69  0.42  1  1  0.55
 0  90.98  1.00  1  0  0.49
 0  82.58  1.17  1  0  1.69
 1  67.05  0.86  0  1  0.57
 1  67.05  0.86  1  1  0.60
 0  82.53  0.96  1  0  0.50
 0  95.31  1.16  0  0  0.47
 1  77.47  0.61  1  1  0.76
 1  77.42  0.40  0  1  0.66
 1  64.69  1.16  1  1  0.61
 1  61.05  0.62  0  1  0.46
 1  69.02  0.57  0  1  0.45
 0  92.95  0.86  0  0  0.49
 1  82.58  0.40  0  1  0.95
 1  62.54  1.06  0  1  0.48
 1  69.02  1.00  0  0  1.79
 0  92.95  0.86  0  0  0.57
 1  62.54  1.06  1  1  0.59
 0  74.25  1.34  0  0  1.27
 0  97.46  1.06  1  0  0.53
 0  99.70  0.73  1  0  0.37
 0  86.10  0.86  1  0  0.42
 0  78.06  1.37  0  0  1.15
 1  81.94  0.21  1  1  0.60
 0  95.31  1.16  0  0  0.44
 1  70.67  0.27  1  1  0.50
 0  82.53  0.96  1  0  0.66
 1  69.02  0.57  0  1  0.68
 0  99.70  0.73  0  0  0.44
 1  67.05  0.86  0  1  0.62
 1  78.06  0.21  0  1  0.62
 0  90.98  1.00  0  0  0.51
 1  73.90  0.86  0  1  1.29
 1  64.69  0.42  0  1  0.58
 1  67.05  0.86  1  1  0.58
 1  61.05  0.62  1  1  0.57
 0  98.95  0.95  1  0  0.37
 0  82.58  1.17  0  0  1.52
 0  95.31  0.42  1  0  0.52
 0  92.56  1.24  0  1  0.89
 0  77.47  0.96  0  1  1.66
 1  78.06  0.21  1  1  0.69
 1  70.67  0.27  0  1  0.50
 1  82.53  0.61  1  1  0.78
 0  81.94  1.37  0  0  0.60
 0  90.98  0.57  1  0  0.72
 0  74.25  1.34  1  1  0.60
 0  77.42  1.17  1  0  1.07
 0  77.47  0.96  1  0  0.61
 0  70.67  1.30  1  1  0.53
 1  85.75  0.23  1  1  0.87
 0  82.53  0.96  0  1  1.51
 0  89.33  1.30  0  1  1.04
 0  72.67  1.11  0  1  3.02
 0  87.33  1.11  0  0  0.89
 0  92.56  1.24  1  0  0.54
 1  72.67  0.46  1  1  0.68
 1  64.69  1.16  1  1  1.19
 0  87.33  1.11  1  0  0.71
 1  62.54  0.51  1  1  0.52
 0  95.31  0.42  0  0  0.71
 1  82.53  0.61  0  0  0.82
 0  67.44  1.24  0  1  0.69
 0  97.46  0.51  0  0  0.50
 1  67.05  0.71  0  1  0.58
 1  89.33  0.27  0  0  0.60
 1  74.25  0.23  1  1  0.52
 0  95.31  1.16  1  0  0.67
 0  97.46  1.06  0  0  0.42
 0  99.70  0.84  0  0  0.46
 1  64.69  0.42  1  1  1.06
 0  85.75  1.34  1  1  0.60
 1  61.05  0.95  1  1  0.46
 0  86.10  0.86  0  0  0.41
 0  86.10  0.71  1  0  0.45
 0  67.44  1.24  1  1  0.48
 1  74.25  0.23  0  1  0.79
 0  72.67  1.11  1  0  1.21
 1  73.90  0.71  1  0  0.78
 1  62.54  1.06  0  1  0.56
 0  86.10  0.71  0  0  0.44
 1  81.94  0.21  0  1  0.76
 1  60.30  0.84  0  1  0.67
 1  69.02  0.57  1  1  0.70
 0  81.94  1.37  1  0  1.01
 0  98.95  0.95  0  0  0.46
 1  77.42  0.40  1  1  2.13
 1  82.58  0.40  0  1  0.48
 1  61.05  0.95  0  1  0.68
 0  92.95  0.71  0  0  0.63
 1  64.69  1.16  0  1  0.56
 1  60.30  0.73  0  1  0.70
 1  60.30  0.84  1  1  0.49
 1  62.54  0.51  0  1  0.56
 0  97.46  0.51  1  0  0.43
 1  92.56  0.33  0  0  0.49
 1  67.44  0.33  1  1  0.51
 1  77.42  0.40  0  1  0.48
 1  85.75  0.23  0  1  0.83
 1  60.30  0.73  1  1  0.93
 1  67.44  0.33  0  1  0.61
 1  89.33  0.27  1  1  1.36
 0  98.95  0.62  1  0  0.44
 0  78.06  1.37  1  1  0.73
 1  77.47  0.61  0  1  0.94
 0  92.95  0.86  1  0  0.50
 0  70.67  1.30  0  0  1.06
 1  73.90  0.86  1  1  1.51
 0  90.98  1.00  1  0  0.56
 1  67.05  0.71  1  1  0.89
 0  92.95  0.71  1  0  0.48
 0  99.70  0.84  1  0  0.50
 1  87.33  0.46  0  0  0.79
 1  87.33  0.46  1  1  0.90
 0  85.75  1.34  0  0  0.68
 1  61.05  0.62  0  1  0.57
 0  82.58  1.17  1  0  0.53
 0  90.98  0.57  0  0  0.49
 1  73.90  0.71  0  1  1.01
 1  69.02  1.00  1  1  1.25
 1  82.58  0.40  1  1  0.77
 0  77.42  1.17  0  0  1.76
 1  77.47  0.61  1  1  0.67
 1  72.67  0.46  0  1  0.58
 0  98.95  0.62  0  1  1.08
 0  89.33  1.30  1  0  1.55
 1  92.56  0.33  1  1  0.54
 0  77.42  1.17  0  0  2.19
 1  72.67  0.46  0  1  0.56
 0  89.33  1.30  1  0  0.55
 0  92.95  0.71  0  0  0.64
 0  67.44  1.24  1  1  0.48
 1  67.05  0.71  0  1  0.69
 0  72.67  1.11  1  0  0.57
 1  74.25  0.23  1  1  0.59
 1  61.05  0.95  1  1  1.22
 1  60.30  0.73  0  1  0.88
 0  98.95  0.62  1  0  0.92
 0  77.47  0.96  0  1  1.25
 1  73.90  0.71  1  1  0.71
 0  78.06  1.37  0  0  1.04
 0  95.31  1.16  0  0  0.49
 1  87.33  0.46  1  1  0.53
 0  95.31  0.42  1  1  1.01
 1  62.54  1.06  1  1  1.13
 0  85.75  1.34  1  0  0.65
 0  90.98  0.57  0  1  1.88
 0  97.46  1.06  0  0  1.80
 1  69.02  0.57  0  1  0.97
 0  98.95  0.62  0  0  1.49
 0  78.06  1.37  1  0  1.18
 1  60.30  0.84  1  1  0.58
 1  82.53  0.61  0  0  1.50
 1  89.33  0.27  0  1  0.74
 1  64.69  1.16  1  1  1.02
 1  64.69  0.42  1  1  0.66
 1  60.30  0.84  0  1  1.05
 0  74.25  1.34  0  0  0.81
 1  81.94  0.21  0  1  0.58
 0  99.70  0.73  1  0  1.11
 1  69.02  1.00  1  1  0.90
 0  67.44  1.24  0  0  1.15
 0  87.33  1.11  1  0  0.75
 0  92.95  0.86  1  0  2.82
 1  85.75  0.23  0  1  0.66
 0  70.67  1.30  0  0  0.94
 0  97.46  1.06  1  0  0.72
 0  86.10  0.86  0  0  0.80
 1  82.58  0.40  0  1  0.86
 0  92.56  1.24  1  0  0.54
 0  70.67  1.30  1  1  1.84
 0  82.58  1.17  0  0  0.99
 1  67.44  0.33  1  1  0.48
 1  69.02  1.00  0  1  1.18
 1  67.05  0.71  1  1  0.48
 1  61.05  0.62  0  1  0.44
 1  73.90  0.86  0  0  1.30
 0  77.42  1.17  1  0  0.79
 1  67.05  0.86  1  1  0.60
 1  73.90  0.71  0  1  0.64
 0  92.95  0.71  1  0  1.64
 0  92.95  0.86  0  0  0.66
 0  90.98  1.00  0  0  0.53
 1  70.67  0.27  1  1  0.46
 1  61.05  0.95  0  1  0.53
 0  97.46  0.51  1  0  1.35
 1  60.30  0.73  1  1  0.99
 1  85.75  0.23  1  1  0.77
 0  82.58  1.17  1  0  0.92
 0  81.94  1.37  1  0  0.62
 1  64.69  1.16  0  1  0.68
 0  90.98  0.57  1  0  1.13
 1  67.44  0.33  0  1  0.62
 0  95.31  0.42  0  0  1.12
 1  73.90  0.86  1  1  1.13
 1  78.06  0.21  1  1  0.58
 1  82.53  0.61  1  0  0.99
 1  67.05  0.86  0  1  0.77
 0  90.98  1.00  1  0  0.61
 0  99.70  0.84  0  0  0.47
 1  70.67  0.27  0  1  0.54
 0  92.56  1.24  0  0  0.69
 0  86.10  0.86  1  0  0.46
 0  99.70  0.84  1  0  0.45
 0  98.95  0.95  1  0  0.41
 1  77.47  0.61  1  1  0.61
 1  92.56  0.33  0  1  0.54
 1  82.58  0.40  1  1  0.55
 1  81.94  0.21  1  1  0.57
 1  77.47  0.61  0  0  0.67
 1  69.02  0.57  1  1  0.53
 0  81.94  1.37  0  0  0.54
 0  95.31  1.16  1  0  0.64
 1  92.56  0.33  1  1  0.59
 0  87.33  1.11  0  0  0.56
 0  82.53  0.96  0  0  0.70
 0  86.10  0.71  0  0  0.57
 1  74.25  0.23  0  1  0.37
 1  64.69  0.42  0  1  0.59
 0  82.53  0.96  1  0  0.55
 1  77.42  0.40  0  1  0.68
 1  87.33  0.46  0  0  1.60
 0  85.75  1.34  0  0  0.63
 1  62.54  0.51  1  1  0.47
 1  78.06  0.21  0  1  0.67
 0  77.47  0.96  1  0  0.68
 0  89.33  1.30  0  0  0.56
 1  77.42  0.40  1  1  0.49
 0  86.10  0.71  1  0  0.83
 0  97.46  0.51  0  1  0.91
 0  74.25  1.34  1  0  0.68
 0  99.70  0.73  0  0  1.03
 1  72.67  0.46  1  1  0.70
 0  72.67  1.11  0  1  1.55
 0  98.95  0.95  0  0  0.91
 1  62.54  0.51  0  1  0.51
 1  62.54  1.06  0  1  0.63
 1  61.05  0.62  1  1  0.47
 1  89.33  0.27  1  1  2.31
 0  90.98  1.00  0  0  1.04
 0  81.94  1.37  0  0  0.70
 0  82.53  0.96  1  0  0.48
 1  67.05  0.71  1  1  0.63
 1  74.25  0.23  1  1  0.51
 1  67.05  0.86  0  1  0.92
 0  89.33  1.30  1  0  0.54
 1  78.06  0.21  1  1  0.46
 0  92.56  1.24  0  0  0.64
 1  62.54  1.06  0  1  0.64
 1  92.56  0.33  1  1  2.89
 1  69.02  0.57  1  1  0.57
 1  69.02  1.00  1  0  0.73
 1  61.05  0.95  0  1  0.55
 1  87.33  0.46  0  0  4.51
 0  86.10  0.71  1  1  0.69
 1  60.30  0.73  1  1  0.62
 1  82.53  0.61  1  1  0.60
 0  92.95  0.71  0  0  1.38
 1  73.90  0.86  0  1  0.99
 0  78.06  1.37  1  0  0.92
 0  92.95  0.86  0  0  0.71
 0  95.31  0.42  1  0  1.28
 0  77.47  0.96  1  1  1.25
 1  72.67  0.46  0  1  0.66
 0  90.98  0.57  0  0  2.38
 0  95.31  0.42  0  0  0.51
 1  70.67  0.27  1  1  0.66
 1  81.94  0.21  1  1  0.47
 1  60.30  0.73  0  1  0.87
 1  82.58  0.40  1  0  2.01
 1  85.75  0.23  0  1  0.52
 0  99.70  0.73  0  0  0.64
 0  78.06  1.37  0  0  0.80
 0  82.53  0.96  0  0  0.52
 0  97.46  0.51  0  0  0.83
 0  99.70  0.73  1  0  0.47
 1  70.67  0.27  0  1  0.60
 1  64.69  0.42  1  1  0.57
 1  64.69  1.16  0  0  0.61
 1  77.42  0.40  0  1  0.90
 0  74.25  1.34  0  0  0.51
 1  61.05  0.95  1  1  2.51
 1  73.90  0.86  1  1  1.18
 0  87.33  1.11  1  0  0.59
 1  60.30  0.84  0  1  0.45
 0  90.98  1.00  1  0  0.55
 1  87.33  0.46  1  0  1.49
 1  64.69  1.16  1  1  0.52
 1  62.54  1.06  1  1  1.34
 1  62.54  0.51  1  1  0.65
 0  77.42  1.17  0  0  0.67
 0  67.44  1.24  1  0  0.95
 1  77.47  0.61  1  1  0.66
 1  72.67  0.46  1  1  0.48
 0  99.70  0.84  0  0  0.55
 1  82.58  0.40  0  1  0.80
 0  92.95  0.71  1  0  0.79
 0  95.31  1.16  1  0  0.76
 1  61.05  0.62  0  1  0.49
 1  69.02  0.57  0  1  0.58
 1  60.30  0.84  1  1  0.45
 0  72.67  1.11  1  0  0.69
 0  85.75  1.34  0  0  0.45
 0  77.42  1.17  1  0  0.63
 1  62.54  0.51  0  1  0.44
 0  70.67  1.30  0  0  0.47
 1  67.44  0.33  1  1  0.47
 0  98.95  0.62  0  0  0.60
 0  87.33  1.11  0  0  0.61
 1  69.02  1.00  0  1  1.12
 0  85.75  1.34  1  0  0.56
 1  67.05  0.86  1  1  0.94
 1  73.90  0.71  1  1  0.54
 0  99.70  0.84  1  0  0.53
 0  74.25  1.34  1  0  1.34
 1  82.53  0.61  0  0  0.58
 0  67.44  1.24  0  0  1.22
 0  82.58  1.17  0  0  0.60
 0  70.67  1.30  1  1  0.50
 0  97.46  0.51  1  0  0.53
 0  92.56  1.24  1  0  0.56
 0  72.67  1.11  0  0  1.45
 1  64.69  0.42  0  1  0.65
 1  77.47  0.61  0  1  0.47
 1  77.42  0.40  1  1  0.44
 0  97.46  1.06  1  0  0.45
 1  61.05  0.62  1  1  0.50
 1  81.94  0.21  0  1  0.59
 0  98.95  0.95  1  0  0.63
 1  89.33  0.27  1  1  0.45
 0  95.31  1.16  0  0  0.60
 1  78.06  0.21  0  1  0.45
 0  98.95  0.95  0  0  0.48
 0  97.46  1.06  0  0  0.45
 0  81.94  1.37  1  0  0.89
 1  85.75  0.23  1  1  0.57
 1  89.33  0.27  0  1  0.63
 1  92.56  0.33  0  1  0.40
 0  98.95  0.62  1  0  1.06
 0  77.47  0.96  0  1  1.05
 0  86.10  0.86  0  0  0.83
 1  73.90  0.71  0  0  0.62
 0  89.33  1.30  0  0  0.59
 0  86.10  0.71  0  0  1.60
 1  67.44  0.33  0  1  0.54
 0  86.10  0.86  1  0  0.93
 0  92.95  0.86  1  0  0.43
 1  74.25  0.23  0  1  0.46
 1  67.05  0.71  0  1  0.70
 0  90.98  0.57  1  0  0.75
 0  82.58  1.17  1  0  0.75
