 1  74.25  1.34  1  0  1.88
 0  85.75  1.34  0  1  1.03
 1  95.31  0.42  1  0  1.83
 0  92.56  1.24  0  1  1.29
 0  97.46  0.51  0  1  2.19
 1  69.02  0.57  0  1  4.34
 0  64.69  1.16  1  0  5.67
 1  74.25  0.23  0  1  3.68
 0  99.70  0.84  0  0  3.67
 0  67.44  1.24  0  1  1.02
 1  67.05  0.71  0  1  2.35
 0  98.95  0.95  0  0  3.12
 0  86.10  0.71  0  1  1.89
 1  62.54  0.51  0  1  1.73
 1  72.67  0.46  0  0  1.75
 0  74.25  0.23  1  1  1.81
 0  92.95  0.86  0  1  3.36
 1  95.31  1.16  1  0  2.41
 0  82.58  0.40  1  1  1.70
 1  60.30  0.84  0  1  1.02
 1  90.98  0.57  1  1  1.49
 1  81.94  0.21  0  1  2.06
 1  64.69  1.16  0  1  2.32
 0  97.46  1.06  0  0  3.17
 0  69.02  1.00  1  1  1.53
 1  98.95  0.62  1  1  2.08
 0  67.05  0.71  1  1  1.02
 1  87.33  1.11  1  1  1.09
 0  62.54  0.51  1  1  2.55
 1  70.67  1.30  1  1  3.49
 0  70.67  1.30  0  1  1.34
 1  73.90  0.71  0  1  0.97
 1  77.47  0.96  1  0  3.27
 1  61.05  0.95  0  1  1.40
 0  69.02  0.57  1  1  2.15
 1  92.56  1.24  1  0  0.79
 1  62.54  1.06  0  1  0.57
 1  89.33  1.30  1  1  2.08
 1  70.67  0.27  0  1  1.05
 1  77.42  1.17  1  1  0.61
 0  81.94  1.37  0  0  0.29
 0  81.94  0.21  1  0  0.24
 1  92.95  0.86  1  1  0.37
 0  64.69  0.42  1  0  0.44
 0  67.44  0.33  1  1  1.12
 1  81.94  1.37  1  1  0.97
 1  97.46  1.06  1  1  0.28
 0  72.67  1.11  0  1  0.21
 1  97.46  0.51  1  1  1.35
 0  92.95  0.71  0  1  0.27
 0  90.98  0.57  0  1  0.63
 1  85.75  1.34  1  1  0.77
 0  99.70  0.73  0  0  0.85
 1  99.70  0.73  1  0  1.39
 0  61.05  0.95  1  1  0.49
 0  82.58  1.17  0  1  0.45
 1  82.53  0.61  0  1  1.43
 0  98.95  0.62  0  0  0.36
 0  77.47  0.61  1  0  0.26
 1  86.10  0.86  1  1  0.45
 1  85.75  0.23  0  1  0.91
 1  64.69  0.42  0  1  0.35
 1  82.53  0.96  1  1  0.57
 1  67.44  1.24  1  0  0.30
 0  70.67  0.27  1  1  0.36
 0  67.05  0.86  1  1  1.13
 0  74.25  1.34  0  1  0.44
 0  61.05  0.62  1  1  1.17
 0  72.67  0.46  1  1  1.74
 0  73.90  0.71  1  1  0.57
 0  78.06  0.21  1  0  0.81
 0  82.53  0.96  0  0  0.87
 1  98.95  0.95  1  0  0.76
 1  92.95  0.71  1  1  0.49
 1  77.42  0.40  0  1  0.29
 1  72.67  1.11  1  1  0.27
 0  86.10  0.86  0  1  0.59
 0  78.06  1.37  0  1  0.27
 1  78.06  0.21  0  0  0.25
 1  61.05  0.62  0  0  0.52
 1  82.58  1.17  1  0  0.34
 1  86.10  0.71  1  1  0.35
 0  62.54  1.06  1  0  0.33
 1  78.06  1.37  1  0  0.27
 0  92.56  0.33  1  0  0.31
 1  69.02  1.00  0  0  0.26
 1  67.05  0.86  0  1  0.38
 0  77.42  1.17  0  1  0.31
 0  73.90  0.86  1  1  0.65
 0  95.31  0.42  0  1  0.32
 1  89.33  0.27  0  0  0.40
 0  85.75  0.23  1  1  0.87
 1  73.90  0.86  0  1  0.38
 0  89.33  1.30  0  1  0.76
 1  99.70  0.84  1  0  2.97
 1  87.33  0.46  0  1  0.68
 0  82.53  0.61  1  1  0.46
 0  60.30  0.84  1  1  0.60
 1  60.30  0.73  0  0  0.33
 0  87.33  1.11  0  1  0.28
 1  90.98  1.00  1  0  0.37
 0  87.33  0.46  1  1  0.25
 1  67.44  0.33  0  0  0.77
 0  77.42  0.40  1  0  0.31
 0  95.31  1.16  0  0  1.13
 0  60.30  0.73  1  0  0.30
 1  77.47  0.61  0  0  0.31
 1  92.56  0.33  0  1  0.27
 0  90.98  1.00  0  1  0.65
 0  77.47  0.96  0  1  0.24
 0  89.33  0.27  1  0  0.17
 1  82.58  0.40  0  0  0.44
 1  72.67  1.11  1  1  2.89
 0  77.42  1.17  0  1  0.19
 1  67.44  1.24  1  1  0.28
 0  82.58  1.17  0  0  0.65
 1  98.95  0.62  1  1  0.37
 1  60.30  0.84  0  0  0.26
 1  92.56  0.33  0  1  0.19
 1  70.67  1.30  1  1  0.35
 0  60.30  0.73  1  0  0.26
 0  78.06  1.37  0  0  1.86
 0  92.56  1.24  0  1  0.27
 1  82.53  0.96  1  0  0.30
 0  98.95  0.95  0  0  0.35
 1  90.98  1.00  1  1  0.23
 1  70.67  0.27  0  1  0.21
 1  69.02  0.57  0  1  0.43
 0  97.46  0.51  0  0  0.26
 1  74.25  0.23  0  1  0.40
 1  86.10  0.86  1  0  0.48
 1  90.98  0.57  1  0  0.38
 0  74.25  0.23  1  1  0.37
 1  82.53  0.61  0  1  0.24
 1  86.10  0.71  1  0  0.36
 0  60.30  0.84  1  1  0.28
 1  82.58  0.40  0  0  0.26
 1  77.47  0.61  0  1  0.26
 0  74.25  1.34  0  1  0.32
 1  97.46  1.06  1  1  0.49
 0  92.95  0.71  0  0  0.22
 0  64.69  0.42  1  1  0.38
 1  62.54  0.51  0  1  0.29
 0  61.05  0.62  1  0  0.25
 1  81.94  1.37  1  0  0.27
 0  82.53  0.61  1  1  0.25
 0  86.10  0.86  0  1  1.70
 1  98.95  0.95  1  1  1.48
 0  73.90  0.86  1  1  1.02
 0  64.69  1.16  1  0  2.13
 0  72.67  0.46  1  1  0.32
 0  70.67  1.30  0  1  0.50
 1  97.46  0.51  1  0  0.54
 0  97.46  1.06  0  1  0.39
 1  64.69  1.16  0  1  0.64
 1  95.31  1.16  1  0  0.67
 1  61.05  0.62  0  1  0.39
 1  77.42  0.40  0  1  0.56
 1  89.33  0.27  0  1  0.56
 0  85.75  0.23  1  1  0.63
 1  92.95  0.71  1  1  0.39
 1  87.33  0.46  0  1  0.43
 1  73.90  0.86  0  0  0.68
 1  67.44  0.33  0  0  0.34
 0  77.42  0.40  1  0  0.32
 0  69.02  0.57  1  1  0.27
 0  73.90  0.71  1  1  0.24
 0  85.75  1.34  0  0  0.38
 1  77.47  0.96  1  0  0.27
 1  95.31  0.42  1  1  0.26
 1  78.06  0.21  0  0  0.28
 0  78.06  0.21  1  1  0.21
 0  89.33  0.27  1  0  0.35
 0  87.33  1.11  0  0  0.24
 1  85.75  1.34  1  1  0.32
 1  81.94  0.21  0  1  0.27
 0  61.05  0.95  1  1  0.26
 0  92.95  0.86  0  1  0.48
 0  99.70  0.73  0  1  0.17
 1  87.33  1.11  1  1  0.25
 1  99.70  0.84  1  1  0.23
 0  95.31  0.42  0  1  0.43
 0  67.05  0.71  1  1  0.72
 0  95.31  1.16  0  1  0.47
 1  77.42  1.17  1  1  0.20
 1  92.95  0.86  1  1  0.26
 0  77.47  0.61  1  0  0.26
 0  67.05  0.86  1  0  0.24
 1  99.70  0.73  1  1  0.29
 1  73.90  0.71  0  1  0.32
 0  77.47  0.96  0  1  0.20
 0  89.33  1.30  0  0  0.66
 1  78.06  1.37  1  0  0.27
 0  70.67  0.27  1  1  0.26
 1  62.54  1.06  0  1  0.36
 0  62.54  0.51  1  1  0.15
 0  90.98  1.00  0  0  0.56
 1  60.30  0.73  0  0  1.21
 0  86.10  0.71  0  1  0.34
 0  69.02  1.00  1  0  0.35
 1  64.69  0.42  0  1  0.87
 1  82.58  1.17  1  1  0.44
 0  81.94  0.21  1  0  0.94
 0  62.54  1.06  1  1  0.69
 0  98.95  0.62  0  1  0.30
 0  67.44  1.24  0  1  1.02
 0  99.70  0.84  0  0  0.26
 1  92.56  1.24  1  1  0.92
 0  67.44  0.33  1  1  3.63
 1  74.25  1.34  1  1  3.69
 1  61.05  0.95  0  1  0.11
 0  92.56  0.33  1  0  0.24
 0  82.58  0.40  1  0  0.20
 0  90.98  0.57  0  0  0.36
 1  72.67  0.46  0  0  0.34
 0  82.53  0.96  0  0  4.02
 1  89.33  1.30  1  0  0.27
 1  67.05  0.86  0  1  0.26
 1  69.02  1.00  0  1  0.37
 1  85.75  0.23  0  0  0.41
 0  87.33  0.46  1  0  0.21
 0  72.67  1.11  0  0  0.96
 1  67.05  0.71  0  0  0.44
 0  81.94  1.37  0  1  0.62
 0  70.67  1.30  0  0  0.74
 1  60.30  0.73  0  0  0.46
 1  82.53  0.61  0  0  0.42
 0  89.33  0.27  1  0  0.30
 0  97.46  1.06  0  1  0.97
 0  73.90  0.86  1  1  0.67
 0  62.54  0.51  1  1  3.38
 0  92.56  1.24  0  1  4.61
 1  97.46  0.51  1  1  0.74
 0  81.94  0.21  1  1  1.68
 1  62.54  1.06  0  0  0.57
 0  95.31  1.16  0  1  0.57
 0  60.30  0.84  1  1  0.23
 1  90.98  0.57  1  0  0.25
 0  86.10  0.86  0  1  0.26
 1  82.58  1.17  1  0  0.27
 0  92.56  0.33  1  1  0.18
 1  95.31  1.16  1  0  0.26
 1  77.42  1.17  1  1  0.30
 1  61.05  0.95  0  1  0.32
 1  72.67  0.46  0  1  0.27
 1  90.98  1.00  1  0  0.42
 0  97.46  0.51  0  0  0.42
 0  95.31  0.42  0  1  0.26
 1  92.95  0.71  1  0  0.29
 0  87.33  0.46  1  1  0.29
 1  67.05  0.71  0  0  0.31
 0  73.90  0.71  1  1  0.28
 0  77.42  1.17  0  0  0.45
 1  98.95  0.62  1  0  0.27
 1  67.44  1.24  1  1  0.36
 1  69.02  0.57  0  1  0.35
 0  67.44  1.24  0  1  0.31
 1  82.53  0.96  1  0  0.23
 1  82.58  0.40  0  1  0.30
 1  87.33  1.11  1  1  0.27
 0  67.05  0.86  1  1  0.55
 1  85.75  0.23  0  0  1.40
 0  82.53  0.96  0  1  0.41
 1  92.95  0.86  1  0  0.43
 0  74.25  1.34  0  1  0.25
 0  61.05  0.62  1  0  0.38
 0  87.33  1.11  0  1  0.22
 0  77.47  0.61  1  0  0.10
 1  64.69  0.42  0  0  0.37
 0  99.70  0.73  0  0  0.58
 1  78.06  1.37  1  1  0.26
 0  69.02  1.00  1  0  0.26
 1  78.06  0.21  0  1  0.27
 0  72.67  1.11  0  1  0.37
 1  81.94  1.37  1  0  0.24
 1  61.05  0.62  0  1  0.36
 0  70.67  0.27  1  0  0.25
 1  99.70  0.84  1  1  0.27
 0  78.06  1.37  0  0  0.27
 0  77.42  0.40  1  1  0.27
 0  69.02  0.57  1  1  1.03
 1  60.30  0.84  0  1  0.47
 1  81.94  0.21  0  0  0.25
 1  69.02  1.00  0  0  0.54
 1  70.67  0.27  0  0  0.22
 1  95.31  0.42  1  1  0.30
 1  72.67  1.11  1  0  0.38
 1  64.69  1.16  0  1  0.42
 1  67.44  0.33  0  1  0.46
 1  74.25  1.34  1  0  0.88
 0  74.25  0.23  1  1  0.39
 0  82.58  1.17  0  0  0.37
 0  85.75  0.23  1  0  0.37
 0  92.95  0.71  0  0  0.34
 0  61.05  0.95  1  0  0.31
 1  89.33  1.30  1  0  0.35
 1  99.70  0.73  1  1  0.40
 1  87.33  0.46  0  1  0.43
 0  98.95  0.95  0  1  0.39
 0  90.98  1.00  0  0  0.30
 0  92.95  0.86  0  0  0.22
 1  92.56  1.24  1  0  0.30
 1  89.33  0.27  0  1  0.16
 0  60.30  0.73  1  1  0.30
 1  73.90  0.71  0  1  0.27
 1  97.46  1.06  1  1  0.24
 1  92.56  0.33  0  1  0.20
 0  90.98  0.57  0  1  0.22
 0  78.06  0.21  1  0  0.23
 0  67.44  0.33  1  0  0.22
 0  85.75  1.34  0  0  0.25
 0  67.05  0.71  1  0  0.23
 1  74.25  0.23  0  0  0.33
 1  70.67  1.30  1  1  0.22
 1  86.10  0.86  1  1  0.32
 1  77.47  0.61  0  1  0.36
 1  98.95  0.95  1  1  0.29
 0  99.70  0.84  0  1  0.50
 0  77.47  0.96  0  0  0.22
 1  62.54  0.51  0  0  0.21
 1  67.05  0.86  0  1  0.20
 1  85.75  1.34  1  0  0.23
 0  72.67  0.46  1  1  0.26
 1  86.10  0.71  1  1  0.26
 1  77.42  0.40  0  1  0.30
 0  98.95  0.62  0  1  0.47
 0  62.54  1.06  1  0  0.33
 0  82.58  0.40  1  0  0.32
 1  77.47  0.96  1  0  0.24
 1  73.90  0.86  0  1  0.26
 0  81.94  1.37  0  0  0.28
 0  82.53  0.61  1  0  0.30
 0  89.33  1.30  0  1  0.59
 0  64.69  0.42  1  0  0.22
 0  86.10  0.71  0  0  0.33
 0  64.69  1.16  1  0  0.70
 1  62.54  0.51  0  1  0.77
 0  92.95  0.71  0  0  0.23
 1  85.75  1.34  1  1  0.26
 0  69.02  1.00  1  1  0.34
 1  82.53  0.96  1  0  0.28
 1  67.05  0.71  0  0  0.32
 0  74.25  1.34  0  1  0.44
 1  77.42  1.17  1  1  0.43
 1  74.25  1.34  1  1  0.24
 0  85.75  0.23  1  1  0.27
 0  86.10  0.71  0  0  0.26
 0  72.67  1.11  0  0  0.23
 0  67.05  0.71  1  1  0.50
 1  85.75  0.23  0  1  0.37
 0  77.42  1.17  0  1  0.35
 1  98.95  0.95  1  1  0.25
 0  81.94  1.37  0  0  0.68
 1  92.95  0.86  1  0  0.34
 1  92.56  0.33  0  1  0.29
 1  87.33  0.46  0  1  0.38
 1  87.33  1.11  1  1  0.31
 1  77.47  0.61  0  1  0.33
 1  86.10  0.71  1  1  0.22
 0  60.30  0.73  1  1  0.34
 0  72.67  0.46  1  0  0.32
 0  77.47  0.96  0  0  0.26
 0  92.56  0.33  1  0  0.29
 0  90.98  1.00  0  0  0.22
 1  77.42  0.40  0  1  0.30
 1  77.47  0.96  1  1  0.29
 1  86.10  0.86  1  1  0.38
 1  61.05  0.62  0  1  0.18
 0  62.54  1.06  1  1  0.43
 0  77.42  0.40  1  0  1.08
 0  77.47  0.61  1  0  0.39
 0  64.69  1.16  1  1  0.54
 1  74.25  0.23  0  0  1.10
 0  67.05  0.86  1  0  2.35
 0  61.05  0.62  1  0  0.42
 0  74.25  0.23  1  1  1.11
 1  72.67  1.11  1  0  3.33
 1  99.70  0.73  1  1  1.31
 0  87.33  1.11  0  1  1.58
 1  72.67  0.46  0  0  2.40
 0  90.98  0.57  0  1  1.52
 0  87.33  0.46  1  1  1.68
 1  78.06  1.37  1  0  1.11
 1  82.58  1.17  1  1  1.15
 1  61.05  0.95  0  1  0.60
 0  89.33  1.30  0  1  1.17
 0  81.94  0.21  1  1  2.73
 1  70.67  1.30  1  1  0.91
 1  90.98  0.57  1  0  0.70
 0  99.70  0.73  0  0  0.73
 0  61.05  0.95  1  0  1.78
 1  73.90  0.86  0  0  0.82
 1  60.30  0.73  0  1  1.28
 0  78.06  0.21  1  1  2.59
 0  98.95  0.95  0  0  0.84
 1  82.53  0.61  0  0  0.64
 1  98.95  0.62  1  0  0.67
 1  70.67  0.27  0  1  0.29
 0  95.31  1.16  0  1  0.83
 1  67.05  0.86  0  1  0.68
 0  69.02  0.57  1  1  0.46
 1  69.02  1.00  0  0  0.36
 1  81.94  0.21  0  1  2.59
 1  64.69  1.16  0  1  0.96
 1  97.46  0.51  1  0  1.08
 0  73.90  0.86  1  1  0.64
 0  82.58  1.17  0  0  0.78
 0  70.67  0.27  1  0  1.24
 1  82.58  0.40  0  1  1.02
 0  64.69  0.42  1  1  0.96
 0  67.44  1.24  0  1  0.58
 0  99.70  0.84  0  1  1.32
 0  70.67  1.30  0  1  0.55
 0  92.56  1.24  0  0  2.19
 0  82.58  0.40  1  1  0.44
 0  89.33  0.27  1  0  0.59
 0  73.90  0.71  1  0  0.26
 1  97.46  1.06  1  0  0.37
 1  73.90  0.71  0  1  0.26
 0  97.46  0.51  0  1  0.61
 0  78.06  1.37  0  1  0.61
 1  67.44  0.33  0  0  0.30
 0  95.31  0.42  0  1  0.29
 1  69.02  0.57  0  1  0.39
 0  86.10  0.86  0  1  0.45
 0  82.53  0.96  0  0  0.94
 0  62.54  0.51  1  1  0.74
 0  92.95  0.86  0  0  0.01
 1  67.44  1.24  1  1  0.67
 0  98.95  0.62  0  1  0.33
 0  67.44  0.33  1  1  0.33
 1  99.70  0.84  1  0  0.48
 1  78.06  0.21  0  1  0.33
 1  89.33  0.27  0  1  0.29
 1  64.69  0.42  0  1  0.47
 1  89.33  1.30  1  1  0.48
 0  82.53  0.61  1  1  0.23
 1  92.56  1.24  1  0  0.27
 0  85.75  1.34  0  1  1.04
 0  60.30  0.84  1  0  0.35
 1  81.94  1.37  1  0  0.52
 1  60.30  0.84  0  1  0.37
 1  95.31  0.42  1  1  0.43
 1  95.31  1.16  1  1  0.40
 1  62.54  1.06  0  1  0.28
 0  97.46  1.06  0  1  0.38
 1  90.98  1.00  1  0  0.49
 1  92.95  0.71  1  1  0.32
 0  82.58  1.17  0  1  0.84
 0  97.46  0.51  0  0  0.47
 1  67.05  0.71  0  0  0.56
 0  61.05  0.62  1  1  0.46
 0  69.02  1.00  1  1  0.20
 1  70.67  0.27  0  0  0.28
 0  61.05  0.95  1  1  0.23
 1  89.33  1.30  1  0  0.22
 0  86.10  0.86  0  1  0.30
 0  87.33  0.46  1  0  0.22
 0  67.44  1.24  0  0  0.30
 1  61.05  0.62  0  1  0.24
 1  92.95  0.86  1  1  0.39
 1  73.90  0.86  0  1  0.41
 0  92.95  0.71  0  1  1.21
 1  77.47  0.61  0  0  0.37
 0  82.53  0.96  0  0  0.67
 0  74.25  1.34  0  1  0.23
 0  98.95  0.95  0  0  0.22
 0  64.69  0.42  1  1  0.38
 1  95.31  1.16  1  0  0.22
 1  92.56  1.24  1  1  0.22
 1  87.33  1.11  1  1  0.25
 0  87.33  1.11  0  1  0.28
 1  62.54  0.51  0  1  0.55
 0  77.47  0.96  0  1  0.24
 0  99.70  0.84  0  0  0.36
 1  78.06  1.37  1  0  0.32
 0  67.44  0.33  1  1  0.01
 0  72.67  1.11  0  0  0.24
 1  67.44  1.24  1  0  1.02
 1  74.25  0.23  0  1  0.49
 1  87.33  0.46  0  1  0.31
 0  74.25  0.23  1  1  0.75
 1  72.67  0.46  0  1  0.76
 1  82.58  1.17  1  1  0.82
 0  85.75  0.23  1  1  0.67
 1  92.95  0.71  1  0  0.51
 0  82.53  0.61  1  1  0.29
 0  90.98  0.57  0  0  0.50
 0  92.56  0.33  1  0  0.25
 1  86.10  0.71  1  0  0.28
 0  60.30  0.84  1  1  0.23
 0  98.95  0.62  0  0  0.35
 0  67.05  0.71  1  1  0.27
 0  69.02  0.57  1  1  0.29
 1  69.02  1.00  0  0  0.28
 1  64.69  1.16  0  1  0.24
 0  97.46  1.06  0  1  0.56
 0  77.42  0.40  1  1  0.52
 1  85.75  1.34  1  0  0.80
 1  90.98  1.00  1  1  0.46
 1  95.31  0.42  1  1  0.26
 0  73.90  0.86  1  1  1.05
 0  62.54  1.06  1  0  0.47
 1  77.42  1.17  1  1  0.29
 0  78.06  0.21  1  1  0.26
 0  70.67  0.27  1  0  0.40
 0  77.47  0.61  1  0  0.61
 1  67.05  0.86  0  1  0.60
 1  62.54  1.06  0  1  0.30
 0  60.30  0.73  1  1  0.38
 1  97.46  1.06  1  0  0.23
 1  90.98  0.57  1  0  0.27
 1  89.33  0.27  0  1  0.39
 0  95.31  0.42  0  1  0.26
 0  73.90  0.71  1  0  0.29
 1  82.58  0.40  0  0  0.41
 0  82.58  0.40  1  1  0.28
 1  69.02  0.57  0  1  0.21
 1  99.70  0.73  1  1  0.17
 0  95.31  1.16  0  1  0.30
 1  77.47  0.96  1  0  0.36
 0  62.54  0.51  1  1  0.36
 1  98.95  0.62  1  0  0.30
 0  64.69  1.16  1  1  0.24
 0  92.95  0.86  0  0  0.32
 1  99.70  0.84  1  1  0.23
 1  85.75  0.23  0  0  0.23
 1  86.10  0.86  1  1  0.61
 0  92.56  1.24  0  1  0.24
 0  81.94  1.37  0  0  0.27
 1  78.06  0.21  0  0  0.23
 0  78.06  1.37  0  1  0.29
 1  74.25  1.34  1  0  0.30
 1  70.67  1.30  1  1  0.39
 1  67.44  0.33  0  0  0.43
 1  60.30  0.84  0  1  0.25
 0  99.70  0.73  0  1  0.34
 1  82.53  0.61  0  0  0.26
 1  81.94  1.37  1  1  0.25
 1  97.46  0.51  1  1  0.32
 0  89.33  1.30  0  1  0.32
 1  92.56  0.33  0  0  0.69
 0  67.05  0.86  1  1  0.30
 1  64.69  0.42  0  0  0.03
 0  81.94  0.21  1  1  0.34
 0  86.10  0.71  0  0  0.45
 1  61.05  0.95  0  0  0.86
 1  98.95  0.95  1  1  0.50
 1  73.90  0.71  0  1  0.47
 0  85.75  1.34  0  1  0.31
 1  77.42  0.40  0  0  0.24
 0  70.67  1.30  0  0  0.53
 0  72.67  0.46  1  1  0.23
 0  90.98  1.00  0  0  0.45
 0  77.42  1.17  0  0  1.25
 1  82.53  0.96  1  0  0.61
 1  60.30  0.73  0  1  0.35
 1  72.67  1.11  1  1  0.47
 0  89.33  0.27  1  0  0.51
 1  81.94  0.21  0  0  0.34
