 1  92.56  0.33  1  0  4.81
 0  97.46  0.51  1  0  5.44
 0  99.70  0.84  1  0  2.19
 1  61.05  0.62  1  1  1.25
 1  67.05  0.86  1  1  0.89
 0  67.44  1.24  1  1  0.66
 1  81.94  0.21  1  0  0.68
 0  82.58  1.17  1  0  1.32
 1  73.90  0.86  1  0  0.45
 1  74.25  0.23  1  0  0.74
 1  69.02  1.00  1  1  0.63
 1  60.30  0.73  1  1  0.48
 0  77.42  1.17  1  0  0.68
 0  81.94  1.37  1  0  0.64
 1  64.69  1.16  1  1  0.57
 0  95.31  0.42  1  0  0.44
 0  82.53  0.96  1  0  0.50
 0  70.67  1.30  1  1  0.37
 0  86.10  0.86  1  0  0.48
 0  87.33  1.11  1  0  0.39
 1  61.05  0.95  1  1  0.30
 1  77.42  0.40  1  1  0.34
 1  60.30  0.84  1  1  0.63
 1  82.58  0.40  1  0  0.49
 0  90.98  1.00  1  0  0.56
 1  67.05  0.71  1  1  0.60
 1  62.54  1.06  1  1  0.54
 1  69.02  0.57  1  0  1.02
 0  72.67  1.11  1  1  0.62
 0  92.56  1.24  1  0  0.53
 0  97.46  1.06  1  0  6.38
 0  77.47  0.96  1  1  3.79
 0  92.95  0.71  1  0  4.45
 1  73.90  0.71  1  1  8.66
 1  72.67  0.46  1  1  0.70
 0  89.33  1.30  1  0  0.64
 0  85.75  1.34  1  0  0.47
 1  70.67  0.27  1  0  0.61
 1  67.44  0.33  1  1  0.73
 1  62.54  0.51  1  1  0.53
 0  95.31  1.16  1  0  0.54
 1  82.53  0.61  1  0  0.48
 0  99.70  0.73  1  0  0.58
 0  98.95  0.62  1  0  0.50
 0  90.98  0.57  1  0  0.56
 1  64.69  0.42  1  1  0.51
 0  74.25  1.34  1  1  0.56
 0  92.95  0.86  1  0  0.53
 1  87.33  0.46  1  0  0.55
 1  85.75  0.23  1  1  0.52
 1  89.33  0.27  1  0  0.80
 0  98.95  0.95  1  0  0.88
 0  86.10  0.71  1  0  0.56
 1  78.06  0.21  1  0  1.27
 1  77.47  0.61  1  1  1.02
 0  78.06  1.37  1  0  8.97
 0  67.44  1.24  1  0  0.49
 0  97.46  1.06  1  1  0.86
 1  67.05  0.86  1  1  1.06
 0  89.33  1.30  1  0  0.45
 0  92.95  0.71  1  0  0.38
 0  90.98  0.57  1  0  0.44
 0  92.56  1.24  1  1  0.94
 1  74.25  0.23  1  0  0.50
 0  77.42  1.17  1  1  1.00
 1  81.94  0.21  1  0  0.35
 1  82.53  0.61  1  0  0.90
 0  86.10  0.71  1  0  0.54
 1  85.75  0.23  1  0  0.53
 0  82.53  0.96  1  1  0.52
 1  87.33  0.46  1  0  0.39
 0  77.47  0.96  1  0  3.37
 1  69.02  0.57  1  0  0.45
 0  70.67  1.30  1  1  2.33
 1  69.02  1.00  1  1  0.49
 1  89.33  0.27  1  0  0.84
 1  77.47  0.61  1  0  6.46
 1  77.42  0.40  1  1  3.98
 0  85.75  1.34  1  1  0.44
 1  62.54  1.06  1  1  0.53
 1  67.44  0.33  1  1  0.70
 0  82.58  1.17  1  0  0.89
 1  82.58  0.40  1  0  0.49
 0  87.33  1.11  1  0  0.57
 1  73.90  0.71  1  1  0.61
 1  78.06  0.21  1  1  0.63
 1  60.30  0.73  1  1  0.57
 0  90.98  1.00  1  0  0.73
 0  99.70  0.84  1  0  0.49
 1  64.69  1.16  1  1  0.47
 0  97.46  0.51  1  0  0.79
 0  99.70  0.73  1  0  0.42
 1  64.69  0.42  1  1  0.42
 1  92.56  0.33  1  0  0.65
 0  72.67  1.11  1  1  0.56
 0  98.95  0.95  1  0  0.84
 1  61.05  0.62  1  1  0.48
 0  92.95  0.86  1  1  0.92
 0  74.25  1.34  1  1  0.55
 1  60.30  0.84  1  1  0.65
 1  72.67  0.46  1  1  1.67
 0  86.10  0.86  1  0  0.60
 0  95.31  0.42  1  0  0.48
 0  81.94  1.37  1  1  1.38
 1  67.05  0.71  1  1  0.82
 1  73.90  0.86  1  1  0.66
 0  98.95  0.62  1  0  0.49
 0  95.31  1.16  1  0  0.56
 1  70.67  0.27  1  1  0.72
 0  78.06  1.37  1  1  0.60
 1  61.05  0.95  1  1  0.58
 1  62.54  0.51  1  1  1.82
 0  67.44  1.24  1  1  1.26
 0  92.95  0.71  1  1  0.98
 1  64.69  1.16  1  1  0.58
 1  81.94  0.21  1  0  0.93
 1  60.30  0.84  1  1  0.69
 0  82.58  1.17  1  1  1.25
 1  61.05  0.95  1  1  0.49
 0  90.98  1.00  1  0  0.61
 1  82.58  0.40  1  0  0.61
 1  64.69  0.42  1  1  0.41
 1  62.54  1.06  1  1  0.49
 1  89.33  0.27  1  0  1.07
 1  60.30  0.73  1  1  0.48
 0  92.95  0.86  1  0  0.50
 0  70.67  1.30  1  1  0.47
 0  97.46  1.06  1  0  0.49
 1  82.53  0.61  1  0  0.62
 0  97.46  0.51  1  0  0.61
 1  67.44  0.33  1  1  0.71
 1  73.90  0.71  1  1  0.79
 0  78.06  1.37  1  1  0.70
 0  82.53  0.96  1  0  0.48
 0  72.67  1.11  1  1  1.11
 1  73.90  0.86  1  0  0.91
 0  85.75  1.34  1  1  0.55
 0  89.33  1.30  1  0  1.00
 0  81.94  1.37  1  0  0.52
 0  86.10  0.71  1  0  0.85
 0  95.31  1.16  1  0  0.65
 1  69.02  1.00  1  1  0.56
 0  98.95  0.62  1  0  1.00
 0  77.47  0.96  1  0  1.85
 1  67.05  0.71  1  1  1.97
 1  70.67  0.27  1  1  0.43
 1  74.25  0.23  1  1  2.02
 0  92.56  1.24  1  0  1.63
 0  90.98  0.57  1  0  2.13
 0  95.31  0.42  1  0  0.59
 1  77.47  0.61  1  0  0.91
 0  74.25  1.34  1  0  0.48
 0  99.70  0.84  1  0  0.54
 0  98.95  0.95  1  0  0.46
 0  99.70  0.73  1  0  0.41
 0  86.10  0.86  1  0  0.33
 1  85.75  0.23  1  0  0.43
 1  78.06  0.21  1  0  0.58
 1  92.56  0.33  1  0  0.49
 0  87.33  1.11  1  1  0.47
 1  67.05  0.86  1  1  0.71
 1  61.05  0.62  1  1  0.51
 0  77.42  1.17  1  1  0.66
 1  62.54  0.51  1  1  0.73
 1  72.67  0.46  1  1  0.50
 1  87.33  0.46  1  0  0.85
 1  69.02  0.57  1  1  0.60
 1  77.42  0.40  1  0  0.88
 1  60.30  0.84  1  1  0.52
 1  60.30  0.73  1  1  0.44
 0  82.53  0.96  1  1  0.90
 1  69.02  1.00  1  1  0.64
 0  77.47  0.96  1  1  1.11
 0  89.33  1.30  1  0  1.14
 0  86.10  0.86  1  0  0.55
 1  73.90  0.71  1  0  0.72
 1  77.47  0.61  1  0  0.78
 0  67.44  1.24  1  1  0.46
 0  95.31  0.42  1  0  0.69
 1  74.25  0.23  1  0  0.52
 1  92.56  0.33  1  0  0.46
 1  77.42  0.40  1  0  0.75
 1  70.67  0.27  1  0  0.54
 0  82.58  1.17  1  0  0.94
 1  73.90  0.86  1  1  1.65
 1  67.05  0.71  1  1  0.59
 0  87.33  1.11  1  0  0.82
 1  78.06  0.21  1  0  0.77
 1  61.05  0.95  1  1  0.41
 0  97.46  1.06  1  0  0.64
 0  98.95  0.95  1  0  0.52
 0  85.75  1.34  1  1  0.76
 0  78.06  1.37  1  1  0.73
 0  86.10  0.71  1  0  0.93
 1  72.67  0.46  1  0  0.78
 1  64.69  1.16  1  1  0.66
 1  81.94  0.21  1  1  0.21
 1  61.05  0.62  1  1  0.36
 0  97.46  0.51  1  0  0.46
 0  90.98  0.57  1  0  0.72
 0  70.67  1.30  1  1  0.53
 1  62.54  1.06  1  1  0.56
 1  69.02  0.57  1  1  0.31
 0  99.70  0.84  1  0  0.43
 0  72.67  1.11  1  1  0.98
 1  85.75  0.23  1  0  0.55
 0  74.25  1.34  1  1  0.72
 1  89.33  0.27  1  0  0.48
 0  77.42  1.17  1  1  1.20
 0  92.56  1.24  1  0  1.10
 0  81.94  1.37  1  0  0.65
 0  90.98  1.00  1  0  0.62
 1  64.69  0.42  1  1  0.57
 1  87.33  0.46  1  0  0.61
 1  82.58  0.40  1  0  1.63
 0  95.31  1.16  1  0  0.79
 0  98.95  0.62  1  0  0.56
 1  62.54  0.51  1  1  0.53
 0  92.95  0.86  1  0  2.32
 1  67.44  0.33  1  1  0.60
 0  99.70  0.73  1  0  0.54
 0  92.95  0.71  1  0  0.53
 1  82.53  0.61  1  0  1.05
 1  67.05  0.86  1  1  0.57
 0  97.46  0.51  1  1  4.61
 1  60.30  0.84  1  1  0.47
 0  98.95  0.62  1  0  1.48
 1  69.02  1.00  1  1  1.24
 0  92.95  0.86  1  1  1.28
 1  64.69  1.16  1  1  0.50
 1  87.33  0.46  1  0  0.91
 0  85.75  1.34  1  0  0.99
 1  69.02  0.57  1  1  1.05
 0  95.31  0.42  1  0  0.91
 1  61.05  0.95  1  1  4.08
 0  89.33  1.30  1  0  0.93
 1  89.33  0.27  1  0  0.76
 0  87.33  1.11  1  0  0.55
 1  73.90  0.71  1  0  0.85
 0  86.10  0.71  1  0  0.51
 0  97.46  1.06  1  0  0.58
 1  77.42  0.40  1  0  0.72
 0  90.98  1.00  1  0  0.60
 1  67.44  0.33  1  1 27.67
 1  85.75  0.23  1  1  4.82
 0  72.67  1.11  1  1  1.73
 1  72.67  0.46  1  1  0.88
 1  73.90  0.86  1  1  0.51
 0  82.53  0.96  1  0  0.49
 1  62.54  0.51  1  1  0.67
 1  81.94  0.21  1  0  1.04
 1  64.69  0.42  1  1  1.80
 0  86.10  0.86  1  1  1.09
 1  70.67  0.27  1  1  0.60
 0  99.70  0.84  1  0  0.54
 0  77.42  1.17  1  0  0.53
 0  78.06  1.37  1  1  1.87
 0  67.44  1.24  1  1  0.39
 1  67.05  0.86  1  1  0.38
 1  92.56  0.33  1  0  0.49
 1  74.25  0.23  1  0  0.58
 0  92.95  0.71  1  0  0.49
 0  98.95  0.95  1  0  0.47
 1  62.54  1.06  1  1  0.49
 0  81.94  1.37  1  0  1.25
 1  77.47  0.61  1  0  0.46
 0  99.70  0.73  1  0  0.48
 0  90.98  0.57  1  0  0.41
 0  82.58  1.17  1  0  0.48
 0  70.67  1.30  1  1  1.97
 0  77.47  0.96  1  1  0.36
 1  61.05  0.62  1  1  0.50
 1  78.06  0.21  1  0  0.90
 1  60.30  0.73  1  1  0.52
 1  82.58  0.40  1  0  0.49
 1  67.05  0.71  1  1  0.93
 0  92.56  1.24  1  0  0.54
 0  74.25  1.34  1  1  1.86
 1  82.53  0.61  1  0  0.40
 0  95.31  1.16  1  0  0.51
 1  67.05  0.71  1  1  0.54
 1  82.53  0.61  1  0  1.70
 1  67.44  0.33  1  1  0.45
 0  74.25  1.34  1  1  0.42
 1  73.90  0.86  1  1  0.47
 0  89.33  1.30  1  0  0.58
 1  77.47  0.61  1  0  0.54
 1  77.42  0.40  1  0  0.54
 0  92.56  1.24  1  0  0.57
 0  82.53  0.96  1  0  0.53
 1  64.69  0.42  1  1  0.43
 1  60.30  0.84  1  1  0.45
 1  60.30  0.73  1  1  0.42
 0  67.44  1.24  1  1  0.48
 1  69.02  0.57  1  1  1.28
 1  81.94  0.21  1  0  3.01
 1  67.05  0.86  1  1  1.04
 0  81.94  1.37  1  1  0.48
 1  62.54  0.51  1  1  0.55
 0  98.95  0.62  1  0  0.47
 1  82.58  0.40  1  0  0.50
 0  72.67  1.11  1  0  0.36
 0  97.46  0.51  1  0  2.46
 0  92.95  0.71  1  0  0.47
 0  86.10  0.71  1  0  0.42
 0  87.33  1.11  1  0  1.37
 0  77.42  1.17  1  0  0.42
 1  85.75  0.23  1  0  0.48
 1  73.90  0.71  1  1  0.63
 1  87.33  0.46  1  0  0.60
 0  92.95  0.86  1  0  0.40
 0  99.70  0.73  1  0  0.40
 1  89.33  0.27  1  0  0.45
 1  61.05  0.62  1  1  0.51
 0  98.95  0.95  1  0  0.44
 0  70.67  1.30  1  0  0.43
 0  95.31  0.42  1  0  0.55
 1  92.56  0.33  1  0  0.55
 0  86.10  0.86  1  0  0.82
 1  61.05  0.95  1  1  0.97
 1  74.25  0.23  1  1  0.50
 0  95.31  1.16  1  0  0.55
 1  70.67  0.27  1  1  0.52
 0  90.98  1.00  1  0  2.55
 1  69.02  1.00  1  1  0.57
 0  99.70  0.84  1  0  0.62
 1  64.69  1.16  1  1  0.54
 1  62.54  1.06  1  0  0.38
 0  90.98  0.57  1  0  0.50
 0  82.58  1.17  1  0  0.85
 0  78.06  1.37  1  1  0.99
 0  85.75  1.34  1  0  0.55
 0  77.47  0.96  1  0  0.51
 1  78.06  0.21  1  0  1.04
 0  97.46  1.06  1  0  0.59
 1  72.67  0.46  1  1  0.67
 1  61.05  0.62  1  1  1.36
 0  77.42  1.17  1  0  0.88
 1  73.90  0.71  1  1  0.59
 0  86.10  0.86  1  0  0.52
 0  95.31  0.42  1  0  0.27
 0  81.94  1.37  1  0  0.52
 0  95.31  1.16  1  0  0.76
 0  90.98  0.57  1  0  0.39
 1  60.30  0.73  1  1  0.37
 0  97.46  1.06  1  0  0.46
 1  62.54  1.06  1  1  0.41
 1  82.53  0.61  1  0  0.47
 1  67.05  0.86  1  1  0.68
 1  77.42  0.40  1  0  0.57
 0  90.98  1.00  1  0  0.57
 0  78.06  1.37  1  0  0.42
 1  60.30  0.84  1  1  0.32
 1  72.67  0.46  1  0  0.38
 1  62.54  0.51  1  1  0.39
 0  82.58  1.17  1  1  0.70
 0  92.95  0.86  1  0  0.42
 1  64.69  1.16  1  1  0.53
 1  77.47  0.61  1  0  0.43
 1  85.75  0.23  1  0  0.49
 1  67.05  0.71  1  1  0.47
 0  97.46  0.51  1  0  0.44
 1  74.25  0.23  1  0  0.43
 0  74.25  1.34  1  1  0.30
 0  89.33  1.30  1  0  0.50
 0  70.67  1.30  1  1  0.49
 0  77.47  0.96  1  0  0.41
 1  87.33  0.46  1  0  0.41
 1  78.06  0.21  1  0  1.17
 1  70.67  0.27  1  1  0.43
 1  82.58  0.40  1  1  0.83
 0  92.95  0.71  1  0  0.57
 0  99.70  0.84  1  0  0.69
 1  69.02  1.00  1  1  0.49
 0  98.95  0.95  1  0  0.51
 0  98.95  0.62  1  0  0.49
 1  89.33  0.27  1  0  0.39
 0  82.53  0.96  1  1  1.15
 0  72.67  1.11  1  1  0.54
 1  67.44  0.33  1  1  0.49
 0  86.10  0.71  1  0  0.88
 1  73.90  0.86  1  1  0.31
 1  69.02  0.57  1  1  0.61
 0  99.70  0.73  1  0  0.51
 1  92.56  0.33  1  0  0.65
 0  92.56  1.24  1  0  0.48
 1  61.05  0.95  1  1  0.56
 0  87.33  1.11  1  0  0.57
 1  64.69  0.42  1  1  0.78
 0  85.75  1.34  1  0  0.49
 0  67.44  1.24  1  1  0.62
 1  81.94  0.21  1  0  0.48
 0  70.67  1.30  1  1  0.63
 0  82.58  1.17  1  1  0.58
 1  67.05  0.71  1  1  0.85
 0  67.44  1.24  1  1  0.62
 0  77.42  1.17  1  0  0.66
 0  74.25  1.34  1  0  0.81
 0  98.95  0.62  1  0  0.71
 0  86.10  0.71  1  0  0.58
 1  69.02  0.57  1  0  0.85
 1  77.42  0.40  1  0  0.78
 1  92.56  0.33  1  0  0.71
 1  73.90  0.71  1  1  0.76
 0  97.46  0.51  1  0  0.58
 1  67.44  0.33  1  1  0.65
 1  78.06  0.21  1  0  0.72
 1  74.25  0.23  1  0  0.75
 0  82.53  0.96  1  0  0.65
 1  61.05  0.95  1  1  0.74
 1  61.05  0.62  1  1  0.84
 0  89.33  1.30  1  0  0.86
 0  78.06  1.37  1  0  0.87
 1  64.69  0.42  1  0  0.93
 1  82.58  0.40  1  0  0.79
 0  77.47  0.96  1  1  1.56
 0  92.95  0.86  1  0  0.39
 0  95.31  1.16  1  0  0.44
 1  73.90  0.86  1  0  0.50
 1  70.67  0.27  1  0  1.00
 1  89.33  0.27  1  0  0.83
 1  60.30  0.73  1  1  0.80
 1  77.47  0.61  1  1  1.10
 1  85.75  0.23  1  0  0.52
 1  69.02  1.00  1  1  0.49
 0  98.95  0.95  1  0  0.59
 0  92.56  1.24  1  0  0.36
 0  99.70  0.73  1  0  0.36
 1  81.94  0.21  1  0  0.42
 0  97.46  1.06  1  0  1.13
 0  72.67  1.11  1  1  0.39
 0  99.70  0.84  1  0  0.50
 1  62.54  0.51  1  1  0.55
 1  72.67  0.46  1  1  0.54
 0  90.98  0.57  1  0  0.49
 1  82.53  0.61  1  0  0.90
 1  67.05  0.86  1  1  0.52
 0  87.33  1.11  1  1  0.65
 1  87.33  0.46  1  0  0.35
 0  86.10  0.86  1  0  0.56
 0  92.95  0.71  1  0  0.65
 0  85.75  1.34  1  0  2.82
 1  62.54  1.06  1  1  0.63
 0  95.31  0.42  1  0  0.79
 1  60.30  0.84  1  1  0.61
 0  90.98  1.00  1  0  1.27
 0  81.94  1.37  1  1  0.98
 1  64.69  1.16  1  1  0.95
 1  87.33  0.46  1  0  1.61
 1  67.44  0.33  1  0  1.32
 1  62.54  1.06  1  1  0.51
 0  97.46  0.51  1  0  0.44
 1  72.67  0.46  1  1  0.62
 1  85.75  0.23  1  0  0.50
 0  82.58  1.17  1  0  0.64
 0  86.10  0.86  1  0  0.57
 1  82.58  0.40  1  0  0.50
 1  60.30  0.84  1  1  0.70
 0  92.95  0.86  1  0  0.83
 1  92.56  0.33  1  0  0.39
 1  60.30  0.73  1  1  0.58
 0  90.98  1.00  1  0  0.55
 0  77.42  1.17  1  0  0.71
 0  72.67  1.11  1  0  0.62
 1  64.69  1.16  1  1  0.57
 0  95.31  1.16  1  0  0.64
 1  67.05  0.71  1  1  0.90
 1  62.54  0.51  1  1  0.94
 0  81.94  1.37  1  0  0.70
 0  92.56  1.24  1  0  0.85
 1  78.06  0.21  1  0  0.72
 1  69.02  0.57  1  1  2.85
 1  64.69  0.42  1  1  0.53
 0  82.53  0.96  1  0  0.48
 0  95.31  0.42  1  0  0.44
 0  77.47  0.96  1  0  0.47
 0  78.06  1.37  1  0  0.77
 1  89.33  0.27  1  0  0.67
 1  61.05  0.62  1  1  0.38
 0  98.95  0.95  1  0  0.57
 0  85.75  1.34  1  0  0.59
 0  70.67  1.30  1  1  0.66
 1  74.25  0.23  1  0  0.68
 1  70.67  0.27  1  1  0.64
 0  74.25  1.34  1  1  1.08
 0  92.95  0.71  1  0  0.69
 0  97.46  1.06  1  0  0.49
 1  73.90  0.86  1  1  0.64
 0  89.33  1.30  1  0  0.92
 1  77.42  0.40  1  0  0.81
 0  67.44  1.24  1  1  0.66
 0  90.98  0.57  1  0  0.75
 1  69.02  1.00  1  1  0.87
 0  99.70  0.73  1  0  0.64
 1  73.90  0.71  1  1  0.90
 0  99.70  0.84  1  0  1.02
 1  67.05  0.86  1  1  0.70
 1  82.53  0.61  1  0  0.62
 0  98.95  0.62  1  0  0.90
 1  77.47  0.61  1  1  1.30
 0  86.10  0.71  1  1  0.78
 1  81.94  0.21  1  1  1.02
 1  61.05  0.95  1  1  0.88
 0  87.33  1.11  1  0  0.81
 0  70.67  1.30  1  1  0.85
 1  61.05  0.95  1  1  0.48
 1  78.06  0.21  1  0  0.83
 1  62.54  0.51  1  1  0.50
 1  60.30  0.84  1  1  0.69
 1  77.47  0.61  1  0  0.73
 0  81.94  1.37  1  1  1.01
 0  82.58  1.17  1  0  0.47
 0  78.06  1.37  1  1  0.94
 1  85.75  0.23  1  0  0.43
 0  92.56  1.24  1  0  0.86
 1  64.69  1.16  1  0  0.35
 0  98.95  0.95  1  0  0.47
 0  99.70  0.73  1  0  0.47
 0  92.95  0.86  1  0  0.47
 1  89.33  0.27  1  0  0.85
 1  74.25  0.23  1  1  0.63
 0  97.46  1.06  1  0  0.71
 0  95.31  0.42  1  0  0.48
 1  73.90  0.86  1  1  0.55
 1  61.05  0.62  1  1  0.46
 0  77.47  0.96  1  1  2.49
 1  67.44  0.33  1  1  0.72
 1  69.02  1.00  1  1  1.58
 0  89.33  1.30  1  0  0.55
 1  72.67  0.46  1  1  0.61
 1  81.94  0.21  1  0  0.47
 1  67.05  0.86  1  1  0.58
 1  60.30  0.73  1  1  0.49
 0  86.10  0.71  1  0  0.54
 1  92.56  0.33  1  0  0.64
 0  90.98  1.00  1  0  0.69
 0  85.75  1.34  1  0  0.74
 0  99.70  0.84  1  0  1.21
 0  77.42  1.17  1  1  1.53
 0  97.46  0.51  1  0  0.65
 1  82.58  0.40  1  0  0.50
 1  73.90  0.71  1  0  0.59
 1  82.53  0.61  1  0  0.63
 0  92.95  0.71  1  0  0.63
 1  62.54  1.06  1  1  0.60
 0  98.95  0.62  1  0  0.83
 1  67.05  0.71  1  1  0.84
 1  69.02  0.57  1  1  0.69
 0  82.53  0.96  1  0  0.53
 1  77.42  0.40  1  1  1.88
 0  95.31  1.16  1  0  0.66
 0  90.98  0.57  1  0  0.62
 1  70.67  0.27  1  0  0.67
 0  74.25  1.34  1  1  0.65
 1  64.69  0.42  1  1  0.63
 0  86.10  0.86  1  0  0.76
 0  67.44  1.24  1  1  0.75
 1  87.33  0.46  1  0  0.82
 0  87.33  1.11  1  0  0.70
 0  72.67  1.11  1  1  0.67
