 0  90.98  0.57  1  0  7.53
 0  86.10  0.71  1  1  8.02
 0  92.95  0.86  1  0  1.82
 1  62.54  1.06  1  0  3.90
 1  82.58  0.40  1  0  4.05
 1  67.44  0.33  1  1  5.06
 1  69.02  0.57  1  1  1.07
 0  67.44  1.24  1  0  4.10
 1  78.06  0.21  1  0  2.54
 0  70.67  1.30  1  0  2.30
 1  64.69  1.16  1  0  1.78
 1  73.90  0.71  1  0  1.57
 0  85.75  1.34  1  0  1.07
 0  89.33  1.30  1  0  0.75
 1  62.54  0.51  1  1  1.62
 0  87.33  1.11  1  0  2.22
 0  92.95  0.71  1  0  1.18
 1  85.75  0.23  1  0  5.32
 0  77.47  0.96  1  1  2.32
 0  98.95  0.95  1  0  0.98
 1  67.05  0.86  1  1  2.87
 1  81.94  0.21  1  0  1.68
 1  60.30  0.84  1  1  1.63
 1  77.47  0.61  1  0  2.32
 0  81.94  1.37  1  0  0.70
 0  95.31  1.16  1  0  0.58
 0  92.56  1.24  1  0  0.81
 1  61.05  0.95  1  1  1.16
 0  82.53  0.96  1  0  1.44
 1  67.05  0.71  1  1  0.86
 0  74.25  1.34  1  0  1.05
 1  82.53  0.61  1  1 10.37
 1  92.56  0.33  1  1  0.68
 1  70.67  0.27  1  1  0.67
 1  72.67  0.46  1  1  0.45
 1  77.42  0.40  1  1  0.42
 0  99.70  0.84  1  0  1.74
 0  97.46  0.51  1  1  1.41
 0  97.46  1.06  1  0  1.32
 0  86.10  0.86  1  0  0.92
 0  82.58  1.17  1  0  0.81
 1  89.33  0.27  1  1  1.02
 0  78.06  1.37  1  0  1.67
 0  99.70  0.73  1  0  1.13
 0  77.42  1.17  1  0  0.90
 0  95.31  0.42  1  0  1.99
 1  60.30  0.73  1  1  1.05
 1  74.25  0.23  1  1  1.07
 1  87.33  0.46  1  1  1.90
 1  61.05  0.62  1  1  0.69
 0  72.67  1.11  1  1  3.05
 1  69.02  1.00  1  0  0.90
 0  98.95  0.62  1  0  1.08
 1  73.90  0.86  1  1  1.23
 1  64.69  0.42  1  1  1.41
 0  90.98  1.00  1  0  0.79
 0  78.06  1.37  1  0  0.78
 0  82.58  1.17  1  0  0.51
 0  67.44  1.24  1  0  1.62
 1  60.30  0.73  1  1  0.92
 0  82.53  0.96  1  0  0.71
 0  98.95  0.62  1  0  1.33
 1  81.94  0.21  1  1  5.50
 0  99.70  0.73  1  0  1.37
 1  74.25  0.23  1  1  1.25
 1  92.56  0.33  1  1  2.44
 1  62.54  0.51  1  1  0.72
 1  64.69  0.42  1  1  0.67
 0  87.33  1.11  1  0  0.75
 0  74.25  1.34  1  0  0.59
 1  78.06  0.21  1  1  0.87
 1  64.69  1.16  1  1  0.84
 1  72.67  0.46  1  1  0.77
 0  89.33  1.30  1  0  1.08
 0  86.10  0.86  1  0  0.81
 1  73.90  0.71  1  0  0.53
 1  60.30  0.84  1  1  0.88
 1  77.42  0.40  1  1  1.93
 1  82.53  0.61  1  1  0.67
 0  85.75  1.34  1  0  0.85
 0  90.98  1.00  1  0  0.71
 0  72.67  1.11  1  0  2.81
 1  77.47  0.61  1  1  1.97
 0  70.67  1.30  1  0  0.82
 1  69.02  1.00  1  0  1.35
 1  73.90  0.86  1  1  0.83
 1  69.02  0.57  1  1  1.24
 0  77.47  0.96  1  0  1.65
 0  98.95  0.95  1  0  0.65
 0  90.98  0.57  1  1  1.32
 0  92.95  0.71  1  0  1.03
 1  70.67  0.27  1  1  0.96
 0  97.46  1.06  1  0  1.27
 0  97.46  0.51  1  0  2.45
 1  82.58  0.40  1  1  1.69
 1  89.33  0.27  1  1  2.75
 0  92.95  0.86  1  0  2.11
 1  67.05  0.86  1  1  1.02
 1  87.33  0.46  1  1  4.62
 1  67.44  0.33  1  1  0.82
 1  61.05  0.62  1  1  0.85
 1  67.05  0.71  1  1  0.85
 0  92.56  1.24  1  0  0.92
 0  99.70  0.84  1  0  0.60
 0  77.42  1.17  1  0  1.11
 0  81.94  1.37  1  0  0.85
 1  85.75  0.23  1  1  2.59
 1  61.05  0.95  1  1  3.78
 0  86.10  0.71  1  1  2.14
 0  95.31  1.16  1  0  0.59
 0  95.31  0.42  1  0  1.07
 1  62.54  1.06  1  1  1.71
 1  72.67  0.46  1  1  2.66
 1  73.90  0.86  1  1  1.12
 1  67.05  0.71  1  1  0.66
 1  67.44  0.33  1  1  1.09
 0  70.67  1.30  1  0  0.82
 1  82.53  0.61  1  1  2.59
 1  64.69  1.16  1  0  2.06
 0  86.10  0.71  1  0  3.05
 0  98.95  0.62  1  0  2.01
 1  89.33  0.27  1  1  1.81
 1  78.06  0.21  1  1  0.88
 0  77.47  0.96  1  1  1.81
 1  67.05  0.86  1  1  0.93
 1  62.54  0.51  1  1  2.56
 1  85.75  0.23  1  1  7.86
 0  86.10  0.86  1  0  3.48
 0  92.95  0.86  1  0  3.17
 1  60.30  0.73  1  1  1.10
 1  64.69  0.42  1  1  3.21
 0  89.33  1.30  1  0  0.85
 0  82.58  1.17  1  0  0.74
 0  81.94  1.37  1  0  0.70
 0  72.67  1.11  1  0  1.22
 1  74.25  0.23  1  1  1.09
 1  77.47  0.61  1  0  1.64
 0  82.53  0.96  1  0  0.72
 1  69.02  0.57  1  1  0.80
 0  74.25  1.34  1  0  0.99
 0  97.46  1.06  1  0  1.03
 1  81.94  0.21  1  1  0.77
 1  69.02  1.00  1  1  0.81
 1  87.33  0.46  1  1  1.99
 0  90.98  1.00  1  0  2.41
 1  77.42  0.40  1  1  1.02
 1  82.58  0.40  1  1  0.74
 0  92.95  0.71  1  0  2.20
 0  92.56  1.24  1  0  1.01
 0  90.98  0.57  1  0  2.26
 0  87.33  1.11  1  0  0.67
 0  67.44  1.24  1  1  2.72
 1  60.30  0.84  1  1  0.82
 1  61.05  0.62  1  1  1.08
 0  98.95  0.95  1  0  0.91
 0  99.70  0.84  1  0  0.66
 0  95.31  1.16  1  0  0.98
 1  61.05  0.95  1  0  1.75
 0  77.42  1.17  1  0  0.56
 1  73.90  0.71  1  1  0.92
 0  99.70  0.73  1  0  1.53
 0  85.75  1.34  1  0  2.97
 1  70.67  0.27  1  1  0.85
 1  92.56  0.33  1  1  0.59
 0  95.31  0.42  1  1  0.57
 1  62.54  1.06  1  0  2.68
 0  78.06  1.37  1  0  0.68
 0  97.46  0.51  1  1  4.33
 0  85.75  1.34  1  0  1.01
 0  72.67  1.11  1  0  4.05
 0  77.47  0.96  1  0  0.88
 1  67.44  0.33  1  1  0.92
 0  90.98  0.57  1  1  3.92
 0  78.06  1.37  1  0  0.96
 0  86.10  0.71  1  0  1.59
 1  61.05  0.95  1  0  3.09
 0  70.67  1.30  1  0  0.78
 0  98.95  0.62  1  0  1.16
 0  81.94  1.37  1  0  0.72
 0  92.95  0.71  1  0  2.50
 1  81.94  0.21  1  1  1.31
 1  73.90  0.71  1  0  6.13
 0  97.46  1.06  1  0  0.58
 0  92.56  1.24  1  0  1.47
 0  67.44  1.24  1  0  1.22
 1  64.69  1.16  1  0  3.12
 1  77.47  0.61  1  0  5.74
 0  92.95  0.86  1  0  0.63
 0  99.70  0.73  1  0  0.66
 1  69.02  1.00  1  0  2.53
 1  62.54  1.06  1  1  2.47
 1  77.42  0.40  1  1  1.75
 1  74.25  0.23  1  1  0.73
 1  89.33  0.27  1  1  3.89
 0  86.10  0.86  1  0  9.09
 1  73.90  0.86  1  1  3.55
 0  99.70  0.84  1  0 13.66
 0  97.46  0.51  1  1  3.14
 1  82.53  0.61  1  1  1.18
 0  82.53  0.96  1  0  4.87
 1  60.30  0.73  1  1  1.06
 1  87.33  0.46  1  1  3.78
 1  92.56  0.33  1  1  0.77
 1  60.30  0.84  1  1  1.33
 0  77.42  1.17  1  0  1.45
 1  64.69  0.42  1  1  1.50
 1  70.67  0.27  1  1  0.71
 1  69.02  0.57  1  1  1.01
 0  95.31  0.42  1  1  4.25
 0  82.58  1.17  1  0  0.89
 1  72.67  0.46  1  1  1.39
 0  87.33  1.11  1  0  1.01
 1  67.05  0.86  1  1  2.93
 1  82.58  0.40  1  1  1.25
 0  95.31  1.16  1  0  0.72
 1  67.05  0.71  1  1  0.76
 1  78.06  0.21  1  1  1.10
 0  90.98  1.00  1  0  0.72
 0  89.33  1.30  1  0  0.68
 1  61.05  0.62  1  1  1.99
 0  98.95  0.95  1  0  4.59
 0  74.25  1.34  1  0  0.63
 1  62.54  0.51  1  1  0.85
 1  85.75  0.23  1  1  0.58
 1  81.94  0.21  1  1  4.23
 1  67.05  0.71  1  1  2.65
 0  98.95  0.95  1  0  0.63
 1  72.67  0.46  1  1  1.18
 1  82.58  0.40  1  1  0.83
 0  92.56  1.24  1  0  0.74
 1  87.33  0.46  1  1  2.27
 1  77.42  0.40  1  1  0.71
 0  90.98  0.57  1  1  1.73
 0  95.31  1.16  1  0  0.65
 1  78.06  0.21  1  1  0.94
 0  95.31  0.42  1  1  1.46
 0  92.95  0.71  1  0  2.82
 1  89.33  0.27  1  1  1.60
 0  87.33  1.11  1  1  0.82
 0  82.58  1.17  1  0  0.69
 1  60.30  0.84  1  1  1.65
 0  77.47  0.96  1  0  2.90
 0  77.42  1.17  1  0  0.89
 1  64.69  1.16  1  0  1.73
 0  97.46  1.06  1  0  0.87
 0  72.67  1.11  1  1  1.90
 1  64.69  0.42  1  1  0.70
 0  67.44  1.24  1  1  2.67
 0  86.10  0.71  1  1  2.63
 1  74.25  0.23  1  1  3.06
 1  92.56  0.33  1  1  2.34
 1  70.67  0.27  1  1  5.45
 0  78.06  1.37  1  0  2.87
 0  74.25  1.34  1  0  0.92
 1  62.54  1.06  1  0 10.15
 1  77.47  0.61  1  1  1.05
 1  73.90  0.86  1  0  2.88
 0  70.67  1.30  1  0  0.68
 1  69.02  0.57  1  1  0.94
 1  73.90  0.71  1  1  0.70
 0  99.70  0.73  1  0  4.69
 0  81.94  1.37  1  0  0.74
 0  89.33  1.30  1  0  0.71
 0  86.10  0.86  1  0  2.43
 1  61.05  0.62  1  1  1.14
 0  97.46  0.51  1  0  1.66
 0  99.70  0.84  1  0  0.68
 1  69.02  1.00  1  0  5.31
 1  60.30  0.73  1  1  1.09
 1  85.75  0.23  1  1  4.46
 1  62.54  0.51  1  1  3.22
 0  98.95  0.62  1  0  3.12
 0  92.95  0.86  1  0  0.91
 1  82.53  0.61  1  0  2.51
 1  61.05  0.95  1  0  1.19
 0  85.75  1.34  1  0  0.90
 0  82.53  0.96  1  0  0.81
 1  67.44  0.33  1  1  0.94
 0  90.98  1.00  1  0  1.15
 1  67.05  0.86  1  1  0.73
 1  69.02  1.00  1  1  0.68
 0  85.75  1.34  1  0  0.67
 1  77.42  0.40  1  1  1.36
 0  99.70  0.73  1  0  1.44
 1  74.25  0.23  1  1  1.26
 1  62.54  0.51  1  1  2.16
 1  70.67  0.27  1  1  3.37
 0  86.10  0.86  1  0  1.66
 0  67.44  1.24  1  0  0.68
 0  92.95  0.86  1  0  1.19
 1  89.33  0.27  1  1  3.48
 0  98.95  0.62  1  0  2.03
 0  78.06  1.37  1  0  0.64
 1  73.90  0.71  1  0  4.50
 0  97.46  1.06  1  0  0.70
 1  60.30  0.84  1  1  1.18
 0  90.98  1.00  1  0  1.41
 0  87.33  1.11  1  0  0.53
 1  82.53  0.61  1  1  1.53
 0  97.46  0.51  1  1  1.54
 1  67.05  0.71  1  1  1.27
 0  99.70  0.84  1  0  2.56
 0  70.67  1.30  1  0 22.90
 1  81.94  0.21  1  1 12.30
 1  61.05  0.95  1  1  3.26
 1  78.06  0.21  1  1  2.45
 0  92.56  1.24  1  0  7.16
 1  67.05  0.86  1  1  5.08
 1  69.02  0.57  1  1  0.75
 0  81.94  1.37  1  0  0.73
 1  64.69  0.42  1  1  1.04
 1  85.75  0.23  1  1  2.01
 0  92.95  0.71  1  1  2.63
 1  62.54  1.06  1  1  1.00
 1  64.69  1.16  1  1  1.32
 1  73.90  0.86  1  1  6.37
 0  74.25  1.34  1  1  0.58
 0  77.47  0.96  1  1  2.28
 1  60.30  0.73  1  1  0.69
 1  67.44  0.33  1  1  0.64
 1  82.58  0.40  1  1  0.74
 0  72.67  1.11  1  0  2.68
 0  95.31  1.16  1  0  0.90
 1  61.05  0.62  1  1  1.26
 1  72.67  0.46  1  1  2.74
 1  87.33  0.46  1  1  1.04
 0  86.10  0.71  1  0 11.43
 1  92.56  0.33  1  0  4.55
 0  90.98  0.57  1  0  1.76
 1  77.47  0.61  1  1  2.63
 0  77.42  1.17  1  0  2.42
 0  95.31  0.42  1  0  4.47
 0  82.58  1.17  1  0  2.82
 0  89.33  1.30  1  0  1.22
 0  98.95  0.95  1  0  0.97
 0  82.53  0.96  1  0  1.54
 1  92.56  0.33  1  1  2.84
 0  92.95  0.86  1  0  0.99
 0  98.95  0.95  1  0  0.90
 0  90.98  1.00  1  0  0.73
 1  60.30  0.84  1  1  3.26
 0  90.98  0.57  1  1  2.62
 1  72.67  0.46  1  1  0.99
 0  87.33  1.11  1  0  0.67
 1  67.05  0.86  1  1  1.77
 1  64.69  1.16  1  0  1.48
 0  74.25  1.34  1  0  1.40
 0  85.75  1.34  1  0  0.60
 1  77.42  0.40  1  1  0.72
 1  69.02  1.00  1  0  7.47
 1  67.44  0.33  1  1  1.05
 1  81.94  0.21  1  1  2.59
 0  95.31  0.42  1  0  1.37
 0  86.10  0.71  1  0  3.05
 0  70.67  1.30  1  0  1.42
 0  95.31  1.16  1  0  1.05
 0  77.42  1.17  1  0  1.21
 1  82.58  0.40  1  1  1.74
 0  72.67  1.11  1  0  1.53
 1  87.33  0.46  1  0  3.11
 1  64.69  0.42  1  1  1.26
 1  62.54  1.06  1  0  1.24
 0  98.95  0.62  1  0  1.30
 1  73.90  0.86  1  0  2.02
 1  61.05  0.62  1  1  1.28
 1  85.75  0.23  1  1  1.29
 0  92.95  0.71  1  0  1.53
 1  69.02  0.57  1  1  1.73
 1  78.06  0.21  1  1  1.50
 1  77.47  0.61  1  1 27.51
 0  77.47  0.96  1  0  1.50
 0  82.53  0.96  1  0  0.96
 1  74.25  0.23  1  1  0.80
 1  70.67  0.27  1  1  0.55
 0  97.46  0.51  1  0  1.15
 0  99.70  0.84  1  0  0.57
 0  82.58  1.17  1  0  0.55
 1  60.30  0.73  1  1  1.73
 1  89.33  0.27  1  0  1.76
 1  67.05  0.71  1  1  2.05
 0  67.44  1.24  1  0  0.77
 0  99.70  0.73  1  0  1.03
 0  89.33  1.30  1  0  0.59
 1  62.54  0.51  1  1  0.86
 0  86.10  0.86  1  0  3.07
 1  61.05  0.95  1  1  1.47
 0  78.06  1.37  1  0  0.98
 1  73.90  0.71  1  1  3.20
 0  97.46  1.06  1  0  0.61
 0  92.56  1.24  1  0  0.63
 0  81.94  1.37  1  0  0.58
 1  82.53  0.61  1  1  3.23
 0  74.25  1.34  1  0  2.49
 1  73.90  0.71  1  1  1.87
 0  97.46  1.06  1  0  0.58
 0  77.47  0.96  1  0  1.27
 1  87.33  0.46  1  1  2.73
 1  62.54  0.51  1  1  1.05
 1  64.69  0.42  1  1  0.74
 1  67.05  0.71  1  1  0.56
 0  89.33  1.30  1  0  0.58
 1  69.02  1.00  1  0  3.55
 1  61.05  0.62  1  1  1.52
 1  78.06  0.21  1  1  0.63
 0  78.06  1.37  1  0  0.79
 1  67.05  0.86  1  1  2.18
 0  67.44  1.24  1  0  1.44
 1  82.58  0.40  1  1  3.39
 0  97.46  0.51  1  0  1.76
 0  82.53  0.96  1  0  1.66
 0  70.67  1.30  1  0  1.68
 1  89.33  0.27  1  1  1.57
 1  77.42  0.40  1  1  1.00
 1  81.94  0.21  1  1  0.79
 1  92.56  0.33  1  0  3.88
 0  92.95  0.86  1  0  0.74
 1  64.69  1.16  1  0  2.33
 0  81.94  1.37  1  0  0.59
 1  82.53  0.61  1  0  0.62
 0  95.31  1.16  1  0  0.58
 1  61.05  0.95  1  1  1.63
 0  99.70  0.84  1  0  1.34
 1  74.25  0.23  1  1  4.49
 1  62.54  1.06  1  1  2.18
 0  99.70  0.73  1  0  9.70
 0  92.95  0.71  1  1 10.92
 0  77.42  1.17  1  0  1.04
 0  86.10  0.86  1  0  0.98
 0  90.98  0.57  1  1  3.01
 1  70.67  0.27  1  1  1.12
 0  87.33  1.11  1  0  0.69
 1  60.30  0.73  1  1  0.84
 1  72.67  0.46  1  1  1.42
 1  60.30  0.84  1  1  1.06
 0  82.58  1.17  1  0  2.57
 0  92.56  1.24  1  0  0.59
 1  67.44  0.33  1  1  5.07
 0  86.10  0.71  1  1  8.02
 0  90.98  1.00  1  0  0.43
 0  98.95  0.95  1  0  0.65
 0  85.75  1.34  1  0  0.57
 1  69.02  0.57  1  1  1.68
 0  95.31  0.42  1  0  4.49
 0  72.67  1.11  1  0  2.50
 0  98.95  0.62  1  0  1.67
 1  85.75  0.23  1  1  0.85
 1  77.47  0.61  1  1  3.42
 1  73.90  0.86  1  0  0.76
 1  73.90  0.71  1  1  1.65
 0  90.98  0.57  1  0  1.70
 1  70.67  0.27  1  1  0.95
 0  77.47  0.96  1  1  5.66
 0  78.06  1.37  1  0  0.50
 1  74.25  0.23  1  1  0.82
 1  62.54  0.51  1  1  0.72
 1  82.58  0.40  1  1  0.74
 1  89.33  0.27  1  1  0.70
 0  98.95  0.95  1  0  2.61
 0  97.46  1.06  1  0  0.65
 1  81.94  0.21  1  1  1.60
 0  92.56  1.24  1  0  3.55
 0  67.44  1.24  1  0  2.99
 1  77.47  0.61  1  1  0.67
 0  89.33  1.30  1  0  0.64
 1  64.69  1.16  1  0  3.62
 1  72.67  0.46  1  1  1.90
 0  82.53  0.96  1  1  1.65
 1  85.75  0.23  1  1  0.55
 0  92.95  0.71  1  0  1.15
 1  69.02  1.00  1  0  1.01
 1  67.44  0.33  1  1  0.77
 1  87.33  0.46  1  0  0.85
 1  61.05  0.62  1  1  0.87
 1  73.90  0.86  1  1  4.66
 1  78.06  0.21  1  1  2.15
 1  67.05  0.86  1  1  1.28
 0  82.58  1.17  1  0  0.93
 1  92.56  0.33  1  1  2.50
 1  62.54  1.06  1  1  0.94
 0  74.25  1.34  1  0  1.37
 1  77.42  0.40  1  1  1.43
 1  61.05  0.95  1  1  1.90
 1  82.53  0.61  1  1  1.48
 0  99.70  0.73  1  0  1.71
 1  67.05  0.71  1  1  1.49
 0  81.94  1.37  1  0  0.61
 0  86.10  0.86  1  0  2.17
 0  86.10  0.71  1  1  3.86
 0  92.95  0.86  1  0  0.62
 1  60.30  0.73  1  1  0.64
 0  95.31  0.42  1  1  2.87
 0  95.31  1.16  1  0  0.71
 0  90.98  1.00  1  0  0.57
 0  98.95  0.62  1  0  1.36
 1  69.02  0.57  1  1  5.35
 0  85.75  1.34  1  0  0.70
 1  60.30  0.84  1  1  2.21
 0  87.33  1.11  1  0  0.55
 1  64.69  0.42  1  1  0.85
 0  72.67  1.11  1  0  0.68
 0  70.67  1.30  1  0  0.53
 0  99.70  0.84  1  0  0.58
 0  77.42  1.17  1  0  0.77
 0  97.46  0.51  1  0  3.01
 1  87.33  0.46  1  1  7.12
 1  62.54  0.51  1  1  0.83
 0  92.56  1.24  1  0  1.08
 1  78.06  0.21  1  1  2.45
 1  69.02  1.00  1  1  2.14
 0  86.10  0.71  1  0  3.21
 1  73.90  0.86  1  1  5.35
 1  77.47  0.61  1  1  2.40
 1  85.75  0.23  1  1  3.71
 1  61.05  0.95  1  1  1.10
 1  69.02  0.57  1  1  0.70
 0  95.31  0.42  1  0  1.87
 0  78.06  1.37  1  0  0.78
 1  89.33  0.27  1  0  1.74
 1  67.05  0.86  1  1  1.98
 1  64.69  0.42  1  1  1.18
 0  99.70  0.84  1  0  1.12
 1  67.44  0.33  1  1  0.70
 0  97.46  0.51  1  0  0.94
 0  90.98  1.00  1  0  0.62
 1  64.69  1.16  1  0  8.66
 1  61.05  0.62  1  1  1.30
 1  60.30  0.73  1  1  0.60
 0  98.95  0.95  1  0  0.98
 0  92.95  0.86  1  0  0.76
 0  67.44  1.24  1  0  0.78
 1  82.53  0.61  1  0  2.41
 1  62.54  1.06  1  0  0.93
 0  82.53  0.96  1  0  1.91
 0  90.98  0.57  1  0  1.90
 0  95.31  1.16  1  0  0.83
 0  97.46  1.06  1  0  0.59
 0  72.67  1.11  1  0  2.20
 0  99.70  0.73  1  0  1.27
 1  74.25  0.23  1  1  1.03
 0  85.75  1.34  1  0  0.70
 0  74.25  1.34  1  0  0.58
 1  67.05  0.71  1  1  2.70
 1  77.42  0.40  1  1  2.26
 0  81.94  1.37  1  0  1.07
 0  77.47  0.96  1  0  1.48
 0  87.33  1.11  1  0  0.66
 1  92.56  0.33  1  0  1.32
 0  82.58  1.17  1  0  1.46
 0  70.67  1.30  1  0  1.24
 0  77.42  1.17  1  0  4.50
 1  70.67  0.27  1  1  1.03
 1  82.58  0.40  1  1  4.09
 1  60.30  0.84  1  1  1.44
 1  72.67  0.46  1  1  6.01
 0  89.33  1.30  1  0  0.66
 0  92.95  0.71  1  0  1.25
 0  86.10  0.86  1  0  0.67
 1  73.90  0.71  1  1  2.44
 1  81.94  0.21  1  1  1.11
 0  98.95  0.62  1  0  1.03
