 0  82.53  0.96  1  1  2.90
 1  77.42  0.40  1  0  2.12
 1  61.05  0.62  1  1  2.63
 0  81.94  1.37  1  0  0.86
 1  77.47  0.61  1  1  0.60
 1  64.69  0.42  1  1  0.58
 0  89.33  1.30  1  0  0.48
 1  69.02  1.00  1  1  1.76
 1  87.33  0.46  1  1  0.95
 0  70.67  1.30  1  0  1.11
 0  86.10  0.86  1  1  1.13
 0  78.06  1.37  1  0  1.74
 0  72.67  1.11  1  1  2.75
 1  69.02  0.57  1  1  1.12
 1  74.25  0.23  1  1  0.58
 1  92.56  0.33  1  1  0.61
 1  64.69  1.16  1  0  0.50
 1  60.30  0.84  1  1  0.79
 0  92.95  0.71  1  1  1.20
 1  89.33  0.27  1  1  0.72
 0  90.98  0.57  1  1  0.59
 1  78.06  0.21  1  1  0.80
 1  67.05  0.86  1  1  0.96
 0  92.56  1.24  1  0  0.42
 0  90.98  1.00  1  0  0.56
 0  77.47  0.96  1  0  0.66
 0  92.95  0.86  1  0  0.80
 1  85.75  0.23  1  1  0.54
 0  67.44  1.24  1  0  1.28
 1  81.94  0.21  1  1  0.55
 1  82.58  0.40  1  1  0.57
 1  67.44  0.33  1  1  0.62
 1  70.67  0.27  1  1  0.54
 1  73.90  0.71  1  1  0.58
 1  62.54  1.06  1  0  0.49
 1  82.53  0.61  1  1  0.53
 1  60.30  0.73  1  1  0.68
 1  67.05  0.71  1  1  0.55
 1  73.90  0.86  1  1  0.57
 0  74.25  1.34  1  0  0.50
 1  72.67  0.46  1  1  0.75
 0  87.33  1.11  1  1  0.44
 0  86.10  0.71  1  1  1.12
 0  82.58  1.17  1  0  0.39
 0  97.46  1.06  1  0  0.49
 0  95.31  1.16  1  0  0.87
 0  99.70  0.73  1  1  2.14
 0  98.95  0.62  1  0  0.39
 0  99.70  0.84  1  0  0.39
 0  98.95  0.95  1  0  0.56
 0  85.75  1.34  1  0  0.84
 0  97.46  0.51  1  0  1.92
 1  62.54  0.51  1  1  1.39
 0  77.42  1.17  1  0  2.92
 1  61.05  0.95  1  1  1.33
 0  95.31  0.42  1  1  0.65
 1  64.69  1.16  1  1  0.76
 1  92.56  0.33  1  1  1.93
 0  77.47  0.96  1  1  1.74
 1  73.90  0.71  1  0  0.92
 1  78.06  0.21  1  1  0.84
 0  99.70  0.73  1  1  2.93
 1  62.54  1.06  1  1  1.00
 0  89.33  1.30  1  0  0.65
 0  92.95  0.71  1  1  0.95
 1  67.44  0.33  1  1  1.04
 1  82.53  0.61  1  0  1.18
 1  89.33  0.27  1  1  0.52
 0  86.10  0.71  1  1  0.87
 1  77.42  0.40  1  1  0.75
 1  72.67  0.46  1  1  0.80
 1  69.02  0.57  1  1  0.69
 1  67.05  0.86  1  1  0.73
 0  90.98  1.00  1  1  1.58
 1  61.05  0.62  1  1  0.55
 1  67.05  0.71  1  1  0.68
 0  99.70  0.84  1  0  1.54
 0  77.42  1.17  1  0  0.87
 1  81.94  0.21  1  1  0.67
 0  92.56  1.24  1  0  0.82
 0  72.67  1.11  1  0  1.84
 1  60.30  0.84  1  1  0.66
 0  87.33  1.11  1  0  1.05
 0  85.75  1.34  1  0  0.58
 0  90.98  0.57  1  1  1.08
 0  98.95  0.62  1  1  1.63
 0  95.31  0.42  1  0  0.58
 1  69.02  1.00  1  1  0.80
 1  73.90  0.86  1  1  0.80
 0  82.58  1.17  1  1  2.95
 1  77.47  0.61  1  1  0.67
 0  81.94  1.37  1  0  0.73
 1  60.30  0.73  1  1  0.56
 0  74.25  1.34  1  0  0.69
 1  61.05  0.95  1  1  0.71
 1  87.33  0.46  1  1  0.68
 0  86.10  0.86  1  1  0.69
 1  62.54  0.51  1  1  0.62
 0  82.53  0.96  1  0  1.62
 0  95.31  1.16  1  0  0.66
 0  97.46  1.06  1  0  0.48
 0  67.44  1.24  1  1  1.75
 0  70.67  1.30  1  0  1.09
 1  85.75  0.23  1  1  0.76
 0  97.46  0.51  1  1  0.72
 1  70.67  0.27  1  1  0.89
 0  98.95  0.95  1  0  0.81
 1  82.58  0.40  1  0  2.06
 1  74.25  0.23  1  1  0.74
 1  64.69  0.42  1  1  0.60
 0  78.06  1.37  1  0  0.84
 0  92.95  0.86  1  0  1.74
 0  98.95  0.62  1  0  2.96
 1  62.54  1.06  1  1  0.66
 0  86.10  0.71  1  0  2.45
 1  81.94  0.21  1  1  1.31
 0  85.75  1.34  1  0  0.69
 1  67.05  0.71  1  0  2.41
 0  97.46  1.06  1  0  0.64
 0  82.58  1.17  1  0  1.37
 1  74.25  0.23  1  1  0.81
 1  78.06  0.21  1  1  0.66
 1  69.02  0.57  1  1  0.55
 0  90.98  1.00  1  0  0.49
 0  86.10  0.86  1  0  0.94
 1  69.02  1.00  1  0  1.72
 0  92.95  0.71  1  0  1.40
 1  64.69  1.16  1  1  0.76
 0  77.47  0.96  1  0  1.10
 0  90.98  0.57  1  0  1.65
 0  70.67  1.30  1  0  0.89
 1  89.33  0.27  1  1  0.77
 0  72.67  1.11  1  0  0.83
 0  99.70  0.73  1  0  1.12
 1  70.67  0.27  1  1  0.75
 1  73.90  0.71  1  1  0.94
 0  67.44  1.24  1  0  0.96
 0  92.56  1.24  1  0  0.73
 1  64.69  0.42  1  1  1.86
 1  82.58  0.40  1  0  1.98
 1  61.05  0.95  1  0  1.10
 0  78.06  1.37  1  0  0.54
 1  67.44  0.33  1  1  0.68
 1  62.54  0.51  1  1  0.60
 0  92.95  0.86  1  0  0.97
 0  89.33  1.30  1  0  0.53
 0  95.31  1.16  1  0  0.50
 1  77.47  0.61  1  1  1.04
 1  82.53  0.61  1  1  0.74
 1  61.05  0.62  1  1  1.50
 0  98.95  0.95  1  0  0.81
 0  87.33  1.11  1  0  1.51
 0  82.53  0.96  1  0  0.77
 1  60.30  0.84  1  1  0.67
 0  95.31  0.42  1  0  1.07
 0  97.46  0.51  1  0  1.58
 1  73.90  0.86  1  0  0.77
 0  81.94  1.37  1  0  0.60
 1  72.67  0.46  1  1  1.28
 1  67.05  0.86  1  1  1.15
 1  77.42  0.40  1  1  1.58
 1  60.30  0.73  1  1  0.68
 1  92.56  0.33  1  0  1.67
 0  74.25  1.34  1  0  0.80
 1  85.75  0.23  1  1  1.42
 0  99.70  0.84  1  0  0.80
 1  87.33  0.46  1  1  1.22
 0  77.42  1.17  1  0  1.35
 0  67.44  1.24  1  0  1.57
 0  92.95  0.71  1  1  1.30
 0  89.33  1.30  1  0  0.60
 1  61.05  0.95  1  1  0.79
 0  82.53  0.96  1  1  0.78
 0  92.56  1.24  1  0  0.80
 1  73.90  0.86  1  1  1.60
 0  86.10  0.86  1  1  1.49
 0  90.98  0.57  1  1  0.84
 0  95.31  1.16  1  0  0.54
 0  85.75  1.34  1  0  0.66
 0  86.10  0.71  1  1  0.83
 0  98.95  0.62  1  0  0.69
 1  61.05  0.62  1  1  0.62
 1  78.06  0.21  1  1  0.60
 1  60.30  0.73  1  1  0.67
 1  73.90  0.71  1  1  0.64
 1  82.58  0.40  1  1  0.50
 0  87.33  1.11  1  0  0.51
 1  67.05  0.86  1  1  1.21
 0  90.98  1.00  1  0  0.54
 0  78.06  1.37  1  0  0.98
 0  77.47  0.96  1  1  1.19
 1  64.69  0.42  1  1  0.64
 1  77.42  0.40  1  1  0.59
 1  64.69  1.16  1  1  1.01
 0  99.70  0.73  1  0  2.75
 1  89.33  0.27  1  1  1.25
 0  99.70  0.84  1  0  0.87
 1  81.94  0.21  1  1  0.71
 0  74.25  1.34  1  0  0.62
 0  77.42  1.17  1  1  0.79
 0  82.58  1.17  1  0  0.87
 0  98.95  0.95  1  0  2.07
 1  67.05  0.71  1  1  0.99
 1  69.02  1.00  1  1  0.73
 1  60.30  0.84  1  1  0.88
 1  72.67  0.46  1  1  0.56
 1  85.75  0.23  1  1  0.55
 1  77.47  0.61  1  1  0.64
 0  97.46  1.06  1  0  1.41
 0  72.67  1.11  1  0  1.53
 1  87.33  0.46  1  0  1.50
 0  70.67  1.30  1  1  0.90
 0  92.95  0.86  1  1  1.15
 1  92.56  0.33  1  1  0.68
 0  97.46  0.51  1  1  0.52
 1  67.44  0.33  1  1  0.56
 1  69.02  0.57  1  1  0.79
 1  82.53  0.61  1  0  1.04
 1  62.54  1.06  1  0  0.82
 1  62.54  0.51  1  1  0.48
 1  74.25  0.23  1  1  0.46
 0  95.31  0.42  1  1  0.41
 0  81.94  1.37  1  0  0.59
 1  70.67  0.27  1  1  0.57
 1  73.90  0.86  1  1  2.48
 1  82.58  0.40  1  1  0.67
 1  67.05  0.71  1  1  0.61
 0  86.10  0.86  1  0  2.42
 0  92.95  0.86  1  0  0.84
 1  81.94  0.21  1  1  1.39
 1  61.05  0.95  1  1  0.92
 1  64.69  0.42  1  1  0.72
 0  92.56  1.24  1  0  0.56
 0  85.75  1.34  1  0  0.42
 0  87.33  1.11  1  0  0.54
 0  72.67  1.11  1  0  0.40
 1  67.05  0.86  1  1  0.66
 1  62.54  1.06  1  1  0.59
 0  97.46  0.51  1  0  3.47
 0  98.95  0.62  1  0  0.53
 0  98.95  0.95  1  0  0.91
 1  72.67  0.46  1  1  2.28
 1  69.02  0.57  1  1  0.59
 0  67.44  1.24  1  0  0.93
 1  82.53  0.61  1  0  3.46
 1  64.69  1.16  1  0  0.84
 0  95.31  0.42  1  0  1.05
 0  74.25  1.34  1  0  1.78
 1  85.75  0.23  1  1  1.45
 1  70.67  0.27  1  1  0.60
 1  87.33  0.46  1  0  3.42
 1  69.02  1.00  1  0  0.73
 1  74.25  0.23  1  0  0.59
 0  82.53  0.96  1  0  1.18
 0  78.06  1.37  1  0  0.86
 0  90.98  0.57  1  0  2.43
 1  77.47  0.61  1  0  0.76
 1  77.42  0.40  1  1  1.25
 1  78.06  0.21  1  1  0.45
 1  89.33  0.27  1  1  0.46
 0  77.42  1.17  1  0  1.50
 0  70.67  1.30  1  0  0.51
 0  90.98  1.00  1  0  1.21
 0  95.31  1.16  1  0  0.60
 1  60.30  0.84  1  1  0.77
 1  61.05  0.62  1  1  0.89
 0  82.58  1.17  1  0  0.74
 1  92.56  0.33  1  0  1.31
 1  67.44  0.33  1  1  0.90
 0  99.70  0.84  1  0  0.83
 1  62.54  0.51  1  1  0.70
 0  81.94  1.37  1  0  0.75
 0  89.33  1.30  1  0  0.55
 0  97.46  1.06  1  0  2.07
 0  86.10  0.71  1  1  0.66
 0  92.95  0.71  1  0  1.01
 0  77.47  0.96  1  0  1.43
 1  60.30  0.73  1  1  1.01
 0  99.70  0.73  1  0  2.08
 1  73.90  0.71  1  1  2.47
 0  67.44  1.24  1  0  0.50
 1  73.90  0.71  1  1  1.10
 1  69.02  1.00  1  0  3.46
 0  92.95  0.86  1  0  0.74
 1  89.33  0.27  1  1  0.68
 1  61.05  0.62  1  1  0.91
 0  82.53  0.96  1  1  1.74
 0  90.98  1.00  1  0  1.15
 0  77.42  1.17  1  0  0.54
 0  89.33  1.30  1  0  0.75
 0  90.98  0.57  1  1  1.40
 1  60.30  0.73  1  1  0.85
 1  73.90  0.86  1  1  0.86
 0  86.10  0.86  1  1  0.65
 0  72.67  1.11  1  0  0.89
 1  77.42  0.40  1  1  0.70
 1  87.33  0.46  1  1  0.69
 0  74.25  1.34  1  0  0.69
 1  81.94  0.21  1  1  0.90
 0  85.75  1.34  1  0  0.76
 1  60.30  0.84  1  1  1.17
 1  67.44  0.33  1  1  0.66
 1  92.56  0.33  1  1  1.67
 0  87.33  1.11  1  0  0.61
 0  70.67  1.30  1  0  0.75
 0  95.31  1.16  1  0  0.68
 0  97.46  0.51  1  0  1.58
 1  67.05  0.71  1  1  2.31
 1  82.58  0.40  1  1  0.82
 1  67.05  0.86  1  0  2.35
 0  99.70  0.84  1  0  0.80
 0  95.31  0.42  1  0  1.93
 0  92.95  0.71  1  0  0.75
 0  97.46  1.06  1  0  0.68
 1  64.69  0.42  1  1  1.21
 0  99.70  0.73  1  0  1.12
 1  62.54  1.06  1  0  1.03
 1  64.69  1.16  1  1  0.73
 0  77.47  0.96  1  0  0.92
 1  74.25  0.23  1  1  0.62
 1  77.47  0.61  1  0  3.30
 0  86.10  0.71  1  1  0.78
 1  61.05  0.95  1  1  1.80
 1  70.67  0.27  1  1  1.29
 0  81.94  1.37  1  0  0.52
 1  85.75  0.23  1  1  0.69
 1  82.53  0.61  1  0  1.11
 0  82.58  1.17  1  0  0.39
 0  78.06  1.37  1  0  3.09
 1  62.54  0.51  1  1  1.29
 1  78.06  0.21  1  1  0.55
 0  98.95  0.62  1  0  0.93
 0  92.56  1.24  1  0  0.52
 1  69.02  0.57  1  1  1.35
 0  98.95  0.95  1  0  0.77
 1  72.67  0.46  1  1  1.21
 0  90.98  1.00  1  0  2.99
 1  81.94  0.21  1  1  1.93
 1  82.58  0.40  1  1  1.99
 1  85.75  0.23  1  1  0.55
 0  95.31  1.16  1  0  0.51
 1  77.42  0.40  1  1  0.84
 0  67.44  1.24  1  0  0.49
 1  64.69  0.42  1  1  0.71
 1  72.67  0.46  1  1  0.69
 1  70.67  0.27  1  1  0.57
 1  60.30  0.73  1  0  2.80
 1  67.05  0.86  1  0  0.47
 1  67.44  0.33  1  1  0.50
 0  74.25  1.34  1  0  0.42
 1  77.47  0.61  1  1  0.73
 1  89.33  0.27  1  1  0.62
 1  78.06  0.21  1  1  0.43
 0  85.75  1.34  1  0  0.48
 0  95.31  0.42  1  1  0.77
 0  97.46  1.06  1  0  0.48
 0  98.95  0.95  1  0  0.33
 0  81.94  1.37  1  0  0.39
 0  82.53  0.96  1  0  0.79
 0  90.98  0.57  1  0  1.74
 1  73.90  0.71  1  0  4.63
 1  61.05  0.95  1  1  0.78
 0  99.70  0.84  1  0  0.93
 0  86.10  0.86  1  0  3.31
 0  99.70  0.73  1  0  1.66
 0  89.33  1.30  1  0  0.70
 1  61.05  0.62  1  1  1.11
 1  64.69  1.16  1  0  2.14
 1  60.30  0.84  1  1  0.84
 0  86.10  0.71  1  1  1.77
 0  82.58  1.17  1  0  0.57
 0  92.56  1.24  1  0  0.64
 1  67.05  0.71  1  1  0.94
 1  62.54  0.51  1  1  0.58
 0  77.42  1.17  1  0  0.80
 1  69.02  1.00  1  1  1.52
 1  87.33  0.46  1  1  1.96
 1  73.90  0.86  1  1  1.43
 0  72.67  1.11  1  0  0.65
 1  92.56  0.33  1  1  0.96
 1  69.02  0.57  1  1  0.69
 0  78.06  1.37  1  0  0.49
 0  92.95  0.71  1  1  1.86
 0  98.95  0.62  1  0  2.36
 1  62.54  1.06  1  1  3.03
 0  77.47  0.96  1  1  1.76
 0  70.67  1.30  1  0  0.54
 0  92.95  0.86  1  0  1.44
 1  82.53  0.61  1  1  1.23
 1  74.25  0.23  1  1  0.85
 0  97.46  0.51  1  0  3.63
 0  87.33  1.11  1  0  1.18
 0  87.33  1.11  1  0  3.74
 1  73.90  0.86  1  1  3.83
 0  97.46  1.06  1  0  1.24
 1  92.56  0.33  1  1  1.00
 1  67.05  0.86  1  1  0.99
 1  60.30  0.73  1  1  0.69
 1  82.58  0.40  1  1  1.34
 0  82.53  0.96  1  1  3.28
 1  67.44  0.33  1  1  0.65
 1  78.06  0.21  1  1  0.60
 0  67.44  1.24  1  0  0.54
 1  61.05  0.62  1  1  1.16
 0  92.95  0.86  1  0  0.98
 0  72.67  1.11  1  0  2.99
 1  85.75  0.23  1  1  1.53
 0  86.10  0.71  1  1  1.61
 0  89.33  1.30  1  0  0.51
 1  74.25  0.23  1  1  0.75
 0  92.95  0.71  1  0  4.43
 1  72.67  0.46  1  1  0.94
 0  81.94  1.37  1  0  0.55
 1  61.05  0.95  1  1  2.16
 0  77.47  0.96  1  0  4.20
 0  98.95  0.95  1  0  0.94
 1  73.90  0.71  1  0  2.35
 0  78.06  1.37  1  0  0.74
 0  90.98  1.00  1  0  0.88
 1  62.54  0.51  1  1  0.77
 1  81.94  0.21  1  1  0.84
 0  77.42  1.17  1  0  1.07
 0  74.25  1.34  1  0  0.92
 0  99.70  0.73  1  0  1.34
 0  97.46  0.51  1  0  1.69
 1  82.53  0.61  1  0  1.16
 0  92.56  1.24  1  0  0.58
 0  95.31  0.42  1  1  1.17
 0  70.67  1.30  1  0  0.74
 1  70.67  0.27  1  1  0.75
 1  69.02  1.00  1  0  1.87
 1  89.33  0.27  1  1  1.00
 1  64.69  0.42  1  1  1.31
 1  77.47  0.61  1  1  2.93
 0  95.31  1.16  1  0  0.54
 0  98.95  0.62  1  0  1.76
 1  60.30  0.84  1  1  1.31
 0  99.70  0.84  1  0  3.98
 0  85.75  1.34  1  0  0.66
 0  90.98  0.57  1  0  1.39
 1  69.02  0.57  1  1  1.84
 1  67.05  0.71  1  1  0.76
 0  82.58  1.17  1  0  0.65
 1  87.33  0.46  1  1  1.15
 0  86.10  0.86  1  0  0.80
 1  77.42  0.40  1  1  0.97
 1  64.69  1.16  1  0  5.22
 1  62.54  1.06  1  1  3.16
 0  81.94  1.37  1  0  1.35
 0  92.56  1.24  1  0  0.66
 1  74.25  0.23  1  1  0.66
 1  77.47  0.61  1  1  3.76
 0  78.06  1.37  1  0  0.65
 1  69.02  1.00  1  1  5.39
 1  77.42  0.40  1  1  0.51
 0  98.95  0.62  1  0  1.63
 0  99.70  0.84  1  0  2.58
 0  87.33  1.11  1  0  0.79
 1  81.94  0.21  1  1  0.67
 0  97.46  1.06  1  0  0.82
 1  64.69  0.42  1  1  1.10
 0  82.58  1.17  1  0  2.55
 0  72.67  1.11  1  1  4.15
 0  92.95  0.71  1  0  5.55
 0  92.95  0.86  1  0  1.26
 1  61.05  0.62  1  1  1.04
 0  86.10  0.86  1  0 10.98
 0  67.44  1.24  1  0  0.92
 0  70.67  1.30  1  0  0.64
 0  97.46  0.51  1  0  0.82
 0  99.70  0.73  1  0  1.87
 1  78.06  0.21  1  1  0.58
 1  85.75  0.23  1  1  0.63
 1  82.58  0.40  1  1  1.89
 0  77.47  0.96  1  0  0.91
 0  95.31  1.16  1  0  0.89
 1  89.33  0.27  1  1  0.74
 1  82.53  0.61  1  1  1.92
 0  85.75  1.34  1  0  0.60
 1  64.69  1.16  1  0  0.89
 1  73.90  0.86  1  0  1.34
 1  67.05  0.71  1  1  0.77
 1  92.56  0.33  1  0  4.96
 0  90.98  1.00  1  0  1.03
 0  74.25  1.34  1  0  0.74
 1  60.30  0.84  1  1  3.37
 1  73.90  0.71  1  1  1.05
 0  86.10  0.71  1  1  1.16
 1  62.54  0.51  1  1  0.72
 0  77.42  1.17  1  0  1.29
 1  62.54  1.06  1  0  2.04
 0  82.53  0.96  1  0  0.70
 0  89.33  1.30  1  0  0.66
 1  67.44  0.33  1  1  0.50
 1  70.67  0.27  1  1  0.47
 1  87.33  0.46  1  1  0.69
 1  72.67  0.46  1  1  0.45
 0  95.31  0.42  1  1  3.06
 1  61.05  0.95  1  1  0.90
 1  67.05  0.86  1  1  0.71
 0  98.95  0.95  1  0  1.10
 1  60.30  0.73  1  1  0.72
 0  90.98  0.57  1  1  0.94
 1  69.02  0.57  1  1  0.89
 0  72.67  1.11  1  0  2.17
 0  78.06  1.37  1  0  0.57
 0  92.95  0.71  1  0  2.27
 1  64.69  0.42  1  1  0.78
 0  90.98  0.57  1  1  1.05
 1  67.05  0.71  1  1  1.22
 1  69.02  0.57  1  1  0.46
 1  67.05  0.86  1  1  0.69
 1  69.02  1.00  1  1  1.60
 1  64.69  1.16  1  1  0.67
 0  85.75  1.34  1  0  0.51
 1  89.33  0.27  1  1  1.04
 1  82.58  0.40  1  1  0.47
 1  85.75  0.23  1  1  0.92
 1  81.94  0.21  1  1  0.50
 1  67.44  0.33  1  1  0.53
 0  81.94  1.37  1  0  0.54
 0  90.98  1.00  1  0  0.67
 1  92.56  0.33  1  1  1.69
 0  77.47  0.96  1  0  2.84
 1  82.53  0.61  1  1  1.87
 1  77.42  0.40  1  1  0.53
 0  86.10  0.86  1  1  4.91
 0  86.10  0.71  1  0  0.65
 0  95.31  0.42  1  1  0.98
 0  92.56  1.24  1  0  0.78
 0  74.25  1.34  1  0  0.89
 1  62.54  0.51  1  1  0.80
 0  87.33  1.11  1  0  1.13
 0  95.31  1.16  1  0  0.82
 1  87.33  0.46  1  1  1.47
 0  97.46  1.06  1  0  0.66
 1  70.67  0.27  1  1  0.69
 0  70.67  1.30  1  0  1.06
 0  97.46  0.51  1  1  1.55
 1  72.67  0.46  1  1  0.74
 0  77.42  1.17  1  0  0.73
 1  61.05  0.95  1  1  0.80
 0  82.58  1.17  1  0  0.90
 0  67.44  1.24  1  0  0.55
 0  99.70  0.84  1  0  1.43
 1  60.30  0.84  1  1  0.80
 1  73.90  0.71  1  1  0.81
 1  60.30  0.73  1  1  0.58
 0  98.95  0.62  1  1  4.20
 1  61.05  0.62  1  1  0.73
 0  92.95  0.86  1  0  0.74
 0  98.95  0.95  1  0  1.03
 0  89.33  1.30  1  0  0.64
 1  78.06  0.21  1  1  0.62
 1  73.90  0.86  1  1  5.02
 1  62.54  1.06  1  1  0.92
 0  82.53  0.96  1  0  0.86
 1  77.47  0.61  1  1  0.97
 1  74.25  0.23  1  1  0.64
 0  99.70  0.73  1  0  0.63
