 1  82.53  0.61  1  1  2.76
 1  69.02  1.00  1  0  1.30
 1  67.44  0.33  1  1  1.34
 0  90.98  0.57  1  1  1.09
 0  97.46  0.51  1  0  0.91
 1  60.30  0.73  1  1  2.83
 0  78.06  1.37  1  1  2.38
 1  89.33  0.27  1  0  0.93
 0  77.42  1.17  1  1  1.44
 0  98.95  0.62  1  0  1.49
 1  70.67  0.27  1  1  1.55
 1  77.42  0.40  1  0  1.13
 0  87.33  1.11  1  0  1.66
 1  69.02  0.57  1  1  1.49
 0  99.70  0.84  1  0  1.49
 0  89.33  1.30  1  1  2.60
 0  85.75  1.34  1  0  2.25
 0  97.46  1.06  1  0  1.00
 1  74.25  0.23  1  1  1.40
 0  77.47  0.96  1  1  1.02
 0  92.56  1.24  1  0  0.72
 1  61.05  0.62  1  1  1.09
 1  78.06  0.21  1  0  2.40
 0  82.53  0.96  1  0  0.73
 0  86.10  0.86  1  0  0.78
 1  64.69  0.42  1  1  0.81
 0  86.10  0.71  1  0  1.18
 0  74.25  1.34  1  1  0.82
 0  92.95  0.71  1  0  0.80
 0  99.70  0.73  1  0  0.68
 1  67.05  0.71  1  1  0.78
 0  98.95  0.95  1  0  0.78
 0  82.58  1.17  1  1  2.01
 1  61.05  0.95  1  1  0.63
 1  73.90  0.71  1  0  2.58
 0  81.94  1.37  1  0  0.88
 1  82.58  0.40  1  0  0.81
 1  81.94  0.21  1  0  2.63
 0  70.67  1.30  1  1  1.06
 1  72.67  0.46  1  1  1.61
 1  77.47  0.61  1  1  1.15
 1  73.90  0.86  1  1  0.80
 1  85.75  0.23  1  0  0.70
 1  92.56  0.33  1  0  1.05
 0  67.44  1.24  1  1  0.62
 1  67.05  0.86  1  1  0.96
 1  64.69  1.16  1  1  0.87
 1  62.54  1.06  1  1  0.81
 1  60.30  0.84  1  1  0.63
 0  90.98  1.00  1  0  2.22
 0  95.31  0.42  1  0  0.68
 1  87.33  0.46  1  0  0.76
 0  92.95  0.86  1  1  3.41
 0  95.31  1.16  1  1  0.96
 1  62.54  0.51  1  1  0.57
 0  72.67  1.11  1  1  0.64
 1  69.02  1.00  1  1  0.91
 1  70.67  0.27  1  1  1.40
 1  64.69  1.16  1  1  0.68
 1  85.75  0.23  1  0  1.56
 1  61.05  0.95  1  1  0.65
 1  82.53  0.61  1  1  1.90
 1  62.54  0.51  1  1  0.56
 1  78.06  0.21  1  1  1.81
 0  92.95  0.86  1  0  0.58
 0  90.98  0.57  1  0  0.69
 1  60.30  0.84  1  1  0.49
 1  77.47  0.61  1  1  1.04
 0  77.42  1.17  1  1  0.62
 0  86.10  0.86  1  0  1.08
 1  74.25  0.23  1  1  1.57
 0  85.75  1.34  1  1  1.32
 0  78.06  1.37  1  1  1.59
 1  73.90  0.71  1  1  1.25
 1  61.05  0.62  1  1  0.67
 0  97.46  0.51  1  0  0.79
 1  67.05  0.86  1  1  0.59
 0  92.56  1.24  1  1  1.29
 1  87.33  0.46  1  1  0.90
 0  74.25  1.34  1  1  1.07
 0  82.58  1.17  1  0  1.55
 0  98.95  0.95  1  1  2.50
 1  81.94  0.21  1  1  1.43
 1  92.56  0.33  1  1  1.05
 0  95.31  0.42  1  1  2.63
 1  69.02  0.57  1  1  0.73
 0  90.98  1.00  1  1  1.36
 1  73.90  0.86  1  1  0.79
 1  67.05  0.71  1  1  0.67
 0  67.44  1.24  1  1  0.63
 0  98.95  0.62  1  0  1.86
 1  72.67  0.46  1  1  1.18
 0  99.70  0.84  1  0  1.10
 0  81.94  1.37  1  1  1.54
 1  60.30  0.73  1  1  0.62
 1  62.54  1.06  1  1  0.75
 0  70.67  1.30  1  1  2.59
 0  99.70  0.73  1  1  1.49
 0  72.67  1.11  1  1  0.87
 1  82.58  0.40  1  1  1.53
 0  82.53  0.96  1  1  0.85
 0  77.47  0.96  1  1  1.52
 1  64.69  0.42  1  1  1.02
 0  87.33  1.11  1  1  1.31
 1  77.42  0.40  1  0  1.72
 0  95.31  1.16  1  1  1.92
 1  89.33  0.27  1  1  2.15
 0  92.95  0.71  1  1  1.72
 0  97.46  1.06  1  1  1.56
 1  67.44  0.33  1  1  0.73
 0  89.33  1.30  1  1  1.63
 0  86.10  0.71  1  0  0.76
 0  74.25  1.34  1  1  2.74
 0  85.75  1.34  1  1  1.89
 1  74.25  0.23  1  1  0.90
 0  86.10  0.71  1  1  1.02
 1  77.42  0.40  1  1  1.70
 1  85.75  0.23  1  1  1.68
 0  95.31  1.16  1  0  2.63
 0  92.95  0.86  1  0  0.69
 1  60.30  0.73  1  1  0.88
 0  86.10  0.86  1  0  1.93
 1  69.02  1.00  1  1  1.22
 0  67.44  1.24  1  1  0.90
 1  64.69  0.42  1  1  2.55
 0  92.95  0.71  1  0  3.33
 0  77.42  1.17  1  1  1.32
 0  77.47  0.96  1  0  1.17
 0  82.58  1.17  1  1  4.64
 1  87.33  0.46  1  0  2.35
 1  73.90  0.71  1  1  1.01
 1  67.05  0.71  1  1  0.81
 0  87.33  1.11  1  1  0.90
 0  92.56  1.24  1  0  0.96
 1  89.33  0.27  1  1  0.96
 1  82.58  0.40  1  1  0.90
 1  69.02  0.57  1  1  0.78
 1  67.44  0.33  1  1  0.66
 0  99.70  0.84  1  1  0.73
 1  78.06  0.21  1  1  0.63
 0  89.33  1.30  1  0  0.66
 1  81.94  0.21  1  1  0.61
 1  62.54  0.51  1  1  0.51
 0  70.67  1.30  1  0  0.61
 0  90.98  0.57  1  1  0.96
 1  77.47  0.61  1  0  1.38
 0  78.06  1.37  1  0  0.78
 1  61.05  0.95  1  1  0.74
 0  82.53  0.96  1  0  2.55
 0  95.31  0.42  1  1  1.50
 1  70.67  0.27  1  1  2.17
 1  64.69  1.16  1  1  1.27
 1  73.90  0.86  1  0  1.30
 0  97.46  0.51  1  0  3.65
 1  62.54  1.06  1  1  0.66
 1  61.05  0.62  1  1  0.90
 0  97.46  1.06  1  0  2.12
 1  82.53  0.61  1  1  1.88
 1  72.67  0.46  1  1  0.78
 1  60.30  0.84  1  1  0.70
 0  99.70  0.73  1  0  1.00
 0  98.95  0.95  1  0  0.66
 0  72.67  1.11  1  1  0.84
 1  67.05  0.86  1  1  0.79
 0  81.94  1.37  1  0  0.91
 0  98.95  0.62  1  1  0.99
 0  90.98  1.00  1  0  0.78
 1  92.56  0.33  1  0  3.11
 0  86.10  0.86  1  0  1.06
 1  82.53  0.61  1  1  1.28
 0  92.56  1.24  1  0  0.80
 0  92.95  0.86  1  0  3.16
 1  89.33  0.27  1  1  2.24
 0  87.33  1.11  1  0  0.79
 1  67.44  0.33  1  1  1.09
 1  72.67  0.46  1  1  0.57
 0  81.94  1.37  1  0  1.20
 1  77.47  0.61  1  1  1.03
 1  85.75  0.23  1  1  3.49
 1  67.05  0.86  1  1  1.74
 0  78.06  1.37  1  0  0.88
 1  69.02  1.00  1  1  1.48
 0  67.44  1.24  1  1  0.80
 1  60.30  0.73  1  1  0.77
 0  98.95  0.62  1  0  1.85
 1  60.30  0.84  1  1  0.62
 1  62.54  0.51  1  1  0.55
 0  85.75  1.34  1  0  0.80
 0  95.31  1.16  1  0  0.93
 0  97.46  1.06  1  0  0.73
 1  61.05  0.95  1  1  0.40
 1  70.67  0.27  1  0  1.05
 1  64.69  1.16  1  1  1.79
 1  81.94  0.21  1  1  3.88
 0  99.70  0.73  1  0  0.86
 0  72.67  1.11  1  1  1.14
 1  82.58  0.40  1  1  2.13
 1  62.54  1.06  1  1  0.59
 0  77.42  1.17  1  1  3.77
 0  82.53  0.96  1  0  0.99
 0  97.46  0.51  1  1  3.79
 0  82.58  1.17  1  0  4.61
 1  87.33  0.46  1  1  2.21
 0  86.10  0.71  1  0  0.98
 0  74.25  1.34  1  0  4.17
 1  92.56  0.33  1  1  1.03
 0  92.95  0.71  1  0  1.00
 0  89.33  1.30  1  0  2.32
 1  69.02  0.57  1  1  1.47
 1  64.69  0.42  1  1  0.60
 1  61.05  0.62  1  1  0.61
 0  95.31  0.42  1  0  3.59
 0  98.95  0.95  1  0  0.88
 0  90.98  1.00  1  0  2.92
 0  99.70  0.84  1  0  0.80
 1  73.90  0.71  1  1  1.10
 1  74.25  0.23  1  1  1.96
 1  77.42  0.40  1  1  0.60
 1  78.06  0.21  1  1  0.60
 0  77.47  0.96  1  0  0.95
 1  67.05  0.71  1  1  0.66
 1  73.90  0.86  1  0  1.25
 0  90.98  0.57  1  0  4.26
 0  70.67  1.30  1  1  0.79
 1  67.05  0.86  1  1  3.08
 1  73.90  0.71  1  1  1.57
 1  85.75  0.23  1  0  1.88
 1  67.05  0.71  1  1  0.65
 1  60.30  0.84  1  1  0.59
 1  73.90  0.86  1  0  1.12
 0  92.95  0.86  1  0  0.69
 1  74.25  0.23  1  1  1.49
 1  89.33  0.27  1  1  2.04
 1  60.30  0.73  1  1  0.64
 0  95.31  0.42  1  1  1.46
 1  64.69  0.42  1  1  0.54
 0  99.70  0.73  1  0  0.83
 0  86.10  0.86  1  0  0.63
 0  90.98  1.00  1  0  0.75
 0  70.67  1.30  1  1  0.66
 1  69.02  1.00  1  1  0.59
 1  87.33  0.46  1  1  3.30
 0  82.58  1.17  1  0  1.17
 0  81.94  1.37  1  0  0.87
 0  72.67  1.11  1  1  0.64
 0  89.33  1.30  1  0  0.74
 1  92.56  0.33  1  1  1.52
 0  92.56  1.24  1  0  0.76
 0  98.95  0.95  1  0  0.69
 1  70.67  0.27  1  1  0.78
 1  77.47  0.61  1  1  1.02
 1  82.58  0.40  1  1  0.62
 0  87.33  1.11  1  0  0.66
 1  61.05  0.62  1  1  0.62
 1  62.54  0.51  1  1  0.53
 0  86.10  0.71  1  0  0.94
 0  77.42  1.17  1  0  1.06
 0  98.95  0.62  1  0  0.73
 1  67.44  0.33  1  1  0.57
 1  62.54  1.06  1  1  0.57
 1  64.69  1.16  1  1  0.52
 0  82.53  0.96  1  0  0.57
 0  97.46  1.06  1  0  0.60
 1  78.06  0.21  1  1  0.73
 1  81.94  0.21  1  1  0.69
 1  77.42  0.40  1  1  0.69
 1  61.05  0.95  1  1  0.69
 0  74.25  1.34  1  0  0.79
 0  85.75  1.34  1  0  0.58
 0  92.95  0.71  1  0  0.82
 0  77.47  0.96  1  0  0.83
 0  97.46  0.51  1  0  0.78
 0  90.98  0.57  1  0  0.76
 0  99.70  0.84  1  0  0.56
 0  67.44  1.24  1  1  0.48
 1  72.67  0.46  1  1  0.59
 1  69.02  0.57  1  1  0.63
 0  95.31  1.16  1  0  0.73
 0  78.06  1.37  1  1  1.60
 1  82.53  0.61  1  0  0.86
 1  69.02  1.00  1  1  0.65
 0  86.10  0.71  1  0  0.71
 0  95.31  0.42  1  1  1.77
 1  87.33  0.46  1  0  1.26
 1  77.42  0.40  1  1  2.12
 1  89.33  0.27  1  1  0.65
 0  77.42  1.17  1  0  0.79
 1  73.90  0.86  1  0  0.65
 0  92.56  1.24  1  0  0.75
 0  72.67  1.11  1  0  0.91
 1  67.44  0.33  1  1  0.85
 1  64.69  1.16  1  0  0.67
 1  61.05  0.95  1  1  0.64
 0  87.33  1.11  1  0  0.75
 1  82.53  0.61  1  0  0.57
 1  62.54  0.51  1  1  1.24
 0  97.46  0.51  1  0  1.95
 1  61.05  0.62  1  1  0.55
 1  60.30  0.84  1  1  0.71
 0  99.70  0.84  1  0  0.76
 0  89.33  1.30  1  0  0.66
 0  82.58  1.17  1  0  0.95
 1  73.90  0.71  1  1  1.51
 0  95.31  1.16  1  0  0.76
 0  90.98  0.57  1  1  0.67
 1  85.75  0.23  1  1  3.54
 0  92.95  0.86  1  0  0.55
 0  92.95  0.71  1  0  0.59
 1  69.02  0.57  1  1  0.78
 1  78.06  0.21  1  1  1.57
 0  90.98  1.00  1  0  0.59
 0  78.06  1.37  1  0  1.13
 1  77.47  0.61  1  1  2.00
 0  82.53  0.96  1  0  0.62
 1  67.05  0.86  1  1  0.66
 1  82.58  0.40  1  1  1.65
 1  72.67  0.46  1  1  0.73
 1  64.69  0.42  1  1  0.52
 1  81.94  0.21  1  0  0.77
 1  60.30  0.73  1  1  0.61
 0  81.94  1.37  1  0  0.67
 0  98.95  0.62  1  0  0.71
 0  70.67  1.30  1  1  0.63
 1  62.54  1.06  1  1  0.55
 0  99.70  0.73  1  0  0.66
 0  85.75  1.34  1  0  0.74
 0  98.95  0.95  1  0  0.59
 0  97.46  1.06  1  0  0.61
 1  74.25  0.23  1  1  1.14
 1  70.67  0.27  1  1  0.50
 0  86.10  0.86  1  0  0.66
 1  67.05  0.71  1  1  0.75
 0  67.44  1.24  1  1  0.60
 0  77.47  0.96  1  1  0.68
 0  74.25  1.34  1  0  0.74
 1  92.56  0.33  1  1  1.34
 1  61.05  0.95  1  1  1.97
 0  90.98  1.00  1  0  0.69
 0  99.70  0.84  1  0  0.68
 0  97.46  1.06  1  0  0.58
 1  70.67  0.27  1  1  1.03
 1  62.54  0.51  1  1  0.60
 1  73.90  0.71  1  0  1.22
 1  77.42  0.40  1  1  0.91
 1  61.05  0.62  1  1  0.61
 1  69.02  0.57  1  1  0.46
 1  60.30  0.84  1  1  0.56
 1  81.94  0.21  1  1  0.99
 1  69.02  1.00  1  1  0.59
 1  82.58  0.40  1  1  0.91
 0  86.10  0.71  1  0  1.16
 1  60.30  0.73  1  1  0.56
 0  81.94  1.37  1  0  0.63
 1  67.05  0.71  1  1  0.57
 1  78.06  0.21  1  1  0.83
 0  90.98  0.57  1  0  0.64
 0  77.47  0.96  1  0  1.53
 0  77.42  1.17  1  1  0.58
 0  82.58  1.17  1  0  0.59
 0  87.33  1.11  1  0  0.57
 0  95.31  1.16  1  0  0.52
 0  86.10  0.86  1  0  0.50
 1  67.44  0.33  1  1  0.65
 0  78.06  1.37  1  0  0.74
 0  92.95  0.71  1  0  0.59
 0  89.33  1.30  1  0  0.44
 0  98.95  0.95  1  0  0.45
 0  92.95  0.86  1  0  0.48
 1  72.67  0.46  1  1  1.77
 1  77.47  0.61  1  1  0.87
 0  98.95  0.62  1  0  0.63
 0  67.44  1.24  1  1  0.54
 1  64.69  0.42  1  1  0.71
 0  95.31  0.42  1  1  1.06
 0  70.67  1.30  1  1  0.70
 0  85.75  1.34  1  0  0.60
 1  89.33  0.27  1  1  1.03
 0  74.25  1.34  1  0  1.55
 1  74.25  0.23  1  1  0.93
 1  92.56  0.33  1  1  0.63
 0  92.56  1.24  1  0  0.66
 1  67.05  0.86  1  1  0.73
 1  62.54  1.06  1  1  0.52
 0  72.67  1.11  1  0  2.50
 1  64.69  1.16  1  1  0.68
 1  73.90  0.86  1  0  0.83
 1  85.75  0.23  1  1  0.85
 0  82.53  0.96  1  0  0.73
 0  99.70  0.73  1  0  0.54
 1  82.53  0.61  1  0  0.57
 0  97.46  0.51  1  1  1.32
 1  87.33  0.46  1  1  1.77
 0  90.98  0.57  1  1  0.93
 0  82.53  0.96  1  0  1.08
 0  97.46  1.06  1  0  0.53
 0  77.47  0.96  1  0  0.95
 1  85.75  0.23  1  1  0.97
 0  92.56  1.24  1  0  0.69
 1  69.02  1.00  1  1  0.94
 1  67.05  0.86  1  1  0.52
 0  86.10  0.71  1  0  0.73
 1  60.30  0.73  1  1  0.53
 0  98.95  0.62  1  0  1.05
 0  74.25  1.34  1  0  1.95
 0  87.33  1.11  1  0  0.63
 1  72.67  0.46  1  1  0.63
 0  92.95  0.71  1  0  0.57
 1  82.53  0.61  1  0  0.81
 0  72.67  1.11  1  0  1.21
 0  99.70  0.84  1  0  0.54
 1  81.94  0.21  1  1  0.70
 0  98.95  0.95  1  0  0.64
 0  99.70  0.73  1  0  0.48
 1  73.90  0.86  1  0  1.40
 1  61.05  0.95  1  1  0.59
 1  70.67  0.27  1  1  1.68
 1  62.54  0.51  1  1  0.55
 1  92.56  0.33  1  1  0.95
 1  64.69  0.42  1  1  0.98
 0  81.94  1.37  1  0  0.79
 0  82.58  1.17  1  0  0.49
 0  95.31  1.16  1  0  0.52
 1  62.54  1.06  1  1  0.62
 1  74.25  0.23  1  1  0.92
 0  89.33  1.30  1  0  0.67
 0  78.06  1.37  1  0  1.04
 1  77.42  0.40  1  1  0.58
 1  89.33  0.27  1  1  0.65
 0  77.42  1.17  1  0  2.24
 1  73.90  0.71  1  0  0.75
 0  92.95  0.86  1  0  0.71
 1  87.33  0.46  1  0  0.56
 0  95.31  0.42  1  1  0.76
 1  77.47  0.61  1  1  0.66
 0  67.44  1.24  1  0  1.59
 0  70.67  1.30  1  0  1.66
 1  60.30  0.84  1  1  0.54
 1  64.69  1.16  1  1  0.69
 0  97.46  0.51  1  1  1.45
 0  90.98  1.00  1  0  0.77
 0  86.10  0.86  1  0  0.56
 0  85.75  1.34  1  0  1.28
 1  82.58  0.40  1  1  0.60
 1  67.44  0.33  1  1  0.65
 1  69.02  0.57  1  1  0.51
 1  67.05  0.71  1  1  0.54
 1  61.05  0.62  1  1  0.59
 1  78.06  0.21  1  1  0.69
 0  82.58  1.17  1  0  1.23
 0  86.10  0.86  1  0  3.71
 0  74.25  1.34  1  1  0.56
 0  98.95  0.62  1  0  1.13
 1  82.58  0.40  1  1  1.58
 0  86.10  0.71  1  0  1.46
 0  92.95  0.71  1  0  0.74
 1  67.44  0.33  1  1  0.54
 0  87.33  1.11  1  0  0.86
 1  81.94  0.21  1  1  0.67
 0  95.31  0.42  1  1  0.49
 0  81.94  1.37  1  0  0.94
 0  90.98  1.00  1  0  0.77
 1  69.02  0.57  1  1  0.91
 1  82.53  0.61  1  1  0.79
 1  73.90  0.71  1  1  0.44
 1  77.42  0.40  1  1  0.49
 1  72.67  0.46  1  1  0.61
 0  95.31  1.16  1  0  0.75
 0  89.33  1.30  1  0  0.60
 1  85.75  0.23  1  1  0.70
 1  60.30  0.73  1  1  0.52
 1  67.05  0.71  1  1  0.50
 1  60.30  0.84  1  1  0.57
 1  77.47  0.61  1  0  4.06
 1  69.02  1.00  1  0  1.40
 1  61.05  0.62  1  1  0.44
 0  97.46  0.51  1  1  2.44
 1  67.05  0.86  1  1  0.56
 0  78.06  1.37  1  0  0.66
 1  74.25  0.23  1  1  0.57
 0  77.47  0.96  1  0  0.82
 1  92.56  0.33  1  1  0.66
 1  73.90  0.86  1  0  1.11
 1  78.06  0.21  1  1  0.53
 0  85.75  1.34  1  0  0.63
 0  92.95  0.86  1  0  1.29
 0  70.67  1.30  1  0  1.50
 1  64.69  0.42  1  1  0.52
 0  99.70  0.73  1  0  0.80
 0  99.70  0.84  1  0  0.54
 0  72.67  1.11  1  1  0.54
 0  90.98  0.57  1  0  1.63
 0  67.44  1.24  1  0  0.68
 0  98.95  0.95  1  0  0.62
 1  62.54  0.51  1  1  0.62
 1  87.33  0.46  1  1  2.19
 1  62.54  1.06  1  1  0.57
 1  64.69  1.16  1  1  0.76
 0  77.42  1.17  1  0  0.91
 0  97.46  1.06  1  0  0.59
 1  61.05  0.95  1  1  0.57
 1  89.33  0.27  1  1  0.83
 0  92.56  1.24  1  0  0.53
 1  70.67  0.27  1  1  0.58
 0  82.53  0.96  1  0  0.83
 0  98.95  0.62  1  1  1.30
 0  90.98  1.00  1  0  0.59
 0  72.67  1.11  1  0  0.91
 1  89.33  0.27  1  1  0.96
 0  78.06  1.37  1  0  0.67
 1  92.56  0.33  1  1  0.76
 1  85.75  0.23  1  1  0.62
 0  98.95  0.95  1  0  0.78
 1  69.02  1.00  1  1  0.95
 0  95.31  0.42  1  1  0.58
 1  62.54  1.06  1  1  0.79
 1  67.44  0.33  1  1  0.56
 1  78.06  0.21  1  1  0.53
 0  85.75  1.34  1  0  0.54
 0  90.98  0.57  1  1  0.67
 1  64.69  0.42  1  1  0.65
 1  61.05  0.95  1  1  0.50
 1  67.05  0.86  1  1  0.58
 1  77.42  0.40  1  1  0.63
 0  97.46  0.51  1  0  2.04
 0  99.70  0.84  1  0  0.56
 1  74.25  0.23  1  1  0.86
 0  87.33  1.11  1  0  0.63
 0  86.10  0.86  1  0  0.55
 1  77.47  0.61  1  1  0.72
 0  77.42  1.17  1  0  0.69
 0  89.33  1.30  1  0  0.56
 1  62.54  0.51  1  1  0.57
 1  64.69  1.16  1  1  0.62
 1  82.53  0.61  1  0  1.73
 1  82.58  0.40  1  1  0.75
 0  82.53  0.96  1  0  0.64
 1  69.02  0.57  1  1  0.50
 1  61.05  0.62  1  1  0.42
 0  99.70  0.73  1  0  0.61
 1  73.90  0.86  1  0  3.56
 0  92.95  0.71  1  0  1.96
 0  92.95  0.86  1  0  1.26
 1  60.30  0.84  1  1  0.52
 1  81.94  0.21  1  1  1.07
 0  92.56  1.24  1  0  0.54
 0  70.67  1.30  1  0  1.33
 0  95.31  1.16  1  0  0.67
 0  86.10  0.71  1  0  6.24
 1  73.90  0.71  1  1  1.10
 1  72.67  0.46  1  1  0.44
 0  77.47  0.96  1  0  0.78
 0  82.58  1.17  1  0  0.54
 1  60.30  0.73  1  1  0.51
 1  87.33  0.46  1  1  0.88
 1  70.67  0.27  1  1  0.51
 0  74.25  1.34  1  0  0.77
 0  81.94  1.37  1  0  0.48
 1  67.05  0.71  1  1  0.85
 0  97.46  1.06  1  0  0.85
 0  67.44  1.24  1  1  0.75
