 0  60.30  0.84  0  1  1.69
 2  77.42  0.40  1  0  2.53
 0  89.33  0.27  0  2  2.25
 3  95.31  0.42  1  0  1.92
 0  73.90  0.86  0  0  5.84
 3  97.46  0.51  1  2  1.60
 2  77.47  0.61  1  2  1.83
 3  77.42  1.17  1  1  1.28
 0  70.67  0.27  0  1  2.13
 0  87.33  0.46  0  0 25.19
 3  92.56  1.24  1  3  3.63
 1  99.70  0.73  0  3  1.97
 3  86.10  0.86  1  1  1.12
 3  92.95  0.86  1  1  1.49
 2  87.33  0.46  1  0  0.94
 0  62.54  1.06  0  1  1.80
 1  82.58  1.17  0  3  2.70
 1  85.75  1.34  0  3  1.84
 0  67.05  0.86  0  3  1.68
 0  81.94  0.21  0  0  2.16
 1  70.67  1.30  0  1  1.89
 1  74.25  1.34  0  1  1.72
 2  64.69  1.16  1  1  2.31
 2  69.02  0.57  1  0  5.56
 3  70.67  1.30  1  3  5.27
 1  78.06  1.37  0  3  2.01
 3  99.70  0.73  1  0  2.69
 2  92.56  0.33  1  1  3.38
 0  82.53  0.61  0  0 11.73
 1  98.95  0.62  0  0  2.70
 1  90.98  0.57  0  1  1.74
 0  78.06  0.21  0  0  1.19
 3  67.44  1.24  1  3  2.64
 2  67.44  0.33  1  1  3.35
 3  72.67  1.11  1  3  1.77
 1  92.56  1.24  0  2  3.78
 1  87.33  1.11  0  1  1.40
 3  82.53  0.96  1  2  2.60
 1  92.95  0.71  0  0  2.87
 0  67.44  0.33  0  0  1.73
 2  78.06  0.21  1  0  1.99
 0  64.69  0.42  0  0  9.36
 3  95.31  1.16  1  3 20.64
 2  67.05  0.86  1  2  8.05
 2  89.33  0.27  1  3  5.44
 3  98.95  0.62  1  2  3.49
 2  61.05  0.62  1  0  5.95
 0  61.05  0.62  0  2  6.11
 0  61.05  0.95  0  3  2.15
 3  99.70  0.84  1  3  2.63
 1  99.70  0.84  0  2  5.07
 2  61.05  0.95  1  0  6.52
 0  92.56  0.33  0  1  8.73
 0  77.47  0.61  0  1  3.15
 3  90.98  0.57  1  1  3.73
 0  72.67  0.46  0  0  1.26
 0  60.30  0.73  0  0  1.85
 2  85.75  0.23  1  3  1.78
 1  90.98  1.00  0  1  6.27
 2  64.69  0.42  1  2  2.50
 1  77.47  0.96  0  1  3.68
 3  87.33  1.11  1  3  1.23
 2  72.67  0.46  1  2  2.01
 3  81.94  1.37  1  3  2.47
 1  82.53  0.96  0  1  1.53
 2  73.90  0.71  1  2  2.57
 2  69.02  1.00  1  3  1.67
 1  95.31  0.42  0  0  1.11
 2  62.54  1.06  1  3  2.74
 2  67.05  0.71  1  2  2.52
 3  98.95  0.95  1  3  3.25
 1  89.33  1.30  0  1  1.05
 0  69.02  1.00  0  0  0.75
 3  89.33  1.30  1  3  1.86
 1  77.42  1.17  0  1  2.71
 3  86.10  0.71  1  3  1.70
 3  92.95  0.71  1  3  1.96
 1  86.10  0.86  0  1  1.39
 2  73.90  0.86  1  3  1.46
 2  81.94  0.21  1  3  1.50
 1  98.95  0.95  0  1  2.07
 1  92.95  0.86  0  1  1.83
 1  86.10  0.71  0  1  1.55
 3  82.58  1.17  1  3  2.14
 0  62.54  0.51  0  0  1.77
 0  77.42  0.40  0  0  1.75
 0  85.75  0.23  0  0  1.36
 1  97.46  0.51  0  1  4.85
 0  74.25  0.23  0  0  0.85
 2  82.53  0.61  1  3  2.24
 3  78.06  1.37  1  2  1.61
 3  74.25  1.34  1  3  1.72
 1  97.46  1.06  0  0  1.35
 0  64.69  1.16  0  0  2.46
 2  62.54  0.51  1  2  5.20
 1  72.67  1.11  0  0  1.13
 0  67.05  0.71  0  0  1.40
 3  97.46  1.06  1  3  1.96
 1  81.94  1.37  0  1  1.33
 2  60.30  0.73  1  2  1.25
 0  73.90  0.71  0  0  2.20
 1  95.31  1.16  0  1  1.71
 3  77.47  0.96  1  2  3.65
 2  60.30  0.84  1  2  1.47
 3  90.98  1.00  1  3  1.81
 0  69.02  0.57  0  1  1.96
 2  82.58  0.40  1  3  1.56
 1  67.44  1.24  0  0  1.39
 3  85.75  1.34  1  3  2.41
 2  74.25  0.23  1  3  0.91
 2  70.67  0.27  1  2  1.56
 0  82.58  0.40  0  0  1.10
 1  85.75  1.34  0  1  2.95
 2  82.58  0.40  1  2  3.96
 1  86.10  0.71  0  0  3.22
 0  69.02  1.00  0  1  2.44
 0  82.58  0.40  0  0  3.91
 1  95.31  0.42  0  0  1.09
 0  82.53  0.61  0  1  1.58
 3  82.53  0.96  1  3  2.54
 0  62.54  0.51  0  0  1.57
 3  95.31  1.16  1  3  1.55
 1  78.06  1.37  0  1  1.32
 3  85.75  1.34  1  3  1.06
 0  77.42  0.40  0  0  2.28
 3  98.95  0.95  1  3  2.59
 0  64.69  1.16  0  0  1.71
 3  87.33  1.11  1  3  1.88
 3  78.06  1.37  1  3  0.73
 0  67.05  0.86  0  0  3.56
 2  62.54  0.51  1  2  1.54
 2  72.67  0.46  1  2  1.54
 2  62.54  1.06  1  2  6.22
 2  73.90  0.71  1  2  1.74
 2  77.42  0.40  1  2  1.15
 3  98.95  0.62  1  2  1.58
 1  86.10  0.86  0  1  2.99
 2  64.69  0.42  1  2  2.60
 3  86.10  0.71  1  3  4.39
 2  60.30  0.84  1  2  1.31
 1  77.47  0.96  0  1  3.95
 2  67.44  0.33  1  2  1.53
 1  95.31  1.16  0  1  2.04
 0  92.56  0.33  0  0  2.40
 2  81.94  0.21  1  2  1.48
 0  61.05  0.62  0  0  2.13
 2  77.47  0.61  1  2  6.47
 0  70.67  0.27  0  0  1.73
 1  90.98  1.00  0  1  2.17
 2  60.30  0.73  1  2  1.65
 2  67.05  0.86  1  2  8.44
 0  77.47  0.61  0  0  2.40
 3  97.46  1.06  1  3  1.64
 3  92.95  0.71  1  2  1.56
 0  74.25  0.23  0  0  1.59
 2  61.05  0.95  1  2  1.75
 2  67.05  0.71  1  2  1.34
 1  92.95  0.86  0  0  3.72
 3  97.46  0.51  1  2  1.39
 3  77.47  0.96  1  3  6.23
 1  72.67  1.11  0  1  1.62
 2  78.06  0.21  1  2  2.43
 1  74.25  1.34  0  1  2.73
 2  85.75  0.23  1  2  3.69
 2  73.90  0.86  1  2  2.54
 0  60.30  0.73  0  0  2.38
 0  67.05  0.71  0  0  1.48
 0  78.06  0.21  0  0  6.31
 3  86.10  0.86  1  3  2.77
 1  81.94  1.37  0  1  1.09
 0  67.44  0.33  0  0  1.90
 3  74.25  1.34  1  3  2.69
 1  98.95  0.95  0  1  5.82
 2  61.05  0.62  1  2  1.58
 2  89.33  0.27  1  2  4.09
 3  90.98  0.57  1  3  2.49
 1  89.33  1.30  0  1  1.98
 0  73.90  0.86  0  1  3.52
 3  89.33  1.30  1  3  2.54
 1  92.95  0.71  0  1  1.93
 3  90.98  1.00  1  3  2.51
 0  72.67  0.46  0  0  2.97
 2  64.69  1.16  1  2  2.32
 1  70.67  1.30  0  1 50.34
 2  82.53  0.61  1  2  2.63
 2  69.02  1.00  1  2  2.37
 2  69.02  0.57  1  2  1.17
 1  92.56  1.24  0  1  1.42
 1  87.33  1.11  0  1  1.54
 1  82.58  1.17  0  1  2.62
 3  72.67  1.11  1  2  2.06
 1  90.98  0.57  0  0  1.48
 0  69.02  0.57  0  0  1.52
 3  82.58  1.17  1  3  1.54
 0  62.54  1.06  0  0  1.26
 3  67.44  1.24  1  2  1.38
 2  70.67  0.27  1  0  2.60
 0  87.33  0.46  0  0  3.26
 1  82.53  0.96  0  1  1.35
 3  92.95  0.86  1  3  1.98
 0  81.94  0.21  0  0  1.39
 0  89.33  0.27  0  0  0.81
 1  98.95  0.62  0  1  7.20
 0  61.05  0.95  0  0  2.40
 3  99.70  0.73  1  3  2.52
 1  97.46  0.51  0  0  2.08
 1  97.46  1.06  0  1  2.05
 3  92.56  1.24  1  3  2.55
 1  99.70  0.73  0  0  4.30
 0  85.75  0.23  0  0  1.56
 0  60.30  0.84  0  0  2.30
 2  87.33  0.46  1  3  8.90
 0  73.90  0.71  0  0  1.17
 3  95.31  0.42  1  2  3.65
 0  64.69  0.42  0  0  1.18
 3  77.42  1.17  1  3  1.61
 2  74.25  0.23  1  2  1.61
 1  99.70  0.84  0  1  2.57
 2  92.56  0.33  1  2  1.64
 1  67.44  1.24  0  0  1.37
 3  81.94  1.37  1  3  4.70
 1  77.42  1.17  0  1  1.39
 3  70.67  1.30  1  2  1.55
 3  99.70  0.84  1  3  2.65
 2  61.05  0.95  1  2  6.53
 3  86.10  0.71  1  3 17.20
 2  77.47  0.61  1  3  3.01
 0  87.33  0.46  0  0  1.13
 2  82.58  0.40  1  2  4.37
 0  64.69  0.42  0  0  1.15
 3  86.10  0.86  1  3  1.60
 0  77.42  0.40  0  0  1.51
 0  60.30  0.73  0  0  1.24
 3  92.95  0.71  1  3  2.33
 2  67.05  0.86  1  2  1.17
 3  89.33  1.30  1  3  1.44
 1  78.06  1.37  0  1  1.93
 0  89.33  0.27  0  0  0.66
 0  61.05  0.62  0  0  0.77
 3  98.95  0.95  1  3  0.88
 0  73.90  0.71  0  0  0.85
 0  69.02  1.00  0  1  1.26
 3  97.46  1.06  1  3  2.07
 2  61.05  0.62  1  2  0.99
 3  72.67  1.11  1  3  1.35
 1  67.44  1.24  0  1  0.87
 1  95.31  0.42  0  0  1.26
 3  98.95  0.62  1  3  1.37
 0  78.06  0.21  0  0  1.57
 1  82.53  0.96  0  1  0.77
 0  67.05  0.71  0  0  1.90
 3  82.58  1.17  1  3  1.79
 1  90.98  1.00  0  0  1.55
 1  74.25  1.34  0  0  0.81
 3  74.25  1.34  1  3  0.62
 2  64.69  0.42  1  2  1.61
 3  95.31  1.16  1  3  0.71
 1  92.56  1.24  0  0  0.54
 0  92.56  0.33  0  0  0.67
 0  60.30  0.84  0  0  0.70
 1  89.33  1.30  0  1  1.18
 1  70.67  1.30  0  0  0.68
 0  62.54  0.51  0  0  0.99
 1  92.95  0.86  0  1  0.95
 2  78.06  0.21  1  0  0.70
 0  74.25  0.23  0  0  1.28
 1  72.67  1.11  0  1  1.27
 3  70.67  1.30  1  3  2.54
 0  77.47  0.61  0  1  1.27
 0  62.54  1.06  0  0  0.69
 1  97.46  0.51  0  0  1.14
 1  99.70  0.84  0  1  0.99
 3  81.94  1.37  1  3  0.94
 0  72.67  0.46  0  1  3.21
 2  67.44  0.33  1  2  1.47
 1  98.95  0.62  0  2  1.33
 1  92.95  0.71  0  1  2.54
 0  61.05  0.95  0  0  1.01
 1  86.10  0.86  0  1  1.20
 3  90.98  0.57  1  3  1.85
 2  77.42  0.40  1  2  2.42
 0  70.67  0.27  0  0  1.71
 2  92.56  0.33  1  3  2.77
 3  95.31  0.42  1  2  1.22
 3  92.95  0.86  1  3  1.05
 3  78.06  1.37  1  3  1.05
 1  98.95  0.95  0  1  0.84
 3  92.56  1.24  1  3  0.83
 2  89.33  0.27  1  2  2.04
 1  90.98  0.57  0  1  1.88
 2  62.54  0.51  1  2  1.42
 3  99.70  0.73  1  3  2.38
 3  90.98  1.00  1  3  1.77
 2  87.33  0.46  1  3  2.49
 2  69.02  0.57  1  2  1.73
 2  72.67  0.46  1  2  0.65
 0  81.94  0.21  0  0  2.59
 1  85.75  1.34  0  1  0.47
 2  74.25  0.23  1  2  1.50
 3  77.47  0.96  1  3  0.89
 2  85.75  0.23  1  2  0.57
 3  97.46  0.51  1  3  2.56
 0  73.90  0.86  0  1  1.27
 1  95.31  1.16  0  1  1.59
 0  82.58  0.40  0  0  2.37
 3  85.75  1.34  1  3  1.49
 3  77.42  1.17  1  3  0.62
 1  99.70  0.73  0  1  2.89
 1  82.58  1.17  0  1  1.59
 2  82.53  0.61  1  2  1.54
 0  67.44  0.33  0  0  1.07
 2  64.69  1.16  1  2  2.56
 3  87.33  1.11  1  3  1.34
 0  82.53  0.61  0  0  1.34
 1  81.94  1.37  0  1  2.15
 0  69.02  0.57  0  0  3.19
 2  67.05  0.71  1  2  1.30
 3  67.44  1.24  1  2  0.94
 2  60.30  0.84  1  3  1.01
 2  70.67  0.27  1  2  0.66
 0  85.75  0.23  0  0  1.12
 0  67.05  0.86  0  1  1.24
 3  82.53  0.96  1  3  1.17
 0  64.69  1.16  0  1  2.03
 2  60.30  0.73  1  2  2.18
 1  87.33  1.11  0  1  1.12
 2  73.90  0.71  1  2  1.83
 1  97.46  1.06  0  1  1.80
 2  81.94  0.21  1  2  1.36
 3  99.70  0.84  1  3  1.87
 1  77.42  1.17  0  1  1.56
 2  73.90  0.86  1  3  1.64
 1  77.47  0.96  0  1  1.09
 1  86.10  0.71  0  1  1.96
 2  62.54  1.06  1  3  5.52
 2  69.02  1.00  1  2  1.10
 3  87.33  1.11  1  3  1.44
 0  74.25  0.23  0  0  1.69
 1  90.98  1.00  0  1  2.63
 1  85.75  1.34  0  1  0.78
 3  95.31  1.16  1  3  1.07
 3  82.53  0.96  1  2  1.03
 3  90.98  1.00  1  3  0.80
 2  67.05  0.86  1  2  1.23
 3  77.47  0.96  1  3  1.49
 3  86.10  0.86  1  3  0.62
 0  62.54  0.51  0  0  0.95
 2  62.54  0.51  1  2  1.02
 2  73.90  0.86  1  3  0.68
 3  85.75  1.34  1  3  0.55
 0  60.30  0.73  0  0  0.98
 0  73.90  0.71  0  1  0.98
 0  62.54  1.06  0  0  0.73
 1  95.31  0.42  0  0  0.84
 2  87.33  0.46  1  2  0.89
 3  74.25  1.34  1  3  0.70
 0  77.42  0.40  0  0  0.74
 0  85.75  0.23  0  0  0.44
 2  73.90  0.71  1  3  2.28
 1  90.98  0.57  0  0  1.08
 1  72.67  1.11  0  1  0.80
 2  64.69  1.16  1  3  0.67
 3  98.95  0.62  1  2  1.63
 2  72.67  0.46  1  3  1.14
 3  95.31  0.42  1  2  1.16
 3  89.33  1.30  1  3  0.75
 0  82.58  0.40  0  0  1.72
 2  64.69  0.42  1  2  2.50
 0  70.67  0.27  0  0  0.73
 1  82.53  0.96  0  1  0.63
 0  89.33  0.27  0  0  0.63
 0  61.05  0.95  0  1  0.79
 1  97.46  1.06  0  1  0.68
 1  99.70  0.73  0  1  0.64
 2  74.25  0.23  1  2  1.57
 3  90.98  0.57  1  3  2.09
 1  77.47  0.96  0  1  1.03
 2  62.54  1.06  1  3  0.62
 0  82.53  0.61  0  1  2.05
 0  78.06  0.21  0  0  1.05
 2  69.02  0.57  1  2  6.09
 3  97.46  0.51  1  2  1.45
 3  77.42  1.17  1  3  1.12
 2  69.02  1.00  1  3  0.78
 0  72.67  0.46  0  0  1.16
 2  89.33  0.27  1  2  1.25
 3  97.46  1.06  1  3  1.40
 1  78.06  1.37  0  1  1.15
 2  61.05  0.95  1  3  1.59
 3  78.06  1.37  1  3  1.46
 2  92.56  0.33  1  3  2.45
 1  74.25  1.34  0  1  1.07
 0  61.05  0.62  0  0  1.69
 2  85.75  0.23  1  2  1.17
 0  64.69  1.16  0  1  1.61
 1  92.95  0.71  0  1  1.98
 0  67.05  0.86  0  1  1.08
 1  87.33  1.11  0  1  0.68
 0  77.47  0.61  0  1  1.36
 2  67.44  0.33  1  2  0.99
 2  81.94  0.21  1  2  0.98
 1  95.31  1.16  0  1  1.87
 1  92.56  1.24  0  1  1.47
 1  98.95  0.62  0  0  2.95
 3  70.67  1.30  1  2  2.51
 1  86.10  0.71  0  1  1.20
 3  98.95  0.95  1  3  2.00
 1  70.67  1.30  0  1  1.08
 0  73.90  0.86  0  1  1.34
 3  86.10  0.71  1  2  1.41
 0  67.44  0.33  0  0  1.25
 1  81.94  1.37  0  1  2.14
 2  82.53  0.61  1  2  3.13
 3  67.44  1.24  1  3  1.48
 3  99.70  0.84  1  3  1.50
 3  99.70  0.73  1  2  1.60
 0  92.56  0.33  0  0  1.33
 1  92.95  0.86  0  1  1.23
 1  77.42  1.17  0  1  0.73
 2  82.58  0.40  1  2  0.97
 0  81.94  0.21  0  0  0.75
 1  67.44  1.24  0  1  0.80
 2  60.30  0.73  1  3  1.27
 1  99.70  0.84  0  0  1.70
 3  72.67  1.11  1  3  1.53
 0  60.30  0.84  0  0  0.89
 2  67.05  0.71  1  2  0.95
 2  77.42  0.40  1  2  1.35
 1  89.33  1.30  0  1  1.36
 3  81.94  1.37  1  3  1.05
 2  77.47  0.61  1  2  1.52
 0  87.33  0.46  0  0  1.24
 3  92.95  0.86  1  3  0.91
 2  70.67  0.27  1  2  1.28
 0  69.02  1.00  0  1  0.94
 2  60.30  0.84  1  3  1.45
 1  98.95  0.95  0  1  1.72
 0  69.02  0.57  0  0  1.37
 2  61.05  0.62  1  2  1.37
 3  82.58  1.17  1  3  1.25
 2  78.06  0.21  1  2  0.68
 3  92.56  1.24  1  3  0.73
 1  86.10  0.86  0  1  1.51
 0  64.69  0.42  0  2  1.16
 3  92.95  0.71  1  3  1.69
 0  67.05  0.71  0  1  3.70
 1  97.46  0.51  0  0  2.14
 1  82.58  1.17  0  1  2.62
 1  86.10  0.71  0  0  2.63
 3  86.10  0.71  1  1  1.21
 1  72.67  1.11  0  1  1.25
 3  74.25  1.34  1  3  1.62
 1  81.94  1.37  0  1  1.59
 1  78.06  1.37  0  1  1.45
 1  70.67  1.30  0  1  0.87
 3  86.10  0.86  1  3  1.52
 0  92.56  0.33  0  0  1.63
 1  67.44  1.24  0  1  1.40
 3  81.94  1.37  1  3  1.59
 3  97.46  0.51  1  2  1.42
 2  70.67  0.27  1  2  4.92
 3  92.95  0.71  1  3  1.47
 3  95.31  1.16  1  3  0.76
 0  81.94  0.21  0  0  0.98
 1  90.98  1.00  0  1  1.08
 0  69.02  0.57  0  0  0.87
 1  82.58  1.17  0  1  0.88
 2  77.42  0.40  1  2  1.29
 2  72.67  0.46  1  2  0.85
 0  74.25  0.23  0  0  0.75
 0  64.69  0.42  0  0  0.76
 3  99.70  0.73  1  3  0.86
 2  62.54  1.06  1  3  0.83
 2  67.44  0.33  1  2  1.58
 0  60.30  0.73  0  0  1.00
 0  67.05  0.71  0  1  1.07
 1  85.75  1.34  0  1  0.94
 0  77.47  0.61  0  1  3.40
 0  60.30  0.84  0  0  7.65
 3  89.33  1.30  1  3  1.04
 2  92.56  0.33  1  2  0.77
 0  87.33  0.46  0  0  0.91
 1  90.98  0.57  0  0  0.74
 1  97.46  0.51  0  0  4.01
 3  70.67  1.30  1  3  1.57
 0  78.06  0.21  0  0  1.22
 2  77.47  0.61  1  2  3.32
 2  78.06  0.21  1  2  1.11
 3  72.67  1.11  1  3  1.63
 1  86.10  0.86  0  1  1.69
 1  77.42  1.17  0  1  4.77
 2  67.05  0.86  1  2  2.12
 0  82.53  0.61  0  0  2.25
 1  95.31  1.16  0  1  1.48
 0  62.54  0.51  0  0  0.87
 2  82.58  0.40  1  2  2.76
 2  81.94  0.21  1  2  1.30
 1  92.95  0.71  0  1  1.63
 3  92.95  0.86  1  3  1.47
 0  61.05  0.95  0  0  1.40
 3  82.53  0.96  1  3  1.55
 0  67.44  0.33  0  0  1.17
 0  61.05  0.62  0  0  0.99
 3  67.44  1.24  1  3  1.22
 3  99.70  0.84  1  3  1.72
 1  99.70  0.73  0  1  0.90
 3  85.75  1.34  1  3  0.92
 3  98.95  0.95  1  3  0.81
 0  69.02  1.00  0  1  1.07
 2  60.30  0.73  1  2  8.29
 1  92.95  0.86  0  1  3.84
 2  69.02  0.57  1  2  1.79
 2  67.05  0.71  1  2  1.47
 3  82.58  1.17  1  3  0.74
 2  74.25  0.23  1  2  0.97
 1  82.53  0.96  0  1  1.15
 2  73.90  0.71  1  2  1.44
 3  95.31  0.42  1  2  0.99
 2  60.30  0.84  1  2  2.15
 2  87.33  0.46  1  2  0.90
 1  87.33  1.11  0  3  0.92
 0  82.58  0.40  0  0  1.55
 1  74.25  1.34  0  1  1.03
 1  99.70  0.84  0  1  1.59
 2  73.90  0.86  1  3  1.40
 0  73.90  0.86  0  1  1.72
 0  89.33  0.27  0  0  2.63
 0  85.75  0.23  0  0  0.89
 1  95.31  0.42  0  0  3.96
 0  77.42  0.40  0  1  1.08
 1  98.95  0.95  0  1  0.75
 2  69.02  1.00  1  3  1.23
 1  89.33  1.30  0  1  5.07
 3  97.46  1.06  1  3  2.36
 1  77.47  0.96  0  1  1.49
 2  64.69  0.42  1  2  1.55
 3  90.98  1.00  1  3  0.91
 3  92.56  1.24  1  3  3.49
 2  82.53  0.61  1  2  2.54
 2  61.05  0.95  1  2  0.83
 3  77.42  1.17  1  3  0.61
 1  98.95  0.62  0  0  1.34
 3  98.95  0.62  1  2  2.35
 2  85.75  0.23  1  2  1.11
 3  87.33  1.11  1  3  0.81
 2  62.54  0.51  1  2  1.00
 0  72.67  0.46  0  0  2.88
 2  89.33  0.27  1  2  1.31
 0  73.90  0.71  0  0  1.88
 1  97.46  1.06  0  1  0.74
 3  90.98  0.57  1  2  2.04
 0  64.69  1.16  0  1  3.08
 3  77.47  0.96  1  3  1.63
 1  92.56  1.24  0  1  1.21
 0  62.54  1.06  0  1  3.77
 0  70.67  0.27  0  0  1.31
 3  78.06  1.37  1  3  1.15
 2  61.05  0.62  1  2  1.07
 0  67.05  0.86  0  0  3.06
 2  64.69  1.16  1  2  1.24
