 0  70.67  1.30  0  0  4.36
 0  86.10  0.71  0  1  3.57
 2  99.70  0.84  1  0  1.22
 0  98.95  0.95  0  0  3.51
 1  87.33  0.46  0  2  4.80
 2  87.33  1.11  1  0  4.06
 0  67.44  1.24  0  3  3.21
 1  82.53  0.61  0  0  1.22
 2  92.95  0.71  1  0  3.50
 0  95.31  0.42  0  0  0.97
 3  72.67  0.46  1  1  7.18
 2  99.70  0.73  1  0  1.92
 1  73.90  0.86  0  0  1.16
 2  89.33  1.30  1  0  1.00
 2  86.10  0.86  1  0 10.15
 1  67.05  0.86  0  3  1.25
 1  70.67  0.27  0  1  1.80
 0  92.95  0.71  0  0  2.14
 3  77.42  0.40  1  2  3.82
 2  67.44  1.24  1  1  3.40
 1  61.05  0.95  0  0  1.05
 2  81.94  1.37  1  0  4.52
 3  73.90  0.86  1  2  2.33
 0  98.95  0.62  0  3  1.66
 1  85.75  0.23  0  0  2.30
 1  64.69  1.16  0  0  1.83
 0  77.47  0.96  0  1  2.28
 3  92.56  0.33  1  0  0.74
 0  99.70  0.73  0  1  3.26
 1  62.54  0.51  0  2  4.04
 0  99.70  0.84  0  2  1.03
 3  67.05  0.86  1  0  2.04
 2  72.67  1.11  1  0  2.09
 1  69.02  0.57  0  1  7.35
 3  67.05  0.71  1  1  1.65
 3  60.30  0.84  1  1  4.07
 3  82.53  0.61  1  0  1.27
 3  70.67  0.27  1  0  0.99
 0  74.25  1.34  0  2  4.02
 3  69.02  1.00  1  0  0.96
 3  61.05  0.62  1  1  1.79
 2  92.56  1.24  1  0  5.43
 1  69.02  1.00  0  0  0.97
 1  82.58  0.40  0  3  1.88
 2  97.46  1.06  1  3  4.59
 2  92.95  0.86  1  2  1.30
 2  85.75  1.34  1  3  1.66
 1  64.69  0.42  0  3  1.58
 1  62.54  1.06  0  3  3.13
 2  98.95  0.62  1  2  3.88
 3  60.30  0.73  1  0  1.76
 1  92.56  0.33  0  0  1.75
 0  86.10  0.86  0  1  2.05
 3  89.33  0.27  1  2  2.21
 1  67.44  0.33  0  1  2.57
 3  82.58  0.40  1  3  1.92
 0  87.33  1.11  0  0  4.76
 1  89.33  0.27  0  1  2.59
 0  92.56  1.24  0  0  3.97
 2  97.46  0.51  1  3  5.74
 0  92.95  0.86  0  1  2.25
 1  73.90  0.71  0  1  1.29
 0  89.33  1.30  0  1  1.83
 0  97.46  0.51  0  1  1.45
 2  82.53  0.96  1  2  2.55
 0  78.06  1.37  0  1  1.51
 2  90.98  0.57  1  2  2.15
 1  74.25  0.23  0  0  0.91
 1  72.67  0.46  0  1  0.77
 0  97.46  1.06  0  0  1.38
 0  82.58  1.17  0  0  1.75
 0  95.31  1.16  0  0  0.71
 2  70.67  1.30  1  3  2.11
 0  72.67  1.11  0  0  1.27
 2  77.42  1.17  1  2  5.38
 2  95.31  0.42  1  3  0.81
 3  81.94  0.21  1  2  0.69
 1  81.94  0.21  0  0  1.85
 3  73.90  0.71  1  3  1.41
 0  85.75  1.34  0  1  2.11
 1  61.05  0.62  0  1  1.32
 3  64.69  0.42  1  3  2.52
 0  90.98  0.57  0  0  1.68
 1  77.47  0.61  0  0  1.06
 2  90.98  1.00  1  3  1.29
 3  62.54  0.51  1  3  2.91
 1  77.42  0.40  0  0  0.87
 3  67.44  0.33  1  3  4.74
 2  95.31  1.16  1  2  1.07
 2  86.10  0.71  1  2  1.75
 3  62.54  1.06  1  3  1.06
 3  64.69  1.16  1  3  1.18
 3  74.25  0.23  1  2  1.52
 0  77.42  1.17  0  1  1.48
 2  98.95  0.95  1  2  1.35
 3  69.02  0.57  1  2  1.85
 0  81.94  1.37  0  1  1.55
 3  61.05  0.95  1  3  2.30
 0  90.98  1.00  0  0  3.20
 1  60.30  0.84  0  0  4.17
 3  77.47  0.61  1  2  1.34
 2  77.47  0.96  1  2  1.75
 3  78.06  0.21  1  3  0.78
 1  67.05  0.71  0  0  2.98
 2  74.25  1.34  1  2  1.27
 2  78.06  1.37  1  2  1.25
 3  87.33  0.46  1  2  1.38
 1  60.30  0.73  0  1  3.55
 1  78.06  0.21  0  0  0.85
 2  82.58  1.17  1  3  3.67
 0  82.53  0.96  0  2  2.27
 3  85.75  0.23  1  2  2.74
 2  77.42  1.17  1  0  7.91
 1  67.05  0.86  0  0  1.07
 0  92.56  1.24  0  0  0.94
 3  77.42  0.40  1  3  1.84
 1  64.69  1.16  0  1  5.52
 3  89.33  0.27  1  2  3.72
 3  87.33  0.46  1  3  0.80
 1  78.06  0.21  0  0  1.31
 1  87.33  0.46  0  1  0.91
 2  86.10  0.86  1  3  5.40
 1  69.02  0.57  0  1  1.98
 2  98.95  0.62  1  2  3.53
 2  81.94  1.37  1  3  1.10
 1  82.58  0.40  0  0  2.75
 1  77.47  0.61  0  0  1.76
 1  72.67  0.46  0  0  0.54
 2  89.33  1.30  1  3  0.99
 3  85.75  0.23  1  2  5.71
 2  99.70  0.84  1  3  0.99
 3  67.05  0.71  1  3  2.00
 1  81.94  0.21  0  1  4.34
 3  73.90  0.86  1  3  3.67
 3  77.47  0.61  1  3  1.00
 0  95.31  0.42  0  0  2.48
 1  60.30  0.73  0  1  1.37
 0  86.10  0.71  0  1  1.63
 0  95.31  1.16  0  0  0.92
 2  97.46  1.06  1  3  3.39
 3  81.94  0.21  1  2  0.84
 3  69.02  1.00  1  3  2.39
 0  87.33  1.11  0  0  2.54
 3  64.69  0.42  1  3  5.77
 0  74.25  1.34  0  0  4.64
 3  62.54  0.51  1  3  1.19
 1  62.54  0.51  0  0  0.89
 0  98.95  0.95  0  1  1.61
 3  60.30  0.84  1  3  0.91
 3  82.53  0.61  1  3  1.40
 1  64.69  0.42  0  1  1.65
 2  70.67  1.30  1  1  1.39
 2  82.53  0.96  1  2  1.30
 3  67.44  0.33  1  2  1.14
 2  92.56  1.24  1  3  2.52
 3  92.56  0.33  1  3  1.60
 1  92.56  0.33  0  1  1.49
 0  90.98  1.00  0  0  7.35
 0  98.95  0.62  0  0  4.04
 3  73.90  0.71  1  3  4.17
 2  67.44  1.24  1  3  1.15
 1  69.02  1.00  0  1  1.93
 0  82.53  0.96  0  1  1.41
 3  74.25  0.23  1  2  1.30
 1  67.44  0.33  0  1  1.68
 2  98.95  0.95  1  3  2.23
 0  97.46  1.06  0  1  1.29
 0  82.58  1.17  0  0  3.78
 3  69.02  0.57  1  3  2.07
 2  95.31  0.42  1  2  1.95
 3  72.67  0.46  1  2  1.96
 1  89.33  0.27  0  1  2.00
 0  77.47  0.96  0  0  3.99
 2  87.33  1.11  1  3  2.38
 3  62.54  1.06  1  2  1.52
 2  86.10  0.71  1  2  0.77
 0  67.44  1.24  0  0  2.27
 0  92.95  0.86  0  1  1.20
 0  85.75  1.34  0  1  0.98
 2  74.25  1.34  1  3  1.70
 2  90.98  1.00  1  2  2.56
 0  89.33  1.30  0  0  1.93
 2  97.46  0.51  1  1  1.95
 3  64.69  1.16  1  2  1.99
 3  61.05  0.62  1  3  8.00
 1  85.75  0.23  0  0  5.20
 0  86.10  0.86  0  0  1.03
 3  67.05  0.86  1  3  1.52
 1  61.05  0.62  0  0  7.47
 1  77.42  0.40  0  0  0.85
 3  60.30  0.73  1  3  1.04
 1  67.05  0.71  0  0  1.17
 0  70.67  1.30  0  1  0.77
 3  70.67  0.27  1  3  0.93
 2  92.95  0.86  1  2  5.77
 0  90.98  0.57  0  1  2.13
 2  92.95  0.71  1  2  3.18
 2  85.75  1.34  1  3  1.15
 3  78.06  0.21  1  2  1.02
 2  99.70  0.73  1  2  0.85
 1  70.67  0.27  0  0  1.94
 0  81.94  1.37  0  0  0.88
 2  78.06  1.37  1  2  4.25
 0  99.70  0.73  0  1  3.04
 0  72.67  1.11  0  0  0.99
 2  77.47  0.96  1  2  1.29
 1  61.05  0.95  0  0  1.41
 0  77.42  1.17  0  0  1.16
 2  90.98  0.57  1  2  1.43
 0  97.46  0.51  0  0  3.16
 3  82.58  0.40  1  2  1.96
 1  60.30  0.84  0  1  1.43
 3  61.05  0.95  1  2  2.11
 1  82.53  0.61  0  0  1.23
 1  73.90  0.86  0  1  1.58
 2  82.58  1.17  1  2  3.34
 1  73.90  0.71  0  1  3.60
 1  74.25  0.23  0  1  2.92
 0  92.95  0.71  0  1  5.91
 2  95.31  1.16  1  2  2.01
 2  72.67  1.11  1  2  0.68
 0  99.70  0.84  0  0  4.89
 1  62.54  1.06  0  1  1.62
 0  78.06  1.37  0  1  0.92
 1  67.05  0.71  0  0  5.86
 0  97.46  0.51  0  0  1.05
 0  90.98  0.57  0  0  0.82
 0  72.67  1.11  0  1  1.28
 2  90.98  1.00  1  2  1.45
 3  78.06  0.21  1  2  0.68
 1  67.44  0.33  0  0  1.11
 3  67.05  0.86  1  2  1.26
 0  95.31  0.42  0  0  1.29
 3  70.67  0.27  1  2  0.91
 0  85.75  1.34  0  1  1.11
 1  67.05  0.86  0  0  1.02
 2  82.53  0.96  1  3  2.20
 3  67.05  0.71  1  3  1.10
 1  77.42  0.40  0  0  1.98
 0  92.95  0.71  0  0  4.68
 3  62.54  1.06  1  2  3.75
 2  86.10  0.71  1  3  5.90
 2  92.56  1.24  1  2  5.45
 0  67.44  1.24  0  0  1.20
 3  62.54  0.51  1  2  5.06
 3  81.94  0.21  1  2  3.00
 2  67.44  1.24  1  2  5.57
 0  99.70  0.73  0  0  2.70
 2  92.95  0.71  1  2  1.01
 3  77.47  0.61  1  0  3.89
 1  69.02  0.57  0  0  0.92
 1  77.47  0.61  0  1  1.15
 0  92.95  0.86  0  1  1.57
 2  99.70  0.84  1  3  5.60
 2  95.31  1.16  1  2  5.32
 3  77.42  0.40  1  2  1.15
 2  82.58  1.17  1  2  1.41
 0  78.06  1.37  0  0  1.43
 3  61.05  0.62  1  3  1.42
 0  86.10  0.71  0  1  1.89
 0  82.53  0.96  0  0  0.75
 3  67.44  0.33  1  3  1.49
 3  85.75  0.23  1  3  0.88
 3  89.33  0.27  1  3  0.59
 2  78.06  1.37  1  2  1.39
 1  62.54  1.06  0  0  2.37
 1  92.56  0.33  0  0  2.23
 0  90.98  1.00  0  1  1.65
 0  77.47  0.96  0  0  1.61
 1  61.05  0.62  0  1  2.89
 2  89.33  1.30  1  3  4.35
 2  97.46  0.51  1  3  3.75
 1  64.69  0.42  0  1  1.45
 2  97.46  1.06  1  2  1.35
 2  99.70  0.73  1  2  0.81
 1  73.90  0.86  0  0  4.22
 2  70.67  1.30  1  2  2.48
 1  82.58  0.40  0  1  4.35
 0  98.95  0.62  0  1  0.90
 2  90.98  0.57  1  2  1.73
 1  70.67  0.27  0  0  2.17
 3  82.58  0.40  1  2  7.63
 3  60.30  0.73  1  2  1.09
 3  60.30  0.84  1  3  0.54
 0  97.46  1.06  0  0  1.78
 3  74.25  0.23  1  2  1.91
 0  89.33  1.30  0  0  1.38
 1  73.90  0.71  0  0  4.68
 1  87.33  0.46  0  1  2.61
 1  89.33  0.27  0  1  6.44
 2  81.94  1.37  1  2  1.39
 1  64.69  1.16  0  0  1.30
 1  69.02  1.00  0  1  0.93
 1  61.05  0.95  0  1  0.70
 2  95.31  0.42  1  3  2.62
 2  98.95  0.62  1  2  1.37
 2  98.95  0.95  1  2  0.60
 1  60.30  0.73  0  1  1.80
 3  61.05  0.95  1  3  2.84
 2  85.75  1.34  1  2  1.26
 1  60.30  0.84  0  1  1.25
 0  99.70  0.84  0  0  1.97
 3  69.02  1.00  1  2  1.68
 3  69.02  0.57  1  3  1.03
 3  64.69  0.42  1  3  0.78
 1  82.53  0.61  0  0  0.97
 3  82.53  0.61  1  3  1.99
 1  62.54  0.51  0  1  0.93
 2  77.47  0.96  1  3  4.62
 2  74.25  1.34  1  2  0.85
 0  87.33  1.11  0  0  7.42
 0  81.94  1.37  0  0  1.98
 1  81.94  0.21  0  1  2.32
 0  98.95  0.95  0  1  2.75
 2  77.42  1.17  1  2  1.28
 1  85.75  0.23  0  1  5.29
 2  86.10  0.86  1  3  1.93
 1  72.67  0.46  0  1  1.85
 0  74.25  1.34  0  1  1.80
 0  92.56  1.24  0  0  0.92
 1  74.25  0.23  0  1  0.85
 3  87.33  0.46  1  3  2.40
 0  77.42  1.17  0  0  1.60
 3  72.67  0.46  1  3  1.47
 2  72.67  1.11  1  3  0.89
 3  73.90  0.86  1  2  0.59
 0  95.31  1.16  0  0  1.32
 0  86.10  0.86  0  0  0.91
 3  92.56  0.33  1  3  2.36
 3  73.90  0.71  1  2  1.61
 3  64.69  1.16  1  2  1.82
 0  70.67  1.30  0  0  1.94
 1  78.06  0.21  0  1  0.72
 0  82.58  1.17  0  0  1.82
 2  92.95  0.86  1  2  2.78
 2  87.33  1.11  1  2  0.70
 1  61.05  0.95  0  0  3.66
 0  99.70  0.84  0  0  0.84
 2  92.95  0.71  1  3  1.65
 2  85.75  1.34  1  2  1.77
 3  61.05  0.62  1  3  1.18
 2  98.95  0.62  1  3  1.93
 2  92.56  1.24  1  3  1.20
 3  87.33  0.46  1  2  0.64
 0  97.46  1.06  0  0  1.15
 2  98.95  0.95  1  2  1.27
 3  60.30  0.84  1  3  6.39
 1  67.05  0.86  0  1  3.34
 1  64.69  1.16  0  1  0.87
 0  77.47  0.96  0  0  1.29
 0  67.44  1.24  0  1  1.42
 2  81.94  1.37  1  2  1.58
 1  61.05  0.62  0  1  1.19
 0  92.56  1.24  0  0  4.03
 1  62.54  0.51  0  1  0.89
 2  95.31  0.42  1  2  1.01
 3  73.90  0.71  1  3  1.78
 3  61.05  0.95  1  3  1.26
 0  85.75  1.34  0  0  1.88
 2  72.67  1.11  1  3  1.42
 1  87.33  0.46  0  1  1.71
 0  72.67  1.11  0  1  0.87
 2  92.95  0.86  1  2  1.03
 2  99.70  0.73  1  2  1.82
 0  86.10  0.86  0  0  1.03
 3  74.25  0.23  1  2  9.83
 3  89.33  0.27  1  2  0.87
 0  92.95  0.86  0  0  0.87
 1  73.90  0.71  0  0  0.82
 0  95.31  1.16  0  0  0.76
 3  64.69  1.16  1  3  1.25
 3  82.58  0.40  1  3  4.22
 1  60.30  0.73  0  1  2.04
 3  64.69  0.42  1  3  1.34
 1  85.75  0.23  0  1  3.08
 0  90.98  0.57  0  0  0.82
 0  86.10  0.71  0  0  0.87
 1  81.94  0.21  0  1  1.00
 2  77.47  0.96  1  3  4.21
 2  86.10  0.86  1  2  2.23
 3  67.05  0.86  1  3  2.20
 3  67.05  0.71  1  3  0.90
 2  67.44  1.24  1  3  1.38
 3  85.75  0.23  1  2  1.63
 2  82.58  1.17  1  3  2.26
 1  89.33  0.27  0  1  1.54
 2  90.98  0.57  1  2  1.28
 0  90.98  1.00  0  0  2.17
 2  74.25  1.34  1  2  1.16
 2  87.33  1.11  1  2  0.97
 0  95.31  0.42  0  1  2.22
 3  62.54  0.51  1  3  1.10
 3  62.54  1.06  1  3  1.18
 0  82.53  0.96  0  0  1.19
 2  90.98  1.00  1  2  1.91
 3  70.67  0.27  1  3  0.95
 0  89.33  1.30  0  0  0.95
 3  92.56  0.33  1  3  1.78
 0  99.70  0.73  0  0  1.17
 2  89.33  1.30  1  2  1.81
 0  98.95  0.95  0  0  0.92
 1  62.54  1.06  0  1  0.69
 1  72.67  0.46  0  1  1.58
 3  69.02  0.57  1  2  1.09
 3  81.94  0.21  1  3  1.00
 0  87.33  1.11  0  0  1.66
 3  82.53  0.61  1  3  1.95
 1  67.05  0.71  0  1  1.14
 3  78.06  0.21  1  3  1.16
 1  73.90  0.86  0  1  1.22
 1  82.58  0.40  0  1  5.55
 1  77.47  0.61  0  1  1.18
 0  77.42  1.17  0  0  2.48
 2  70.67  1.30  1  3  1.65
 1  69.02  0.57  0  1  1.20
 0  98.95  0.62  0  0  1.44
 3  60.30  0.73  1  3  1.10
 2  99.70  0.84  1  2  5.15
 1  77.42  0.40  0  1  0.94
 1  60.30  0.84  0  1  0.95
 0  97.46  0.51  0  1  2.18
 1  78.06  0.21  0  1  0.94
 1  74.25  0.23  0  1  0.83
 3  67.44  0.33  1  3  1.28
 1  70.67  0.27  0  1  1.09
 2  95.31  1.16  1  2  1.45
 1  67.44  0.33  0  1  0.74
 1  64.69  0.42  0  1  1.63
 2  82.53  0.96  1  2  1.14
 3  77.47  0.61  1  2  0.89
 0  74.25  1.34  0  0  1.72
 3  69.02  1.00  1  2  1.63
 2  97.46  0.51  1  2  1.34
 3  72.67  0.46  1  2  0.71
 0  92.95  0.71  0  0  1.15
 3  73.90  0.86  1  2  1.85
 0  78.06  1.37  0  0  1.42
 3  77.42  0.40  1  2  1.56
 0  81.94  1.37  0  0  0.99
 0  82.58  1.17  0  0  0.88
 0  70.67  1.30  0  0  1.11
 1  92.56  0.33  0  0  0.82
 2  78.06  1.37  1  2  1.05
 2  97.46  1.06  1  2  1.08
 2  77.42  1.17  1  3  1.09
 1  69.02  1.00  0  1  2.45
 2  86.10  0.71  1  2  0.77
 1  82.53  0.61  0  0  1.92
 2  97.46  1.06  1  2  2.54
 1  62.54  1.06  0  1  1.03
 2  74.25  1.34  1  2  3.58
 2  78.06  1.37  1  2  1.12
 2  92.95  0.86  1  2  1.21
 0  86.10  0.71  0  0  1.59
 1  64.69  1.16  0  1  0.64
 0  74.25  1.34  0  0  1.31
 1  81.94  0.21  0  1  1.05
 0  82.53  0.96  0  0  0.82
 0  98.95  0.95  0  0  1.46
 3  73.90  0.86  1  2  1.07
 0  70.67  1.30  0  1  1.04
 0  92.95  0.71  0  0  1.92
 2  81.94  1.37  1  2  1.35
 3  61.05  0.62  1  3  0.78
 3  61.05  0.95  1  3  0.49
 2  99.70  0.73  1  2  0.94
 1  82.58  0.40  0  0  1.48
 3  60.30  0.73  1  3  1.72
 3  64.69  0.42  1  3  1.05
 1  87.33  0.46  0  1  2.61
 1  85.75  0.23  0  1  0.65
 0  77.47  0.96  0  0  0.78
 2  95.31  1.16  1  2  3.33
 1  64.69  0.42  0  1  1.88
 1  60.30  0.73  0  1  0.82
 3  67.05  0.86  1  3  1.67
 1  61.05  0.95  0  1  1.53
 3  60.30  0.84  1  3  2.54
 0  81.94  1.37  0  0  1.23
 0  99.70  0.73  0  0  1.01
 3  89.33  0.27  1  3  1.69
 2  70.67  1.30  1  3  1.75
 1  82.53  0.61  0  0  1.36
 3  78.06  0.21  1  3  1.28
 3  77.42  0.40  1  3  0.79
 0  90.98  1.00  0  0  0.85
 3  74.25  0.23  1  3  1.69
 0  85.75  1.34  0  0  0.94
 1  62.54  0.51  0  1  1.81
 3  62.54  1.06  1  3  3.20
 3  67.05  0.71  1  3  1.05
 2  72.67  1.11  1  3  1.04
 0  97.46  1.06  0  0  0.83
 2  95.31  0.42  1  3  1.91
 1  67.05  0.86  0  1  1.22
 3  69.02  1.00  1  3  1.22
 3  73.90  0.71  1  3  1.01
 3  77.47  0.61  1  3  1.23
 3  82.53  0.61  1  3  0.70
 2  99.70  0.84  1  2  0.97
 1  73.90  0.86  0  1  2.74
 2  92.56  1.24  1  2  1.41
 0  95.31  0.42  0  1  2.37
 0  82.58  1.17  0  0  1.45
 0  97.46  0.51  0  1  1.76
 0  92.95  0.86  0  0  0.68
 3  82.58  0.40  1  2  1.01
 1  69.02  1.00  0  1  0.87
 2  98.95  0.95  1  0  0.77
 0  99.70  0.84  0  0  1.06
 2  67.44  1.24  1  3  0.80
 3  67.44  0.33  1  3  0.86
 2  86.10  0.71  1  2  1.02
 3  64.69  1.16  1  3  2.36
 3  72.67  0.46  1  3  2.10
 3  70.67  0.27  1  3  0.62
 1  70.67  0.27  0  1  5.27
 1  74.25  0.23  0  1  0.68
 1  60.30  0.84  0  1  1.22
 2  77.42  1.17  1  3  1.42
 0  92.56  1.24  0  0  1.44
 1  89.33  0.27  0  1  1.06
 1  73.90  0.71  0  1  0.69
 1  77.42  0.40  0  1  0.92
 0  89.33  1.30  0  0  1.23
 0  98.95  0.62  0  1  0.93
 1  67.44  0.33  0  1  1.21
 3  87.33  0.46  1  2  1.87
 2  90.98  1.00  1  2  0.91
 3  85.75  0.23  1  3  0.77
 0  72.67  1.11  0  1  1.24
 2  82.58  1.17  1  2  2.66
 1  67.05  0.71  0  1  2.30
 2  86.10  0.86  1  2  1.17
 2  89.33  1.30  1  2  5.98
 0  95.31  1.16  0  0  1.89
 2  77.47  0.96  1  3  1.92
 1  61.05  0.62  0  1  0.89
 3  62.54  0.51  1  3  3.19
 2  97.46  0.51  1  3  1.59
 2  85.75  1.34  1  2  1.10
 1  77.47  0.61  0  0  1.78
 1  72.67  0.46  0  1  0.73
 0  77.42  1.17  0  0  1.15
 2  87.33  1.11  1  2  1.58
 0  78.06  1.37  0  0  2.50
 0  86.10  0.86  0  0  8.70
 0  87.33  1.11  0  0  0.73
 1  92.56  0.33  0  1  2.37
 1  78.06  0.21  0  1  0.91
 2  90.98  0.57  1  2  3.81
 3  69.02  0.57  1  3  0.87
 2  92.95  0.71  1  2  1.59
 3  92.56  0.33  1  3  0.89
 3  81.94  0.21  1  3  0.80
 0  67.44  1.24  0  1  3.59
 2  98.95  0.62  1  2  1.86
 1  69.02  0.57  0  1  0.88
 0  90.98  0.57  0  0  0.81
 2  82.53  0.96  1  2  0.74
