 0  77.42  0.40  1  0  1.50
 2  69.02  1.00  0  1  1.49
 2  67.05  0.86  0  2  0.83
 2  69.02  0.57  0  3  1.15
 0  82.58  0.40  0  2  1.00
 3  82.53  0.96  0  1  0.92
 1  98.95  0.95  0  0  0.94
 2  60.30  0.73  0  0  1.35
 0  78.06  0.21  0  0  0.95
 3  78.06  1.37  1  3  1.43
 0  87.33  0.46  1  1  1.27
 0  72.67  0.46  1  0  0.79
 0  67.44  0.33  1  0  0.73
 1  97.46  0.51  1  0  0.92
 2  73.90  0.71  0  2  2.84
 1  90.98  0.57  0  1  1.93
 0  67.44  0.33  0  0  0.80
 2  73.90  0.86  1  2  1.58
 2  61.05  0.95  1  2  1.81
 2  61.05  0.95  0  2  0.84
 0  74.25  0.23  0  0  0.78
 1  97.46  1.06  0  3  2.02
 1  97.46  1.06  1  1  1.01
 3  72.67  1.11  0  2  3.03
 1  92.95  0.71  1  0  0.56
 2  67.05  0.71  0  2  3.09
 3  74.25  1.34  0  2  2.63
 2  61.05  0.62  0  2  0.80
 1  95.31  0.42  0  0  0.65
 2  62.54  1.06  0  2  1.03
 0  82.53  0.61  1  0  2.29
 1  90.98  1.00  0  2  0.69
 0  89.33  0.27  0  1  1.03
 3  77.42  1.17  0  2  0.81
 0  74.25  0.23  1  2  0.70
 2  69.02  1.00  1  2  0.56
 0  77.47  0.61  0  2  3.61
 1  99.70  0.73  0  1  1.47
 3  72.67  1.11  1  2  0.83
 2  64.69  1.16  1  3  2.79
 2  73.90  0.71  1  2  0.68
 0  70.67  0.27  0  0  1.24
 3  85.75  1.34  0  3  0.87
 3  82.58  1.17  1  3  4.98
 0  81.94  0.21  1  0  1.24
 2  62.54  0.51  0  2  0.92
 3  82.53  0.96  1  2  0.92
 2  64.69  1.16  0  2  0.71
 0  78.06  0.21  1  0  0.79
 1  86.10  0.71  1  1  0.48
 3  70.67  1.30  1  2  0.91
 1  86.10  0.86  0  1  1.42
 1  97.46  0.51  0  1  0.76
 1  86.10  0.71  0  1  0.73
 2  60.30  0.84  1  2  1.03
 0  77.47  0.61  1  2  0.79
 1  99.70  0.84  1  1  0.96
 2  73.90  0.86  0  0  1.34
 3  77.47  0.96  1  2  0.52
 3  81.94  1.37  1  3  0.85
 2  67.05  0.86  1  2  1.27
 0  82.58  0.40  1  0  0.92
 1  95.31  0.42  1  1  0.89
 3  87.33  1.11  0  1  1.52
 2  64.69  0.42  1  2  3.27
 1  99.70  0.84  0  1  1.18
 3  81.94  1.37  0  3  5.95
 1  92.95  0.86  1  1  1.05
 1  98.95  0.62  0  1  0.92
 3  67.44  1.24  1  3  1.10
 1  98.95  0.62  1  1  0.84
 0  92.56  0.33  1  1  0.72
 2  60.30  0.84  0  2  4.65
 1  90.98  1.00  1  1  2.01
 0  89.33  0.27  1  0  1.16
 1  95.31  1.16  0  2  2.72
 3  89.33  1.30  0  2  8.73
 0  70.67  0.27  1  2  1.31
 0  82.53  0.61  0  0  0.98
 2  61.05  0.62  1  2  1.49
 1  92.95  0.86  0  1  1.14
 1  95.31  1.16  1  2  1.24
 3  67.44  1.24  0  3  1.41
 0  92.56  0.33  0  1  1.26
 3  70.67  1.30  0  3  1.51
 3  82.58  1.17  0  0 29.78
 3  92.56  1.24  1  1  2.02
 3  77.42  1.17  1  3  2.23
 0  85.75  0.23  1  0  1.62
 1  90.98  0.57  1  1  1.40
 2  60.30  0.73  1  2  1.38
 3  85.75  1.34  1  3  2.41
 2  62.54  1.06  1  2  1.52
 2  67.05  0.71  1  2  0.74
 3  92.56  1.24  0  1  1.87
 1  98.95  0.95  1  1  1.85
 2  64.69  0.42  0  2  1.36
 0  81.94  0.21  0  0  1.31
 2  69.02  0.57  1  0  1.10
 3  77.47  0.96  0  2  1.74
 0  77.42  0.40  0  2  1.89
 1  86.10  0.86  1  0  0.88
 1  99.70  0.73  1  1  0.44
 1  92.95  0.71  0  1  1.27
 0  85.75  0.23  0  1  0.81
 2  62.54  0.51  1  2  1.44
 3  74.25  1.34  1  3  0.91
 3  87.33  1.11  1  3  0.66
 3  78.06  1.37  0  3  1.15
 0  72.67  0.46  0  2  1.25
 3  89.33  1.30  1  3  1.48
 0  87.33  0.46  0  0  0.86
 3  72.67  1.11  0  2  5.60
 1  90.98  1.00  1  2  2.07
 2  64.69  1.16  0  2  1.04
 3  74.25  1.34  1  3  0.47
 0  67.44  0.33  0  0  0.85
 3  67.44  1.24  1  3  0.88
 3  77.42  1.17  1  2  1.24
 0  72.67  0.46  1  0  0.93
 0  85.75  0.23  1  1  0.35
 3  89.33  1.30  1  3  3.32
 3  78.06  1.37  1  2  1.04
 2  60.30  0.84  0  1  1.58
 2  73.90  0.86  1  2  0.58
 0  70.67  0.27  1  0  0.87
 0  78.06  0.21  0  1  3.26
 2  62.54  0.51  1  0  0.93
 1  90.98  0.57  0  1  1.63
 2  67.05  0.86  1  2  1.03
 3  85.75  1.34  0  3  1.90
 1  99.70  0.84  0  1  1.03
 2  62.54  1.06  1  2  3.61
 0  82.53  0.61  1  0  2.65
 0  78.06  0.21  1  0  0.73
 3  70.67  1.30  1  2  1.52
 1  95.31  0.42  0  0  0.78
 3  78.06  1.37  0  3  0.99
 2  61.05  0.62  0  2  0.82
 3  87.33  1.11  1  2  1.43
 2  69.02  0.57  1  0  1.23
 2  61.05  0.62  1  2  0.94
 3  81.94  1.37  1  3  0.76
 0  82.53  0.61  0  2  5.23
 0  77.42  0.40  0  0  6.21
 1  86.10  0.86  1  0  1.42
 0  67.44  0.33  1  2  1.00
 2  67.05  0.86  0  2  0.91
 1  90.98  0.57  1  0  1.10
 3  82.58  1.17  1  2  2.43
 2  69.02  0.57  0  2  0.86
 1  90.98  1.00  0  2  1.17
 0  82.58  0.40  1  0  0.99
 2  62.54  1.06  0  2  0.66
 0  92.56  0.33  0  1  0.85
 1  86.10  0.71  1  0  0.80
 1  92.95  0.71  0  1  1.04
 0  81.94  0.21  0  0  1.00
 1  95.31  1.16  0  2  2.02
 0  87.33  0.46  0  0  0.70
 2  69.02  1.00  0  2  1.42
 2  73.90  0.86  0  2  0.60
 3  89.33  1.30  0  3  0.81
 0  89.33  0.27  0  0  0.73
 1  98.95  0.62  0  1  1.29
 1  92.95  0.86  1  1  2.03
 2  73.90  0.71  0  2  0.67
 1  99.70  0.73  0  2  1.21
 3  85.75  1.34  1  3  0.83
 1  99.70  0.73  1  1  0.51
 3  81.94  1.37  0  3  0.84
 3  87.33  1.11  0  2  2.12
 2  64.69  0.42  0  2  0.76
 1  86.10  0.86  0  2  0.64
 0  82.58  0.40  0  0  0.83
 2  62.54  0.51  0  2  0.77
 0  81.94  0.21  1  0  0.69
 1  98.95  0.62  1  1  0.77
 3  92.56  1.24  1  3  0.75
 1  92.95  0.71  1  2  1.24
 0  72.67  0.46  0  2  0.96
 3  82.58  1.17  0  2  1.62
 3  70.67  1.30  0  3  1.73
 1  99.70  0.84  1  1  1.22
 1  97.46  1.06  1  1  3.18
 2  67.05  0.71  1  2  1.59
 0  89.33  0.27  1  1  1.57
 3  67.44  1.24  0  3  1.30
 0  77.47  0.61  1  2  7.72
 1  97.46  0.51  0  1  0.83
 0  92.56  0.33  1  1  0.96
 1  97.46  1.06  0  2  1.19
 0  70.67  0.27  0  0  0.97
 0  77.47  0.61  0  2  1.41
 0  74.25  0.23  1  0  2.52
 2  61.05  0.95  0  2  1.57
 3  77.47  0.96  0  2  1.89
 3  74.25  1.34  0  3  0.57
 2  60.30  0.84  1  3  1.10
 3  82.53  0.96  0  2  1.34
 3  82.53  0.96  1  2  1.13
 1  98.95  0.95  0  1  1.55
 1  86.10  0.71  0  1  1.02
 2  60.30  0.73  1  3  3.37
 0  77.42  0.40  1  0  3.08
 2  67.05  0.71  0  2  1.51
 2  60.30  0.73  0  2  3.14
 1  92.95  0.86  0  1  7.67
 1  97.46  0.51  1  1  0.91
 3  77.42  1.17  0  2  1.60
 3  92.56  1.24  0  3  0.80
 0  85.75  0.23  0  0  1.17
 1  98.95  0.95  1  1  1.93
 3  77.47  0.96  1  2  0.83
 2  61.05  0.95  1  2  0.80
 0  87.33  0.46  1  0  0.82
 2  69.02  1.00  1  2  0.67
 1  95.31  1.16  1  3  1.12
 2  64.69  0.42  1  2  0.65
 1  95.31  0.42  1  1  0.72
 3  72.67  1.11  1  3  0.60
 0  74.25  0.23  0  0  0.90
 2  64.69  1.16  1  3  1.45
 2  73.90  0.71  1  3  1.22
 3  85.75  1.34  0  3  1.83
 1  99.70  0.84  0  1  9.44
 2  62.54  0.51  1  2  1.94
 0  74.25  0.23  1  0  0.95
 2  69.02  1.00  0  2 11.69
 1  86.10  0.86  1  2  3.77
 3  82.58  1.17  0  2  0.83
 3  82.53  0.96  0  3  1.00
 1  86.10  0.71  1  1  0.92
 0  92.56  0.33  1  1  0.78
 3  82.53  0.96  1  0  1.54
 0  87.33  0.46  0  1  1.33
 1  97.46  0.51  0  1  0.79
 3  81.94  1.37  0  3  1.04
 1  90.98  1.00  1  1  1.97
 1  92.95  0.71  0  0  1.06
 0  81.94  0.21  1  0  0.64
 1  92.95  0.86  1  1  0.63
 1  97.46  0.51  1  0  1.12
 1  98.95  0.95  1  1  0.99
 2  69.02  0.57  0  2  1.14
 0  77.47  0.61  1  0  1.85
 1  98.95  0.62  1  1  0.88
 2  64.69  0.42  0  2  0.89
 3  92.56  1.24  0  3  0.83
 0  78.06  0.21  1  0  1.35
 0  85.75  0.23  0  0  1.33
 0  77.42  0.40  1  0  0.60
 1  95.31  1.16  1  3  1.17
 1  98.95  0.95  0  1  0.52
 0  85.75  0.23  1  0  2.28
 1  99.70  0.84  1  1  1.11
 0  72.67  0.46  1  2  1.02
 0  70.67  0.27  1  2  0.68
 0  87.33  0.46  1  0  0.63
 0  78.06  0.21  0  0  1.04
 3  70.67  1.30  0  3  1.34
 3  70.67  1.30  1  3  0.90
 0  81.94  0.21  0  0  6.65
 3  87.33  1.11  1  1  3.27
 3  78.06  1.37  0  3  5.39
 2  67.05  0.71  1  0  6.12
 1  98.95  0.62  0  1  1.56
 3  89.33  1.30  1  3  0.88
 2  61.05  0.95  1  2  2.54
 1  90.98  0.57  0  1  1.25
 0  72.67  0.46  0  1  1.22
 1  95.31  1.16  0  2  3.71
 2  60.30  0.73  0  2  1.00
 2  73.90  0.71  1  3  2.53
 1  86.10  0.86  0  0  1.67
 0  74.25  0.23  0  0  1.66
 2  60.30  0.84  1  2  0.94
 0  82.53  0.61  0  2 24.86
 0  82.53  0.61  1  0  0.96
 0  82.58  0.40  0  0  1.31
 3  67.44  1.24  1  2  0.73
 3  72.67  1.11  0  3  0.48
 3  72.67  1.11  1  3  0.46
 2  69.02  0.57  1  3  0.24
 0  70.67  0.27  0  2  1.19
 2  73.90  0.71  0  0  0.35
 3  78.06  1.37  1  3  0.23
 2  64.69  1.16  1  3  0.42
 1  90.98  0.57  1  1  4.10
 3  92.56  1.24  1  3  4.88
 2  61.05  0.62  0  2  1.44
 3  85.75  1.34  1  3  1.43
 1  97.46  1.06  1  0  3.80
 2  62.54  1.06  1  2  4.57
 2  64.69  0.42  1  0  0.80
 0  82.58  0.40  1  2  0.54
 3  67.44  1.24  0  2  1.14
 0  92.56  0.33  0  0  1.84
 0  77.42  0.40  0  0  1.50
 1  99.70  0.73  0  1 13.48
 1  99.70  0.73  1  1  0.47
 2  61.05  0.62  1  2  1.92
 3  77.47  0.96  0  3  2.75
 3  77.42  1.17  0  3  1.01
 2  69.02  1.00  1  3  0.50
 3  77.42  1.17  1  2 10.11
 2  62.54  0.51  0  2  1.46
 1  97.46  1.06  0  3  3.42
 1  90.98  1.00  0  2 19.60
 3  87.33  1.11  0  2  1.69
 2  60.30  0.73  1  2  0.62
 2  67.05  0.86  0  2  0.53
 0  89.33  0.27  1  0  1.24
 2  73.90  0.86  0  0  0.96
 2  67.05  0.71  0  2  0.65
 0  67.44  0.33  0  0  0.65
 1  92.95  0.86  0  0  1.16
 2  62.54  1.06  0  2  0.82
 3  81.94  1.37  1  3  1.05
 0  89.33  0.27  0  0  0.83
 3  74.25  1.34  1  3  1.51
 2  64.69  1.16  0  3  1.42
 3  82.58  1.17  1  3  0.97
 1  95.31  0.42  0  0  0.95
 3  77.47  0.96  1  0  3.62
 1  92.95  0.71  1  0  2.49
 0  67.44  0.33  1  2  1.05
 2  73.90  0.86  1  2  2.28
 3  89.33  1.30  0  3  1.09
 2  61.05  0.95  0  2  3.10
 3  74.25  1.34  0  3  0.89
 2  67.05  0.86  1  2  1.31
 2  60.30  0.84  0  2  0.75
 1  95.31  0.42  1  1  2.92
 0  77.47  0.61  0  0  1.69
 1  86.10  0.71  0  0  1.17
 2  60.30  0.73  1  2  1.04
 0  82.58  0.40  0  0  1.16
 2  64.69  1.16  0  3  1.42
 3  77.47  0.96  0  3  5.82
 2  60.30  0.73  0  2  1.27
 2  67.05  0.71  0  2  7.67
 0  77.42  0.40  1  0  1.21
 1  95.31  0.42  0  1  1.06
 0  77.47  0.61  1  2 16.33
 1  92.95  0.71  0  1 23.27
 3  81.94  1.37  1  3  0.76
 1  92.95  0.86  0  1  0.70
 3  77.47  0.96  1  2  0.51
 1  92.95  0.71  1  1  0.75
 0  92.56  0.33  1  0  0.65
 3  82.58  1.17  0  3  1.09
 0  81.94  0.21  1  0  0.94
 1  92.95  0.86  1  1  0.55
 1  90.98  0.57  0  1  0.98
 1  97.46  1.06  1  1  1.37
 0  87.33  0.46  0  0  1.02
 2  73.90  0.86  1  2  0.67
 2  69.02  0.57  0  2  0.67
 0  70.67  0.27  0  2  0.90
 0  89.33  0.27  0  0  0.56
 3  78.06  1.37  0  3  0.58
 2  64.69  0.42  1  2  0.74
 0  81.94  0.21  0  0  0.83
 3  82.53  0.96  1  0  4.89
 0  74.25  0.23  0  0  0.67
 2  69.02  1.00  0  3  0.66
 3  72.67  1.11  1  2  1.39
 0  87.33  0.46  1  0  0.70
 2  69.02  1.00  1  2  0.74
 2  67.05  0.86  1  2  0.73
 0  89.33  0.27  1  0  0.71
 0  78.06  0.21  0  0  0.83
 3  74.25  1.34  1  3  0.79
 2  69.02  0.57  1  2  0.80
 0  72.67  0.46  0  0  1.58
 1  90.98  1.00  1  0  2.75
 2  67.05  0.71  1  2  0.98
 1  90.98  1.00  0  1  0.66
 0  70.67  0.27  1  0  0.82
 1  98.95  0.62  0  1  0.77
 2  60.30  0.84  1  2  0.81
 0  74.25  0.23  1  0  1.29
 0  82.58  0.40  1  0  0.73
 1  95.31  0.42  1  0  0.60
 3  81.94  1.37  0  3  1.31
 2  67.05  0.86  0  2  0.66
 0  82.53  0.61  1  0  6.26
 2  64.69  1.16  1  3  1.66
 1  97.46  0.51  1  1  0.74
 3  67.44  1.24  1  2  0.93
 3  92.56  1.24  0  1  1.79
 1  97.46  0.51  0  0  0.93
 2  60.30  0.84  0  2  1.23
 3  87.33  1.11  0  1  3.13
 0  72.67  0.46  1  0  1.20
 1  99.70  0.73  1  1  0.86
 2  62.54  0.51  1  2  0.53
 2  62.54  0.51  0  2  0.85
 3  70.67  1.30  0  3  0.80
 3  78.06  1.37  1  3  0.50
 3  85.75  1.34  0  3  1.45
 0  92.56  0.33  0  0  0.67
 2  61.05  0.62  0  2  0.88
 3  72.67  1.11  0  2  1.09
 2  62.54  1.06  0  2  0.71
 3  89.33  1.30  0  3  0.87
 1  95.31  1.16  0  3  1.24
 2  73.90  0.71  1  2  0.88
 2  73.90  0.86  0  2  1.16
 3  89.33  1.30  1  3  1.71
 3  87.33  1.11  1  3  2.75
 3  74.25  1.34  0  3  0.68
 3  77.42  1.17  0  3  0.63
 1  86.10  0.86  1  3  1.87
 2  61.05  0.95  1  2  0.81
 0  77.42  0.40  0  0  1.20
 3  70.67  1.30  1  3  0.77
 1  86.10  0.71  1  1  0.79
 1  99.70  0.84  0  1  0.66
 0  85.75  0.23  1  1  0.57
 3  92.56  1.24  1  3  1.06
 1  86.10  0.86  0  0  2.33
 3  85.75  1.34  1  3  1.22
 1  98.95  0.95  1  1  1.29
 1  99.70  0.84  1  1  0.95
 2  61.05  0.95  0  2  2.31
 0  82.53  0.61  0  0  1.57
 0  78.06  0.21  1  0  0.65
 1  98.95  0.95  0  1  1.04
 0  67.44  0.33  0  0  1.45
 0  85.75  0.23  0  0  0.75
 3  77.42  1.17  1  3  1.71
 1  90.98  0.57  1  1  0.98
 1  99.70  0.73  0  1  0.67
 3  82.58  1.17  1  3  1.63
 1  95.31  1.16  1  1  1.43
 2  64.69  0.42  0  2  1.06
 3  67.44  1.24  0  3  1.52
 1  97.46  1.06  0  1  1.46
 1  98.95  0.62  1  1  1.35
 1  86.10  0.71  0  1  0.64
 0  77.47  0.61  0  0  0.73
 3  82.53  0.96  0  0  1.71
 2  61.05  0.62  1  2  0.75
 0  67.44  0.33  1  0  0.91
 2  73.90  0.71  0  0  0.90
 2  62.54  1.06  1  2  0.64
 0  81.94  0.21  1  0  7.05
 3  82.53  0.96  1  3  1.73
 2  61.05  0.95  1  2  0.71
 0  82.58  0.40  0  0  2.24
 3  87.33  1.11  1  3  1.78
 3  74.25  1.34  1  3  1.68
 2  64.69  0.42  0  2  0.98
 3  70.67  1.30  0  3  0.77
 1  86.10  0.71  1  1  1.00
 2  67.05  0.86  0  2  0.66
 1  98.95  0.95  0  1  0.68
 0  77.42  0.40  0  0  2.93
 2  69.02  0.57  0  2  1.55
 1  98.95  0.62  1  1  0.73
 2  61.05  0.62  0  2  0.63
 2  61.05  0.62  1  2  2.36
 2  73.90  0.86  0  0  1.73
 1  90.98  0.57  0  1  0.81
 2  67.05  0.86  1  2  1.02
 3  81.94  1.37  1  3  1.14
 3  78.06  1.37  0  3  0.87
 0  89.33  0.27  1  0  1.58
 0  77.47  0.61  0  0  1.60
 0  74.25  0.23  0  0  0.59
 3  82.58  1.17  1  3  1.66
 1  98.95  0.62  0  1  0.78
 1  97.46  1.06  1  1  1.59
 0  78.06  0.21  1  0  1.90
 2  61.05  0.95  0  2  2.00
 1  95.31  1.16  0  1  0.75
 0  92.56  0.33  0  1  0.95
 2  73.90  0.86  1  0  0.98
 3  81.94  1.37  0  3  0.79
 0  85.75  0.23  0  0  0.83
 3  77.42  1.17  1  3  1.20
 1  97.46  0.51  1  1  0.66
 3  77.47  0.96  1  3  2.18
 2  62.54  1.06  0  1  0.67
 3  67.44  1.24  0  2  0.60
 2  69.02  0.57  1  2  0.75
 0  70.67  0.27  0  2  0.77
 1  86.10  0.86  1  0  2.92
 3  72.67  1.11  1  2  0.74
 0  72.67  0.46  1  2  0.71
 1  92.95  0.71  0  1  1.55
 0  70.67  0.27  1  0  2.56
 0  87.33  0.46  0  1  0.94
 0  89.33  0.27  0  0  2.98
 2  60.30  0.73  1  2  0.75
 3  77.42  1.17  0  3  0.79
 3  82.58  1.17  0  3  0.60
 0  81.94  0.21  0  0  0.90
 2  64.69  1.16  1  3  0.98
 3  72.67  1.11  0  3  7.69
 1  99.70  0.84  1  1  0.81
 2  64.69  1.16  0  2  2.26
 0  82.53  0.61  0  0  1.00
 2  62.54  1.06  1  2  0.67
 3  74.25  1.34  0  3  0.94
 2  73.90  0.71  0  2  1.68
 1  90.98  1.00  0  1  0.97
 0  77.47  0.61  1  0  0.94
 0  82.53  0.61  1  1  0.97
 0  67.44  0.33  1  0  0.78
 3  85.75  1.34  1  3  1.15
 3  67.44  1.24  1  3  0.69
 3  82.53  0.96  0  1  2.51
 1  98.95  0.95  1  1  0.83
 1  97.46  1.06  0  1  0.71
 2  64.69  0.42  1  2  0.89
 0  77.42  0.40  1  0  0.96
 1  99.70  0.73  1  1  0.77
 2  67.05  0.71  0  2  0.81
 2  62.54  0.51  0  2  0.85
 3  87.33  1.11  0  3  1.63
 2  73.90  0.71  1  2  2.60
 2  60.30  0.73  0  2  1.55
 2  60.30  0.84  0  2  0.66
 2  67.05  0.71  1  2  1.31
 2  60.30  0.84  1  2  0.79
 1  86.10  0.86  0  2  1.39
 3  77.47  0.96  0  2  0.82
 0  85.75  0.23  1  0  0.75
 1  95.31  1.16  1  1  1.46
 3  89.33  1.30  1  3  0.99
 1  95.31  0.42  1  1  1.19
 1  86.10  0.71  0  0  2.00
 1  99.70  0.84  0  1  0.85
 2  69.02  1.00  1  2  0.75
 3  92.56  1.24  1  3  1.38
 1  90.98  0.57  1  1  4.04
 3  89.33  1.30  0  3  0.83
 0  78.06  0.21  0  0  0.69
 2  69.02  1.00  0  2  0.67
 3  78.06  1.37  1  3  0.94
 0  92.56  0.33  1  0  0.61
 1  90.98  1.00  1  1  0.83
 3  70.67  1.30  1  3  0.93
 1  92.95  0.86  0  1  1.11
 3  92.56  1.24  0  3  2.15
 1  92.95  0.71  1  1  0.71
 1  92.95  0.86  1  0  0.84
 1  97.46  0.51  0  1  0.86
 0  82.58  0.40  1  0  0.96
 0  72.67  0.46  0  0  2.00
 1  99.70  0.73  0  1  0.61
 0  87.33  0.46  1  1  1.71
 0  67.44  0.33  0  0  0.74
 0  74.25  0.23  1  0  0.68
 1  95.31  0.42  0  1  0.74
 3  85.75  1.34  0  3  0.95
 2  62.54  0.51  1  2  0.74
