 3  89.33  1.30  1  0  1.38
 0  67.44  0.33  1  0  7.05
 1  95.31  0.42  1  1  2.49
 1  97.46  1.06  1  2  3.78
 2  62.54  0.51  1  0  1.86
 2  69.02  1.00  0  3  1.21
 0  85.75  0.23  1  3  2.14
 3  82.58  1.17  0  3  2.46
 0  92.56  0.33  1  0  1.07
 1  97.46  0.51  0  3  0.84
 3  77.42  1.17  1  0  0.89
 2  64.69  1.16  1  0  1.81
 0  78.06  0.21  0  2  1.39
 0  92.56  0.33  0  1  2.27
 2  64.69  1.16  0  0  1.20
 2  61.05  0.62  1  1  0.93
 2  62.54  1.06  0  2  0.92
 1  95.31  1.16  1  1  1.28
 3  77.47  0.96  0  2  0.92
 3  82.58  1.17  1  0  1.49
 0  82.58  0.40  1  0  1.03
 1  92.95  0.86  0  3  3.26
 1  99.70  0.73  1  0  1.03
 1  90.98  1.00  0  0  6.82
 2  60.30  0.84  1  0  1.03
 1  98.95  0.95  1  1  0.62
 2  62.54  0.51  0  3  0.99
 0  72.67  0.46  1  0  0.78
 1  99.70  0.84  1  1  1.43
 0  82.53  0.61  0  2  0.76
 1  95.31  1.16  0  0  1.66
 2  73.90  0.86  1  2  0.47
 0  87.33  0.46  1  3  1.33
 1  98.95  0.62  0  2  0.70
 2  62.54  1.06  1  0  0.62
 2  60.30  0.73  0  0  0.50
 3  82.53  0.96  0  2  0.81
 1  99.70  0.84  0  3  1.17
 3  92.56  1.24  1  0  0.56
 3  78.06  1.37  0  2  4.85
 0  89.33  0.27  0  0  9.83
 0  67.44  0.33  0  3  2.73
 2  67.05  0.86  1  0  0.72
 0  74.25  0.23  1  2  0.87
 3  87.33  1.11  1  1  1.08
 2  60.30  0.73  1  0  0.96
 3  77.42  1.17  0  3  1.15
 0  81.94  0.21  1  0  1.46
 2  64.69  0.42  0  1  2.19
 2  69.02  1.00  1  1  0.97
 3  77.47  0.96  1  2  0.72
 0  78.06  0.21  1  0  0.56
 2  73.90  0.71  0  2  0.84
 3  92.56  1.24  0  3  0.91
 1  86.10  0.86  0  2  0.80
 0  74.25  0.23  0  0  0.86
 3  85.75  1.34  0  2  0.62
 3  87.33  1.11  0  2  0.49
 1  97.46  1.06  0  2  0.49
 3  81.94  1.37  0  2  0.62
 3  67.44  1.24  0  2  0.88
 2  73.90  0.71  1  1  0.67
 3  81.94  1.37  1  0  0.94
 1  92.95  0.71  1  0  0.84
 3  74.25  1.34  1  0  0.98
 3  85.75  1.34  1  0  1.86
 0  70.67  0.27  0  3  0.60
 0  77.42  0.40  0  0  1.16
 1  95.31  0.42  0  2  2.77
 1  90.98  1.00  1  2  4.68
 3  67.44  1.24  1  3  2.49
 0  70.67  0.27  1  0  1.67
 2  64.69  0.42  1  1  2.20
 1  90.98  0.57  1  2  2.17
 3  82.53  0.96  1  0  2.18
 0  77.47  0.61  1  3  0.49
 3  78.06  1.37  1  2  0.60
 2  61.05  0.62  0  0  0.89
 0  82.53  0.61  1  1  0.61
 3  70.67  1.30  0  3  5.71
 1  86.10  0.86  1  0  1.80
 0  77.47  0.61  0  0  3.77
 1  90.98  0.57  0  0  1.50
 1  99.70  0.73  0  0  1.51
 1  98.95  0.95  0  1  0.47
 2  69.02  0.57  0  2  1.21
 1  97.46  0.51  1  3  1.29
 1  98.95  0.62  1  1  0.80
 2  73.90  0.86  0  2  1.94
 3  74.25  1.34  0  3  0.89
 0  85.75  0.23  0  3  1.00
 2  61.05  0.95  1  1  1.11
 3  72.67  1.11  0  2  0.91
 0  81.94  0.21  0  3  0.82
 2  67.05  0.86  0  1  0.90
 0  77.42  0.40  1  3  0.68
 2  67.05  0.71  0  1  0.65
 2  69.02  0.57  1  2  2.23
 0  82.58  0.40  0  3  0.60
 1  86.10  0.71  1  1  0.70
 0  87.33  0.46  0  2  0.75
 3  89.33  1.30  0  2  0.65
 0  89.33  0.27  1  0  1.45
 2  67.05  0.71  1  1  1.19
 2  61.05  0.95  0  2  1.13
 3  70.67  1.30  1  3  1.41
 1  86.10  0.71  0  0  1.73
 0  72.67  0.46  0  1  1.79
 3  72.67  1.11  1  0  1.22
 2  60.30  0.84  0  0  0.86
 1  92.95  0.71  0  3  1.22
 1  92.95  0.86  1  0  0.42
 0  77.42  0.40  1  0  1.14
 1  95.31  1.16  0  1  0.75
 0  82.58  0.40  1  2  1.41
 3  77.47  0.96  1  0  0.78
 2  64.69  1.16  0  1  2.88
 1  90.98  0.57  1  0  0.65
 0  87.33  0.46  0  0  0.62
 0  82.58  0.40  0  1  1.96
 1  92.95  0.86  1  1  1.26
 3  92.56  1.24  1  1  1.11
 3  81.94  1.37  1  2  1.23
 0  92.56  0.33  1  2  0.49
 2  60.30  0.84  1  1  0.65
 2  60.30  0.84  0  0  0.96
 0  67.44  0.33  0  2  0.93
 2  67.05  0.86  1  1  0.62
 3  89.33  1.30  1  3  0.70
 0  81.94  0.21  1  0  0.62
 3  72.67  1.11  0  2  0.88
 3  89.33  1.30  0  2  1.49
 3  70.67  1.30  1  1  0.60
 3  70.67  1.30  0  0  0.59
 2  64.69  1.16  1  3  0.37
 1  92.95  0.86  0  1  1.90
 1  99.70  0.73  0  0  1.92
 2  73.90  0.86  0  1  0.60
 1  95.31  0.42  1  0  1.53
 1  86.10  0.71  0  2  0.58
 2  64.69  0.42  1  3  1.58
 1  92.95  0.71  0  2  0.85
 1  90.98  0.57  0  1  1.32
 0  74.25  0.23  0  1  0.83
 1  97.46  0.51  0  2  3.79
 3  82.58  1.17  0  2  0.64
 2  62.54  1.06  1  0  0.71
 3  78.06  1.37  0  1  0.51
 2  73.90  0.71  1  2  0.81
 2  62.54  1.06  0  1  3.20
 0  72.67  0.46  1  2  1.22
 0  70.67  0.27  1  1  0.95
 0  77.47  0.61  0  1  1.65
 0  82.53  0.61  1  2  1.41
 1  86.10  0.86  1  0  0.88
 3  81.94  1.37  0  2  2.32
 3  82.53  0.96  0  3  0.60
 2  60.30  0.73  0  3  0.61
 2  73.90  0.71  0  2  1.35
 0  67.44  0.33  1  0  1.54
 3  74.25  1.34  0  1  1.05
 2  61.05  0.95  0  3  5.06
 3  87.33  1.11  0  1  1.34
 1  97.46  0.51  1  0  0.83
 3  77.47  0.96  0  0  2.21
 0  92.56  0.33  0  2  1.24
 0  87.33  0.46  1  1  1.10
 2  61.05  0.62  0  0  0.73
 2  69.02  0.57  1  0  0.81
 0  72.67  0.46  0  2  0.54
 2  69.02  1.00  0  0  2.49
 3  67.44  1.24  1  0  6.12
 0  89.33  0.27  0  2  0.63
 3  77.42  1.17  0  1  0.62
 3  72.67  1.11  1  0  2.94
 3  85.75  1.34  1  0  4.21
 1  98.95  0.95  0  2  2.39
 1  98.95  0.62  1  1  0.91
 2  61.05  0.62  1  0  2.24
 1  99.70  0.73  1  2  1.13
 3  67.44  1.24  0  0  0.84
 0  70.67  0.27  0  3  1.70
 0  78.06  0.21  1  1  1.79
 2  62.54  0.51  0  0  0.45
 1  95.31  0.42  0  2  1.78
 1  90.98  1.00  0  1  0.56
 3  82.58  1.17  1  3  2.64
 1  86.10  0.86  0  2  2.33
 0  82.53  0.61  0  3  1.27
 1  86.10  0.71  1  1  2.37
 1  98.95  0.62  0  2  1.45
 0  77.47  0.61  1  1  1.58
 3  87.33  1.11  1  1  2.08
 3  74.25  1.34  1  2  0.85
 2  67.05  0.71  0  0  0.95
 1  98.95  0.95  1  1  4.04
 2  67.05  0.71  1  0  3.79
 0  89.33  0.27  1  3  3.42
 2  67.05  0.86  0  1  1.97
 2  62.54  0.51  1  3  1.37
 0  77.42  0.40  0  2  2.09
 3  77.42  1.17  1  1  0.78
 1  92.95  0.71  1  0  0.79
 0  78.06  0.21  0  3  8.99
 2  64.69  0.42  0  0  0.87
 1  97.46  1.06  0  1  1.24
 0  85.75  0.23  1  3  1.70
 3  82.53  0.96  1  0  1.41
 1  97.46  1.06  1  2  1.79
 0  74.25  0.23  1  0  1.03
 3  85.75  1.34  0  2  1.80
 1  95.31  1.16  1  1  2.14
 2  69.02  0.57  0  2  2.32
 0  81.94  0.21  0  0  1.99
 3  78.06  1.37  1  3  2.08
 0  85.75  0.23  0  1  2.12
 1  99.70  0.84  0  3  1.08
 1  90.98  1.00  1  2  2.28
 1  99.70  0.84  1  1  1.61
 2  69.02  1.00  1  0  2.11
 3  92.56  1.24  0  0  1.46
 2  61.05  0.95  1  0  0.54
 2  73.90  0.86  1  0  0.81
 2  60.30  0.73  1  2  1.25
 1  98.95  0.95  1  0  1.51
 0  67.44  0.33  0  2  1.44
 1  86.10  0.71  1  2  2.34
 2  67.05  0.86  1  1  1.65
 0  87.33  0.46  0  3  0.79
 3  67.44  1.24  1  3  0.69
 1  97.46  1.06  0  1  2.09
 3  67.44  1.24  0  0  2.85
 0  74.25  0.23  1  0  0.98
 1  90.98  0.57  0  3  2.00
 0  87.33  0.46  1  1  1.30
 1  99.70  0.73  1  1  1.45
 1  99.70  0.73  0  2  0.82
 0  70.67  0.27  0  2  1.53
 3  81.94  1.37  0  3  0.89
 1  86.10  0.71  0  3  2.22
 2  73.90  0.86  0  1  0.41
 0  82.58  0.40  1  0  1.26
 2  62.54  0.51  0  3  0.84
 2  67.05  0.71  0  2  1.02
 3  72.67  1.11  1  1  1.02
 1  97.46  1.06  1  0  1.68
 2  61.05  0.95  0  0  2.28
 3  77.47  0.96  1  1  0.74
 3  70.67  1.30  0  0  1.72
 2  69.02  1.00  1  0  0.53
 0  77.42  0.40  1  1  0.88
 0  78.06  0.21  1  3  2.72
 2  64.69  0.42  0  0  0.54
 2  61.05  0.62  0  1  0.44
 1  95.31  1.16  1  1  0.63
 0  77.47  0.61  0  3  2.55
 0  82.53  0.61  1  3  1.49
 2  67.05  0.71  1  0  0.41
 2  61.05  0.95  1  1  0.53
 0  85.75  0.23  0  2  1.08
 3  87.33  1.11  0  0  0.64
 3  74.25  1.34  1  1  1.66
 2  62.54  1.06  0  3  1.73
 3  81.94  1.37  1  1  0.71
 3  89.33  1.30  0  3  0.33
 0  77.47  0.61  1  2  0.55
 1  92.95  0.86  0  0  0.44
 3  77.47  0.96  0  1  0.51
 3  77.42  1.17  1  2  0.67
 1  92.95  0.71  1  3  0.48
 1  98.95  0.62  0  1  0.45
 2  69.02  0.57  0  2  0.61
 0  77.42  0.40  0  3  0.96
 2  69.02  0.57  1  0  0.46
 0  92.56  0.33  0  3  1.67
 1  90.98  1.00  0  1  0.54
 2  62.54  1.06  1  2  1.60
 3  72.67  1.11  0  0  0.84
 2  61.05  0.62  1  3  0.47
 0  89.33  0.27  1  0  0.85
 1  97.46  0.51  0  1  1.07
 0  92.56  0.33  1  2  3.82
 0  70.67  0.27  1  1  1.33
 3  74.25  1.34  0  0  0.44
 1  90.98  0.57  1  3  0.48
 1  90.98  1.00  1  2  0.55
 3  87.33  1.11  1  0  0.74
 2  64.69  1.16  1  3  0.29
 1  99.70  0.84  0  2  0.52
 3  78.06  1.37  0  0  0.64
 2  69.02  1.00  0  0  0.71
 0  81.94  0.21  1  0  0.79
 1  92.95  0.71  0  3  2.13
 0  81.94  0.21  0  1  1.58
 0  72.67  0.46  1  0  1.50
 2  60.30  0.84  0  1  0.71
 3  82.58  1.17  0  1  1.19
 3  92.56  1.24  0  2  1.12
 1  95.31  0.42  0  3  0.55
 3  78.06  1.37  1  0  0.77
 0  82.53  0.61  0  1  0.77
 2  73.90  0.71  0  2  0.63
 2  67.05  0.86  0  3  0.55
 1  95.31  0.42  1  1  0.81
 3  89.33  1.30  1  0  1.91
 1  97.46  0.51  1  1  1.21
 2  62.54  0.51  1  1  1.18
 3  77.42  1.17  0  0  1.53
 1  95.31  1.16  0  2  6.11
 3  82.53  0.96  0  1  1.33
 3  70.67  1.30  1  0  1.07
 3  92.56  1.24  1  3  0.47
 2  73.90  0.71  1  0  1.40
 0  85.75  0.23  1  0  1.47
 2  60.30  0.73  1  0  2.53
 3  82.58  1.17  1  2  2.59
 3  82.53  0.96  1  3  0.56
 0  82.58  0.40  0  0  1.28
 2  64.69  1.16  0  1  1.49
 2  60.30  0.84  1  2  2.32
 2  64.69  0.42  1  1  1.31
 3  85.75  1.34  1  1  0.80
 0  78.06  0.21  0  0  1.93
 1  98.95  0.95  0  1  1.16
 0  67.44  0.33  1  2  1.22
 1  86.10  0.86  1  0  2.92
 3  85.75  1.34  0  2  1.00
 2  60.30  0.73  0  2  0.83
 0  72.67  0.46  0  2  1.00
 1  92.95  0.86  1  3  0.90
 1  86.10  0.86  0  2  0.70
 1  99.70  0.84  1  2  0.51
 0  74.25  0.23  0  1  0.60
 2  73.90  0.86  1  0  0.67
 1  98.95  0.62  1  1  0.52
 0  89.33  0.27  0  2  1.04
 1  90.98  1.00  1  0  2.69
 3  72.67  1.11  1  1  0.94
 0  85.75  0.23  1  1  4.15
 3  82.53  0.96  0  2  2.01
 0  74.25  0.23  1  1  0.94
 2  61.05  0.62  0  3  0.95
 3  85.75  1.34  1  0  1.29
 3  87.33  1.11  0  0  1.16
 1  95.31  1.16  1  1  1.30
 2  60.30  0.84  1  2  1.53
 0  85.75  0.23  0  3  1.23
 3  78.06  1.37  1  0  1.02
 2  62.54  0.51  1  0  1.58
 2  60.30  0.73  0  1  0.52
 0  72.67  0.46  1  0  1.25
 1  86.10  0.86  1  1  4.55
 1  92.95  0.86  1  2  2.08
 0  70.67  0.27  1  1  0.82
 3  77.47  0.96  0  3  1.70
 1  95.31  1.16  0  2  1.14
 2  73.90  0.86  0  1  1.55
 2  64.69  1.16  1  0  0.77
 1  97.46  1.06  0  3  6.88
 3  89.33  1.30  0  1  1.21
 1  97.46  1.06  1  3  0.86
 1  86.10  0.71  1  0  0.90
 0  74.25  0.23  0  1  1.77
 3  67.44  1.24  1  0  1.09
 1  90.98  0.57  0  2  1.73
 3  78.06  1.37  0  1  5.85
 3  89.33  1.30  1  0  0.67
 2  60.30  0.73  1  1  2.27
 3  81.94  1.37  1  1  1.03
 3  82.58  1.17  0  2  0.45
 3  85.75  1.34  0  3  0.68
 1  99.70  0.73  0  0  1.19
 2  73.90  0.71  1  3  0.71
 1  90.98  0.57  1  2  0.75
 2  73.90  0.71  0  0  2.97
 2  62.54  1.06  1  1  2.92
 0  89.33  0.27  0  0  2.46
 1  92.95  0.71  0  1  1.14
 2  61.05  0.95  1  3  1.50
 0  70.67  0.27  0  2  0.58
 1  98.95  0.95  1  0  0.39
 2  67.05  0.86  0  2  0.56
 2  64.69  0.42  1  3  0.73
 2  60.30  0.84  0  2  1.06
 0  78.06  0.21  0  3  0.79
 3  74.25  1.34  0  0  0.71
 0  67.44  0.33  0  1  0.64
 2  61.05  0.95  0  3  0.50
 0  77.42  0.40  0  1  0.56
 3  70.67  1.30  1  1  2.31
 1  97.46  0.51  1  1  0.96
 3  92.56  1.24  0  0  0.99
 3  82.58  1.17  1  0  0.62
 1  86.10  0.86  0  3  0.50
 0  77.47  0.61  0  1  0.53
 1  95.31  0.42  1  2  0.47
 0  72.67  0.46  0  3  0.41
 2  73.90  0.86  1  0  1.22
 0  87.33  0.46  1  1  0.95
 2  67.05  0.71  1  2  0.65
 1  98.95  0.62  1  0  0.62
 0  82.58  0.40  0  3  0.42
 2  62.54  0.51  0  1  0.47
 0  87.33  0.46  0  2  0.59
 2  64.69  1.16  0  2  0.84
 1  97.46  0.51  0  3  1.48
 1  90.98  1.00  0  2  1.26
 1  95.31  0.42  0  1  0.35
 0  92.56  0.33  1  0  0.73
 3  81.94  1.37  0  2  1.50
 3  92.56  1.24  1  2  1.51
 2  69.02  1.00  0  3  0.50
 2  62.54  1.06  0  2  0.89
 0  77.47  0.61  1  1  1.64
 1  99.70  0.84  1  1  0.93
 2  69.02  1.00  1  0  1.26
 2  67.05  0.71  0  2  0.80
 2  64.69  0.42  0  3  0.41
 2  67.05  0.86  1  1  0.70
 3  77.47  0.96  1  2  0.68
 3  77.42  1.17  1  0  1.11
 1  92.95  0.71  1  0  0.85
 1  98.95  0.95  0  2  1.00
 3  74.25  1.34  1  0  0.87
 2  61.05  0.62  1  0  0.87
 3  70.67  1.30  0  1  0.84
 0  89.33  0.27  1  0  0.86
 1  92.95  0.86  0  1  0.82
 3  82.53  0.96  1  2  1.85
 3  77.42  1.17  0  2  0.73
 0  77.42  0.40  1  2  0.30
 1  99.70  0.73  1  0  0.36
 3  67.44  1.24  0  1  0.76
 0  82.53  0.61  0  2  0.69
 1  98.95  0.62  0  0  0.41
 1  86.10  0.71  0  3  0.26
 2  69.02  0.57  0  2  0.81
 3  72.67  1.11  0  2  0.86
 2  69.02  0.57  1  1  0.56
 0  82.53  0.61  1  0  1.51
 0  81.94  0.21  0  1  0.75
 0  92.56  0.33  0  0  1.83
 0  82.58  0.40  1  1  1.28
 0  81.94  0.21  1  2  0.54
 0  67.44  0.33  1  0  0.57
 0  78.06  0.21  1  0  1.15
 3  87.33  1.11  1  1  0.93
 1  99.70  0.84  0  3  1.30
 0  89.33  0.27  1  0  1.35
 3  77.42  1.17  1  1  0.86
 2  61.05  0.62  1  1  1.69
 0  70.67  0.27  1  2  0.65
 0  77.42  0.40  0  1  0.40
 3  77.47  0.96  1  0  1.17
 1  97.46  0.51  0  1  2.15
 0  67.44  0.33  1  0  0.76
 1  90.98  1.00  0  3  0.38
 1  95.31  0.42  1  2  0.81
 1  95.31  1.16  0  1  1.21
 3  74.25  1.34  1  2  1.07
 3  92.56  1.24  0  3  0.63
 2  64.69  1.16  0  2  0.57
 1  86.10  0.86  0  2  0.95
 1  92.95  0.86  1  1  0.35
 0  67.44  0.33  0  2  0.87
 2  67.05  0.71  1  0  3.44
 1  98.95  0.62  1  1  0.79
 2  73.90  0.86  0  2  1.25
 2  62.54  1.06  1  3  1.52
 3  82.53  0.96  0  3  0.65
 3  72.67  1.11  1  0  0.88
 3  72.67  1.11  0  3  0.81
 2  60.30  0.84  1  1  0.89
 0  82.53  0.61  0  2  0.97
 1  92.95  0.86  0  1  0.58
 3  82.58  1.17  1  2  0.92
 1  98.95  0.95  1  0  0.83
 2  69.02  0.57  1  1  0.50
 0  77.47  0.61  0  2  0.28
 1  99.70  0.84  0  3  0.64
 3  81.94  1.37  0  2  0.76
 0  92.56  0.33  1  2  0.68
 0  72.67  0.46  0  1  0.52
 2  64.69  1.16  1  1  0.93
 0  77.47  0.61  1  2  0.35
 3  70.67  1.30  1  0  1.70
 2  64.69  0.42  0  0 13.86
 0  87.33  0.46  0  2  0.59
 3  77.47  0.96  0  1  0.67
 2  69.02  1.00  1  1  0.81
 0  89.33  0.27  0  0  0.53
 2  61.05  0.95  1  3  0.71
 3  87.33  1.11  1  0  0.88
 0  78.06  0.21  0  1  0.38
 1  97.46  1.06  1  0  0.38
 3  78.06  1.37  1  2  1.57
 0  92.56  0.33  0  0  0.89
 2  73.90  0.71  0  2  1.08
 1  90.98  0.57  0  1  0.76
 1  98.95  0.95  0  3  0.80
 3  70.67  1.30  0  1  0.97
 3  85.75  1.34  0  0  1.11
 0  85.75  0.23  0  2  1.77
 1  99.70  0.84  1  2  4.03
 1  99.70  0.73  0  2  1.14
 1  92.95  0.71  1  1  0.44
 1  97.46  0.51  1  1  1.32
 0  70.67  0.27  0  2  1.15
 1  86.10  0.71  1  2  1.54
 3  78.06  1.37  0  1  0.49
 3  85.75  1.34  1  3  0.52
 2  60.30  0.84  0  0  0.45
 0  78.06  0.21  1  0  1.60
 2  67.05  0.86  1  0  1.29
 2  67.05  0.71  0  3  0.82
 0  77.42  0.40  1  1  0.54
 2  60.30  0.73  0  0  0.46
 0  74.25  0.23  0  2  0.33
 2  64.69  0.42  1  1  0.34
 1  99.70  0.73  1  0  5.26
 0  81.94  0.21  1  0  5.32
 2  62.54  0.51  0  1  0.71
 1  90.98  0.57  1  1  0.73
 0  74.25  0.23  1  3  2.77
 3  81.94  1.37  1  3  1.98
 2  73.90  0.71  1  2  1.73
 1  86.10  0.71  0  1  1.32
 2  62.54  1.06  0  0  0.42
 3  67.44  1.24  0  2  0.62
 3  89.33  1.30  1  0  0.43
 1  95.31  1.16  1  2  0.43
 0  82.58  0.40  1  0  1.60
 3  77.42  1.17  0  3  1.03
 0  81.94  0.21  0  2  0.90
 0  82.58  0.40  0  0  2.43
 2  67.05  0.86  0  1  0.65
 2  62.54  0.51  1  2  0.42
 2  60.30  0.73  1  1  0.43
 3  74.25  1.34  0  2  0.91
 0  82.53  0.61  1  0  1.24
 1  95.31  0.42  0  1  7.74
 1  90.98  1.00  1  2  2.32
 0  85.75  0.23  1  2  0.68
 2  69.02  1.00  0  0  0.33
 2  73.90  0.86  1  3  0.41
 2  61.05  0.95  0  1  0.29
 3  87.33  1.11  0  2  0.42
 2  61.05  0.62  0  3  0.41
 3  82.53  0.96  1  1  0.33
 2  69.02  0.57  0  0  0.47
 1  86.10  0.86  1  1  0.30
 1  98.95  0.62  0  3  0.67
 1  92.95  0.71  0  0  0.69
 3  82.58  1.17  0  1  0.39
 3  92.56  1.24  1  2  0.27
 3  89.33  1.30  0  0  1.30
 0  87.33  0.46  1  1  1.31
 3  67.44  1.24  1  0  0.97
 0  72.67  0.46  1  3  0.66
 1  97.46  1.06  0  2  0.71
