 0  85.75  0.23  1  0  2.46
 3  67.44  1.24  0  1  2.18
 0  81.94  0.21  1  1  2.34
 3  81.94  1.37  1  0  1.34
 1  86.10  0.71  0  3  3.71
 1  95.31  1.16  0  1  3.98
 2  64.69  1.16  0  1  1.26
 0  82.58  0.40  0  0  2.13
 1  98.95  0.95  0  3  1.55
 2  60.30  0.84  0  2  1.22
 3  77.42  1.17  1  1  2.50
 1  86.10  0.86  1  0  0.83
 0  74.25  0.23  1  0  1.14
 3  74.25  1.34  1  2  1.86
 3  85.75  1.34  1  3  1.13
 2  62.54  0.51  0  1  3.86
 1  97.46  0.51  1  0  0.94
 1  92.95  0.71  1  1  2.32
 0  74.25  0.23  0  0  0.91
 1  99.70  0.84  1  2  3.61
 0  92.56  0.33  1  0  0.86
 2  73.90  0.86  1  1  3.24
 2  60.30  0.84  1  1  2.68
 1  97.46  1.06  0  2  1.73
 2  61.05  0.62  1  2  1.01
 2  69.02  0.57  0  1  1.83
 1  90.98  1.00  1  2  1.39
 2  69.02  1.00  1  2  2.33
 0  81.94  0.21  0  0  0.83
 3  78.06  1.37  0  3  3.28
 2  61.05  0.62  0  1  1.82
 2  60.30  0.73  1  2  1.89
 1  99.70  0.73  0  1  2.05
 3  89.33  1.30  0  3  1.01
 2  64.69  0.42  0  2  4.29
 3  87.33  1.11  0  1  1.05
 0  78.06  0.21  0  0  0.75
 0  82.53  0.61  1  1  2.44
 2  73.90  0.71  0  1  1.01
 0  72.67  0.46  1  1  2.91
 2  69.02  0.57  1  0  2.21
 0  77.42  0.40  1  0  2.18
 2  73.90  0.86  0  1  2.50
 3  77.42  1.17  0  2  0.80
 1  90.98  0.57  1  0  0.86
 0  77.47  0.61  0  1  1.09
 3  82.58  1.17  1  3  2.46
 3  85.75  1.34  0  3  0.84
 2  67.05  0.86  1  2  0.95
 0  82.53  0.61  0  1  1.02
 1  95.31  1.16  1  1  1.08
 1  92.95  0.71  0  0  4.45
 0  70.67  0.27  0  0  1.04
 2  64.69  1.16  1  2  1.47
 0  78.06  0.21  1  0  0.72
 0  89.33  0.27  1  0  0.65
 3  74.25  1.34  0  3  2.63
 2  67.05  0.71  1  2  0.99
 2  62.54  0.51  1  1  1.38
 1  98.95  0.62  1  0  1.62
 0  77.42  0.40  0  1  1.83
 3  72.67  1.11  1  2  1.13
 1  95.31  0.42  1  0  0.88
 3  77.47  0.96  1  1  2.71
 1  92.95  0.86  1  1  0.84
 0  77.47  0.61  1  0  1.92
 0  67.44  0.33  1  0  0.60
 3  72.67  1.11  0  2  1.71
 3  92.56  1.24  1  3  0.65
 1  95.31  0.42  0  0  0.69
 3  89.33  1.30  1  3  1.92
 2  67.05  0.71  0  2  1.67
 1  90.98  0.57  0  1  1.40
 1  86.10  0.86  0  1  1.12
 0  67.44  0.33  0  0  4.25
 1  92.95  0.86  0  1  1.21
 2  73.90  0.71  1  1  3.09
 3  82.58  1.17  0  3  1.77
 2  60.30  0.73  0  2  1.40
 0  82.58  0.40  1  0  0.96
 3  87.33  1.11  1  1  1.83
 3  82.53  0.96  0  3  1.39
 2  69.02  1.00  0  2  0.97
 2  64.69  0.42  1  0  1.61
 1  97.46  1.06  1  3  2.13
 0  85.75  0.23  0  0  0.83
 0  89.33  0.27  0  0  0.94
 1  90.98  1.00  0  3  3.13
 3  77.47  0.96  0  2  1.35
 2  62.54  1.06  0  2  1.27
 3  70.67  1.30  1  2  1.92
 0  70.67  0.27  1  0  0.62
 2  67.05  0.86  0  2  1.39
 2  61.05  0.95  0  2  0.75
 0  87.33  0.46  1  0  0.84
 1  98.95  0.62  0  1  1.14
 0  72.67  0.46  0  1  1.29
 2  61.05  0.95  1  2  0.94
 3  81.94  1.37  0  3  0.93
 1  86.10  0.71  1  1  1.54
 3  67.44  1.24  1  2  1.01
 3  70.67  1.30  0  3  0.83
 1  99.70  0.84  0  1  1.19
 0  92.56  0.33  0  0  0.59
 2  62.54  1.06  1  2  0.99
 3  78.06  1.37  1  3  0.78
 3  92.56  1.24  0  3  7.49
 1  97.46  0.51  0  1  1.12
 0  87.33  0.46  0  0  0.58
 1  98.95  0.95  1  3  2.71
 3  82.53  0.96  1  2  3.66
 1  99.70  0.73  1  1  1.39
 0  85.75  0.23  1  0  1.32
 2  62.54  0.51  1  1  3.54
 3  81.94  1.37  0  3  1.97
 3  77.42  1.17  0  3  1.06
 3  85.75  1.34  0  3  0.97
 0  67.44  0.33  0  0  0.85
 0  81.94  0.21  0  0  0.70
 1  98.95  0.62  0  1  0.82
 2  73.90  0.86  1  2  9.76
 2  62.54  1.06  0  2  3.47
 2  73.90  0.71  0  1  3.31
 0  92.56  0.33  0  0  0.63
 2  67.05  0.86  0  2  1.27
 1  98.95  0.62  1  1  2.43
 3  78.06  1.37  0  3  1.17
 2  69.02  0.57  0  1  3.09
 0  77.42  0.40  0  2  1.69
 3  77.47  0.96  0  2  1.24
 0  82.53  0.61  1  2  3.60
 1  86.10  0.71  1  0  1.80
 0  78.06  0.21  1  0  0.76
 1  90.98  0.57  0  1  1.12
 3  78.06  1.37  1  3  0.68
 0  82.58  0.40  0  1  1.33
 1  86.10  0.86  1  1  1.12
 2  64.69  0.42  0  0  0.84
 3  82.58  1.17  0  3  1.37
 0  77.47  0.61  1  1  1.35
 1  99.70  0.84  0  1  3.05
 2  64.69  1.16  1  2  1.75
 1  95.31  1.16  0  3  4.54
 1  86.10  0.71  0  1  0.66
 0  89.33  0.27  0  0  1.16
 1  97.46  0.51  1  0  1.22
 3  74.25  1.34  0  3  1.59
 1  95.31  1.16  1  1  2.58
 3  77.47  0.96  1  2  0.90
 2  60.30  0.84  0  2  0.75
 1  95.31  0.42  1  0  1.27
 3  67.44  1.24  0  3  2.27
 0  92.56  0.33  1  0  1.35
 2  73.90  0.71  1  1  1.52
 3  82.53  0.96  0  1  1.23
 3  72.67  1.11  1  2  3.26
 0  85.75  0.23  0  0  0.85
 3  87.33  1.11  1  1  2.59
 0  70.67  0.27  1  0  1.21
 0  74.25  0.23  1  0  0.70
 1  90.98  1.00  0  3  2.28
 1  99.70  0.84  1  1  1.78
 2  62.54  1.06  1  2  0.94
 1  98.95  0.95  1  3  0.99
 0  78.06  0.21  0  0  0.68
 3  82.53  0.96  1  3  2.53
 2  69.02  0.57  1  2  2.94
 3  92.56  1.24  0  3  1.08
 3  89.33  1.30  1  3  2.49
 1  92.95  0.71  0  1  1.00
 2  60.30  0.73  1  0  2.43
 2  61.05  0.62  0  2  1.27
 2  64.69  1.16  0  2  0.86
 3  82.58  1.17  1  3  1.16
 1  99.70  0.73  1  1  4.18
 2  62.54  0.51  0  0  2.02
 0  87.33  0.46  0  1  1.87
 2  64.69  0.42  1  2  3.34
 1  95.31  0.42  0  1  2.66
 3  70.67  1.30  1  3  1.47
 3  70.67  1.30  0  2  2.50
 1  98.95  0.95  0  1  3.35
 0  67.44  0.33  1  0  0.95
 2  61.05  0.95  1  3  1.85
 0  82.53  0.61  0  1  6.57
 3  67.44  1.24  1  3  1.21
 2  60.30  0.73  0  2  0.79
 2  67.05  0.71  0  1  1.59
 0  87.33  0.46  1  1  1.09
 0  72.67  0.46  1  0  0.74
 0  77.42  0.40  1  0  0.85
 3  87.33  1.11  0  1  3.87
 0  77.47  0.61  0  1  0.97
 0  81.94  0.21  1  0  0.66
 0  74.25  0.23  0  0  0.73
 2  69.02  1.00  0  2  2.27
 3  92.56  1.24  1  1  1.25
 1  86.10  0.86  0  1  0.99
 2  60.30  0.84  1  2  1.24
 1  90.98  0.57  1  3  1.62
 0  72.67  0.46  0  1  1.33
 0  82.58  0.40  1  0  0.52
 1  99.70  0.73  0  3  1.89
 1  92.95  0.71  1  3  1.10
 0  89.33  0.27  1  0  0.61
 1  90.98  1.00  1  3  1.09
 3  81.94  1.37  1  3  1.11
 1  97.46  1.06  1  3  0.95
 2  69.02  1.00  1  3  2.07
 3  89.33  1.30  0  3  0.92
 1  92.95  0.86  0  1  2.52
 3  77.42  1.17  1  3  1.06
 0  70.67  0.27  0  0  0.70
 2  67.05  0.86  1  3  1.62
 1  97.46  0.51  0  1  1.09
 1  97.46  1.06  0  1  1.71
 1  92.95  0.86  1  1  1.14
 2  61.05  0.62  1  0  2.45
 3  74.25  1.34  1  3  1.21
 3  85.75  1.34  1  3  0.67
 2  67.05  0.71  1  1  4.47
 3  72.67  1.11  0  1  1.00
 2  73.90  0.86  0  1  1.78
 2  61.05  0.95  0  2  0.59
 2  69.02  0.57  0  1  4.63
 0  70.67  0.27  1  0  0.70
 0  74.25  0.23  1  0  0.56
 0  87.33  0.46  0  1  1.27
 2  60.30  0.73  1  2  2.02
 0  82.58  0.40  0  1  1.48
 1  86.10  0.86  1  1  0.89
 2  69.02  1.00  0  1  1.40
 2  67.05  0.86  1  2  2.29
 1  86.10  0.86  0  1  0.94
 3  67.44  1.24  0  3  1.23
 0  67.44  0.33  0  0  1.08
 1  99.70  0.84  1  1  3.00
 2  60.30  0.84  1  2  1.21
 1  90.98  0.57  1  1  0.89
 2  67.05  0.71  1  1  1.51
 3  89.33  1.30  1  3  1.97
 0  82.53  0.61  1  0  0.87
 3  74.25  1.34  1  3  0.92
 0  92.56  0.33  1  0  0.64
 2  73.90  0.86  1  2  2.29
 2  60.30  0.84  0  2  1.04
 2  73.90  0.71  1  1  1.41
 2  61.05  0.62  0  2  1.83
 3  82.53  0.96  0  1  1.18
 3  89.33  1.30  0  3  1.05
 0  77.47  0.61  0  1  1.13
 0  85.75  0.23  1  0  0.90
 1  92.95  0.71  0  1  2.61
 0  81.94  0.21  0  0  0.69
 2  61.05  0.95  0  2  1.14
 3  72.67  1.11  0  3  1.17
 2  64.69  1.16  1  2  4.88
 1  99.70  0.73  1  1  1.49
 0  70.67  0.27  0  0  1.06
 3  70.67  1.30  1  3  1.56
 1  99.70  0.84  0  1  1.25
 1  97.46  1.06  0  3  1.29
 3  72.67  1.11  1  3  3.47
 2  62.54  1.06  1  2  0.91
 2  62.54  0.51  1  2  3.93
 2  62.54  1.06  0  2  0.96
 0  74.25  0.23  0  0  0.69
 0  72.67  0.46  0  1  1.80
 1  97.46  1.06  1  1  1.27
 2  73.90  0.71  0  1  2.41
 3  78.06  1.37  1  3  0.98
 0  82.53  0.61  0  1  3.51
 3  81.94  1.37  1  3  0.76
 3  87.33  1.11  1  3  0.57
 1  97.46  0.51  0  0  0.84
 0  87.33  0.46  1  1  3.97
 3  77.42  1.17  0  3  0.77
 2  60.30  0.73  0  2  0.78
 1  86.10  0.71  1  1  1.15
 3  77.47  0.96  0  1  3.29
 0  92.56  0.33  0  0  0.99
 0  82.58  0.40  1  0  0.67
 1  92.95  0.86  1  1  2.57
 1  98.95  0.62  0  1  1.05
 2  61.05  0.95  1  3  1.35
 0  85.75  0.23  0  0  0.74
 2  64.69  0.42  0  2  3.05
 3  77.42  1.17  1  3  1.33
 2  64.69  0.42  1  2  2.14
 0  77.42  0.40  1  0  1.72
 0  78.06  0.21  1  0  0.80
 3  85.75  1.34  0  3  0.96
 1  86.10  0.71  0  1  1.42
 2  62.54  0.51  0  2  0.93
 3  74.25  1.34  0  3  0.79
 0  89.33  0.27  1  0  0.93
 3  82.58  1.17  1  1  2.01
 1  98.95  0.62  1  1  0.91
 1  95.31  0.42  0  1  2.54
 3  81.94  1.37  0  3  0.76
 0  77.42  0.40  0  1  1.17
 3  82.53  0.96  1  1  1.09
 2  67.05  0.71  0  2  1.05
 3  92.56  1.24  0  3  0.70
 1  98.95  0.95  1  3  1.65
 0  67.44  0.33  1  0  1.60
 0  89.33  0.27  0  0  0.82
 2  67.05  0.86  0  2  0.87
 1  98.95  0.95  0  1  0.95
 1  90.98  0.57  0  1  2.81
 1  90.98  1.00  0  3  2.09
 2  64.69  1.16  0  2  0.82
 0  81.94  0.21  1  0  1.08
 1  95.31  1.16  1  3  1.33
 0  77.47  0.61  1  3  1.64
 0  78.06  0.21  0  0  0.73
 2  73.90  0.86  0  1  2.44
 1  97.46  0.51  1  0  0.67
 3  67.44  1.24  1  3  1.17
 1  95.31  1.16  0  3  0.75
 3  92.56  1.24  1  3  1.49
 1  90.98  1.00  1  1  0.99
 1  99.70  0.73  0  1  1.59
 3  70.67  1.30  0  3  1.01
 1  95.31  0.42  1  0  0.66
 2  69.02  1.00  1  2  3.44
 3  87.33  1.11  0  3  2.08
 1  92.95  0.86  0  1  1.11
 0  72.67  0.46  1  0  1.30
 3  77.47  0.96  1  2  2.45
 3  85.75  1.34  1  3  0.86
 1  92.95  0.71  1  1  0.85
 3  82.58  1.17  0  3  0.74
 2  69.02  0.57  1  0  2.00
 3  78.06  1.37  0  3  0.62
 2  61.05  0.62  1  2  0.92
 1  98.95  0.62  1  0  1.06
 0  89.33  0.27  0  0  0.75
 3  74.25  1.34  1  3  0.68
 2  60.30  0.73  0  2  0.63
 2  73.90  0.86  1  1  1.20
 3  87.33  1.11  0  1  1.36
 0  74.25  0.23  0  0  0.61
 3  77.42  1.17  1  1  2.49
 1  97.46  0.51  0  1  0.71
 3  70.67  1.30  0  3  0.65
 2  73.90  0.71  1  1  1.10
 0  85.75  0.23  0  0  0.53
 3  72.67  1.11  1  3  2.02
 0  87.33  0.46  1  0  1.47
 0  70.67  0.27  0  0  0.61
 1  95.31  1.16  0  1  3.41
 3  78.06  1.37  1  3  1.78
 2  73.90  0.86  0  1  1.55
 1  92.95  0.86  0  1  0.61
 1  90.98  1.00  1  1  0.76
 3  82.53  0.96  0  2  0.86
 3  89.33  1.30  1  3  1.89
 1  98.95  0.62  0  1  1.27
 0  72.67  0.46  0  0  0.61
 0  70.67  0.27  1  0  0.49
 1  97.46  0.51  1  0  0.63
 1  90.98  0.57  0  1  0.57
 2  60.30  0.84  1  2  0.99
 1  99.70  0.84  0  1  2.25
 0  82.58  0.40  0  0  0.63
 2  64.69  1.16  1  2  0.99
 3  81.94  1.37  1  3  0.64
 3  85.75  1.34  1  3  0.83
 0  78.06  0.21  0  0  0.55
 0  78.06  0.21  1  0  0.46
 1  98.95  0.95  1  1  2.90
 0  82.53  0.61  0  1  0.80
 1  97.46  1.06  1  3  2.34
 3  67.44  1.24  1  2  0.92
 2  69.02  1.00  1  2  0.62
 3  67.44  1.24  0  2  0.59
 2  61.05  0.95  1  2  0.64
 1  95.31  0.42  0  1  1.44
 3  72.67  1.11  0  1  1.04
 1  92.95  0.86  1  1  1.45
 3  89.33  1.30  0  3  0.84
 0  77.42  0.40  0  0  0.70
 3  82.58  1.17  1  3  1.44
 1  99.70  0.73  0  1  0.74
 2  60.30  0.84  0  2  0.82
 2  60.30  0.73  1  2  0.65
 2  67.05  0.86  0  3  0.63
 1  99.70  0.73  1  1  0.80
 0  81.94  0.21  1  0  0.64
 0  77.47  0.61  1  0  1.07
 1  99.70  0.84  1  1  0.77
 3  92.56  1.24  1  3  0.78
 0  81.94  0.21  0  0  0.69
 0  67.44  0.33  0  0  1.78
 1  95.31  0.42  1  1  1.72
 1  95.31  1.16  1  3  0.77
 3  78.06  1.37  0  3  0.71
 2  62.54  0.51  1  0  1.66
 1  86.10  0.86  0  1  1.47
 2  67.05  0.86  1  0  2.27
 3  70.67  1.30  1  3  0.74
 1  90.98  1.00  0  1  1.16
 2  62.54  0.51  0  2  4.16
 0  89.33  0.27  1  0  0.96
 1  92.95  0.71  0  1  0.89
 1  98.95  0.95  0  1  1.12
 0  82.58  0.40  1  0  0.71
 3  77.47  0.96  1  3  1.87
 3  74.25  1.34  0  3  0.79
 2  73.90  0.71  0  1  2.12
 0  92.56  0.33  1  0  0.62
 2  61.05  0.95  0  2  1.31
 3  77.42  1.17  0  1  3.02
 1  90.98  0.57  1  1  0.95
 2  67.05  0.71  1  2  1.39
 3  85.75  1.34  0  3  0.83
 2  64.69  1.16  0  2  0.85
 2  61.05  0.62  0  2  0.88
 2  64.69  0.42  0  2  1.11
 3  82.58  1.17  0  3  0.90
 3  77.47  0.96  0  1  0.91
 2  69.02  0.57  0  1  0.96
 0  85.75  0.23  1  0  0.95
 1  86.10  0.86  1  1  1.29
 3  92.56  1.24  0  1  2.90
 2  69.02  0.57  1  2  1.91
 1  86.10  0.71  1  1  0.78
 3  87.33  1.11  1  3  0.79
 0  92.56  0.33  0  0  6.33
 1  86.10  0.71  0  1  0.86
 1  97.46  1.06  0  3  2.62
 0  67.44  0.33  1  0  0.77
 0  72.67  0.46  1  0  0.63
 2  67.05  0.71  0  1  0.95
 2  62.54  1.06  0  2  0.63
 2  62.54  1.06  1  2  0.74
 3  81.94  1.37  0  3  0.82
 2  69.02  1.00  0  1  1.71
 3  82.53  0.96  1  1  1.30
 0  77.42  0.40  1  1  0.63
 0  87.33  0.46  0  1  1.18
 1  92.95  0.71  1  1  0.91
 0  82.53  0.61  1  1  0.64
 0  74.25  0.23  1  0  0.56
 0  77.47  0.61  0  1  1.20
 2  64.69  0.42  1  0  1.43
 2  61.05  0.62  1  2  0.90
 1  86.10  0.71  1  1  3.52
 2  67.05  0.71  0  2  0.88
 2  69.02  0.57  0  1  1.47
 0  85.75  0.23  0  0  0.91
 0  89.33  0.27  1  0  0.93
 3  70.67  1.30  0  3  0.77
 2  62.54  1.06  0  2  1.18
 3  67.44  1.24  1  3  0.80
 3  92.56  1.24  0  3  0.51
 0  70.67  0.27  0  0  0.72
 2  60.30  0.84  0  2  1.27
 1  99.70  0.84  0  1  1.17
 1  92.95  0.71  1  1  1.62
 0  74.25  0.23  1  0  0.67
 1  98.95  0.95  1  1  1.30
 0  82.58  0.40  1  0  0.91
 2  60.30  0.73  1  2  0.90
 0  78.06  0.21  0  0  2.77
 2  69.02  1.00  1  2  2.84
 3  85.75  1.34  0  3  0.72
 3  81.94  1.37  1  3  0.95
 0  87.33  0.46  1  1  3.01
 2  69.02  1.00  0  2  1.76
 1  90.98  1.00  1  3  1.09
 2  73.90  0.71  1  1  0.80
 1  86.10  0.86  0  1  1.12
 0  70.67  0.27  1  0  0.62
 2  60.30  0.73  0  2  0.79
 0  92.56  0.33  0  1  0.93
 1  90.98  0.57  0  1  0.74
 2  64.69  1.16  0  2  0.55
 1  99.70  0.73  0  1  1.23
 3  74.25  1.34  0  3  0.71
 0  78.06  0.21  1  0  0.60
 3  87.33  1.11  1  3  1.13
 2  64.69  0.42  1  0  1.18
 1  98.95  0.62  0  1  0.76
 1  95.31  1.16  1  3  0.54
 1  97.46  1.06  0  1  2.00
 2  61.05  0.95  0  2  0.65
 2  61.05  0.62  0  2  0.92
 2  62.54  0.51  0  2  0.76
 0  85.75  0.23  1  0  0.58
 3  89.33  1.30  1  3  0.82
 3  77.47  0.96  0  1  2.83
 3  85.75  1.34  1  3  0.67
 0  72.67  0.46  0  1  1.12
 1  90.98  0.57  1  0  1.02
 3  81.94  1.37  0  3  1.18
 0  74.25  0.23  0  0  0.67
 0  81.94  0.21  0  0  0.70
 1  99.70  0.84  1  1  0.94
 3  77.47  0.96  1  3  3.88
 2  69.02  0.57  1  2  2.43
 3  89.33  1.30  0  3  0.84
 3  78.06  1.37  0  3  0.75
 2  62.54  1.06  1  2  1.02
 3  82.58  1.17  0  3  0.82
 2  64.69  1.16  1  3  1.93
 3  67.44  1.24  0  2  1.38
 3  82.58  1.17  1  3  1.74
 3  72.67  1.11  1  3  1.64
 2  67.05  0.71  1  1  2.72
 3  74.25  1.34  1  3  0.52
 2  73.90  0.86  1  1  0.94
 2  62.54  0.51  1  1  0.96
 0  77.47  0.61  1  1  1.04
 1  97.46  1.06  1  1  0.63
 1  92.95  0.86  0  1  1.16
 3  78.06  1.37  1  3  2.19
 2  73.90  0.86  0  2  1.10
 0  82.58  0.40  0  3  0.81
 1  86.10  0.71  0  1  1.00
 0  92.56  0.33  1  0  0.41
 0  82.53  0.61  0  1  0.77
 0  67.44  0.33  0  0  0.79
 3  87.33  1.11  0  3  0.81
 3  77.42  1.17  0  3  0.72
 3  77.42  1.17  1  3  0.75
 3  82.53  0.96  1  3  1.09
 1  99.70  0.73  1  1  1.08
 1  92.95  0.71  0  1  0.70
 0  77.42  0.40  1  0  1.53
 0  81.94  0.21  1  0  0.59
 2  60.30  0.84  1  2  0.91
 1  97.46  0.51  1  0  1.00
 2  61.05  0.62  1  2  0.87
 3  70.67  1.30  1  3  1.25
 0  87.33  0.46  0  1  0.85
 3  72.67  1.11  0  2  1.78
 1  95.31  0.42  0  0  1.55
 1  92.95  0.86  1  1  0.96
 0  77.47  0.61  0  1  1.07
 1  98.95  0.95  0  1  0.78
 0  67.44  0.33  1  0  0.83
 3  82.53  0.96  0  1  0.92
 2  64.69  0.42  0  0  1.73
 1  86.10  0.86  1  1  1.17
 0  77.42  0.40  0  0  1.58
 2  61.05  0.95  1  2  0.93
 3  92.56  1.24  1  3  0.90
 2  73.90  0.71  0  2  2.86
 2  67.05  0.86  1  2  0.92
 1  95.31  0.42  1  0  0.79
 1  90.98  1.00  0  1  1.29
 1  97.46  0.51  0  0  1.60
 1  95.31  1.16  0  3  2.54
 0  89.33  0.27  0  0  0.70
 2  67.05  0.86  0  2  1.00
 0  82.53  0.61  1  1  2.62
 1  98.95  0.62  1  1  1.01
 0  72.67  0.46  1  1  0.69
