 3  78.06  1.37  1  0  1.55
 0  85.75  0.23  0  2  1.70
 1  92.95  0.86  0  0  0.89
 3  72.67  1.11  0  3  0.98
 3  87.33  1.11  1  3  1.13
 2  73.90  0.71  0  1  1.62
 0  81.94  0.21  1  0  1.07
 3  85.75  1.34  1  3  1.00
 3  77.47  0.96  1  3  0.71
 0  92.56  0.33  0  2  2.05
 3  87.33  1.11  0  3  0.79
 2  69.02  1.00  0  3  1.33
 2  64.69  1.16  1  2  0.69
 2  62.54  1.06  1  2  0.76
 0  72.67  0.46  1  3  0.79
 1  97.46  1.06  1  0  0.67
 1  97.46  0.51  0  1  0.77
 2  67.05  0.71  1  2  1.12
 0  77.47  0.61  0  3  1.93
 1  99.70  0.73  0  0  0.72
 1  95.31  0.42  0  1  0.61
 2  61.05  0.95  0  3  1.76
 2  73.90  0.71  1  3  0.91
 0  72.67  0.46  0  3  0.98
 2  69.02  1.00  1  3  1.48
 1  86.10  0.86  1  3  0.79
 2  73.90  0.86  0  3  2.17
 1  98.95  0.95  0  0  1.37
 3  85.75  1.34  0  1  0.73
 3  70.67  1.30  0  3  0.95
 1  92.95  0.86  1  3  0.57
 0  82.58  0.40  1  1  0.66
 0  70.67  0.27  0  0  1.61
 2  62.54  0.51  0  2  1.75
 3  92.56  1.24  1  1  2.03
 0  67.44  0.33  0  0  2.48
 3  78.06  1.37  0  3  1.34
 2  60.30  0.84  1  2  1.51
 3  82.58  1.17  1  0  1.94
 3  72.67  1.11  1  3  0.55
 3  82.53  0.96  1  3  0.57
 0  87.33  0.46  1  1  0.64
 2  69.02  0.57  1  0  1.14
 0  74.25  0.23  0  0  2.72
 0  92.56  0.33  1  1  1.19
 1  95.31  1.16  0  0  1.31
 2  61.05  0.62  0  2  1.02
 1  98.95  0.95  1  1  1.19
 1  86.10  0.71  0  1  0.84
 1  99.70  0.84  1  1  0.89
 2  62.54  0.51  1  2  0.96
 0  67.44  0.33  1  3  0.90
 1  99.70  0.73  1  1  0.87
 2  64.69  1.16  0  2  1.00
 2  61.05  0.62  1  2  1.02
 0  87.33  0.46  0  1  0.83
 3  74.25  1.34  0  2  1.99
 1  92.95  0.71  0  1  0.87
 3  81.94  1.37  1  3  0.91
 0  77.47  0.61  1  3  0.69
 3  70.67  1.30  1  2  0.91
 3  77.42  1.17  0  3  0.85
 0  89.33  0.27  0  1  0.89
 2  62.54  1.06  0  2  1.03
 1  90.98  0.57  0  1  1.33
 2  61.05  0.95  1  2  1.05
 1  97.46  1.06  0  1  2.35
 0  89.33  0.27  1  1  0.78
 1  90.98  1.00  1  1  1.64
 3  89.33  1.30  0  0  2.07
 1  98.95  0.62  0  1  1.50
 1  90.98  0.57  1  1  0.99
 3  92.56  1.24  0  3  0.99
 3  67.44  1.24  1  2  0.83
 0  81.94  0.21  0  0  1.97
 2  60.30  0.73  0  2  0.88
 0  78.06  0.21  0  1  1.73
 1  98.95  0.62  1  1  1.05
 2  73.90  0.86  1  2  1.04
 3  77.47  0.96  0  2  0.85
 3  81.94  1.37  0  3  1.05
 0  78.06  0.21  1  0  0.51
 2  67.05  0.71  0  2  0.86
 2  67.05  0.86  0  2  0.79
 0  70.67  0.27  1  2  0.80
 3  82.58  1.17  0  3  1.06
 1  92.95  0.71  1  1  2.93
 0  74.25  0.23  1  0  1.21
 3  82.53  0.96  0  3  1.11
 3  67.44  1.24  0  2  0.94
 1  90.98  1.00  0  3  1.54
 1  95.31  0.42  1  1  0.99
 3  77.42  1.17  1  2  0.87
 1  99.70  0.84  0  1  1.15
 2  60.30  0.84  0  2  0.87
 2  64.69  0.42  0  2  0.85
 0  82.58  0.40  0  0  2.11
 1  95.31  1.16  1  3  1.47
 0  82.53  0.61  0  1  1.43
 1  86.10  0.71  1  1  1.16
 0  77.42  0.40  0  1  0.65
 1  97.46  0.51  1  0  1.15
 2  60.30  0.73  1  2  0.73
 2  64.69  0.42  1  3  2.91
 2  69.02  0.57  0  2  0.82
 1  86.10  0.86  0  3  5.76
 2  67.05  0.86  1  2  0.76
 0  85.75  0.23  1  0  1.06
 3  74.25  1.34  1  2  1.86
 0  77.42  0.40  1  1  2.38
 3  89.33  1.30  1  3  1.16
 0  82.53  0.61  1  0  1.81
 1  86.10  0.71  0  1  5.97
 1  90.98  1.00  0  1  1.59
 1  92.95  0.71  0  1  0.85
 3  85.75  1.34  1  3  1.14
 0  81.94  0.21  1  0  1.13
 3  78.06  1.37  1  2  0.87
 0  78.06  0.21  0  0  1.28
 0  82.58  0.40  1  3  1.44
 0  85.75  0.23  0  0  1.98
 0  70.67  0.27  0  0  1.05
 1  99.70  0.73  1  1  1.96
 1  95.31  0.42  1  1  1.02
 0  87.33  0.46  0  1  4.29
 2  73.90  0.86  0  2  1.04
 3  72.67  1.11  1  2  0.95
 0  81.94  0.21  0  0  1.11
 0  72.67  0.46  1  2  1.00
 1  92.95  0.86  0  3  1.46
 2  62.54  1.06  1  2  0.78
 2  67.05  0.86  1  2  0.73
 3  74.25  1.34  0  3  1.24
 3  77.47  0.96  0  3  2.95
 1  95.31  1.16  1  1  1.43
 2  73.90  0.71  0  2  3.91
 2  64.69  1.16  0  2 10.97
 0  82.58  0.40  0  1  4.65
 3  89.33  1.30  1  3  4.08
 0  74.25  0.23  0  0  1.29
 0  74.25  0.23  1  0  0.92
 2  69.02  1.00  1  2  0.97
 1  98.95  0.62  0  1  1.11
 0  67.44  0.33  1  2  2.06
 2  60.30  0.73  0  2  1.36
 1  99.70  0.84  1  1  1.07
 2  61.05  0.95  1  2  0.99
 3  67.44  1.24  1  3  3.32
 3  92.56  1.24  0  3  1.14
 1  92.95  0.86  1  1  1.83
 0  77.47  0.61  1  0  6.19
 3  77.42  1.17  0  3  1.14
 1  98.95  0.95  1  1  1.13
 0  77.47  0.61  0  3  4.16
 3  77.42  1.17  1  3  1.16
 2  73.90  0.86  1  3  1.47
 2  69.02  0.57  0  2  0.99
 3  82.58  1.17  1  3  1.14
 2  64.69  0.42  0  0  1.40
 2  61.05  0.62  0  2  0.88
 1  95.31  1.16  0  1  1.91
 1  97.46  0.51  1  1  1.05
 0  77.42  0.40  1  1  0.98
 2  67.05  0.71  1  2  1.20
 1  86.10  0.71  1  1  1.39
 3  81.94  1.37  0  3  1.05
 1  90.98  1.00  1  3  1.10
 2  67.05  0.71  0  2  1.01
 3  89.33  1.30  0  3  0.97
 0  78.06  0.21  1  0  1.16
 0  92.56  0.33  0  0  1.75
 3  82.58  1.17  0  3  3.37
 2  62.54  0.51  1  2  0.99
 2  69.02  0.57  1  2  0.96
 2  69.02  1.00  0  2  1.03
 3  67.44  1.24  0  2  0.97
 0  92.56  0.33  1  1  0.75
 3  87.33  1.11  1  3  0.96
 1  97.46  0.51  0  1  0.86
 3  78.06  1.37  0  3  0.98
 0  72.67  0.46  0  0  2.54
 2  64.69  1.16  1  2  0.86
 1  86.10  0.86  1  1  3.01
 3  82.53  0.96  1  3  1.03
 2  60.30  0.84  1  2  1.04
 3  92.56  1.24  1  3  0.96
 2  61.05  0.62  1  2  0.83
 2  60.30  0.84  0  2  0.95
 3  87.33  1.11  0  3  1.74
 0  89.33  0.27  1  0  1.37
 1  92.95  0.71  1  1  1.53
 1  97.46  1.06  1  1  1.31
 1  90.98  0.57  1  1  0.80
 3  82.53  0.96  0  1  2.75
 2  62.54  1.06  0  2  0.78
 0  82.53  0.61  1  1  0.95
 1  97.46  1.06  0  0  0.97
 3  72.67  1.11  0  2  0.72
 1  99.70  0.73  0  1  1.58
 3  77.47  0.96  1  3  2.21
 1  90.98  0.57  0  1  1.17
 1  98.95  0.62  1  1  1.36
 3  70.67  1.30  0  2  0.82
 3  70.67  1.30  1  2  0.98
 0  77.42  0.40  0  0  1.24
 0  70.67  0.27  1  0  0.99
 0  82.53  0.61  0  3  3.70
 2  73.90  0.71  1  0  0.69
 2  60.30  0.73  1  2  0.83
 0  87.33  0.46  1  1  1.13
 3  74.25  1.34  1  3  1.00
 0  85.75  0.23  1  0  2.52
 1  99.70  0.84  0  3  2.00
 1  86.10  0.86  0  1  0.70
 2  67.05  0.86  0  2  0.89
 1  95.31  0.42  0  1  1.21
 2  61.05  0.95  0  2  0.75
 3  81.94  1.37  1  3  1.12
 3  85.75  1.34  0  3  2.96
 2  64.69  0.42  1  2  0.97
 0  67.44  0.33  0  2  0.88
 1  98.95  0.95  0  1  2.68
 0  89.33  0.27  0  0  0.56
 2  62.54  0.51  0  2  0.98
 1  97.46  0.51  0  1  1.01
 1  99.70  0.84  0  1  0.97
 2  61.05  0.62  0  2  0.73
 1  95.31  1.16  1  3  1.69
 3  74.25  1.34  1  3  1.08
 3  70.67  1.30  0  3  1.07
 0  78.06  0.21  0  0  0.98
 3  82.58  1.17  1  3  1.68
 0  72.67  0.46  0  1  1.74
 3  77.42  1.17  0  3  1.67
 1  98.95  0.62  0  1  1.11
 3  82.53  0.96  0  1  2.17
 3  81.94  1.37  1  3  0.98
 0  74.25  0.23  1  0  1.07
 3  67.44  1.24  0  2  0.94
 1  86.10  0.71  0  3  3.83
 0  87.33  0.46  1  1  0.63
 3  92.56  1.24  0  3  0.86
 2  61.05  0.95  0  2  1.39
 3  82.53  0.96  1  3  1.75
 0  89.33  0.27  0  0  1.41
 3  72.67  1.11  1  2  0.89
 1  97.46  1.06  1  3  1.19
 0  74.25  0.23  0  0  1.60
 1  97.46  0.51  1  1  2.45
 0  70.67  0.27  1  0  1.30
 2  64.69  1.16  1  2  1.03
 1  95.31  0.42  1  1  1.41
 2  73.90  0.71  0  3  2.87
 3  78.06  1.37  1  2  1.62
 3  77.42  1.17  1  3  1.32
 2  61.05  0.95  1  2  0.89
 2  67.05  0.71  0  2  1.31
 2  62.54  0.51  1  2  0.88
 0  82.53  0.61  0  1  1.55
 0  87.33  0.46  0  0  0.97
 0  82.58  0.40  1  0  1.06
 1  95.31  1.16  0  3  1.17
 0  72.67  0.46  1  2  1.14
 2  69.02  0.57  1  2  0.87
 1  98.95  0.95  0  1  1.10
 0  85.75  0.23  0  0  1.20
 2  69.02  1.00  1  2  1.04
 1  97.46  1.06  0  3  1.40
 2  73.90  0.86  0  2  2.34
 3  85.75  1.34  0  3  0.95
 0  92.56  0.33  1  0  1.28
 2  64.69  0.42  1  2  2.09
 0  82.53  0.61  1  3  3.33
 0  78.06  0.21  1  0  0.60
 0  81.94  0.21  0  0  0.71
 3  89.33  1.30  1  3  1.04
 3  81.94  1.37  0  3  1.23
 3  87.33  1.11  1  3  0.88
 2  69.02  0.57  0  0  2.47
 2  69.02  1.00  0  2  0.89
 2  67.05  0.86  0  2  0.92
 2  62.54  1.06  0  2  0.93
 1  86.10  0.86  0  3  1.30
 0  67.44  0.33  1  0  1.16
 0  77.47  0.61  0  0  3.56
 0  77.42  0.40  1  0  0.67
 1  92.95  0.71  0  3  1.18
 0  92.56  0.33  0  0  1.20
 0  81.94  0.21  1  0  0.87
 0  77.42  0.40  0  0  0.83
 2  60.30  0.73  0  2  0.98
 1  90.98  1.00  1  3  0.93
 1  92.95  0.71  1  1  0.86
 0  70.67  0.27  0  0  1.77
 1  90.98  0.57  1  1  1.44
 3  67.44  1.24  1  2  0.84
 1  86.10  0.71  1  0  3.13
 2  73.90  0.71  1  2  0.96
 2  60.30  0.84  0  2  0.80
 2  61.05  0.62  1  2  0.88
 3  77.47  0.96  0  3  1.45
 2  67.05  0.71  1  2  1.73
 0  67.44  0.33  0  0  1.20
 0  77.47  0.61  1  0  2.66
 2  67.05  0.86  1  2  0.93
 2  64.69  1.16  0  3  1.77
 3  92.56  1.24  1  3  0.93
 2  64.69  0.42  0  0  1.18
 3  85.75  1.34  1  3  0.99
 0  89.33  0.27  1  0  1.08
 1  92.95  0.86  1  3  1.48
 1  99.70  0.73  1  1  1.43
 3  78.06  1.37  0  3  0.97
 2  62.54  1.06  1  2  1.55
 3  82.58  1.17  0  3  1.63
 0  85.75  0.23  1  0  1.72
 1  98.95  0.62  1  1  4.94
 2  60.30  0.73  1  2  0.78
 1  99.70  0.84  1  1  2.22
 1  95.31  0.42  0  0  0.97
 3  72.67  1.11  0  3  1.34
 3  87.33  1.11  0  3  0.74
 3  74.25  1.34  0  3  0.96
 2  60.30  0.84  1  2  0.79
 1  92.95  0.86  0  1  2.45
 1  90.98  0.57  0  1  1.94
 2  62.54  0.51  0  2  0.89
 3  70.67  1.30  1  3  1.03
 1  90.98  1.00  0  1  4.04
 1  99.70  0.73  0  1  0.98
 0  82.58  0.40  0  0  0.99
 1  86.10  0.86  1  3  3.41
 2  73.90  0.86  1  1  0.64
 3  89.33  1.30  0  3  1.01
 3  77.47  0.96  1  2  1.16
 1  98.95  0.95  1  1  3.64
 2  64.69  0.42  0  0  1.44
 2  60.30  0.84  0  2  0.85
 0  78.06  0.21  1  0  1.01
 1  98.95  0.62  0  1  0.86
 3  78.06  1.37  0  3  0.98
 2  67.05  0.86  0  2  1.39
 3  85.75  1.34  0  3  0.79
 2  67.05  0.86  1  2  0.91
 0  87.33  0.46  0  0  1.20
 1  95.31  1.16  1  3  1.05
 3  89.33  1.30  0  3  1.03
 1  98.95  0.95  1  1  0.85
 1  97.46  0.51  0  1  1.01
 2  69.02  1.00  1  2  0.94
 3  87.33  1.11  0  3  1.27
 2  69.02  1.00  0  2  0.82
 0  67.44  0.33  0  2  1.66
 0  89.33  0.27  1  0  0.92
 2  60.30  0.73  1  2  0.98
 3  74.25  1.34  1  3  0.92
 1  86.10  0.86  1  1  1.69
 1  92.95  0.86  1  1  0.92
 3  89.33  1.30  1  3  0.89
 0  87.33  0.46  1  0  1.08
 2  73.90  0.71  1  2  1.15
 3  78.06  1.37  1  3  0.88
 2  73.90  0.71  0  2  1.25
 1  99.70  0.84  0  1  1.15
 0  77.42  0.40  1  2  1.03
 1  90.98  1.00  0  3  0.80
 0  77.47  0.61  0  0  2.66
 0  85.75  0.23  0  0  0.94
 3  67.44  1.24  1  2  0.83
 1  92.95  0.86  0  1  1.18
 1  90.98  0.57  1  1  1.23
 2  73.90  0.86  1  2  0.79
 2  69.02  0.57  0  2  0.98
 2  61.05  0.62  0  2  0.77
 1  92.95  0.71  0  1  0.89
 2  67.05  0.71  1  2  1.12
 0  81.94  0.21  1  0  0.92
 3  82.53  0.96  0  3  0.97
 2  61.05  0.95  1  2  1.04
 1  86.10  0.71  0  0  3.55
 0  92.56  0.33  1  1  0.53
 3  87.33  1.11  1  3  2.09
 0  72.67  0.46  0  0  1.31
 0  74.25  0.23  1  0  1.41
 0  82.53  0.61  1  1  1.22
 0  82.58  0.40  1  0  0.60
 0  74.25  0.23  0  0  1.04
 0  70.67  0.27  1  0  0.79
 0  82.53  0.61  0  0  1.34
 2  64.69  1.16  1  2  0.87
 2  62.54  1.06  1  2  0.99
 2  67.05  0.71  0  2  1.10
 1  99.70  0.73  1  1  1.02
 3  85.75  1.34  1  3  1.09
 1  95.31  0.42  0  1  1.00
 1  95.31  1.16  0  3  0.93
 0  70.67  0.27  0  0  1.43
 0  85.75  0.23  1  0  0.80
 3  82.58  1.17  1  3  2.61
 3  81.94  1.37  1  3  0.62
 1  98.95  0.62  1  1  1.07
 1  86.10  0.71  1  1  1.57
 0  77.42  0.40  0  0  1.63
 0  82.58  0.40  0  1  1.11
 2  61.05  0.62  1  2  1.18
 3  82.53  0.96  1  3  1.46
 3  77.47  0.96  1  3  3.08
 3  67.44  1.24  0  2  0.89
 2  62.54  0.51  1  2  1.11
 2  62.54  0.51  0  2  1.09
 1  92.95  0.71  1  1  1.07
 0  77.47  0.61  1  1  0.95
 2  64.69  0.42  1  2  1.06
 2  64.69  1.16  0  2  0.93
 3  81.94  1.37  0  3  1.04
 1  98.95  0.95  0  1  0.91
 3  70.67  1.30  1  3  0.98
 2  69.02  0.57  1  2  1.64
 1  97.46  0.51  1  1  1.13
 1  99.70  0.84  1  1  1.46
 1  90.98  0.57  0  1  0.74
 3  92.56  1.24  1  3  1.21
 1  97.46  1.06  1  3  1.71
 3  70.67  1.30  0  2  0.98
 3  82.58  1.17  0  3  0.92
 2  60.30  0.84  1  2  0.91
 1  95.31  0.42  1  1  1.08
 1  90.98  1.00  1  3  1.33
 1  99.70  0.73  0  1  0.98
 0  72.67  0.46  1  0  1.14
 2  61.05  0.95  0  2  0.96
 2  73.90  0.86  0  2  1.35
 2  62.54  1.06  0  2  0.61
 0  67.44  0.33  1  0  1.20
 3  72.67  1.11  0  3  1.37
 3  77.42  1.17  1  3  0.89
 3  72.67  1.11  1  3  1.11
 3  74.25  1.34  0  3  1.03
 1  86.10  0.86  0  1  1.02
 0  78.06  0.21  0  0  1.06
 0  92.56  0.33  0  1  1.72
 3  77.42  1.17  0  3  0.98
 3  92.56  1.24  0  3  1.30
 1  97.46  1.06  0  3  1.04
 2  60.30  0.73  0  2  0.94
 0  81.94  0.21  0  0  0.95
 3  77.47  0.96  0  3  1.05
 0  89.33  0.27  0  0  1.22
 0  82.58  0.40  0  1  1.52
 1  97.46  1.06  0  3  1.20
 3  81.94  1.37  1  3  1.02
 3  85.75  1.34  0  3  0.98
 3  77.47  0.96  0  2  1.35
 2  61.05  0.62  0  2  0.91
 3  70.67  1.30  1  2  1.01
 2  61.05  0.95  0  2  0.88
 3  74.25  1.34  1  3  0.94
 1  99.70  0.84  0  1  1.03
 2  64.69  1.16  0  2  1.08
 3  89.33  1.30  1  3  0.99
 3  89.33  1.30  0  3  1.14
 1  95.31  1.16  1  3  1.13
 2  67.05  0.71  0  2  1.07
 1  98.95  0.62  1  1  0.93
 1  92.95  0.71  0  1  0.95
 1  90.98  0.57  0  1  0.89
 3  92.56  1.24  0  3  1.05
 1  90.98  1.00  1  1  1.56
 2  64.69  1.16  1  2  0.70
 1  92.95  0.71  1  1  1.02
 3  92.56  1.24  1  3  0.97
 3  67.44  1.24  0  2  0.80
 2  67.05  0.71  1  2  1.24
 3  77.42  1.17  1  3  0.99
 2  73.90  0.86  1  2  3.59
 2  60.30  0.84  1  2  0.54
 1  86.10  0.71  0  1  0.85
 0  81.94  0.21  0  0  0.64
 1  99.70  0.84  1  1  0.80
 0  82.53  0.61  1  1  0.70
 0  92.56  0.33  0  0  0.54
 2  69.02  0.57  1  2  1.11
 2  60.30  0.73  1  2  0.69
 1  97.46  0.51  1  1  0.85
 2  67.05  0.86  0  2  0.69
 1  95.31  1.16  0  3  0.79
 0  77.47  0.61  1  2  1.83
 2  69.02  1.00  0  2  0.77
 3  87.33  1.11  0  3  0.93
 3  78.06  1.37  0  3  0.92
 0  82.53  0.61  0  1  3.37
 0  89.33  0.27  0  0  1.01
 0  87.33  0.46  0  1  0.92
 3  72.67  1.11  1  2  1.27
 2  67.05  0.86  1  2  0.91
 0  77.42  0.40  1  0  1.63
 1  95.31  0.42  0  1  1.18
 3  77.47  0.96  1  3  1.07
 1  97.46  0.51  0  1  0.85
 0  87.33  0.46  1  1  0.80
 0  92.56  0.33  1  1  0.92
 2  60.30  0.73  0  2  0.75
 0  67.44  0.33  0  2  0.77
 0  74.25  0.23  0  0  0.75
 0  81.94  0.21  1  0  0.56
 0  67.44  0.33  1  2  0.70
 0  77.47  0.61  0  2  1.39
 2  62.54  0.51  1  2  0.87
 3  70.67  1.30  0  3  0.62
 1  95.31  0.42  1  1  1.11
 2  61.05  0.95  1  2  0.75
 0  78.06  0.21  0  0  0.80
 3  77.42  1.17  0  3  0.72
 2  64.69  0.42  0  2  0.68
 0  85.75  0.23  0  0  0.80
 3  82.58  1.17  0  3  0.68
 2  64.69  0.42  1  2  0.70
 1  99.70  0.73  1  1  0.92
 3  82.58  1.17  1  2  1.93
 2  60.30  0.84  0  2  0.57
 0  72.67  0.46  1  0  1.30
 1  86.10  0.86  0  1  1.83
 0  74.25  0.23  1  0  0.93
 0  77.42  0.40  0  0  1.60
 0  78.06  0.21  1  0  1.17
 1  86.10  0.71  1  1  4.59
 3  87.33  1.11  1  3  1.08
 3  85.75  1.34  1  3  0.56
 1  92.95  0.86  0  1  1.27
 1  98.95  0.62  0  1  0.64
 3  81.94  1.37  0  3  0.64
 2  62.54  1.06  1  2  0.62
 1  92.95  0.86  1  1  0.98
 3  82.53  0.96  0  3  1.67
 3  74.25  1.34  0  3  1.02
 3  78.06  1.37  1  3  2.40
 1  98.95  0.95  1  1  1.78
 2  73.90  0.71  0  2  1.05
 2  62.54  1.06  0  2  0.61
 1  97.46  1.06  1  3  1.22
 0  85.75  0.23  1  0  0.62
 1  90.98  1.00  0  3  1.04
 2  73.90  0.86  0  2  1.07
 0  89.33  0.27  1  0  1.09
 2  61.05  0.62  1  2  1.09
 0  70.67  0.27  0  0  1.27
 3  72.67  1.11  0  3  1.20
 1  99.70  0.73  0  1  1.95
 1  86.10  0.86  1  2  1.84
 1  98.95  0.95  0  3  1.60
 0  72.67  0.46  0  0  1.93
 1  90.98  0.57  1  1  1.18
 2  69.02  1.00  1  3  1.07
 2  73.90  0.71  1  2  1.38
 3  82.53  0.96  1  3  1.64
 3  67.44  1.24  1  3  1.16
 2  69.02  0.57  0  0  1.18
 2  62.54  0.51  0  2  0.86
 0  82.58  0.40  1  0  2.80
 0  70.67  0.27  1  0  1.26
