 3  64.69  0.42  1  2  5.72
 0  92.56  1.24  0  2 42.77
 1  62.54  0.51  0  3  6.25
 3  70.67  0.27  1  3 11.58
 0  98.95  0.95  0  0  6.69
 3  64.69  1.16  1  2  1.62
 2  97.46  0.51  1  3  2.74
 0  82.58  1.17  0  0 13.59
 3  69.02  1.00  1  3  7.52
 1  85.75  0.23  0  1  3.33
 2  99.70  0.73  1  2  2.12
 2  90.98  0.57  1  2  3.00
 0  90.98  1.00  0  3  5.41
 0  86.10  0.86  0  0  3.43
 1  62.54  1.06  0  0  2.12
 3  67.05  0.71  1  3  2.51
 3  72.67  0.46  1  3  2.04
 2  85.75  1.34  1  3  3.50
 1  73.90  0.86  0  0 11.99
 2  77.47  0.96  1  3  6.14
 3  82.58  0.40  1  2  6.07
 0  74.25  1.34  0  0  6.65
 1  82.58  0.40  0  2  4.09
 1  67.05  0.86  0  0  1.82
 1  67.44  0.33  0  1  3.13
 1  61.05  0.62  0  0  4.25
 2  97.46  1.06  1  2  2.21
 2  67.44  1.24  1  2  8.82
 0  89.33  1.30  0  0 28.63
 0  70.67  1.30  0  0 12.13
 1  69.02  0.57  0  0  7.20
 0  97.46  1.06  0  1  8.28
 0  82.53  0.96  0  1  5.42
 1  81.94  0.21  0  0  3.83
 3  67.44  0.33  1  3  5.26
 0  67.44  1.24  0  0  6.86
 1  74.25  0.23  0  1  3.16
 0  86.10  0.71  0  1  1.23
 1  92.56  0.33  0  0 10.92
 1  72.67  0.46  0  0  3.73
 0  95.31  1.16  0  1  2.14
 1  82.53  0.61  0  0  5.19
 3  61.05  0.62  1  3  3.27
 3  77.47  0.61  1  2  4.29
 2  70.67  1.30  1  2  1.22
 0  99.70  0.84  0  0  2.59
 3  92.56  0.33  1  2  4.08
 0  81.94  1.37  0  0  3.40
 1  78.06  0.21  0  1  9.97
 3  82.53  0.61  1  3  5.49
 2  82.53  0.96  1  3  2.33
 2  89.33  1.30  1  2  2.15
 0  77.47  0.96  0  0  2.96
 3  74.25  0.23  1  3  6.70
 0  95.31  0.42  0  1 11.91
 3  73.90  0.86  1  2  3.37
 0  98.95  0.62  0  0  6.98
 2  98.95  0.95  1  2  5.25
 0  87.33  1.11  0  1  3.41
 2  74.25  1.34  1  2  3.94
 3  61.05  0.95  1  3  4.66
 1  89.33  0.27  0  0  1.98
 3  60.30  0.84  1  3  1.96
 0  99.70  0.73  0  1  3.20
 2  98.95  0.62  1  2  1.90
 0  85.75  1.34  0  1  3.46
 2  87.33  1.11  1  2  5.31
 3  73.90  0.71  1  2  4.16
 2  78.06  1.37  1  2  1.73
 3  85.75  0.23  1  2  2.11
 0  97.46  0.51  0  0  3.72
 1  77.47  0.61  0  0  2.32
 1  69.02  1.00  0  0  4.60
 2  92.95  0.71  1  2  2.12
 2  92.95  0.86  1  2  1.51
 0  77.42  1.17  0  0  5.42
 2  77.42  1.17  1  2  4.46
 0  92.95  0.86  0  1  7.38
 2  92.56  1.24  1  3  6.12
 1  61.05  0.95  0  1  2.00
 2  90.98  1.00  1  2  2.55
 2  99.70  0.84  1  2  1.65
 2  72.67  1.11  1  3  1.20
 2  81.94  1.37  1  2  1.24
 2  86.10  0.86  1  3  3.12
 2  95.31  1.16  1  3  1.84
 1  77.42  0.40  0  1  2.09
 1  64.69  0.42  0  0  2.67
 3  62.54  1.06  1  0  0.86
 3  77.42  0.40  1  3  4.57
 1  67.05  0.71  0  0  3.90
 1  70.67  0.27  0  1  7.21
 2  86.10  0.71  1  0  1.00
 0  90.98  0.57  0  0  1.94
 0  72.67  1.11  0  1  3.12
 3  87.33  0.46  1  2  2.40
 3  78.06  0.21  1  3  1.00
 1  60.30  0.73  0  0  2.07
 3  81.94  0.21  1  3  1.97
 3  62.54  0.51  1  2  2.82
 2  95.31  0.42  1  3  1.29
 1  73.90  0.71  0  0  3.74
 3  89.33  0.27  1  1  1.85
 1  87.33  0.46  0  0  2.35
 2  82.58  1.17  1  3  2.73
 0  92.95  0.71  0  0  1.26
 1  60.30  0.84  0  0  3.54
 3  67.05  0.86  1  2  3.26
 3  60.30  0.73  1  3  1.48
 3  69.02  0.57  1  3  0.80
 1  64.69  1.16  0  0  2.93
 0  78.06  1.37  0  1  1.14
 2  90.98  0.57  1  2  9.61
 3  67.05  0.86  1  3 11.09
 1  77.42  0.40  0  1  9.23
 3  73.90  0.86  1  1  5.00
 2  95.31  1.16  1  3  5.49
 2  97.46  1.06  1  2  1.20
 3  62.54  1.06  1  2  3.52
 2  92.56  1.24  1  2  1.05
 2  77.47  0.96  1  2  4.56
 2  92.95  0.71  1  3  0.96
 0  82.58  1.17  0  0  3.01
 2  86.10  0.86  1  2  8.21
 3  78.06  0.21  1  3  0.89
 1  74.25  0.23  0  1  1.57
 1  81.94  0.21  0  1  1.48
 1  82.58  0.40  0  0  6.47
 3  62.54  0.51  1  3  3.41
 0  92.95  0.86  0  0  1.48
 0  99.70  0.84  0  0  1.17
 1  62.54  0.51  0  1  1.37
 0  92.95  0.71  0  0  0.79
 2  90.98  1.00  1  3  5.94
 3  60.30  0.84  1  3  2.82
 1  64.69  0.42  0  1  2.67
 1  73.90  0.71  0  1  2.02
 2  72.67  1.11  1  3  2.36
 1  78.06  0.21  0  1  3.06
 2  74.25  1.34  1  2  1.24
 3  72.67  0.46  1  3  1.31
 3  74.25  0.23  1  3  0.73
 3  67.05  0.71  1  2  5.16
 1  85.75  0.23  0  1  2.37
 1  67.05  0.86  0  1  5.66
 1  67.44  0.33  0  1  2.11
 3  92.56  0.33  1  2  1.89
 0  92.56  1.24  0  0  3.44
 0  90.98  0.57  0  0  2.77
 0  95.31  0.42  0  0  0.99
 3  81.94  0.21  1  1  0.73
 0  98.95  0.62  0  0  1.21
 0  89.33  1.30  0  0  2.48
 2  86.10  0.71  1  2  5.08
 3  70.67  0.27  1  3  0.95
 0  86.10  0.71  0  1  3.56
 1  64.69  1.16  0  0  1.87
 2  78.06  1.37  1  2  2.12
 3  82.58  0.40  1  3  5.34
 0  87.33  1.11  0  0  2.54
 3  64.69  1.16  1  2  2.37
 2  87.33  1.11  1  2  1.54
 2  99.70  0.73  1  2  1.89
 3  89.33  0.27  1  3  0.92
 3  87.33  0.46  1  3  1.13
 1  69.02  1.00  0  1  4.93
 2  97.46  0.51  1  0  1.06
 2  98.95  0.62  1  2  1.10
 1  60.30  0.73  0  1  1.55
 0  77.42  1.17  0  1  1.28
 1  70.67  0.27  0  1  0.86
 0  85.75  1.34  0  0  0.73
 2  99.70  0.84  1  2  1.43
 2  85.75  1.34  1  2  0.89
 1  89.33  0.27  0  1  2.59
 3  69.02  1.00  1  3  1.63
 0  81.94  1.37  0  0  1.92
 2  98.95  0.95  1  2  3.19
 0  98.95  0.95  0  0  1.68
 0  82.53  0.96  0  1  1.25
 0  74.25  1.34  0  0  1.20
 1  87.33  0.46  0  1  1.27
 1  62.54  1.06  0  1  0.87
 0  90.98  1.00  0  0  0.78
 3  82.53  0.61  1  3  2.18
 3  85.75  0.23  1  3  0.86
 3  64.69  0.42  1  2  2.13
 0  70.67  1.30  0  0  1.20
 0  77.47  0.96  0  1  4.65
 1  77.47  0.61  0  0  1.39
 0  97.46  0.51  0  1  1.15
 3  77.47  0.61  1  3  3.01
 3  67.44  0.33  1  3  0.74
 0  67.44  1.24  0  0  1.59
 2  82.58  1.17  1  0  1.31
 1  61.05  0.95  0  1  1.55
 1  61.05  0.62  0  1  1.75
 0  95.31  1.16  0  0  2.01
 3  61.05  0.62  1  3  3.21
 2  95.31  0.42  1  3  3.07
 3  73.90  0.71  1  3  0.90
 1  82.53  0.61  0  1  2.45
 2  81.94  1.37  1  2  1.48
 1  73.90  0.86  0  0  3.32
 0  78.06  1.37  0  0  1.00
 2  82.53  0.96  1  2  4.69
 2  89.33  1.30  1  2  0.91
 3  77.42  0.40  1  3  0.84
 3  69.02  0.57  1  3  2.40
 1  69.02  0.57  0  1  2.08
 2  67.44  1.24  1  0  0.91
 2  70.67  1.30  1  2  1.33
 1  67.05  0.71  0  1  1.39
 0  97.46  1.06  0  0  1.19
 0  86.10  0.86  0  0  1.35
 2  77.42  1.17  1  2  2.22
 0  99.70  0.73  0  0  1.32
 3  60.30  0.73  1  3  1.89
 2  92.95  0.86  1  2  1.28
 0  72.67  1.11  0  1  5.76
 1  72.67  0.46  0  1  1.18
 1  92.56  0.33  0  0  1.09
 1  60.30  0.84  0  0  2.25
 3  61.05  0.95  1  3  2.01
 0  95.31  0.42  0  1  5.24
 0  85.75  1.34  0  0  1.10
 1  67.05  0.71  0  1  1.31
 3  77.42  0.40  1  3  3.04
 3  92.56  0.33  1  3  3.60
 1  92.56  0.33  0  0  3.87
 2  82.58  1.17  1  2  1.70
 0  87.33  1.11  0  0  0.91
 0  72.67  1.11  0  1  1.61
 0  95.31  1.16  0  0  2.81
 0  92.95  0.86  0  0  1.55
 0  81.94  1.37  0  0  0.59
 3  78.06  0.21  1  3  1.91
 3  61.05  0.95  1  3  3.55
 0  92.56  1.24  0  0  1.58
 2  82.53  0.96  1  2  3.05
 2  85.75  1.34  1  2  1.44
 3  69.02  0.57  1  3  4.67
 1  74.25  0.23  0  1  3.29
 1  77.47  0.61  0  1  1.74
 1  64.69  1.16  0  0  1.15
 0  97.46  0.51  0  0  0.87
 3  72.67  0.46  1  3  4.63
 3  64.69  0.42  1  3  2.15
 3  67.05  0.71  1  3  1.36
 2  90.98  1.00  1  2  0.99
 2  92.56  1.24  1  2  1.00
 0  77.42  1.17  0  0  2.34
 1  67.05  0.86  0  1  1.38
 3  77.47  0.61  1  3  1.35
 2  77.42  1.17  1  2  1.04
 1  69.02  0.57  0  1  2.32
 3  82.53  0.61  1  3  1.23
 0  90.98  0.57  0  0  3.19
 3  69.02  1.00  1  2  2.35
 3  64.69  1.16  1  2  1.17
 1  62.54  1.06  0  1  2.03
 3  87.33  0.46  1  3  2.41
 1  78.06  0.21  0  1  1.26
 2  77.47  0.96  1  2  1.46
 1  77.42  0.40  0  1  1.25
 3  67.44  0.33  1  3  1.82
 0  90.98  1.00  0  0  4.59
 3  73.90  0.71  1  2  5.97
 0  86.10  0.71  0  1  2.63
 2  95.31  0.42  1  3  3.30
 1  89.33  0.27  0  1  1.56
 1  69.02  1.00  0  0  2.48
 2  92.95  0.71  1  2  1.45
 1  61.05  0.95  0  1  1.37
 1  60.30  0.73  0  1  2.59
 2  99.70  0.84  1  2  1.68
 3  73.90  0.86  1  3  1.43
 0  92.95  0.71  0  0  3.36
 0  67.44  1.24  0  0  1.19
 2  72.67  1.11  1  2  1.68
 3  62.54  0.51  1  3  1.47
 3  85.75  0.23  1  3  0.85
 2  92.95  0.86  1  2  1.55
 3  67.05  0.86  1  3  2.06
 3  62.54  1.06  1  2  4.06
 3  89.33  0.27  1  3  0.94
 2  78.06  1.37  1  2  0.72
 1  81.94  0.21  0  1  1.43
 0  86.10  0.86  0  0  2.94
 3  82.58  0.40  1  3  1.02
 0  82.58  1.17  0  0  2.30
 0  77.47  0.96  0  1  1.67
 0  99.70  0.73  0  0  1.55
 2  95.31  1.16  1  2  1.50
 1  82.53  0.61  0  1  2.67
 1  85.75  0.23  0  1  1.12
 2  97.46  1.06  1  2  2.13
 2  67.44  1.24  1  2  0.77
 2  90.98  0.57  1  2  1.45
 0  98.95  0.62  0  0  2.44
 1  60.30  0.84  0  1  1.03
 0  89.33  1.30  0  0  1.00
 1  61.05  0.62  0  1  1.02
 2  81.94  1.37  1  2  1.45
 0  97.46  1.06  0  0  1.43
 1  64.69  0.42  0  1  1.56
 2  98.95  0.62  1  3  1.67
 0  98.95  0.95  0  0  1.24
 2  86.10  0.86  1  3  1.08
 2  70.67  1.30  1  2  0.88
 3  74.25  0.23  1  3  0.66
 1  73.90  0.71  0  1  2.30
 1  70.67  0.27  0  1  0.72
 2  97.46  0.51  1  2  1.71
 2  98.95  0.95  1  2  0.78
 1  73.90  0.86  0  1  3.04
 0  78.06  1.37  0  0  0.70
 2  87.33  1.11  1  2  3.19
 3  60.30  0.73  1  3  1.48
 0  99.70  0.84  0  0  1.38
 2  99.70  0.73  1  2  1.29
 1  82.58  0.40  0  1  1.95
 2  89.33  1.30  1  2  1.07
 3  81.94  0.21  1  3  0.59
 1  62.54  0.51  0  1  1.82
 1  87.33  0.46  0  2  2.53
 2  74.25  1.34  1  2  1.03
 1  67.44  0.33  0  1  1.25
 1  72.67  0.46  0  1  1.71
 3  61.05  0.62  1  3  1.87
 0  70.67  1.30  0  0  1.70
 3  70.67  0.27  1  3  1.32
 3  60.30  0.84  1  3  1.10
 0  74.25  1.34  0  0  0.88
 2  86.10  0.71  1  2  1.10
 0  82.53  0.96  0  0  2.64
 0  86.10  0.86  0  0  2.25
 0  70.67  1.30  0  0  1.15
 0  74.25  1.34  0  0  1.23
 0  85.75  1.34  0  0  0.53
 2  77.42  1.17  1  2  2.93
 0  72.67  1.11  0  0  2.14
 1  67.05  0.71  0  1  1.31
 2  92.95  0.71  1  2  2.00
 3  69.02  1.00  1  3  2.68
 2  95.31  0.42  1  2  0.98
 0  97.46  1.06  0  0  1.23
 2  99.70  0.84  1  2  2.02
 1  73.90  0.86  0  1  1.92
 2  67.44  1.24  1  0  1.20
 1  78.06  0.21  0  1  1.52
 0  87.33  1.11  0  0  1.13
 2  70.67  1.30  1  2  0.92
 3  64.69  0.42  1  3  1.65
 3  60.30  0.84  1  3  1.02
 0  67.44  1.24  0  0  1.07
 1  77.47  0.61  0  1  3.47
 2  90.98  0.57  1  2  2.57
 2  95.31  1.16  1  2  1.93
 0  92.95  0.86  0  0  1.18
 3  73.90  0.71  1  3  1.72
 1  74.25  0.23  0  1  1.39
 0  95.31  1.16  0  0  1.56
 3  85.75  0.23  1  3  1.63
 1  82.58  0.40  0  0  3.75
 2  97.46  0.51  1  2  1.74
 0  78.06  1.37  0  0  1.92
 0  95.31  0.42  0  0  0.83
 2  77.47  0.96  1  2  3.45
 2  85.75  1.34  1  2  0.76
 0  89.33  1.30  0  0  1.22
 3  72.67  0.46  1  3  1.79
 3  62.54  0.51  1  3  1.60
 0  81.94  1.37  0  0  1.38
 3  92.56  0.33  1  3  1.44
 3  82.58  0.40  1  3  1.59
 1  62.54  0.51  0  1  1.51
 0  77.42  1.17  0  0  0.94
 0  98.95  0.95  0  0  1.11
 1  70.67  0.27  0  1  0.72
 3  67.05  0.86  1  3  1.64
 1  60.30  0.73  0  1  1.62
 1  89.33  0.27  0  1  1.28
 0  92.95  0.71  0  0  1.26
 1  67.05  0.86  0  1  2.02
 0  90.98  0.57  0  0  2.01
 1  64.69  0.42  0  1  1.24
 3  60.30  0.73  1  3  2.75
 0  99.70  0.73  0  0  1.19
 2  82.53  0.96  1  2 10.10
 3  89.33  0.27  1  3  1.37
 3  73.90  0.86  1  3  1.18
 1  61.05  0.62  0  1  1.45
 3  67.44  0.33  1  3  1.54
 3  74.25  0.23  1  3  0.80
 1  92.56  0.33  0  0  1.62
 3  67.05  0.71  1  3  1.14
 0  90.98  1.00  0  0  0.96
 2  74.25  1.34  1  2  2.15
 1  85.75  0.23  0  1  1.87
 3  82.53  0.61  1  2  4.28
 0  99.70  0.84  0  0  1.09
 1  69.02  1.00  0  1  1.10
 3  78.06  0.21  1  3  1.13
 3  81.94  0.21  1  3  0.59
 0  98.95  0.62  0  0  0.97
 1  72.67  0.46  0  1  1.38
 3  87.33  0.46  1  2  4.42
 0  82.58  1.17  0  0  2.49
 3  70.67  0.27  1  3  1.42
 3  61.05  0.95  1  3  1.38
 2  86.10  0.86  1  2  4.57
 2  78.06  1.37  1  2  0.70
 2  89.33  1.30  1  2  0.56
 1  64.69  1.16  0  0  1.39
 2  81.94  1.37  1  2  1.23
 2  87.33  1.11  1  2  3.01
 1  60.30  0.84  0  1  0.98
 2  92.95  0.86  1  2  1.53
 1  61.05  0.95  0  1  1.99
 1  82.53  0.61  0  0  1.49
 1  69.02  0.57  0  1  0.95
 3  69.02  0.57  1  3  2.52
 2  97.46  1.06  1  2  1.26
 1  81.94  0.21  0  1  1.28
 3  77.47  0.61  1  1  1.23
 2  82.58  1.17  1  2  1.29
 3  62.54  1.06  1  3  1.99
 1  62.54  1.06  0  1  1.54
 2  72.67  1.11  1  3  1.85
 3  77.42  0.40  1  3  1.00
 0  77.47  0.96  0  0  2.23
 1  77.42  0.40  0  1  1.85
 0  86.10  0.71  0  0  1.03
 0  97.46  0.51  0  0  0.70
 3  64.69  1.16  1  2  1.17
 2  98.95  0.62  1  2  0.95
 2  90.98  1.00  1  2  1.20
 0  82.53  0.96  0  0  1.54
 2  92.56  1.24  1  0  0.83
 3  61.05  0.62  1  3  1.59
 2  86.10  0.71  1  2  1.00
 1  67.44  0.33  0  1  1.24
 2  99.70  0.73  1  2  1.74
 1  87.33  0.46  0  0  2.01
 1  73.90  0.71  0  1  1.32
 2  98.95  0.95  1  2  1.49
 0  92.56  1.24  0  0  1.06
 2  90.98  0.57  1  2  4.96
 0  78.06  1.37  0  0  1.26
 1  60.30  0.84  0  1  1.33
 2  74.25  1.34  1  2  1.31
 1  92.56  0.33  0  1  2.08
 1  69.02  1.00  0  1  1.54
 0  77.42  1.17  0  0  1.28
 0  99.70  0.73  0  0  1.06
 3  67.05  0.71  1  3  1.50
 0  89.33  1.30  0  0  1.21
 1  61.05  0.95  0  1  1.30
 3  67.44  0.33  1  3  1.48
 1  61.05  0.62  0  1  1.77
 1  70.67  0.27  0  1  1.32
 3  67.05  0.86  1  3  5.47
 0  95.31  1.16  0  0  1.36
 2  82.53  0.96  1  2  5.37
 0  87.33  1.11  0  0  1.92
 1  64.69  1.16  0  1  0.89
 2  70.67  1.30  1  2  2.03
 0  86.10  0.71  0  0  3.59
 3  70.67  0.27  1  3  1.61
 2  87.33  1.11  1  2  2.64
 0  82.58  1.17  0  0  1.39
 3  62.54  0.51  1  3  2.57
 1  82.58  0.40  0  0  2.87
 2  78.06  1.37  1  2  1.29
 0  90.98  0.57  0  0  1.01
 0  67.44  1.24  0  0  1.51
 2  86.10  0.71  1  2  1.44
 0  70.67  1.30  0  0  1.20
 0  90.98  1.00  0  0  1.14
 0  82.53  0.96  0  0  3.34
 3  92.56  0.33  1  3  1.52
 1  72.67  0.46  0  1  3.04
 1  87.33  0.46  0  0  1.34
 3  82.58  0.40  1  3  2.31
 2  85.75  1.34  1  2  0.95
 3  87.33  0.46  1  3  1.52
 3  73.90  0.86  1  3  1.09
 1  81.94  0.21  0  1  1.03
 1  67.44  0.33  0  1  0.86
 1  77.47  0.61  0  1  1.03
 0  81.94  1.37  0  0  1.05
 3  60.30  0.73  1  3  1.55
 1  62.54  0.51  0  1  1.18
 2  97.46  1.06  1  2  1.01
 0  97.46  1.06  0  0  1.24
 3  60.30  0.84  1  3  1.95
 1  82.53  0.61  0  1  1.86
 0  72.67  1.11  0  1  2.44
 2  92.95  0.71  1  0  1.07
 3  77.42  0.40  1  3  1.23
 3  73.90  0.71  1  3  1.45
 3  85.75  0.23  1  3  0.80
 0  99.70  0.84  0  0  1.08
 2  97.46  0.51  1  2  1.46
 2  82.58  1.17  1  2  0.86
 0  92.95  0.71  0  1  1.48
 2  99.70  0.84  1  2  3.22
 1  73.90  0.86  0  1  1.68
 3  81.94  0.21  1  3  1.51
 1  64.69  0.42  0  1  1.98
 0  92.56  1.24  0  0  1.14
 1  89.33  0.27  0  1  1.15
 1  78.06  0.21  0  1  1.20
 3  69.02  0.57  1  3  1.09
 1  73.90  0.71  0  1  2.30
 3  89.33  0.27  1  3  1.10
 2  81.94  1.37  1  2  1.22
 2  86.10  0.86  1  2  4.59
 1  77.42  0.40  0  1  1.58
 2  77.47  0.96  1  2  5.47
 1  67.05  0.86  0  1  2.36
 2  77.42  1.17  1  0  0.86
 1  69.02  0.57  0  1  1.32
 3  61.05  0.95  1  3  2.83
 1  74.25  0.23  0  1  1.01
 2  89.33  1.30  1  2  1.65
 3  82.53  0.61  1  3  1.67
 3  62.54  1.06  1  2  2.02
 0  85.75  1.34  0  0  1.08
 3  64.69  1.16  1  3  4.58
 2  72.67  1.11  1  3  4.40
 1  62.54  1.06  0  1  2.21
 1  85.75  0.23  0  1  0.93
 3  69.02  1.00  1  0  2.87
 3  74.25  0.23  1  3  1.18
 0  97.46  0.51  0  1  6.56
 1  67.05  0.71  0  1  1.03
 2  92.56  1.24  1  0  2.29
 1  60.30  0.73  0  1  1.23
 0  95.31  0.42  0  0  3.39
 2  90.98  1.00  1  2  1.92
 2  92.95  0.86  1  2  1.38
 2  98.95  0.62  1  3  1.09
 2  95.31  0.42  1  3  0.67
 2  98.95  0.95  1  2  0.84
 2  99.70  0.73  1  2  1.17
 3  64.69  0.42  1  3  0.70
 3  72.67  0.46  1  3  0.75
 0  92.95  0.86  0  0  1.76
 3  61.05  0.62  1  1  0.72
 3  78.06  0.21  1  3  1.01
 3  77.47  0.61  1  3  0.98
 0  74.25  1.34  0  0  1.00
 2  95.31  1.16  1  2  1.92
 0  98.95  0.95  0  0  1.41
 0  77.47  0.96  0  1  0.97
 0  98.95  0.62  0  0  0.99
 0  86.10  0.86  0  1  1.57
 2  67.44  1.24  1  2  1.06
