 1  95.31  1.16  1  0  2.60
 2  73.90  0.86  1  0  4.12
 0  87.33  0.46  1  3  3.51
 1  92.95  0.86  1  1  1.76
 3  82.58  1.17  1  1  1.09
 0  74.25  0.23  0  2  5.09
 0  89.33  0.27  0  0  1.29
 1  95.31  0.42  1  0  0.82
 1  97.46  1.06  0  0  2.45
 1  99.70  0.84  1  0  1.04
 2  73.90  0.71  0  0  3.37
 3  77.42  1.17  0  2  1.27
 3  74.25  1.34  0  3  1.15
 1  92.95  0.86  0  0  1.12
 2  67.05  0.86  1  2  2.71
 2  61.05  0.62  0  2  1.29
 3  92.56  1.24  1  0  1.38
 0  89.33  0.27  1  0  2.63
 2  64.69  1.16  1  2  2.21
 3  85.75  1.34  0  1  2.16
 0  77.47  0.61  1  1  2.31
 2  62.54  1.06  0  2  2.82
 2  60.30  0.73  1  2  1.14
 3  67.44  1.24  0  2  1.64
 2  67.05  0.71  0  3  3.00
 0  72.67  0.46  0  1  1.45
 1  99.70  0.73  1  1  1.59
 1  97.46  0.51  1  1  0.67
 3  81.94  1.37  0  0  2.63
 3  72.67  1.11  1  3  1.32
 3  87.33  1.11  1  0  3.69
 0  67.44  0.33  0  2  1.82
 2  62.54  0.51  0  2  1.13
 3  82.53  0.96  0  1  3.83
 1  86.10  0.86  1  3  1.83
 1  90.98  1.00  0  1  1.52
 3  82.53  0.96  1  2  1.69
 1  98.95  0.95  0  1  1.58
 2  61.05  0.62  1  2  1.66
 3  92.56  1.24  0  0  1.93
 1  86.10  0.86  0  1  2.33
 1  99.70  0.84  0  1  1.95
 2  61.05  0.95  0  2  1.14
 0  81.94  0.21  0  3  2.46
 1  86.10  0.71  1  1  1.51
 0  78.06  0.21  0  0  1.99
 3  77.47  0.96  1  2  1.04
 2  73.90  0.71  1  2  1.29
 1  97.46  0.51  0  1  1.39
 2  64.69  0.42  0  2  1.35
 3  77.42  1.17  1  3  2.19
 0  82.53  0.61  0  1  2.57
 2  61.05  0.95  1  2  1.06
 0  85.75  0.23  0  0  2.50
 0  67.44  0.33  1  2  1.01
 3  82.58  1.17  0  0  4.20
 2  69.02  0.57  1  2  1.24
 1  90.98  0.57  1  1  1.32
 3  87.33  1.11  0  3  2.68
 2  69.02  0.57  0  2  1.03
 2  60.30  0.73  0  2  1.06
 3  70.67  1.30  1  2  2.24
 0  92.56  0.33  0  1  1.10
 3  78.06  1.37  0  3  2.66
 0  70.67  0.27  1  0  2.89
 0  81.94  0.21  1  1  1.65
 3  89.33  1.30  0  0  1.21
 0  92.56  0.33  1  1  1.52
 2  64.69  1.16  0  2  0.98
 2  69.02  1.00  0  2  0.90
 1  92.95  0.71  1  1  1.54
 2  60.30  0.84  0  2  1.08
 0  85.75  0.23  1  0  2.11
 0  77.42  0.40  0  0  1.61
 0  77.47  0.61  0  0  1.64
 0  82.58  0.40  0  0  1.35
 0  87.33  0.46  0  0  1.14
 3  77.47  0.96  0  3  2.57
 1  99.70  0.73  0  1  1.84
 3  72.67  1.11  0  3  1.08
 1  98.95  0.95  1  3  2.80
 0  82.53  0.61  1  0  2.08
 3  78.06  1.37  1  2  1.27
 2  60.30  0.84  1  2  0.57
 1  90.98  1.00  1  3  2.08
 2  67.05  0.86  0  2  1.50
 3  81.94  1.37  1  3  2.17
 3  67.44  1.24  1  2  2.26
 1  98.95  0.62  1  1  2.10
 0  78.06  0.21  1  0  1.85
 2  64.69  0.42  1  2  1.14
 0  70.67  0.27  0  2  1.15
 3  70.67  1.30  0  3  2.27
 0  82.58  0.40  1  0  3.55
 0  72.67  0.46  1  0  0.85
 1  95.31  0.42  0  1  1.36
 2  67.05  0.71  1  2  0.98
 1  92.95  0.71  0  1  3.12
 0  77.42  0.40  1  0  1.50
 3  74.25  1.34  1  2  1.17
 2  69.02  1.00  1  3  0.63
 3  89.33  1.30  1  3  1.81
 1  97.46  1.06  1  1  2.07
 1  86.10  0.71  0  1  1.12
 1  98.95  0.62  0  1  1.75
 0  74.25  0.23  1  0  1.83
 2  62.54  0.51  1  2  0.91
 1  95.31  1.16  0  3  1.99
 2  73.90  0.86  0  0  4.38
 2  62.54  1.06  1  2  1.02
 3  85.75  1.34  1  3  0.97
 1  90.98  0.57  0  1  4.63
 1  92.95  0.71  0  1  2.70
 0  72.67  0.46  1  0  1.94
 1  90.98  0.57  1  1  1.41
 2  73.90  0.71  1  2  0.56
 3  92.56  1.24  1  3  1.02
 3  85.75  1.34  1  3  0.93
 2  69.02  0.57  0  2  0.90
 1  86.10  0.86  0  1  3.57
 2  61.05  0.62  0  2  0.76
 2  61.05  0.95  0  2  0.68
 3  70.67  1.30  0  3  4.59
 3  82.58  1.17  0  3  2.15
 3  82.58  1.17  1  3  1.28
 2  67.05  0.86  0  2  1.29
 2  61.05  0.62  1  2  0.71
 0  85.75  0.23  0  1  2.69
 0  72.67  0.46  0  0  2.69
 2  73.90  0.86  0  1  4.17
 1  95.31  1.16  1  3  1.29
 0  89.33  0.27  1  1  2.44
 0  87.33  0.46  1  0  1.20
 1  86.10  0.86  1  1  1.69
 3  78.06  1.37  1  3  1.51
 3  81.94  1.37  1  3  1.26
 3  70.67  1.30  1  2  1.11
 2  62.54  0.51  0  2  1.11
 1  95.31  0.42  0  1  1.67
 1  90.98  0.57  0  1  1.91
 0  70.67  0.27  1  2  1.34
 2  60.30  0.73  0  2  0.69
 3  81.94  1.37  0  3  0.77
 3  77.47  0.96  0  2  4.61
 0  77.47  0.61  0  3  4.39
 3  77.47  0.96  1  0  3.00
 1  95.31  0.42  1  1  1.13
 0  82.53  0.61  1  0  1.96
 1  99.70  0.73  1  1  1.54
 1  90.98  1.00  0  3  2.22
 0  87.33  0.46  0  1  1.95
 0  74.25  0.23  0  0  3.01
 1  97.46  0.51  0  1  0.92
 1  99.70  0.73  0  1  2.76
 2  67.05  0.71  1  2  0.81
 1  86.10  0.71  1  0  4.76
 0  82.53  0.61  0  1  1.39
 0  77.47  0.61  1  0  0.89
 3  72.67  1.11  0  3  1.39
 1  97.46  0.51  1  1  3.18
 1  90.98  1.00  1  3  2.35
 3  77.42  1.17  0  3  1.83
 1  97.46  1.06  0  3  1.53
 3  67.44  1.24  1  2  0.98
 1  98.95  0.95  1  1  1.62
 1  92.95  0.86  0  1  1.08
 2  61.05  0.95  1  2  0.80
 1  95.31  1.16  0  3  1.11
 2  60.30  0.73  1  2  0.97
 2  62.54  1.06  0  2  0.72
 1  86.10  0.71  0  1  6.93
 2  69.02  1.00  1  3  2.52
 3  89.33  1.30  0  3  1.00
 1  98.95  0.95  0  1  0.88
 3  74.25  1.34  1  3  1.61
 3  87.33  1.11  0  3  1.44
 2  64.69  0.42  1  2  2.43
 0  82.58  0.40  1  0  1.74
 3  74.25  1.34  0  3  1.55
 0  77.42  0.40  1  1  2.14
 1  98.95  0.62  0  1  0.70
 2  60.30  0.84  1  2  0.94
 0  67.44  0.33  0  0  1.56
 2  69.02  0.57  1  0  2.47
 2  64.69  1.16  1  3  2.28
 0  82.58  0.40  0  1  1.46
 1  99.70  0.84  1  1  1.07
 3  67.44  1.24  0  3  1.22
 3  89.33  1.30  1  3  3.71
 1  97.46  1.06  1  1  1.83
 0  74.25  0.23  1  0  1.29
 3  82.53  0.96  1  1  1.76
 0  77.42  0.40  0  0  2.38
 1  99.70  0.84  0  1  0.85
 2  73.90  0.71  0  2  3.46
 2  67.05  0.71  0  2  0.89
 2  64.69  1.16  0  3  1.86
 3  85.75  1.34  0  3  1.13
 0  85.75  0.23  1  0  2.31
 0  67.44  0.33  1  0  3.27
 0  81.94  0.21  1  1  1.49
 2  64.69  0.42  0  2  1.90
 2  73.90  0.86  1  0  3.25
 1  92.95  0.71  1  1  1.04
 2  60.30  0.84  0  2  1.03
 3  77.42  1.17  1  3  1.28
 0  81.94  0.21  0  0  1.23
 2  62.54  1.06  1  2  1.37
 2  67.05  0.86  1  2  1.92
 2  62.54  0.51  1  2  0.77
 1  92.95  0.86  1  1  1.00
 0  78.06  0.21  0  0  1.01
 0  70.67  0.27  0  0  1.10
 0  78.06  0.21  1  0  0.85
 0  89.33  0.27  0  1  0.74
 3  82.53  0.96  0  0  2.80
 3  78.06  1.37  0  3  1.11
 3  92.56  1.24  0  1  1.93
 3  87.33  1.11  1  1  1.74
 1  98.95  0.62  1  1  1.18
 0  92.56  0.33  1  1  1.71
 0  92.56  0.33  0  1  1.92
 3  72.67  1.11  1  2  1.10
 2  69.02  1.00  0  2  1.12
 2  62.54  1.06  0  2  1.61
 3  87.33  1.11  1  1  1.48
 2  61.05  0.95  0  2  1.02
 3  89.33  1.30  0  3  1.77
 3  85.75  1.34  0  3  0.84
 3  77.47  0.96  1  0  3.59
 0  85.75  0.23  1  1  2.15
 1  95.31  0.42  0  1  0.70
 2  62.54  0.51  1  2  0.83
 0  77.47  0.61  1  0  2.19
 0  77.42  0.40  1  0  0.82
 1  99.70  0.84  1  1  0.82
 3  85.75  1.34  1  3  1.14
 3  87.33  1.11  0  3  0.85
 3  67.44  1.24  1  2  1.62
 0  70.67  0.27  1  0  2.16
 3  82.58  1.17  1  3  1.71
 0  92.56  0.33  0  1  1.89
 1  98.95  0.95  1  1  1.01
 1  92.95  0.86  1  1  1.00
 2  73.90  0.86  1  2  2.35
 1  90.98  1.00  0  1  3.77
 1  98.95  0.95  0  3  3.97
 2  62.54  1.06  1  2  0.86
 0  72.67  0.46  1  0  1.81
 3  81.94  1.37  0  3  1.09
 1  99.70  0.73  0  1  7.81
 1  98.95  0.62  0  1  2.82
 2  69.02  1.00  1  2  1.32
 3  82.53  0.96  0  2  2.54
 3  72.67  1.11  0  2  1.98
 3  77.42  1.17  1  3  1.93
 0  82.53  0.61  0  0  4.03
 0  82.53  0.61  1  0  1.14
 0  67.44  0.33  1  0  1.66
 0  81.94  0.21  1  0  1.29
 0  87.33  0.46  0  0  1.68
 2  61.05  0.62  0  2  1.29
 0  77.42  0.40  0  0  2.16
 0  77.47  0.61  0  0  1.87
 0  82.58  0.40  1  0  1.57
 2  73.90  0.71  0  0  2.06
 3  82.58  1.17  0  3  1.15
 1  92.95  0.71  1  1  2.82
 1  90.98  1.00  1  1  2.10
 3  77.47  0.96  0  3  1.31
 1  95.31  1.16  1  3  1.71
 1  92.95  0.86  0  1  1.07
 1  95.31  1.16  0  1  1.79
 3  67.44  1.24  0  3  1.81
 0  72.67  0.46  0  0  2.07
 0  70.67  0.27  0  0  0.97
 0  74.25  0.23  0  0  0.84
 0  78.06  0.21  0  0  0.84
 3  74.25  1.34  1  3  1.11
 0  82.58  0.40  0  0  1.50
 0  92.56  0.33  1  1  2.03
 1  99.70  0.73  1  1  0.78
 1  86.10  0.71  0  0  2.04
 3  74.25  1.34  0  3  2.13
 3  70.67  1.30  1  2  0.97
 3  72.67  1.11  1  3  0.79
 0  85.75  0.23  0  0  1.48
 2  67.05  0.71  0  2  1.02
 2  61.05  0.62  1  2  0.60
 2  69.02  1.00  0  3  1.67
 2  60.30  0.84  0  2  0.73
 2  62.54  0.51  0  2  2.01
 3  78.06  1.37  1  3  0.86
 0  74.25  0.23  1  0  1.40
 3  77.42  1.17  0  3  1.40
 2  73.90  0.71  1  3  1.55
 2  60.30  0.84  1  2  0.60
 0  87.33  0.46  1  1  1.55
 1  86.10  0.86  0  0  2.78
 2  64.69  0.42  1  2  1.06
 0  89.33  0.27  1  0  2.44
 2  61.05  0.95  1  2  0.96
 1  92.95  0.71  0  0  2.16
 2  69.02  0.57  0  2  0.88
 2  60.30  0.73  0  2  0.66
 1  99.70  0.84  0  1  1.24
 0  78.06  0.21  1  0  1.10
 1  86.10  0.86  1  0  1.71
 2  60.30  0.73  1  2  0.67
 1  90.98  0.57  1  1  1.49
 2  67.05  0.71  1  2  0.65
 0  67.44  0.33  0  2  0.68
 1  90.98  0.57  0  1  0.91
 2  64.69  1.16  1  2  0.66
 2  67.05  0.86  0  2  0.66
 3  92.56  1.24  0  3  2.42
 2  64.69  1.16  0  2  0.77
 1  97.46  0.51  1  1  0.85
 1  97.46  1.06  1  1  0.70
 3  70.67  1.30  0  2  1.27
 3  92.56  1.24  1  3  1.78
 3  89.33  1.30  1  3  0.87
 0  89.33  0.27  0  1  1.78
 1  86.10  0.71  1  1  1.55
 2  64.69  0.42  0  2  0.85
 1  98.95  0.62  1  1  0.89
 1  97.46  1.06  0  1  0.79
 3  81.94  1.37  1  3  0.95
 1  97.46  0.51  0  1  1.07
 1  95.31  0.42  1  1  0.62
 0  81.94  0.21  0  0  1.66
 2  69.02  0.57  1  2  1.10
 3  82.53  0.96  1  0  1.99
 2  67.05  0.86  1  2  1.04
 3  78.06  1.37  0  3  1.69
 2  73.90  0.86  0  2  1.91
 1  98.95  0.95  1  1  1.31
 2  64.69  0.42  1  2  1.06
 2  61.05  0.95  1  2  0.68
 1  99.70  0.84  1  1  0.70
 2  64.69  1.16  1  2  0.60
 2  69.02  0.57  1  2  1.03
 1  95.31  1.16  0  1  1.95
 3  78.06  1.37  1  2  0.66
 1  95.31  0.42  1  1  0.67
 0  77.42  0.40  0  0  1.06
 0  85.75  0.23  0  0  1.00
 0  72.67  0.46  0  0  0.90
 0  81.94  0.21  1  0  0.70
 0  78.06  0.21  0  0  0.51
 1  90.98  1.00  0  1  1.27
 0  70.67  0.27  0  2  0.81
 1  86.10  0.71  0  1  1.44
 2  61.05  0.62  0  2  0.72
 3  77.47  0.96  1  2  1.05
 2  62.54  0.51  0  2  0.67
 3  77.47  0.96  0  3  0.80
 0  82.58  0.40  1  0  1.69
 0  89.33  0.27  0  1  0.72
 3  72.67  1.11  1  2  0.99
 0  82.58  0.40  0  0  2.03
 3  82.58  1.17  1  3  1.21
 2  73.90  0.71  0  2  0.82
 1  95.31  1.16  1  3  0.69
 0  81.94  0.21  0  0  0.90
 1  90.98  0.57  1  1  0.94
 3  72.67  1.11  0  2  1.13
 0  77.47  0.61  1  2  0.85
 2  64.69  0.42  0  2  0.52
 1  98.95  0.62  0  1  0.76
 3  87.33  1.11  1  3  1.18
 3  74.25  1.34  1  2  0.80
 3  82.58  1.17  0  3  1.89
 2  64.69  1.16  0  2  0.95
 1  92.95  0.86  1  1  0.80
 0  72.67  0.46  1  0  0.66
 2  69.02  1.00  0  2  1.11
 2  73.90  0.71  1  0  1.61
 2  69.02  1.00  1  2  0.66
 2  62.54  1.06  0  2  0.47
 2  62.54  0.51  1  2  0.54
 1  90.98  1.00  1  1  0.87
 0  92.56  0.33  1  1  1.02
 1  86.10  0.86  1  1  1.94
 0  92.56  0.33  0  1  0.62
 2  73.90  0.86  0  0  2.76
 1  98.95  0.95  0  1  0.94
 0  77.42  0.40  1  0  1.14
 3  78.06  1.37  0  3  1.47
 2  62.54  1.06  1  2  0.81
 1  90.98  0.57  0  1  2.41
 3  87.33  1.11  0  3  1.10
 3  74.25  1.34  0  3  1.38
 2  61.05  0.62  1  2  0.73
 0  74.25  0.23  1  0  1.09
 2  60.30  0.73  0  2  0.97
 2  60.30  0.73  1  2  0.65
 1  92.95  0.71  0  1  1.05
 2  60.30  0.84  0  2  0.71
 0  67.44  0.33  0  0  2.38
 3  85.75  1.34  1  3  1.25
 1  97.46  1.06  1  1  1.02
 3  89.33  1.30  0  3  0.86
 0  78.06  0.21  1  0  1.01
 2  60.30  0.84  1  2  0.83
 1  98.95  0.62  1  1  0.78
 1  99.70  0.73  0  1  0.67
 2  61.05  0.95  0  2  0.75
 0  87.33  0.46  0  0  1.73
 0  87.33  0.46  1  0  1.77
 0  74.25  0.23  0  0  0.93
 3  77.42  1.17  0  3  1.89
 1  92.95  0.71  1  1  0.87
 3  67.44  1.24  0  2  0.73
 3  77.42  1.17  1  3  0.87
 1  86.10  0.71  1  1  3.48
 3  70.67  1.30  0  2  0.79
 2  67.05  0.71  1  2  0.54
 1  97.46  0.51  0  1  1.14
 2  69.02  0.57  0  2  0.67
 1  97.46  0.51  1  1  0.62
 3  92.56  1.24  1  3  1.18
 0  67.44  0.33  1  2  0.89
 0  82.53  0.61  0  0  2.18
 0  70.67  0.27  1  0  0.82
 2  67.05  0.86  0  2  1.14
 3  85.75  1.34  0  3  0.96
 2  73.90  0.86  1  2  1.61
 0  82.53  0.61  1  0  1.03
 3  92.56  1.24  0  3  1.37
 1  99.70  0.84  0  1  1.43
 1  95.31  0.42  0  1  0.98
 3  81.94  1.37  1  3  0.73
 3  82.53  0.96  1  3  0.82
 1  97.46  1.06  0  1  0.95
 3  67.44  1.24  1  2  0.80
 0  85.75  0.23  1  0  1.38
 3  81.94  1.37  0  3  0.75
 0  77.47  0.61  0  0  1.46
 3  70.67  1.30  1  2  0.87
 1  86.10  0.86  0  0  1.02
 0  89.33  0.27  1  1  0.79
 3  89.33  1.30  1  3  1.25
 3  82.53  0.96  0  3  0.71
 2  67.05  0.71  0  2  0.64
 2  67.05  0.86  1  2  0.53
 1  92.95  0.86  0  1  1.01
 1  99.70  0.73  1  1  0.77
 2  69.02  0.57  0  2  1.64
 3  72.67  1.11  1  2  0.71
 3  87.33  1.11  0  3  1.22
 1  90.98  0.57  0  1  0.97
 3  70.67  1.30  1  2  0.92
 0  87.33  0.46  0  0  1.52
 1  86.10  0.71  0  0  0.96
 0  74.25  0.23  0  0  0.80
 0  67.44  0.33  1  2  1.07
 0  82.58  0.40  1  0  1.39
 1  95.31  0.42  1  1  0.85
 3  82.53  0.96  1  3  2.89
 0  72.67  0.46  1  2  1.63
 2  60.30  0.84  1  2  0.91
 1  98.95  0.95  0  1  0.99
 0  77.42  0.40  0  0  1.16
 3  77.42  1.17  0  3  1.69
 0  82.53  0.61  0  0  0.82
 3  78.06  1.37  0  3  0.76
 0  72.67  0.46  0  0  0.82
 1  98.95  0.62  0  1  0.69
 1  90.98  1.00  1  3  1.43
 0  78.06  0.21  1  0  0.73
 0  92.56  0.33  0  1  0.92
 2  73.90  0.86  0  0  2.02
 3  67.44  1.24  0  2  0.75
 3  92.56  1.24  1  3  1.69
 2  64.69  0.42  1  2  0.87
 0  82.58  0.40  0  0  1.36
 3  87.33  1.11  1  3  1.78
 3  82.58  1.17  0  3  0.77
 1  99.70  0.73  0  1  0.72
 1  92.95  0.86  0  1  0.77
 2  69.02  1.00  1  2  0.76
 1  98.95  0.62  1  1  0.72
 0  78.06  0.21  0  0  0.69
 0  92.56  0.33  1  0  1.10
 0  89.33  0.27  0  0  0.79
 2  60.30  0.73  0  2  0.95
 2  62.54  1.06  1  2  0.54
 2  69.02  0.57  1  2  0.68
 2  64.69  1.16  1  2  1.07
 1  90.98  0.57  1  1  1.00
 3  92.56  1.24  0  3  1.18
 3  89.33  1.30  0  3  0.57
 2  62.54  1.06  0  2  0.81
 2  61.05  0.62  0  2  0.63
 1  98.95  0.95  1  1  0.77
 3  78.06  1.37  1  3  1.20
 2  64.69  1.16  0  2  0.80
 2  67.05  0.71  0  2  1.09
 3  74.25  1.34  1  3  0.88
 2  62.54  0.51  0  2  1.00
 3  77.42  1.17  1  3  0.65
 1  92.95  0.86  1  1  0.72
 1  99.70  0.84  1  1  0.87
 3  85.75  1.34  0  2  1.50
 3  74.25  1.34  0  3  2.20
 3  82.53  0.96  0  3  0.74
 2  67.05  0.86  1  2  0.72
 1  97.46  1.06  0  1  1.96
 1  86.10  0.71  1  1  0.74
 1  92.95  0.71  1  1  0.63
 2  61.05  0.95  0  2  0.89
 2  60.30  0.73  1  2  0.65
 1  99.70  0.84  0  1  0.88
 0  87.33  0.46  1  1  0.73
 1  97.46  0.51  0  1  1.42
 3  70.67  1.30  0  3  1.76
 3  77.47  0.96  1  2  1.33
 1  99.70  0.73  1  1  0.87
 0  70.67  0.27  1  0  1.25
 2  62.54  0.51  1  0  0.86
 0  82.53  0.61  1  0  2.56
 1  97.46  0.51  1  1  0.76
 3  67.44  1.24  1  3  1.10
 2  60.30  0.84  0  2  0.76
 1  90.98  1.00  0  0  2.81
 3  77.47  0.96  0  1  2.64
 3  72.67  1.11  0  3  1.00
 0  85.75  0.23  1  0  1.50
 2  73.90  0.86  1  3  2.36
 2  61.05  0.62  1  2  0.78
 0  70.67  0.27  0  0  0.83
 0  81.94  0.21  0  0  0.62
 0  89.33  0.27  1  1  0.77
 1  95.31  1.16  0  3  1.26
 1  97.46  1.06  1  1  0.67
 3  85.75  1.34  1  3  0.85
 2  73.90  0.71  1  3  1.31
 3  81.94  1.37  1  3  0.54
 1  86.10  0.86  0  2  4.16
 0  85.75  0.23  0  0  1.52
 3  81.94  1.37  0  3  0.76
 0  67.44  0.33  0  2  0.78
 0  77.42  0.40  1  0  0.73
 2  61.05  0.95  1  2  0.72
 3  89.33  1.30  1  3  0.80
 0  74.25  0.23  1  0  0.83
 3  82.58  1.17  1  3  1.45
 2  67.05  0.71  1  2  0.77
 1  92.95  0.71  0  1  1.00
 1  95.31  0.42  0  1  0.71
 0  77.47  0.61  1  0  1.24
 2  73.90  0.71  0  0  1.03
 2  67.05  0.86  0  2  0.76
 2  64.69  0.42  0  2  0.61
 0  77.47  0.61  0  0  1.14
 1  86.10  0.86  1  0  2.07
 0  81.94  0.21  1  0  0.74
 2  69.02  1.00  0  3  1.11
 1  95.31  1.16  1  1  1.07
