 0  70.67  1.30  0  0  3.85
 0  86.10  0.86  0  1  2.27
 0  95.31  0.42  0  1  1.83
 1  60.30  0.73  0  1  3.32
 0  90.98  1.00  0  0  1.22
 3  82.53  0.61  1  0  1.23
 2  87.33  1.11  1  3  1.60
 3  69.02  0.57  1  2  1.18
 1  62.54  1.06  0  1  1.51
 3  77.42  0.40  1  0  5.49
 2  92.56  1.24  1  3  2.36
 3  73.90  0.86  1  3  4.39
 1  67.44  0.33  0  0  2.87
 0  95.31  1.16  0  0  1.00
 2  98.95  0.62  1  2  3.58
 2  86.10  0.86  1  2  1.36
 3  61.05  0.95  1  3  2.48
 2  82.58  1.17  1  3  0.87
 3  67.44  0.33  1  2  3.66
 2  97.46  1.06  1  2  0.81
 3  60.30  0.84  1  3  1.43
 0  89.33  1.30  0  0  3.63
 2  77.42  1.17  1  2  7.10
 1  87.33  0.46  0  0  3.19
 0  82.58  1.17  0  0  1.43
 3  64.69  0.42  1  3  8.47
 1  61.05  0.95  0  0  4.80
 3  89.33  0.27  1  2  7.92
 3  72.67  0.46  1  3  1.11
 2  89.33  1.30  1  2  1.63
 1  69.02  1.00  0  0  4.71
 1  64.69  0.42  0  1  1.75
 3  60.30  0.73  1  3  4.76
 0  97.46  0.51  0  1  2.02
 1  67.05  0.86  0  0  1.75
 2  97.46  0.51  1  3  5.62
 1  89.33  0.27  0  1  6.07
 3  92.56  0.33  1  3  7.12
 0  98.95  0.95  0  0  4.46
 0  72.67  1.11  0  0  4.65
 1  69.02  0.57  0  1  1.59
 1  61.05  0.62  0  1  1.41
 3  74.25  0.23  1  3  3.06
 2  77.47  0.96  1  2  3.36
 0  82.53  0.96  0  0  4.08
 3  62.54  1.06  1  2  5.23
 2  98.95  0.95  1  2  2.82
 0  77.42  1.17  0  0  2.96
 2  90.98  0.57  1  2  5.30
 2  99.70  0.73  1  2  4.33
 2  90.98  1.00  1  2  1.28
 1  73.90  0.86  0  0  4.59
 0  98.95  0.62  0  0  1.15
 0  78.06  1.37  0  0  5.33
 2  72.67  1.11  1  2  3.32
 2  74.25  1.34  1  2  3.14
 1  72.67  0.46  0  1  3.44
 2  70.67  1.30  1  2  4.72
 0  81.94  1.37  0  0  2.90
 2  81.94  1.37  1  2  2.62
 2  95.31  1.16  1  2  1.71
 3  73.90  0.71  1  2  3.04
 2  95.31  0.42  1  2  2.32
 1  81.94  0.21  0  0  3.86
 2  92.95  0.86  1  2  4.34
 1  77.42  0.40  0  0  5.31
 1  92.56  0.33  0  0  1.01
 2  86.10  0.71  1  2  4.84
 3  78.06  0.21  1  3  1.70
 2  85.75  1.34  1  2  2.10
 0  67.44  1.24  0  0  2.55
 0  87.33  1.11  0  0  1.94
 2  78.06  1.37  1  0  1.16
 1  85.75  0.23  0  1  1.88
 0  92.95  0.71  0  0  3.37
 3  67.05  0.71  1  2  4.29
 1  82.58  0.40  0  2  3.85
 1  77.47  0.61  0  0  2.81
 0  99.70  0.84  0  0  1.31
 3  61.05  0.62  1  3  5.11
 3  69.02  1.00  1  2  4.51
 1  64.69  1.16  0  0  2.31
 2  67.44  1.24  1  2  2.44
 3  62.54  0.51  1  3  2.58
 3  64.69  1.16  1  2  1.25
 1  70.67  0.27  0  1  1.88
 1  78.06  0.21  0  1  1.36
 2  99.70  0.84  1  2  1.30
 3  77.47  0.61  1  3  2.58
 0  92.56  1.24  0  0  1.36
 0  99.70  0.73  0  0  2.06
 0  86.10  0.71  0  0  4.61
 0  74.25  1.34  0  0  1.20
 3  82.58  0.40  1  3  4.61
 2  92.95  0.71  1  2  1.66
 1  82.53  0.61  0  0  2.36
 3  67.05  0.86  1  2  4.87
 1  62.54  0.51  0  1  5.07
 2  82.53  0.96  1  2  1.69
 3  81.94  0.21  1  3  1.53
 1  60.30  0.84  0  0  2.43
 3  87.33  0.46  1  2  2.56
 3  70.67  0.27  1  3  3.79
 1  73.90  0.71  0  1  4.10
 0  92.95  0.86  0  0  1.26
 0  85.75  1.34  0  0  2.13
 0  90.98  0.57  0  0  2.02
 1  74.25  0.23  0  1  1.28
 1  67.05  0.71  0  1  3.18
 0  97.46  1.06  0  0  0.97
 0  77.47  0.96  0  1  4.38
 3  85.75  0.23  1  3 18.74
 0  67.44  1.24  0  0  4.11
 1  67.05  0.86  0  1  2.15
 2  92.95  0.71  1  2  1.24
 2  99.70  0.84  1  2  0.88
 0  98.95  0.62  0  0  1.41
 0  99.70  0.73  0  0  0.59
 2  95.31  1.16  1  2  2.50
 0  77.42  1.17  0  0  3.05
 1  69.02  0.57  0  1  1.28
 1  61.05  0.95  0  1  3.36
 1  73.90  0.71  0  1  0.83
 3  78.06  0.21  1  3  1.71
 0  77.47  0.96  0  0  2.93
 2  95.31  0.42  1  0  1.00
 0  70.67  1.30  0  0  4.94
 2  90.98  1.00  1  2  1.53
 3  89.33  0.27  1  3  1.48
 0  90.98  0.57  0  0  2.48
 0  78.06  1.37  0  0  2.60
 0  99.70  0.84  0  0  1.12
 1  70.67  0.27  0  1  0.78
 1  69.02  1.00  0  0  1.13
 1  60.30  0.73  0  1  0.62
 3  67.05  0.86  1  3  1.96
 2  70.67  1.30  1  2  1.18
 1  77.42  0.40  0  3  1.46
 2  78.06  1.37  1  2  3.91
 1  87.33  0.46  0  1  2.41
 0  85.75  1.34  0  0  0.85
 3  81.94  0.21  1  3  2.56
 3  87.33  0.46  1  3  1.82
 0  82.58  1.17  0  0  2.67
 3  64.69  1.16  1  2  1.59
 2  97.46  0.51  1  2  1.01
 1  64.69  1.16  0  0  3.07
 2  74.25  1.34  1  2  3.83
 0  82.53  0.96  0  0  3.58
 2  98.95  0.95  1  2  1.46
 3  69.02  1.00  1  2  4.01
 3  85.75  0.23  1  2  1.19
 2  82.58  1.17  1  2  1.87
 1  62.54  0.51  0  1  2.28
 2  81.94  1.37  1  2  1.10
 2  77.47  0.96  1  2  2.05
 1  82.58  0.40  0  1  1.30
 1  82.53  0.61  0  1  1.65
 1  85.75  0.23  0  1  0.68
 1  67.05  0.71  0  1  2.23
 1  74.25  0.23  0  1  0.93
 3  62.54  0.51  1  3  1.88
 3  74.25  0.23  1  3  1.53
 2  98.95  0.62  1  2  3.56
 3  60.30  0.73  1  3  2.18
 0  92.56  1.24  0  0  1.08
 3  67.05  0.71  1  3  1.79
 3  60.30  0.84  1  3  2.41
 3  77.42  0.40  1  2  1.83
 3  69.02  0.57  1  3  0.69
 2  89.33  1.30  1  2  1.50
 2  92.95  0.86  1  2  1.97
 1  72.67  0.46  0  1  3.26
 0  92.95  0.71  0  0  2.96
 0  95.31  0.42  0  0  1.50
 3  61.05  0.95  1  3  2.31
 0  86.10  0.71  0  1  1.50
 0  92.95  0.86  0  0  0.88
 2  87.33  1.11  1  2  2.47
 1  78.06  0.21  0  1  2.34
 3  92.56  0.33  1  3  2.44
 3  77.47  0.61  1  3  3.26
 2  86.10  0.86  1  3  3.20
 2  67.44  1.24  1  0  2.32
 3  61.05  0.62  1  3  1.65
 0  95.31  1.16  0  0  1.56
 0  90.98  1.00  0  0  1.21
 3  67.44  0.33  1  3  1.37
 1  67.44  0.33  0  2  1.32
 3  73.90  0.71  1  3  1.83
 3  82.58  0.40  1  3  3.11
 1  89.33  0.27  0  1  1.74
 1  60.30  0.84  0  1  2.83
 0  74.25  1.34  0  0  1.55
 3  70.67  0.27  1  3  1.36
 2  72.67  1.11  1  2  2.58
 1  73.90  0.86  0  1  2.96
 0  89.33  1.30  0  0  1.00
 3  62.54  1.06  1  3  2.27
 2  77.42  1.17  1  2  2.31
 1  92.56  0.33  0  1  1.80
 1  62.54  1.06  0  1  2.48
 3  73.90  0.86  1  3  2.10
 2  97.46  1.06  1  2  1.44
 2  85.75  1.34  1  2  1.68
 0  98.95  0.95  0  0  1.61
 1  64.69  0.42  0  1  1.30
 0  87.33  1.11  0  0  1.03
 3  82.53  0.61  1  3  1.96
 1  77.47  0.61  0  1  1.53
 0  97.46  0.51  0  0  1.00
 3  64.69  0.42  1  3  1.42
 2  82.53  0.96  1  3  1.70
 0  72.67  1.11  0  1  2.16
 2  86.10  0.71  1  2  3.72
 0  81.94  1.37  0  2  1.06
 2  92.56  1.24  1  2  1.65
 3  72.67  0.46  1  3  2.53
 0  86.10  0.86  0  0  1.45
 2  90.98  0.57  1  3  2.22
 1  61.05  0.62  0  1  2.71
 2  99.70  0.73  1  2  1.83
 1  81.94  0.21  0  1  1.28
 0  97.46  1.06  0  0  0.88
 3  73.90  0.71  1  3  4.85
 1  60.30  0.84  0  1  1.81
 0  85.75  1.34  0  0  1.38
 1  69.02  1.00  0  1  3.92
 0  77.47  0.96  0  0  2.16
 2  72.67  1.11  1  3  1.77
 3  92.56  0.33  1  3  1.84
 1  74.25  0.23  0  1  1.51
 0  97.46  0.51  0  0  1.65
 3  85.75  0.23  1  3  1.65
 0  87.33  1.11  0  0  2.42
 2  92.56  1.24  1  2  1.41
 3  64.69  1.16  1  2  1.88
 1  64.69  0.42  0  1  1.20
 0  82.58  1.17  0  0  1.91
 2  81.94  1.37  1  2  1.17
 1  77.42  0.40  0  1  1.17
 3  89.33  0.27  1  3  3.22
 2  70.67  1.30  1  1  2.24
 0  70.67  1.30  0  0  2.32
 2  86.10  0.71  1  3  1.78
 0  81.94  1.37  0  0  1.51
 2  97.46  0.51  1  3  3.82
 3  72.67  0.46  1  3  2.29
 1  85.75  0.23  0  1  1.31
 2  99.70  0.73  1  2  4.52
 2  92.95  0.86  1  2  1.59
 3  77.47  0.61  1  3  1.13
 2  78.06  1.37  1  2  1.45
 0  92.95  0.86  0  0  2.89
 1  62.54  1.06  0  0  2.22
 2  67.44  1.24  1  2  1.88
 0  99.70  0.73  0  0  1.79
 3  67.44  0.33  1  3  1.26
 1  92.56  0.33  0  1  2.05
 2  82.58  1.17  1  2  1.26
 1  69.02  0.57  0  1  1.63
 1  64.69  1.16  0  0  1.18
 0  82.53  0.96  0  1  0.78
 0  97.46  1.06  0  0  1.48
 2  98.95  0.62  1  2  2.28
 0  72.67  1.11  0  0  1.69
 2  92.95  0.71  1  2  1.81
 0  77.42  1.17  0  0  1.94
 3  67.05  0.86  1  3  4.41
 0  92.95  0.71  0  0  2.38
 1  67.44  0.33  0  1  1.31
 1  72.67  0.46  0  1  1.13
 1  62.54  0.51  0  1  0.84
 0  86.10  0.71  0  0  0.80
 3  60.30  0.73  1  3  2.99
 2  87.33  1.11  1  2  1.14
 2  99.70  0.84  1  2  0.78
 1  67.05  0.86  0  1  1.71
 2  82.53  0.96  1  2  1.39
 0  95.31  1.16  0  0  2.56
 3  70.67  0.27  1  3  1.22
 0  99.70  0.84  0  0  1.62
 2  95.31  1.16  1  0  1.19
 2  90.98  1.00  1  2  1.22
 0  92.56  1.24  0  0  1.30
 0  86.10  0.86  0  1  2.00
 0  95.31  0.42  0  0  0.67
 3  67.05  0.71  1  3  2.65
 3  61.05  0.62  1  3  0.63
 3  69.02  1.00  1  3  2.08
 3  82.58  0.40  1  3  1.40
 1  77.47  0.61  0  1  1.33
 0  74.25  1.34  0  0  1.14
 3  78.06  0.21  1  3  1.32
 3  62.54  0.51  1  3  1.20
 2  90.98  0.57  1  2  4.93
 0  78.06  1.37  0  0  1.50
 3  62.54  1.06  1  2  3.25
 1  67.05  0.71  0  1  1.25
 1  60.30  0.73  0  1  1.32
 2  89.33  1.30  1  2  2.64
 1  87.33  0.46  0  1  1.73
 2  77.47  0.96  1  3  1.55
 1  61.05  0.62  0  1  1.31
 2  86.10  0.86  1  2  2.90
 0  90.98  0.57  0  0  3.26
 0  98.95  0.62  0  0  0.69
 3  60.30  0.84  1  3  1.61
 2  85.75  1.34  1  2  0.92
 0  90.98  1.00  0  0  3.83
 3  82.53  0.61  1  3  2.66
 0  98.95  0.95  0  0  1.31
 3  74.25  0.23  1  3  2.55
 1  70.67  0.27  0  1  0.98
 3  87.33  0.46  1  3  1.66
 1  82.58  0.40  0  1  1.06
 1  73.90  0.71  0  1  4.77
 2  95.31  0.42  1  3  2.30
 3  73.90  0.86  1  3  1.20
 1  61.05  0.95  0  1  1.13
 1  82.53  0.61  0  1  2.18
 3  69.02  0.57  1  3  1.27
 1  81.94  0.21  0  1  1.12
 1  78.06  0.21  0  1  0.83
 2  77.42  1.17  1  2  1.80
 3  64.69  0.42  1  3  5.50
 2  98.95  0.95  1  2  1.71
 0  89.33  1.30  0  0  1.65
 1  73.90  0.86  0  1  2.68
 3  77.42  0.40  1  3  1.86
 2  97.46  1.06  1  2  1.32
 2  74.25  1.34  1  2  1.43
 0  67.44  1.24  0  0  1.90
 3  81.94  0.21  1  3  2.06
 1  89.33  0.27  0  1  1.52
 3  61.05  0.95  1  3  1.82
 1  61.05  0.62  0  1  3.46
 0  86.10  0.86  0  0  0.92
 2  86.10  0.71  1  3  1.78
 2  87.33  1.11  1  2  0.73
 0  90.98  0.57  0  1  1.66
 1  77.47  0.61  0  1  1.05
 0  82.53  0.96  0  1  1.16
 2  77.42  1.17  1  2  1.35
 3  81.94  0.21  1  3  1.80
 0  98.95  0.62  0  0  1.78
 3  64.69  0.42  1  3  1.41
 1  73.90  0.71  0  1  4.80
 1  85.75  0.23  0  1  0.73
 3  67.44  0.33  1  3  1.19
 1  69.02  0.57  0  1  0.86
 2  85.75  1.34  1  1  1.16
 1  60.30  0.73  0  1  1.07
 3  85.75  0.23  1  3  3.10
 1  73.90  0.86  0  0  1.54
 0  67.44  1.24  0  0  1.02
 2  82.58  1.17  1  2  1.67
 1  82.58  0.40  0  1  1.56
 2  78.06  1.37  1  2  1.03
 2  99.70  0.73  1  2  1.33
 3  82.53  0.61  1  2  1.66
 3  67.05  0.86  1  3  0.66
 3  78.06  0.21  1  3  1.55
 1  89.33  0.27  0  1  1.19
 3  62.54  0.51  1  3  1.13
 2  74.25  1.34  1  1  0.88
 0  95.31  1.16  0  0  0.99
 1  67.05  0.86  0  1  1.89
 0  99.70  0.84  0  0  1.09
 2  92.56  1.24  1  2  2.75
 2  70.67  1.30  1  2  1.61
 1  67.05  0.71  0  1  1.93
 1  72.67  0.46  0  1  0.83
 2  89.33  1.30  1  2  1.28
 3  69.02  1.00  1  3  0.71
 0  87.33  1.11  0  0  2.10
 2  72.67  1.11  1  2  2.06
 1  70.67  0.27  0  1  1.42
 0  70.67  1.30  0  0  1.27
 3  67.05  0.71  1  3  1.51
 3  89.33  0.27  1  3  1.53
 0  82.58  1.17  0  0  1.05
 0  89.33  1.30  0  0  1.26
 0  85.75  1.34  0  0  0.70
 1  64.69  1.16  0  1  1.16
 1  77.42  0.40  0  1  1.03
 3  77.42  0.40  1  3  1.54
 3  87.33  0.46  1  3  1.02
 3  60.30  0.84  1  3  1.00
 2  95.31  1.16  1  2  1.02
 0  81.94  1.37  0  0  2.10
 2  77.47  0.96  1  3  2.03
 1  64.69  0.42  0  1  0.98
 2  99.70  0.84  1  2  1.61
 3  92.56  0.33  1  3  1.34
 1  62.54  1.06  0  0  2.30
 0  78.06  1.37  0  0  1.04
 3  77.47  0.61  1  3  1.21
 3  82.58  0.40  1  3  0.84
 3  61.05  0.62  1  3  0.91
 3  61.05  0.95  1  3  1.21
 2  98.95  0.95  1  2  0.81
 0  92.95  0.86  0  0  1.91
 2  86.10  0.86  1  2  1.42
 1  82.53  0.61  0  1  1.47
 3  64.69  1.16  1  2  1.56
 0  86.10  0.71  0  1  1.18
 0  92.95  0.71  0  0  0.55
 0  99.70  0.73  0  0  0.87
 3  73.90  0.86  1  3  1.17
 0  95.31  0.42  0  1  1.19
 1  81.94  0.21  0  1  2.12
 2  67.44  1.24  1  3  2.31
 2  97.46  1.06  1  2  2.47
 2  92.95  0.71  1  3  2.70
 0  92.56  1.24  0  0  1.21
 2  90.98  1.00  1  0  0.95
 2  98.95  0.62  1  2  2.60
 3  69.02  0.57  1  3  1.17
 3  72.67  0.46  1  3  1.69
 1  78.06  0.21  0  1  1.10
 3  73.90  0.71  1  3  1.75
 3  62.54  1.06  1  3  2.06
 0  90.98  1.00  0  0  2.52
 0  77.42  1.17  0  0  0.77
 0  98.95  0.95  0  0  0.82
 3  70.67  0.27  1  3  1.07
 2  90.98  0.57  1  2  1.97
 3  60.30  0.73  1  3  0.65
 0  97.46  1.06  0  0  1.59
 2  92.95  0.86  1  2  3.14
 1  92.56  0.33  0  1  1.35
 1  60.30  0.84  0  1  1.31
 1  74.25  0.23  0  1  0.79
 0  97.46  0.51  0  0  1.11
 0  74.25  1.34  0  0  1.06
 0  77.47  0.96  0  0  0.67
 2  81.94  1.37  1  2  1.14
 2  82.53  0.96  1  3  1.30
 1  61.05  0.95  0  1  1.61
 1  67.44  0.33  0  1  1.40
 2  97.46  0.51  1  2  2.75
 3  74.25  0.23  1  3  3.01
 2  95.31  0.42  1  2  1.75
 1  69.02  1.00  0  1  1.51
 0  72.67  1.11  0  1  0.73
 1  87.33  0.46  0  1  0.80
 1  62.54  0.51  0  1  0.68
 1  87.33  0.46  0  1  2.07
 3  72.67  0.46  1  3  1.17
 3  73.90  0.71  1  3  2.72
 2  81.94  1.37  1  2  1.04
 1  69.02  1.00  0  0  7.31
 3  67.05  0.71  1  3  4.54
 2  82.53  0.96  1  2  1.07
 0  78.06  1.37  0  0  2.28
 3  60.30  0.73  1  3  1.03
 0  77.47  0.96  0  1  2.17
 1  60.30  0.84  0  1  1.50
 2  92.95  0.86  1  2  2.29
 1  89.33  0.27  0  1  1.21
 0  81.94  1.37  0  0  1.29
 1  73.90  0.86  0  1  0.92
 0  67.44  1.24  0  0  1.49
 2  92.95  0.71  1  2  1.71
 0  70.67  1.30  0  0  1.39
 2  77.47  0.96  1  3  1.21
 0  98.95  0.62  0  1  1.25
 0  95.31  0.42  0  0  2.00
 1  61.05  0.62  0  1  0.87
 2  97.46  0.51  1  2  1.27
 3  82.58  0.40  1  2  1.12
 3  73.90  0.86  1  3  2.18
 3  62.54  0.51  1  3  1.00
 1  73.90  0.71  0  1  1.37
 0  92.95  0.71  0  0  0.94
 3  82.53  0.61  1  3  2.12
 2  90.98  1.00  1  2  0.90
 0  77.42  1.17  0  0  1.45
 2  95.31  1.16  1  2  1.34
 0  89.33  1.30  0  0  2.97
 1  81.94  0.21  0  1  1.04
 0  82.58  1.17  0  0  1.40
 1  77.42  0.40  0  1  0.87
 1  67.44  0.33  0  1  0.78
 3  69.02  0.57  1  3  1.25
 0  90.98  0.57  0  1  1.87
 2  70.67  1.30  1  2  1.17
 3  81.94  0.21  1  3  3.25
 3  77.47  0.61  1  3  0.94
 2  67.44  1.24  1  2  0.93
 2  90.98  0.57  1  2  1.65
 3  64.69  1.16  1  3  0.75
 1  74.25  0.23  0  1  0.95
 1  82.58  0.40  0  1  1.38
 2  97.46  1.06  1  2  1.12
 0  92.56  1.24  0  0  1.12
 2  92.56  1.24  1  2  1.07
 3  64.69  0.42  1  3  1.04
 2  86.10  0.86  1  2  3.32
 1  61.05  0.95  0  1  0.98
 0  99.70  0.84  0  0  0.99
 2  99.70  0.84  1  2  1.18
 2  95.31  0.42  1  2  1.00
 0  95.31  1.16  0  0  1.16
 3  61.05  0.62  1  3  1.17
 1  78.06  0.21  0  1  1.12
 1  70.67  0.27  0  1  0.67
 3  70.67  0.27  1  3  0.84
 1  92.56  0.33  0  0  3.57
 2  89.33  1.30  1  2  0.88
 1  62.54  0.51  0  1  1.23
 1  82.53  0.61  0  1  1.51
 2  98.95  0.95  1  2  1.02
 3  61.05  0.95  1  3  1.67
 1  64.69  1.16  0  1  0.98
 3  69.02  1.00  1  3  0.90
 0  97.46  0.51  0  0  2.38
 3  89.33  0.27  1  1  1.45
 2  78.06  1.37  1  2  1.02
 0  86.10  0.86  0  1  2.06
 2  72.67  1.11  1  2  3.15
 3  78.06  0.21  1  3  1.68
 0  90.98  1.00  0  0  2.51
 2  85.75  1.34  1  2  1.83
 0  85.75  1.34  0  0  1.29
 0  82.53  0.96  0  0  2.79
 3  85.75  0.23  1  2  1.64
 3  67.05  0.86  1  3  0.67
 0  98.95  0.95  0  0  1.29
 1  60.30  0.73  0  1  2.01
 3  67.44  0.33  1  3  1.31
 3  87.33  0.46  1  3  3.58
 0  97.46  1.06  0  0  1.00
 1  77.47  0.61  0  1  2.37
 0  87.33  1.11  0  0  1.53
 3  74.25  0.23  1  3  2.52
 0  86.10  0.71  0  0  1.96
 2  77.42  1.17  1  2  1.18
 0  74.25  1.34  0  0  1.46
 2  82.58  1.17  1  2  1.53
 1  64.69  0.42  0  1  1.13
 0  92.95  0.86  0  0  2.89
 1  85.75  0.23  0  1  2.47
 3  62.54  1.06  1  3  1.59
 3  77.42  0.40  1  3  1.69
 2  74.25  1.34  1  2  1.21
 2  87.33  1.11  1  2  0.95
 1  72.67  0.46  0  1  1.07
 0  72.67  1.11  0  1  2.11
 2  98.95  0.62  1  2  1.93
 3  92.56  0.33  1  2  1.18
 0  99.70  0.73  0  0  2.27
 2  86.10  0.71  1  3  2.30
 1  62.54  1.06  0  1  2.41
 3  60.30  0.84  1  3  1.54
 2  99.70  0.73  1  2  2.37
 1  67.05  0.86  0  1  3.74
 1  67.05  0.71  0  1  2.61
 1  69.02  0.57  0  1  0.49
