 1  92.95  0.71  1  1  2.98
 1  98.95  0.62  0  3  2.40
 0  67.44  0.33  0  0  1.30
 0  78.06  0.21  0  2  2.23
 3  77.47  0.96  0  2  1.55
 2  61.05  0.95  0  2  1.00
 3  85.75  1.34  0  3  0.86
 2  69.02  0.57  1  1  2.26
 1  98.95  0.95  1  2  2.04
 2  73.90  0.86  1  1  0.89
 1  98.95  0.62  1  1  0.99
 0  77.42  0.40  1  1  1.24
 1  97.46  1.06  0  1  0.98
 1  95.31  1.16  1  3  1.32
 1  86.10  0.71  0  1  0.66
 0  77.42  0.40  0  1  0.65
 2  73.90  0.71  1  0  0.56
 3  87.33  1.11  0  3  1.83
 1  90.98  1.00  1  2  0.50
 1  92.95  0.71  0  1  0.99
 2  64.69  0.42  1  0  1.15
 0  70.67  0.27  0  1  0.95
 0  77.47  0.61  1  1  0.80
 2  62.54  0.51  1  0  0.90
 1  90.98  0.57  0  1  0.96
 1  98.95  0.95  0  3  1.53
 3  87.33  1.11  1  1  0.52
 1  97.46  0.51  0  1  0.80
 3  82.58  1.17  0  2  1.73
 1  99.70  0.84  1  3  0.57
 1  99.70  0.84  0  1  0.75
 0  82.58  0.40  0  0  0.74
 0  72.67  0.46  0  1  0.66
 2  73.90  0.71  0  0  0.51
 3  82.58  1.17  1  2  0.80
 0  82.53  0.61  1  1  0.89
 2  62.54  1.06  0  0  0.71
 2  60.30  0.73  1  2  0.66
 0  67.44  0.33  1  1  0.99
 2  69.02  0.57  0  1  1.08
 3  70.67  1.30  0  3  1.02
 1  90.98  0.57  1  2  0.93
 3  72.67  1.11  0  2  1.13
 2  61.05  0.62  1  1  0.64
 3  81.94  1.37  0  3  0.99
 3  82.53  0.96  1  2  1.03
 1  86.10  0.86  1  2  0.75
 3  85.75  1.34  1  3  1.13
 2  64.69  1.16  1  3  1.36
 2  61.05  0.95  1  1  1.22
 3  82.53  0.96  0  2  1.21
 3  81.94  1.37  1  3  0.97
 0  87.33  0.46  0  0  1.74
 0  85.75  0.23  1  1  1.19
 0  74.25  0.23  1  1  1.31
 1  95.31  0.42  1  0  1.17
 3  67.44  1.24  0  3  1.39
 3  77.42  1.17  0  3  1.19
 0  92.56  0.33  0  1  1.18
 0  89.33  0.27  0  0  0.93
 0  78.06  0.21  1  0  0.52
 3  92.56  1.24  1  2  1.18
 2  60.30  0.84  1  2  0.94
 3  78.06  1.37  1  3  0.87
 3  70.67  1.30  1  3  0.65
 0  89.33  0.27  1  1  1.21
 3  72.67  1.11  1  1  0.63
 3  89.33  1.30  0  3  1.02
 0  82.58  0.40  1  2  1.39
 1  86.10  0.71  1  0  1.57
 2  62.54  1.06  1  1  0.81
 2  67.05  0.71  0  2  1.15
 0  81.94  0.21  1  1  2.03
 2  67.05  0.86  0  1  2.59
 1  86.10  0.86  0  2  1.97
 0  92.56  0.33  1  2  0.89
 3  77.47  0.96  1  2  1.48
 0  70.67  0.27  1  2  0.73
 0  85.75  0.23  0  1  1.27
 0  77.47  0.61  0  1  0.82
 3  77.42  1.17  1  2  0.49
 1  92.95  0.86  0  3  1.48
 1  95.31  1.16  0  0  1.92
 1  97.46  0.51  1  1  0.39
 3  89.33  1.30  1  2  0.43
 0  72.67  0.46  1  2  0.90
 1  99.70  0.73  1  2  1.52
 2  67.05  0.86  1  1  0.50
 0  87.33  0.46  1  2  0.46
 2  69.02  1.00  0  2  1.51
 3  74.25  1.34  1  2  0.48
 2  62.54  0.51  0  1  1.30
 3  67.44  1.24  1  2  1.92
 0  81.94  0.21  0  2  1.16
 2  73.90  0.86  0  2  0.96
 3  74.25  1.34  0  3  0.79
 1  99.70  0.73  0  2  1.00
 1  97.46  1.06  1  1  1.93
 2  60.30  0.84  0  2  1.60
 3  78.06  1.37  0  3  1.57
 1  92.95  0.86  1  1  1.74
 1  90.98  1.00  0  1  1.98
 2  64.69  1.16  0  2  1.46
 2  69.02  1.00  1  2  2.06
 2  64.69  0.42  0  1  1.45
 3  92.56  1.24  0  1  1.19
 0  82.53  0.61  0  1  1.27
 0  74.25  0.23  0  1  1.22
 2  61.05  0.62  0  1  1.11
 2  67.05  0.71  1  1  1.12
 1  95.31  0.42  0  1  1.00
 2  60.30  0.73  0  2  1.25
 0  77.47  0.61  0  1  2.73
 3  74.25  1.34  0  3  1.48
 1  99.70  0.73  0  1  1.32
 3  67.44  1.24  1  2  1.13
 0  70.67  0.27  1  1  2.86
 3  70.67  1.30  0  3  2.36
 1  95.31  0.42  1  1  1.50
 2  62.54  1.06  1  0  1.50
 3  81.94  1.37  1  3  1.56
 3  92.56  1.24  1  2  1.27
 2  62.54  0.51  0  1  1.78
 0  87.33  0.46  0  1  0.96
 1  90.98  1.00  0  1  1.10
 0  78.06  0.21  1  0  2.88
 2  64.69  0.42  0  0  4.03
 3  82.53  0.96  0  1  1.68
 0  89.33  0.27  0  1  1.29
 1  86.10  0.71  0  1  0.72
 1  90.98  0.57  1  1  2.01
 2  69.02  0.57  1  1  2.05
 0  67.44  0.33  0  1  1.07
 2  62.54  0.51  1  0  0.81
 2  67.05  0.71  0  1  1.48
 2  64.69  1.16  1  3  1.40
 1  95.31  0.42  0  1  1.10
 2  69.02  0.57  0  1  0.86
 2  64.69  0.42  1  1  1.00
 2  60.30  0.73  1  2  0.89
 2  69.02  1.00  0  2  0.55
 3  82.58  1.17  1  3  1.21
 1  86.10  0.86  0  2  0.85
 2  60.30  0.73  0  1  0.77
 1  98.95  0.95  0  1  0.89
 1  90.98  0.57  0  2  1.24
 1  99.70  0.84  0  1  1.03
 1  97.46  1.06  0  2  1.69
 2  60.30  0.84  1  2  1.24
 0  92.56  0.33  1  0  1.62
 0  85.75  0.23  0  1  1.77
 3  85.75  1.34  1  3  1.27
 1  95.31  1.16  0  3  1.77
 2  61.05  0.95  0  2  3.29
 2  73.90  0.71  0  1  1.05
 1  98.95  0.95  1  1  0.90
 0  82.58  0.40  0  0  1.26
 0  77.47  0.61  1  1  1.62
 3  87.33  1.11  1  3  1.36
 1  99.70  0.73  1  0  1.12
 0  77.42  0.40  0  1  0.97
 2  67.05  0.71  1  0  0.85
 0  81.94  0.21  1  0  1.46
 0  81.94  0.21  0  1  0.80
 2  61.05  0.62  1  1  0.69
 1  97.46  1.06  1  1  0.61
 3  77.42  1.17  0  3  1.65
 0  85.75  0.23  1  0  1.87
 1  99.70  0.84  1  1  1.04
 3  77.47  0.96  1  2  1.33
 0  92.56  0.33  0  1  1.69
 0  67.44  0.33  1  1  0.85
 3  77.47  0.96  0  1  0.83
 3  92.56  1.24  0  3  1.09
 2  61.05  0.62  0  2  1.27
 3  89.33  1.30  1  3  1.30
 3  89.33  1.30  0  3  1.70
 1  98.95  0.62  0  1  1.34
 3  78.06  1.37  0  3  1.15
 3  70.67  1.30  1  3  1.12
 1  92.95  0.71  0  1  1.17
 2  73.90  0.71  1  1  0.94
 0  72.67  0.46  1  1  0.82
 0  78.06  0.21  0  0  1.79
 1  92.95  0.86  1  2  1.44
 1  97.46  0.51  1  1  0.62
 2  61.05  0.95  1  2  1.76
 3  77.42  1.17  1  3  1.13
 1  95.31  1.16  1  3  1.25
 1  92.95  0.71  1  1  1.12
 3  74.25  1.34  1  3  1.13
 3  78.06  1.37  1  3  1.08
 2  64.69  1.16  0  2  1.07
 2  67.05  0.86  0  1  1.14
 2  73.90  0.86  1  2  0.85
 1  97.46  0.51  0  1  0.80
 0  70.67  0.27  0  0  1.16
 0  72.67  0.46  0  1  1.13
 2  73.90  0.86  0  1  1.24
 1  86.10  0.86  1  1  0.86
 3  81.94  1.37  0  3  1.23
 3  67.44  1.24  0  2  1.09
 3  82.58  1.17  0  2  1.01
 3  82.53  0.96  1  2  0.73
 1  92.95  0.86  0  2  1.02
 1  98.95  0.62  1  1  0.64
 0  82.53  0.61  1  1  1.04
 2  67.05  0.86  1  1  1.08
 3  72.67  1.11  0  2  1.27
 0  89.33  0.27  1  1  1.43
 0  77.42  0.40  1  0  1.80
 1  90.98  1.00  1  1  0.99
 2  69.02  1.00  1  2  1.21
 0  87.33  0.46  1  1  1.70
 0  74.25  0.23  1  0  1.42
 3  72.67  1.11  1  1  1.03
 3  85.75  1.34  0  3  1.44
 3  87.33  1.11  0  2  1.18
 0  82.58  0.40  1  1  1.21
 2  62.54  1.06  0  1  1.37
 1  86.10  0.71  1  1  1.25
 0  74.25  0.23  0  0  1.10
 2  60.30  0.84  0  2  1.17
 0  82.53  0.61  0  1  1.00
 2  62.54  1.06  1  2  1.77
 2  69.02  1.00  1  2  1.59
 2  69.02  1.00  0  1  1.79
 2  60.30  0.84  0  2  1.37
 0  82.58  0.40  0  1  1.26
 1  86.10  0.86  0  1  1.21
 0  70.67  0.27  0  0  1.11
 0  82.53  0.61  0  0  1.58
 0  87.33  0.46  1  1  1.28
 0  78.06  0.21  0  0  1.22
 2  67.05  0.86  0  2  1.25
 3  82.53  0.96  1  1  1.18
 3  72.67  1.11  0  3  1.02
 1  92.95  0.86  1  1  1.18
 3  77.47  0.96  1  2  1.24
 2  61.05  0.62  0  2  1.18
 0  85.75  0.23  1  0  1.23
 2  73.90  0.71  1  1  1.55
 1  98.95  0.62  1  1  1.06
 1  92.95  0.71  1  1  1.07
 2  62.54  0.51  1  2  1.03
 2  61.05  0.95  1  2  1.98
 2  73.90  0.86  1  1  1.29
 1  95.31  0.42  0  1  1.11
 2  64.69  1.16  0  2  1.29
 0  92.56  0.33  0  0  1.81
 1  99.70  0.73  1  1  1.19
 2  61.05  0.62  1  2  1.30
 0  82.53  0.61  1  2  1.71
 0  67.44  0.33  0  2  1.91
 3  92.56  1.24  0  3  1.79
 2  62.54  0.51  0  2  1.71
 0  77.42  0.40  1  1  1.44
 1  90.98  0.57  0  1  0.93
 1  98.95  0.95  1  1  1.46
 3  85.75  1.34  0  3  1.18
 1  95.31  0.42  1  1  1.22
 2  67.05  0.71  0  1  1.68
 1  99.70  0.84  1  1  1.09
 3  77.42  1.17  1  2  1.68
 3  92.56  1.24  1  3  1.43
 1  98.95  0.95  0  1  2.03
 0  77.47  0.61  0  2  1.67
 0  81.94  0.21  1  0  1.33
 3  77.42  1.17  0  3  1.66
 0  85.75  0.23  0  0  1.94
 0  81.94  0.21  0  0  1.33
 0  89.33  0.27  1  1  1.09
 2  69.02  0.57  0  2  1.30
 0  89.33  0.27  0  1  1.20
 0  87.33  0.46  0  0  1.53
 1  92.95  0.86  0  1  1.44
 2  69.02  0.57  1  2  1.38
 0  77.47  0.61  1  2  1.43
 2  61.05  0.95  0  2  1.40
 3  74.25  1.34  1  3  1.23
 3  81.94  1.37  1  3  1.24
 3  89.33  1.30  1  3  1.22
 3  67.44  1.24  1  2  1.28
 2  60.30  0.73  1  2  1.09
 3  87.33  1.11  1  1  1.54
 3  89.33  1.30  0  3  1.78
 0  72.67  0.46  1  1  1.19
 1  97.46  0.51  0  1  1.10
 1  99.70  0.73  0  1  1.38
 3  85.75  1.34  1  3  1.24
 0  70.67  0.27  1  0  1.21
 2  60.30  0.84  1  2  1.21
 0  67.44  0.33  1  0  1.80
 3  78.06  1.37  1  3  1.21
 0  74.25  0.23  0  0  1.19
 2  64.69  0.42  1  0  1.46
 3  81.94  1.37  0  3  1.21
 3  87.33  1.11  0  3  2.70
 1  86.10  0.71  0  1  2.97
 2  73.90  0.71  0  1  2.00
 1  92.95  0.71  0  1  1.17
 0  82.58  0.40  1  0  1.44
 1  90.98  0.57  1  1  1.30
 3  67.44  1.24  0  3  1.24
 2  64.69  0.42  0  0  1.39
 1  86.10  0.86  1  1  1.27
 1  90.98  1.00  0  3  1.32
 1  95.31  1.16  1  3  1.25
 3  74.25  1.34  0  3  1.03
 1  98.95  0.62  0  1  1.26
 0  72.67  0.46  0  2  1.20
 1  97.46  1.06  0  3  1.58
 3  70.67  1.30  1  3  1.34
 1  90.98  1.00  1  1  1.11
 3  70.67  1.30  0  3  1.25
 2  64.69  1.16  1  2  1.17
 3  72.67  1.11  1  2  1.51
 1  97.46  1.06  1  1  1.07
 3  77.47  0.96  0  2  2.44
 3  82.58  1.17  0  3  1.83
 3  82.58  1.17  1  3  1.53
 3  78.06  1.37  0  3  1.25
 0  78.06  0.21  1  0  1.44
 2  67.05  0.71  1  0  2.54
 1  95.31  1.16  0  3  1.86
 1  97.46  0.51  1  1  1.21
 0  77.42  0.40  0  1  1.16
 0  74.25  0.23  1  0  1.22
 1  86.10  0.71  1  1  1.30
 3  82.53  0.96  0  3  1.58
 0  92.56  0.33  1  0  1.49
 1  99.70  0.84  0  1  1.04
 2  73.90  0.86  0  2  2.27
 2  62.54  1.06  0  3  1.36
 2  67.05  0.86  1  2  1.53
 2  60.30  0.73  0  2  1.21
 3  82.58  1.17  0  3  1.50
 0  78.06  0.21  0  0  1.44
 2  73.90  0.86  0  1  1.46
 1  90.98  1.00  0  1  1.23
 3  77.42  1.17  0  3  2.11
 0  77.42  0.40  1  0  1.81
 3  92.56  1.24  1  3  1.37
 1  97.46  1.06  0  3  1.89
 2  64.69  1.16  0  2  1.12
 3  85.75  1.34  0  3  1.46
 1  86.10  0.71  1  1  1.86
 3  74.25  1.34  1  3  1.22
 2  60.30  0.84  1  2  1.25
 1  97.46  0.51  1  1  1.30
 2  60.30  0.73  0  2  1.66
 3  89.33  1.30  1  3  1.35
 1  95.31  0.42  0  1  1.59
 0  72.67  0.46  1  2  1.49
 0  72.67  0.46  0  2  2.45
 1  90.98  0.57  0  1  1.17
 0  74.25  0.23  0  0  1.39
 3  70.67  1.30  0  3  1.23
 2  69.02  0.57  1  2  1.38
 3  77.42  1.17  1  3  1.10
 1  98.95  0.62  0  1  1.14
 2  67.05  0.71  0  2  1.23
 0  87.33  0.46  0  1  1.10
 2  67.05  0.71  1  2  1.24
 1  90.98  1.00  1  3  1.22
 0  78.06  0.21  1  0  1.13
 1  86.10  0.71  0  1  1.15
 3  92.56  1.24  0  3  2.11
 1  99.70  0.73  1  1  1.32
 3  67.44  1.24  1  3  1.13
 2  64.69  0.42  1  0  1.12
 0  70.67  0.27  0  0  1.59
 1  95.31  1.16  0  1  2.04
 0  67.44  0.33  1  0  1.39
 3  78.06  1.37  0  3  1.31
 2  69.02  1.00  1  1  1.77
 3  82.53  0.96  0  1  1.14
 3  74.25  1.34  0  3  1.17
 2  62.54  1.06  0  2  1.43
 1  98.95  0.95  1  1  1.11
 2  64.69  1.16  1  3  1.65
 1  99.70  0.84  0  1  1.04
 0  67.44  0.33  0  0  1.30
 0  82.53  0.61  1  1  1.96
 2  61.05  0.62  1  2  1.28
 2  73.90  0.71  0  1  6.42
 3  82.58  1.17  1  3  1.81
 0  89.33  0.27  0  0  1.41
 1  99.70  0.84  1  1  1.99
 3  72.67  1.11  0  3  1.55
 2  62.54  0.51  1  2  1.64
 3  72.67  1.11  1  3  1.28
 3  81.94  1.37  0  3  1.22
 2  61.05  0.62  0  2  1.23
 3  89.33  1.30  0  3  1.14
 2  64.69  0.42  0  2  1.22
 1  86.10  0.86  0  3  1.14
 2  73.90  0.86  1  1  1.60
 2  67.05  0.86  1  2  1.70
 1  98.95  0.95  0  1  1.35
 3  77.47  0.96  0  1  1.37
 0  92.56  0.33  1  1  1.41
 2  69.02  1.00  0  3  1.83
 0  89.33  0.27  1  0  2.02
 1  92.95  0.71  0  1  1.24
 3  70.67  1.30  1  3  1.18
 1  97.46  0.51  0  1  1.74
 2  61.05  0.95  1  2  1.29
 3  85.75  1.34  1  3  1.25
 3  67.44  1.24  0  3  1.84
 0  70.67  0.27  1  2  1.88
 1  95.31  1.16  1  1  1.22
 0  82.58  0.40  1  1  1.56
 3  78.06  1.37  1  3  1.58
 2  62.54  1.06  1  3  2.20
 3  87.33  1.11  0  3  1.12
 2  61.05  0.95  0  2  1.48
 0  82.53  0.61  0  1  1.40
 1  97.46  1.06  1  1  2.20
 0  77.42  0.40  0  0  1.43
 2  62.54  0.51  0  2  1.42
 0  77.47  0.61  0  2  1.81
 2  60.30  0.84  0  2  2.18
 3  82.53  0.96  1  1  2.74
 3  81.94  1.37  1  3  1.23
 0  81.94  0.21  0  0  1.64
 2  73.90  0.71  1  2  1.72
 2  69.02  0.57  0  2  2.02
 0  87.33  0.46  1  1  1.23
 1  98.95  0.62  1  1  1.42
 0  81.94  0.21  1  0  1.58
 1  95.31  0.42  1  1  1.33
 1  92.95  0.86  0  3  1.60
 3  87.33  1.11  1  3  1.26
 1  92.95  0.86  1  1  1.34
 0  85.75  0.23  1  0  1.46
 0  92.56  0.33  0  0  1.83
 1  90.98  0.57  1  1  1.13
 0  77.47  0.61  1  1  2.31
 2  67.05  0.86  0  2  1.41
 1  92.95  0.71  1  1  1.69
 0  85.75  0.23  0  0  1.18
 0  74.25  0.23  1  0  1.52
 1  86.10  0.86  1  1  1.19
 0  82.58  0.40  0  0  1.23
 1  99.70  0.73  0  1  1.30
 2  60.30  0.73  1  2  1.38
 3  77.47  0.96  1  1  2.86
 2  64.69  1.16  0  3  2.45
 2  64.69  0.42  0  0  2.56
 1  92.95  0.71  1  1  0.95
 2  69.02  0.57  1  0  1.25
 0  89.33  0.27  1  0  1.03
 3  87.33  1.11  1  3  1.53
 0  87.33  0.46  1  0  1.39
 1  98.95  0.95  0  1  1.19
 2  69.02  0.57  0  2  1.22
 2  62.54  1.06  0  2  2.27
 2  61.05  0.62  1  2  1.38
 2  60.30  0.73  0  2  1.12
 2  73.90  0.86  1  2  3.31
 2  60.30  0.73  1  2  1.29
 2  64.69  0.42  1  0  1.53
 2  62.54  0.51  0  2  1.15
 0  82.58  0.40  0  1  2.44
 1  98.95  0.62  1  1  0.92
 0  70.67  0.27  0  0  1.06
 3  81.94  1.37  0  3  1.13
 2  67.05  0.86  1  2  1.58
 3  72.67  1.11  1  3  1.28
 2  61.05  0.95  1  2  1.12
 2  60.30  0.84  0  2  1.88
 3  78.06  1.37  0  3  1.13
 3  82.58  1.17  0  3  1.45
 0  82.53  0.61  1  0  2.29
 0  74.25  0.23  1  0  1.19
 3  82.53  0.96  1  0  1.26
 1  99.70  0.73  0  1  0.97
 1  99.70  0.84  0  1  1.09
 3  85.75  1.34  1  3  1.16
 1  90.98  0.57  0  1  1.22
 3  89.33  1.30  0  3  1.11
 3  77.47  0.96  1  2  2.07
 0  82.53  0.61  0  1  2.62
 2  64.69  1.16  1  2  1.24
 2  61.05  0.62  0  2  1.22
 3  85.75  1.34  0  3  1.13
 0  85.75  0.23  0  0  1.49
 2  67.05  0.71  0  0  3.20
 0  85.75  0.23  1  0  1.41
 0  92.56  0.33  1  0  1.51
 3  92.56  1.24  1  1  2.11
 1  95.31  0.42  0  1  1.06
 3  89.33  1.30  1  3  1.35
 3  70.67  1.30  0  2  1.30
 1  86.10  0.86  0  1  2.83
 0  72.67  0.46  0  0  1.98
 3  92.56  1.24  0  3  1.56
 1  92.95  0.71  0  1  2.35
 2  69.02  1.00  1  2  2.71
 2  73.90  0.86  0  2  1.70
 0  72.67  0.46  1  0  1.79
 1  99.70  0.73  1  1  1.29
 0  70.67  0.27  1  0  1.35
 2  67.05  0.86  0  2  1.50
 1  97.46  0.51  1  1  1.15
 1  90.98  1.00  1  1  1.50
 3  81.94  1.37  1  3  1.27
 1  95.31  1.16  1  1  1.45
 1  92.95  0.86  1  1  1.14
 0  77.47  0.61  0  0  1.44
 3  82.58  1.17  1  3  1.31
 1  95.31  0.42  1  0  1.25
 0  67.44  0.33  0  0  2.03
 0  87.33  0.46  0  0  1.52
 3  77.42  1.17  1  3  1.52
 0  67.44  0.33  1  0  1.16
 0  78.06  0.21  0  0  1.20
 3  67.44  1.24  1  3  1.47
 3  67.44  1.24  0  3  1.65
 3  77.47  0.96  0  2  1.57
 0  81.94  0.21  0  0  1.26
 2  73.90  0.71  1  0  1.72
 2  62.54  1.06  1  3  1.34
 3  72.67  1.11  0  3  2.46
 1  86.10  0.71  0  1  1.24
 1  92.95  0.86  0  1  1.09
 1  99.70  0.84  1  1  1.05
 2  62.54  0.51  1  0  1.91
 0  81.94  0.21  1  0  1.11
 2  69.02  1.00  0  2  0.98
 1  97.46  1.06  0  1  1.02
 3  77.42  1.17  0  3  1.73
 0  78.06  0.21  1  0  1.24
 1  95.31  1.16  0  1  2.67
 3  70.67  1.30  1  3  1.18
 0  74.25  0.23  0  0  1.10
 3  82.53  0.96  0  1  2.07
 0  89.33  0.27  0  0  1.11
 1  86.10  0.86  1  1  1.32
 1  97.46  1.06  1  1  1.22
 0  92.56  0.33  0  0  0.98
 1  90.98  0.57  1  0  1.33
 2  67.05  0.71  1  2  1.16
 3  78.06  1.37  1  3  1.02
 1  98.95  0.95  1  1  1.11
 0  82.58  0.40  1  0  1.06
 0  77.42  0.40  1  0  0.90
 2  73.90  0.71  0  0  2.01
 1  90.98  1.00  0  1  1.14
 1  97.46  0.51  0  1  0.97
 2  60.30  0.84  1  2  1.04
 3  74.25  1.34  0  3  0.95
 0  77.42  0.40  0  0  1.50
 3  74.25  1.34  1  3  1.03
 1  86.10  0.71  1  1  1.18
 3  87.33  1.11  0  3  3.40
 1  98.95  0.62  0  1  1.11
 2  61.05  0.95  0  2  1.21
 0  77.47  0.61  1  0  1.74
