 1  62.54  0.51  0  2  4.89
 3  73.90  0.71  1  2  4.81
 2  92.95  0.86  1  3  2.99
 0  74.25  1.34  0  1  2.97
 2  81.94  1.37  1  0  1.82
 0  99.70  0.84  0  1  5.89
 1  77.47  0.61  0  0  8.17
 1  85.75  0.23  0  2  5.65
 1  89.33  0.27  0  1  1.12
 0  87.33  1.11  0  3  2.90
 1  69.02  1.00  0  2  2.26
 2  82.58  1.17  1  1  1.21
 3  77.47  0.61  1  1  2.43
 3  70.67  0.27  1  0  1.72
 0  67.44  1.24  0  1  2.26
 1  82.58  0.40  0  2  1.91
 0  77.47  0.96  0  1  1.60
 0  97.46  0.51  0  3  2.51
 1  69.02  0.57  0  2  1.53
 1  72.67  0.46  0  1  1.43
 1  67.44  0.33  0  1  1.44
 1  67.05  0.71  0  2  1.42
 3  92.56  0.33  1  1  1.02
 2  92.95  0.71  1  3  0.82
 1  64.69  1.16  0  0  1.11
 2  72.67  1.11  1  1  1.02
 1  74.25  0.23  0  3  2.33
 2  89.33  1.30  1  3  1.47
 0  77.42  1.17  0  2  0.98
 0  86.10  0.86  0  2  0.80
 2  86.10  0.71  1  1  2.25
 0  70.67  1.30  0  0  1.16
 3  87.33  0.46  1  1  1.22
 0  82.58  1.17  0  2  1.71
 3  62.54  1.06  1  0  0.77
 3  64.69  1.16  1  3  0.78
 2  97.46  0.51  1  1  2.78
 3  67.05  0.71  1  1  1.02
 3  72.67  0.46  1  3  0.63
 1  73.90  0.71  0  3  0.62
 3  62.54  0.51  1  3  1.56
 3  69.02  1.00  1  1  1.33
 1  81.94  0.21  0  1  0.91
 0  92.56  1.24  0  2  1.57
 1  61.05  0.95  0  1  1.37
 3  69.02  0.57  1  1  1.44
 0  82.53  0.96  0  2  2.73
 3  64.69  0.42  1  3  0.91
 3  89.33  0.27  1  0  1.64
 3  78.06  0.21  1  1  1.56
 0  98.95  0.62  0  2  1.00
 3  73.90  0.86  1  3  0.86
 0  97.46  1.06  0  0  3.24
 1  82.53  0.61  0  1  1.27
 3  85.75  0.23  1  2  1.10
 3  74.25  0.23  1  3  1.00
 1  62.54  1.06  0  3  1.09
 3  61.05  0.62  1  3  1.62
 0  95.31  0.42  0  0  5.64
 3  81.94  0.21  1  2  3.99
 1  70.67  0.27  0  3  3.21
 3  60.30  0.73  1  3  1.12
 0  72.67  1.11  0  1  0.96
 2  74.25  1.34  1  3  1.72
 1  78.06  0.21  0  0  1.67
 2  67.44  1.24  1  3  0.96
 0  92.95  0.86  0  2  3.13
 0  95.31  1.16  0  0  1.35
 2  98.95  0.62  1  1  1.40
 0  81.94  1.37  0  1  3.01
 0  99.70  0.73  0  2  0.98
 2  98.95  0.95  1  0  0.71
 0  98.95  0.95  0  0  2.18
 1  92.56  0.33  0  1  1.15
 2  97.46  1.06  1  2  1.94
 2  95.31  1.16  1  2  1.62
 0  85.75  1.34  0  3  1.04
 3  82.53  0.61  1  0  2.67
 2  86.10  0.86  1  3  1.03
 2  92.56  1.24  1  2  1.39
 0  78.06  1.37  0  2  1.52
 2  90.98  1.00  1  1  1.46
 1  73.90  0.86  0  3  1.15
 2  78.06  1.37  1  3  0.59
 2  90.98  0.57  1  1  1.19
 0  90.98  1.00  0  2  1.28
 3  61.05  0.95  1  3  0.77
 1  61.05  0.62  0  3  0.84
 0  92.95  0.71  0  1  1.41
 3  77.42  0.40  1  1  1.43
 3  60.30  0.84  1  3  0.69
 1  77.42  0.40  0  3  1.57
 3  67.44  0.33  1  3  1.19
 2  99.70  0.84  1  0  2.92
 2  70.67  1.30  1  3  0.85
 1  64.69  0.42  0  2  0.84
 3  82.58  0.40  1  1  0.80
 1  60.30  0.84  0  3  3.80
 2  95.31  0.42  1  0  1.75
 2  99.70  0.73  1  2  1.07
 0  86.10  0.71  0  2  0.76
 1  87.33  0.46  0  0  0.94
 2  77.47  0.96  1  3  0.91
 2  87.33  1.11  1  2  0.65
 2  77.42  1.17  1  3  0.88
 0  90.98  0.57  0  1  1.03
 2  82.53  0.96  1  1  0.93
 0  89.33  1.30  0  3  0.89
 3  67.05  0.86  1  3  1.04
 1  60.30  0.73  0  3  0.86
 1  67.05  0.86  0  1  1.04
 2  85.75  1.34  1  3  2.64
 1  67.05  0.86  0  3  1.07
 3  87.33  0.46  1  0  1.49
 0  85.75  1.34  0  1  0.78
 1  70.67  0.27  0  3  1.58
 2  98.95  0.62  1  2  2.64
 0  92.56  1.24  0  2  0.74
 1  89.33  0.27  0  2  1.46
 2  89.33  1.30  1  1  1.26
 1  77.42  0.40  0  3  0.71
 2  90.98  1.00  1  2  1.39
 3  61.05  0.62  1  3  0.71
 1  82.53  0.61  0  2  2.01
 0  87.33  1.11  0  2  2.41
 2  81.94  1.37  1  0  1.70
 0  98.95  0.95  0  2  0.88
 0  99.70  0.84  0  0  1.90
 1  77.47  0.61  0  1  1.10
 2  97.46  1.06  1  2  3.49
 3  62.54  0.51  1  3  0.78
 0  92.95  0.86  0  2  1.58
 2  90.98  0.57  1  2  1.13
 1  92.56  0.33  0  1  1.02
 1  82.58  0.40  0  1  2.61
 3  62.54  1.06  1  3  1.04
 3  81.94  0.21  1  3  1.60
 3  70.67  0.27  1  1  2.08
 0  89.33  1.30  0  2  3.94
 1  81.94  0.21  0  1  1.43
 0  97.46  1.06  0  0  2.57
 2  85.75  1.34  1  2  2.53
 2  77.42  1.17  1  2  2.60
 0  97.46  0.51  0  1  1.90
 0  81.94  1.37  0  2  1.37
 0  74.25  1.34  0  0  3.22
 1  69.02  1.00  0  3  1.69
 3  64.69  1.16  1  3  1.21
 0  95.31  1.16  0  2  1.44
 1  60.30  0.73  0  3  1.11
 2  70.67  1.30  1  2  5.89
 2  72.67  1.11  1  0  2.17
 3  89.33  0.27  1  1  1.10
 0  86.10  0.71  0  0  2.27
 1  67.44  0.33  0  3  1.48
 1  78.06  0.21  0  1  0.95
 3  82.53  0.61  1  0  1.52
 0  77.42  1.17  0  2  1.61
 0  98.95  0.62  0  3  1.89
 0  72.67  1.11  0  2  1.56
 3  73.90  0.86  1  0  0.92
 2  92.56  1.24  1  2  1.19
 0  99.70  0.73  0  1  1.66
 3  74.25  0.23  1  1  2.07
 1  62.54  0.51  0  3  1.09
 2  77.47  0.96  1  0  1.95
 0  90.98  1.00  0  0  1.48
 2  99.70  0.84  1  0  1.15
 2  74.25  1.34  1  3  2.60
 0  90.98  0.57  0  1  1.67
 3  64.69  0.42  1  3  1.25
 3  77.42  0.40  1  1  2.90
 3  78.06  0.21  1  3  1.48
 0  86.10  0.86  0  2  2.62
 3  73.90  0.71  1  0  2.16
 2  67.44  1.24  1  3  0.87
 2  92.95  0.71  1  2  1.45
 1  72.67  0.46  0  1  1.77
 0  95.31  0.42  0  1  3.28
 2  97.46  0.51  1  0  1.79
 3  72.67  0.46  1  3  1.97
 2  82.58  1.17  1  2  2.30
 2  99.70  0.73  1  1  1.12
 1  73.90  0.86  0  2  0.84
 0  82.53  0.96  0  2  4.84
 2  86.10  0.86  1  0  1.40
 1  62.54  1.06  0  3  0.72
 1  69.02  0.57  0  1  1.88
 2  95.31  1.16  1  0  3.20
 3  69.02  0.57  1  3  1.66
 2  92.95  0.86  1  2  2.52
 1  74.25  0.23  0  1  1.32
 0  70.67  1.30  0  3  2.58
 1  67.05  0.71  0  2  3.51
 2  86.10  0.71  1  0  1.38
 2  82.53  0.96  1  2  1.40
 3  61.05  0.95  1  3  1.16
 1  61.05  0.62  0  1  0.95
 3  92.56  0.33  1  1  1.93
 1  85.75  0.23  0  3  2.50
 1  60.30  0.84  0  3  1.11
 1  64.69  1.16  0  0  3.02
 1  61.05  0.95  0  1  1.32
 3  67.44  0.33  1  1  1.37
 1  73.90  0.71  0  0  1.47
 0  92.95  0.71  0  2  1.08
 2  98.95  0.95  1  3  1.75
 2  95.31  0.42  1  2  2.87
 3  69.02  1.00  1  2  2.44
 1  87.33  0.46  0  0  1.55
 2  78.06  1.37  1  2  4.40
 0  78.06  1.37  0  2  1.29
 2  87.33  1.11  1  0  2.38
 0  77.47  0.96  0  2  1.89
 3  82.58  0.40  1  1  1.00
 3  60.30  0.73  1  1  1.98
 3  60.30  0.84  1  3  1.52
 0  67.44  1.24  0  3  2.37
 3  77.47  0.61  1  0  2.72
 1  64.69  0.42  0  3  3.37
 3  67.05  0.71  1  1  1.31
 3  85.75  0.23  1  1  1.36
 3  67.05  0.86  1  2  1.63
 0  82.58  1.17  0  2  0.93
 1  87.33  0.46  0  1 15.97
 1  92.56  0.33  0  1  1.38
 3  61.05  0.62  1  3  1.05
 1  67.05  0.71  0  3  1.39
 3  67.05  0.71  1  3  2.79
 0  74.25  1.34  0  2  1.23
 0  70.67  1.30  0  2  1.03
 2  92.95  0.71  1  0  1.82
 1  77.47  0.61  0  0  1.57
 2  90.98  1.00  1  0  1.79
 2  92.56  1.24  1  2  1.34
 0  92.56  1.24  0  2  0.77
 1  89.33  0.27  0  3  3.08
 3  82.53  0.61  1  1  2.13
 2  89.33  1.30  1  2  1.11
 2  98.95  0.62  1  1  1.41
 3  87.33  0.46  1  1  1.09
 1  73.90  0.71  0  2  0.75
 3  74.25  0.23  1  1  1.06
 3  60.30  0.73  1  3  0.86
 3  60.30  0.84  1  3  0.84
 1  60.30  0.84  0  3  1.68
 0  72.67  1.11  0  2  1.83
 0  67.44  1.24  0  0  0.62
 0  89.33  1.30  0  2  1.34
 3  92.56  0.33  1  1  1.54
 0  82.53  0.96  0  2  1.93
 2  95.31  1.16  1  0  4.37
 2  74.25  1.34  1  3  1.28
 0  87.33  1.11  0  0  2.14
 1  61.05  0.95  0  3  1.12
 2  85.75  1.34  1  2  1.43
 2  82.53  0.96  1  0  1.16
 3  85.75  0.23  1  3  1.90
 0  97.46  0.51  0  3  1.62
 0  92.95  0.71  0  1  2.43
 3  78.06  0.21  1  3  1.71
 0  95.31  1.16  0  0  1.51
 1  78.06  0.21  0  3  1.82
 2  81.94  1.37  1  2  1.90
 1  74.25  0.23  0  1  1.27
 0  90.98  0.57  0  0  3.93
 3  70.67  0.27  1  1  1.56
 0  82.58  1.17  0  2  1.50
 2  67.44  1.24  1  3  1.69
 2  99.70  0.84  1  0  1.22
 1  70.67  0.27  0  3  2.45
 3  77.42  0.40  1  1  1.32
 1  69.02  0.57  0  3  2.00
 3  62.54  0.51  1  3  0.89
 1  69.02  1.00  0  2  2.35
 1  85.75  0.23  0  2  1.21
 3  69.02  0.57  1  3  2.37
 1  72.67  0.46  0  1  0.78
 1  62.54  1.06  0  3  1.27
 0  98.95  0.62  0  0  1.50
 0  85.75  1.34  0  2  0.86
 0  78.06  1.37  0  0  1.56
 1  62.54  0.51  0  3  1.04
 2  99.70  0.73  1  2  1.93
 1  82.58  0.40  0  1  1.32
 3  73.90  0.71  1  3  1.46
 1  64.69  1.16  0  3  0.98
 2  97.46  0.51  1  1  1.79
 2  70.67  1.30  1  3  1.11
 2  97.46  1.06  1  2  1.02
 2  86.10  0.86  1  0  1.25
 3  72.67  0.46  1  0  0.81
 1  82.53  0.61  0  2  2.53
 1  81.94  0.21  0  1  1.20
 0  95.31  0.42  0  2  1.51
 0  99.70  0.84  0  0  1.04
 3  62.54  1.06  1  1  1.98
 3  82.58  0.40  1  1  1.82
 1  77.42  0.40  0  1  1.23
 3  81.94  0.21  1  1  1.23
 0  77.47  0.96  0  2  1.58
 3  89.33  0.27  1  1  2.60
 2  82.58  1.17  1  2  1.01
 0  86.10  0.86  0  2  1.05
 2  77.42  1.17  1  2  1.69
 1  61.05  0.62  0  1  1.96
 0  92.95  0.86  0  2  2.73
 2  86.10  0.71  1  0  1.33
 0  99.70  0.73  0  2  2.54
 2  77.47  0.96  1  3  3.63
 2  92.95  0.86  1  0  0.99
 1  64.69  0.42  0  3  0.93
 2  72.67  1.11  1  3  0.74
 3  67.44  0.33  1  2  0.93
 0  90.98  1.00  0  0  1.74
 3  73.90  0.86  1  2  1.32
 0  77.42  1.17  0  3  1.03
 1  73.90  0.86  0  2  2.04
 0  97.46  1.06  0  3  0.95
 1  67.44  0.33  0  1  2.59
 3  67.05  0.86  1  2  2.35
 0  98.95  0.95  0  0  1.25
 3  64.69  0.42  1  1  1.49
 1  67.05  0.86  0  3  0.88
 3  61.05  0.95  1  3  1.02
 2  90.98  0.57  1  0  1.65
 2  87.33  1.11  1  2  0.92
 3  69.02  1.00  1  3  1.26
 0  81.94  1.37  0  2  2.04
 0  86.10  0.71  0  2  2.04
 2  95.31  0.42  1  1  1.21
 3  77.47  0.61  1  2  1.06
 2  78.06  1.37  1  3  0.89
 2  98.95  0.95  1  2  1.18
 3  64.69  1.16  1  3  1.74
 1  60.30  0.73  0  1  1.42
 1  78.06  0.21  0  1  5.86
 1  69.02  1.00  0  2  3.58
 1  61.05  0.95  0  3  0.93
 0  70.67  1.30  0  3  1.73
 2  90.98  0.57  1  2  1.19
 1  60.30  0.73  0  2  3.20
 3  78.06  0.21  1  1  1.01
 3  60.30  0.84  1  3  1.53
 2  82.58  1.17  1  2  1.16
 0  78.06  1.37  0  2  1.07
 3  73.90  0.71  1  2  0.95
 3  89.33  0.27  1  1  3.26
 3  69.02  0.57  1  0  1.61
 2  97.46  0.51  1  1  2.27
 2  67.44  1.24  1  3  0.91
 2  82.53  0.96  1  2  0.56
 1  67.05  0.71  0  2  0.72
 1  73.90  0.71  0  3  0.50
 0  97.46  0.51  0  1  1.08
 3  69.02  1.00  1  3  0.83
 0  90.98  1.00  0  2  1.04
 0  99.70  0.84  0  0  0.76
 1  62.54  1.06  0  3  0.96
 0  92.95  0.86  0  2  1.26
 0  92.95  0.71  0  2  1.08
 0  82.58  1.17  0  2  0.47
 3  61.05  0.95  1  3  0.67
 1  61.05  0.62  0  0  0.94
 3  64.69  1.16  1  3  0.71
 3  62.54  1.06  1  3  0.91
 1  64.69  0.42  0  2  1.08
 0  77.47  0.96  0  2  1.21
 2  85.75  1.34  1  1  0.45
 1  89.33  0.27  0  1  0.94
 0  67.44  1.24  0  3  0.95
 1  74.25  0.23  0  1  0.87
 1  82.53  0.61  0  2  0.87
 3  82.58  0.40  1  1  0.83
 0  98.95  0.95  0  2  1.29
 3  87.33  0.46  1  0  1.18
 3  77.47  0.61  1  3  0.71
 1  70.67  0.27  0  2  0.86
 3  81.94  0.21  1  1  0.86
 2  99.70  0.84  1  3  0.93
 3  67.05  0.86  1  3  1.56
 2  89.33  1.30  1  2  1.28
 3  72.67  0.46  1  0 11.06
 0  95.31  0.42  0  2  3.77
 0  99.70  0.73  0  2  4.17
 3  64.69  0.42  1  1  1.95
 3  61.05  0.62  1  3  7.73
 3  82.53  0.61  1  2  1.10
 2  77.42  1.17  1  1  1.68
 2  81.94  1.37  1  2  1.66
 0  89.33  1.30  0  2  2.75
 3  62.54  0.51  1  3  1.38
 0  72.67  1.11  0  2  1.13
 1  77.47  0.61  0  2  2.61
 1  69.02  0.57  0  2  1.36
 2  97.46  1.06  1  2  1.05
 2  90.98  1.00  1  2  1.57
 0  97.46  1.06  0  0  2.90
 0  86.10  0.86  0  2  3.84
 2  70.67  1.30  1  3  0.85
 1  81.94  0.21  0  2  0.99
 2  95.31  1.16  1  2  1.24
 1  67.05  0.86  0  2  1.84
 2  95.31  0.42  1  1  1.32
 2  92.95  0.71  1  2  1.67
 1  87.33  0.46  0  2  1.02
 2  98.95  0.62  1  0  1.15
 2  86.10  0.86  1  2  1.02
 1  73.90  0.86  0  3  1.23
 3  92.56  0.33  1  1  1.43
 1  72.67  0.46  0  2  1.53
 1  64.69  1.16  0  3  0.79
 0  92.56  1.24  0  2  0.69
 3  70.67  0.27  1  1  0.83
 2  78.06  1.37  1  3  0.72
 3  67.05  0.71  1  3  1.38
 1  62.54  0.51  0  3  1.09
 0  95.31  1.16  0  2  2.05
 2  87.33  1.11  1  2  0.78
 0  85.75  1.34  0  0  0.95
 0  82.53  0.96  0  2  1.00
 0  90.98  0.57  0  2  0.77
 2  74.25  1.34  1  3  1.36
 3  85.75  0.23  1  1  2.13
 0  77.42  1.17  0  2  1.65
 0  81.94  1.37  0  2  1.15
 0  87.33  1.11  0  2  0.96
 1  82.58  0.40  0  2  0.83
 2  72.67  1.11  1  2  1.18
 3  74.25  0.23  1  1  1.37
 1  92.56  0.33  0  2  1.08
 3  67.44  0.33  1  1  1.28
 3  73.90  0.86  1  2  1.01
 1  60.30  0.84  0  2  2.19
 2  92.95  0.86  1  2  1.08
 1  85.75  0.23  0  1  1.05
 0  98.95  0.62  0  2  1.50
 2  77.47  0.96  1  2  1.07
 3  60.30  0.73  1  3  0.93
 0  74.25  1.34  0  2  3.56
 2  86.10  0.71  1  2  1.03
 1  67.44  0.33  0  3  1.62
 0  86.10  0.71  0  2  2.89
 3  77.42  0.40  1  2  1.43
 2  99.70  0.73  1  2  3.19
 2  98.95  0.95  1  2  2.32
 2  92.56  1.24  1  0  2.55
 1  77.42  0.40  0  2  2.09
 2  81.94  1.37  1  2  3.65
 2  85.75  1.34  1  2  0.96
 1  82.58  0.40  0  1  0.99
 3  60.30  0.84  1  3  0.89
 3  69.02  0.57  1  2  3.39
 1  64.69  1.16  0  3  2.90
 3  77.47  0.61  1  2  1.37
 2  72.67  1.11  1  2  0.79
 1  85.75  0.23  0  1  0.92
 3  85.75  0.23  1  1  0.83
 3  87.33  0.46  1  0  1.47
 0  97.46  1.06  0  3  0.99
 0  70.67  1.30  0  2  0.69
 0  85.75  1.34  0  0  2.72
 0  90.98  0.57  0  2  1.64
 2  87.33  1.11  1  2  0.67
 1  67.44  0.33  0  1  1.81
 1  87.33  0.46  0  2  1.53
 3  67.05  0.86  1  2  1.32
 0  81.94  1.37  0  2  3.69
 3  72.67  0.46  1  2  1.52
 0  77.47  0.96  0  3  0.86
 3  61.05  0.95  1  3  1.05
 0  95.31  1.16  0  2  0.86
 1  92.56  0.33  0  2  0.84
 2  77.42  1.17  1  2  2.79
 1  69.02  0.57  0  1  3.24
 1  73.90  0.86  0  2  3.09
 0  97.46  0.51  0  3  1.76
 1  77.47  0.61  0  3  1.07
 2  92.56  1.24  1  2  0.58
 3  61.05  0.62  1  1  2.08
 1  77.42  0.40  0  0  1.82
 2  74.25  1.34  1  2  4.48
 3  62.54  0.51  1  1  1.85
 2  95.31  1.16  1  2  1.06
 0  92.95  0.86  0  2  1.52
 0  77.42  1.17  0  2  0.84
 2  82.58  1.17  1  2  1.61
 1  64.69  0.42  0  1  3.29
 1  67.05  0.71  0  1  1.85
 2  78.06  1.37  1  2  1.18
 0  92.56  1.24  0  0  1.89
 3  67.44  0.33  1  1  2.32
 1  89.33  0.27  0  3  1.37
 0  98.95  0.62  0  2  2.44
 3  92.56  0.33  1  2  1.67
 2  92.95  0.71  1  2  2.91
 3  69.02  1.00  1  2  1.56
 1  72.67  0.46  0  0  1.82
 3  78.06  0.21  1  1  0.80
 1  61.05  0.95  0  2  0.85
 2  90.98  0.57  1  0  1.47
 1  70.67  0.27  0  1  1.08
 1  67.05  0.86  0  2  0.95
 1  78.06  0.21  0  3  0.72
 2  95.31  0.42  1  2  1.14
 3  64.69  0.42  1  1  1.01
 3  67.05  0.71  1  2  0.95
 3  64.69  1.16  1  0  0.71
 1  82.53  0.61  0  2  2.49
 1  73.90  0.71  0  2  0.92
 2  86.10  0.71  1  2  0.72
 2  92.95  0.86  1  1  0.84
 0  82.53  0.96  0  2  0.96
 3  70.67  0.27  1  1  0.98
 1  62.54  0.51  0  3  2.35
 2  98.95  0.95  1  2  0.79
 3  62.54  1.06  1  3  1.09
 2  77.47  0.96  1  2  1.15
 1  81.94  0.21  0  1  0.79
 3  81.94  0.21  1  1  0.95
 1  60.30  0.84  0  2  0.85
 2  70.67  1.30  1  3  2.31
 1  74.25  0.23  0  1  1.15
 3  82.58  0.40  1  1  2.40
 2  98.95  0.62  1  0  2.32
 2  99.70  0.84  1  2  1.22
 1  61.05  0.62  0  1  1.70
 3  77.42  0.40  1  2  1.71
 3  74.25  0.23  1  3  2.32
 2  90.98  1.00  1  2  1.22
 1  60.30  0.73  0  1  2.86
 0  87.33  1.11  0  2  7.66
 3  73.90  0.86  1  2  1.01
 3  60.30  0.73  1  3  6.35
 1  69.02  1.00  0  2  0.89
 3  82.53  0.61  1  2  0.86
 0  67.44  1.24  0  3  1.59
 0  74.25  1.34  0  3  0.83
 2  97.46  1.06  1  2  0.77
 0  89.33  1.30  0  2  0.94
 0  95.31  0.42  0  2  1.66
 2  97.46  0.51  1  2  1.27
 3  73.90  0.71  1  1  1.36
 2  86.10  0.86  1  2  1.46
 0  82.58  1.17  0  2  0.56
 0  86.10  0.86  0  2  0.64
 0  78.06  1.37  0  2  0.86
 2  82.53  0.96  1  2  0.61
 0  72.67  1.11  0  2  0.59
 0  86.10  0.71  0  2  1.03
 2  99.70  0.73  1  2  1.25
 0  90.98  1.00  0  0  0.99
 0  98.95  0.95  0  0  1.24
 0  99.70  0.73  0  2  0.73
 2  67.44  1.24  1  3  0.84
 0  99.70  0.84  0  2  0.95
 2  89.33  1.30  1  2  0.73
 0  92.95  0.71  0  0  0.72
 1  62.54  1.06  0  2  2.73
 3  89.33  0.27  1  2  2.30
