 3  77.47  0.96  1  0  1.97
 1  99.70  0.73  0  3  2.90
 1  99.70  0.73  1  3  1.34
 0  77.47  0.61  1  1  1.23
 1  86.10  0.86  0  1  3.71
 1  86.10  0.71  1  0  1.40
 2  67.05  0.71  1  3  1.18
 3  81.94  1.37  1  2  2.86
 2  64.69  0.42  1  0  1.44
 3  77.47  0.96  0  1  2.50
 0  89.33  0.27  0  2  1.69
 1  99.70  0.84  1  2  1.23
 0  77.42  0.40  0  0  5.14
 2  61.05  0.95  0  3  2.03
 3  72.67  1.11  0  3  0.67
 2  61.05  0.95  1  1  1.09
 1  90.98  1.00  0  1  0.67
 1  95.31  0.42  0  2  1.06
 2  64.69  1.16  1  0  1.39
 0  72.67  0.46  0  0  1.80
 0  85.75  0.23  1  1  1.64
 2  69.02  0.57  0  2  1.09
 1  97.46  1.06  1  3  1.43
 2  67.05  0.86  1  0  1.63
 2  60.30  0.84  1  0  1.36
 2  62.54  0.51  0  1  1.60
 2  67.05  0.86  0  2  0.96
 1  95.31  1.16  1  1  2.48
 2  73.90  0.71  1  2  1.22
 3  74.25  1.34  1  0  1.64
 1  97.46  1.06  0  1  1.74
 1  86.10  0.71  0  0  1.18
 3  74.25  1.34  0  3  0.99
 3  92.56  1.24  0  3  1.49
 3  85.75  1.34  0  3  0.79
 3  78.06  1.37  1  3  0.78
 0  82.58  0.40  1  0  0.89
 2  73.90  0.86  1  1  1.01
 1  86.10  0.86  1  2  1.04
 0  92.56  0.33  1  2  1.74
 0  67.44  0.33  0  0  1.29
 0  87.33  0.46  1  0  0.44
 0  70.67  0.27  1  0  0.44
 0  77.47  0.61  0  2  0.59
 0  72.67  0.46  1  0  0.56
 3  85.75  1.34  1  3  1.38
 1  92.95  0.86  1  1  1.58
 3  82.58  1.17  0  2  0.67
 2  60.30  0.73  0  0  1.41
 3  67.44  1.24  1  2  1.31
 3  70.67  1.30  1  3  0.63
 3  87.33  1.11  0  3  1.85
 3  72.67  1.11  1  3  1.92
 2  61.05  0.62  0  0  2.45
 0  74.25  0.23  1  0  1.14
 3  89.33  1.30  0  3  1.52
 3  70.67  1.30  0  2  1.54
 2  64.69  0.42  0  0  1.22
 1  97.46  0.51  1  1  1.37
 3  89.33  1.30  1  3  1.49
 1  90.98  0.57  0  2  0.83
 2  69.02  0.57  1  0  1.50
 2  73.90  0.71  0  2  0.71
 2  62.54  1.06  0  2  1.73
 1  92.95  0.86  0  1  0.73
 0  78.06  0.21  1  1  2.37
 2  60.30  0.73  1  1  0.92
 0  82.53  0.61  0  2  0.86
 1  98.95  0.62  1  0  2.07
 1  95.31  0.42  1  0  1.01
 1  92.95  0.71  1  1  0.62
 0  67.44  0.33  1  0  1.11
 1  98.95  0.95  1  2  1.22
 2  62.54  0.51  1  1  0.73
 2  62.54  1.06  1  2  1.46
 3  82.53  0.96  1  2  0.70
 1  95.31  1.16  0  3  0.67
 0  85.75  0.23  0  0  1.04
 0  82.53  0.61  1  0  0.74
 2  69.02  1.00  0  1  1.54
 0  82.58  0.40  0  0  0.97
 2  69.02  1.00  1  2  0.88
 2  64.69  1.16  0  3  0.60
 3  82.58  1.17  1  2  1.18
 3  81.94  1.37  0  3  0.49
 2  73.90  0.86  0  3  1.62
 2  67.05  0.71  0  2  0.69
 3  92.56  1.24  1  2  0.83
 0  92.56  0.33  0  1  1.16
 1  99.70  0.84  0  0  1.08
 3  78.06  1.37  0  3  0.85
 1  90.98  1.00  1  3  2.18
 2  60.30  0.84  0  3  0.87
 3  82.53  0.96  0  2  0.51
 0  74.25  0.23  0  1  1.22
 0  89.33  0.27  1  1  2.08
 1  98.95  0.62  0  2  1.13
 0  81.94  0.21  0  2  1.48
 1  98.95  0.95  0  2  0.99
 3  77.42  1.17  1  2  0.54
 1  97.46  0.51  0  2  0.84
 3  77.42  1.17  0  2  0.83
 0  77.42  0.40  1  2  0.83
 1  90.98  0.57  1  0  0.79
 0  70.67  0.27  0  0  0.96
 1  92.95  0.71  0  0  0.65
 3  67.44  1.24  0  3  0.97
 2  61.05  0.62  1  2  1.11
 3  87.33  1.11  1  2  0.85
 0  81.94  0.21  1  0  1.52
 0  78.06  0.21  0  1  1.00
 0  87.33  0.46  0  1  1.01
 0  92.56  0.33  1  0  4.68
 0  77.42  0.40  1  0  0.91
 0  74.25  0.23  1  0  0.73
 1  86.10  0.71  0  1  1.53
 2  64.69  0.42  0  1  1.50
 1  90.98  1.00  1  2  0.62
 3  74.25  1.34  0  2  0.92
 0  74.25  0.23  0  1  2.19
 1  98.95  0.62  1  0  1.28
 2  67.05  0.86  1  3  2.18
 2  69.02  0.57  1  2  0.55
 3  70.67  1.30  1  3  0.71
 0  78.06  0.21  0  0  1.52
 1  99.70  0.84  0  1  1.45
 1  95.31  1.16  1  2  1.19
 0  85.75  0.23  0  0  0.92
 1  97.46  1.06  0  1  2.26
 0  72.67  0.46  0  0  1.46
 2  69.02  1.00  1  2  0.69
 2  73.90  0.71  0  0  1.16
 3  92.56  1.24  1  1  0.95
 1  92.95  0.86  0  1  0.68
 2  73.90  0.86  0  1  1.44
 2  61.05  0.62  1  2  1.63
 2  73.90  0.71  1  2  1.03
 3  87.33  1.11  0  1  1.61
 2  61.05  0.62  0  2  1.76
 2  67.05  0.71  1  2  0.70
 2  62.54  1.06  0  3  1.52
 1  95.31  0.42  0  1  1.94
 1  99.70  0.73  1  1  1.23
 0  72.67  0.46  1  1  0.77
 3  77.47  0.96  0  1  1.81
 3  72.67  1.11  1  3  0.70
 1  97.46  0.51  1  1  1.03
 1  92.95  0.71  1  1  2.22
 0  67.44  0.33  1  2  1.20
 0  81.94  0.21  0  0  0.65
 3  78.06  1.37  1  2  1.83
 1  95.31  1.16  0  1  1.76
 3  77.42  1.17  1  2  1.99
 3  81.94  1.37  0  3  0.69
 2  60.30  0.84  0  2  2.15
 2  67.05  0.86  0  2  1.01
 1  98.95  0.95  1  1  0.81
 3  77.42  1.17  0  1  1.04
 3  74.25  1.34  1  3  1.01
 0  89.33  0.27  0  0  1.12
 3  82.58  1.17  1  1  1.06
 0  67.44  0.33  0  0  1.78
 2  62.54  0.51  1  2  3.37
 2  73.90  0.86  1  1  2.39
 0  78.06  0.21  1  0  0.97
 1  86.10  0.86  0  1  1.15
 1  90.98  0.57  1  1  0.88
 1  95.31  0.42  1  1  2.95
 2  62.54  1.06  1  2  1.33
 0  92.56  0.33  0  1  1.65
 3  67.44  1.24  1  3  1.41
 3  92.56  1.24  0  1  1.46
 3  81.94  1.37  1  3  0.81
 1  92.95  0.86  1  1  1.57
 1  97.46  0.51  0  0  1.19
 0  85.75  0.23  1  0  0.85
 1  92.95  0.71  0  1  1.14
 3  70.67  1.30  0  3  1.34
 1  98.95  0.95  0  1  1.39
 1  86.10  0.71  1  2  0.71
 3  82.58  1.17  0  1  1.56
 0  82.53  0.61  0  1  1.50
 1  99.70  0.73  0  1  1.88
 1  90.98  0.57  0  0  1.06
 0  82.58  0.40  1  0  2.23
 0  77.42  0.40  0  2  0.68
 1  86.10  0.86  1  1  2.23
 0  77.47  0.61  0  1  2.39
 3  87.33  1.11  1  1  2.21
 2  62.54  0.51  0  2  0.81
 3  77.47  0.96  1  2  0.59
 3  89.33  1.30  0  1  1.75
 1  90.98  1.00  0  1  1.14
 1  98.95  0.62  0  1  0.83
 3  85.75  1.34  1  3  0.77
 2  64.69  1.16  1  3  1.11
 3  67.44  1.24  0  3  0.46
 2  69.02  0.57  0  2  2.71
 3  82.53  0.96  1  2  1.23
 0  82.58  0.40  0  2  1.28
 0  87.33  0.46  0  0  2.19
 1  99.70  0.84  1  1  0.65
 1  97.46  1.06  1  1  1.49
 0  81.94  0.21  1  0  1.04
 2  61.05  0.95  1  2  0.77
 0  82.53  0.61  1  0  1.39
 3  82.53  0.96  0  1  1.47
 3  89.33  1.30  1  3  0.72
 3  78.06  1.37  0  3  1.06
 2  60.30  0.73  0  2  0.41
 0  87.33  0.46  1  0  1.17
 2  61.05  0.95  0  3  1.99
 2  69.02  1.00  0  2  1.23
 3  72.67  1.11  0  3  1.07
 2  60.30  0.84  1  2  1.13
 2  67.05  0.71  0  2  1.72
 2  64.69  1.16  0  3  1.13
 0  70.67  0.27  0  0  1.77
 2  64.69  0.42  1  0  1.71
 2  60.30  0.73  1  2  0.65
 0  89.33  0.27  1  1  1.18
 3  85.75  1.34  0  3  0.93
 0  77.47  0.61  1  2  1.84
 0  70.67  0.27  1  0  1.34
 3  82.58  1.17  1  3  4.84
 1  86.10  0.86  1  1  3.76
 1  92.95  0.86  1  1  2.02
 2  73.90  0.86  1  2  1.22
 2  69.02  1.00  1  2  0.87
 2  64.69  0.42  0  0  1.88
 0  89.33  0.27  1  0  1.48
 0  77.47  0.61  0  0  1.71
 3  82.58  1.17  0  2  2.11
 3  78.06  1.37  0  3  0.75
 1  97.46  1.06  0  3  2.24
 3  92.56  1.24  1  1  0.73
 1  95.31  0.42  0  0  1.57
 3  85.75  1.34  1  3  0.79
 3  74.25  1.34  0  3  1.18
 2  61.05  0.62  1  2  2.00
 2  67.05  0.86  1  2  0.81
 3  67.44  1.24  0  3  0.90
 2  60.30  0.73  1  2  1.54
 0  78.06  0.21  1  0  1.41
 2  64.69  0.42  1  0  0.72
 1  90.98  1.00  1  1  3.42
 1  98.95  0.62  1  1  2.44
 0  82.58  0.40  1  0  2.67
 1  99.70  0.84  1  1  1.38
 0  81.94  0.21  1  0  1.17
 1  92.95  0.71  0  1  1.46
 1  97.46  1.06  1  1  1.15
 2  73.90  0.71  1  1  3.77
 1  86.10  0.71  1  2  0.97
 3  77.47  0.96  0  2  0.55
 0  78.06  0.21  0  0  1.40
 3  82.53  0.96  1  1  1.64
 0  72.67  0.46  1  1  0.77
 3  85.75  1.34  0  3  0.67
 0  70.67  0.27  1  0  1.27
 2  64.69  1.16  0  3  1.07
 3  81.94  1.37  1  3  0.83
 2  61.05  0.95  0  2  7.08
 0  72.67  0.46  0  0  2.05
 3  77.42  1.17  0  2  1.99
 1  98.95  0.95  1  1  1.21
 2  60.30  0.73  0  2  1.16
 0  92.56  0.33  1  0  2.11
 3  82.53  0.96  0  1  1.60
 2  67.05  0.86  0  2  1.63
 3  67.44  1.24  1  2  1.16
 0  82.53  0.61  1  0  2.21
 2  64.69  1.16  1  2  2.68
 2  73.90  0.71  0  2  3.44
 2  62.54  1.06  1  2  1.22
 0  67.44  0.33  0  0  2.18
 0  81.94  0.21  0  0  1.80
 1  95.31  1.16  0  1  1.76
 2  61.05  0.95  1  2  1.15
 0  87.33  0.46  1  0  2.10
 1  90.98  0.57  0  1  1.90
 0  82.58  0.40  0  0  2.47
 0  89.33  0.27  0  0  2.03
 0  70.67  0.27  0  1  2.26
 1  99.70  0.84  0  1  1.47
 2  69.02  0.57  1  2  1.47
 0  77.42  0.40  1  2  0.97
 3  70.67  1.30  1  3  2.15
 0  74.25  0.23  1  0  1.64
 2  73.90  0.86  0  1  1.31
 3  92.56  1.24  0  1  1.86
 3  87.33  1.11  1  3  1.10
 3  72.67  1.11  1  2  1.91
 1  98.95  0.62  0  1  1.81
 1  92.95  0.71  1  1  1.17
 2  62.54  1.06  0  3  2.09
 1  95.31  1.16  1  3  1.39
 2  60.30  0.84  1  2  1.57
 3  77.47  0.96  1  2  1.88
 0  82.53  0.61  0  1  2.25
 0  67.44  0.33  1  0  2.54
 1  98.95  0.95  0  1  1.32
 2  69.02  0.57  0  0  2.64
 2  62.54  0.51  0  2  0.92
 2  69.02  1.00  0  3  2.17
 1  90.98  1.00  0  1  2.19
 3  89.33  1.30  1  3  1.19
 0  77.42  0.40  0  0  1.61
 3  70.67  1.30  0  3  2.39
 1  99.70  0.73  0  1  1.93
 1  95.31  0.42  1  1  2.30
 2  67.05  0.71  0  2  1.16
 1  92.95  0.86  0  3  3.51
 3  77.42  1.17  1  3  1.36
 3  81.94  1.37  0  3  1.18
 3  78.06  1.37  1  3  0.89
 3  72.67  1.11  0  2  1.11
 0  85.75  0.23  1  0  1.15
 1  86.10  0.71  0  1  1.22
 2  67.05  0.71  1  2  2.20
 2  62.54  0.51  1  2  0.73
 3  87.33  1.11  0  1  1.29
 3  89.33  1.30  0  3  1.18
 0  77.47  0.61  1  2  2.63
 0  87.33  0.46  0  1  1.08
 1  90.98  0.57  1  1  0.57
 2  61.05  0.62  0  2  1.17
 1  97.46  0.51  1  1  0.98
 3  74.25  1.34  1  3  1.15
 0  85.75  0.23  0  0  1.73
 1  99.70  0.73  1  1  1.12
 2  60.30  0.84  0  2  1.04
 1  97.46  0.51  0  1  2.51
 1  86.10  0.86  0  3  2.17
 0  74.25  0.23  0  0  1.22
 0  92.56  0.33  0  1  0.93
 0  81.94  0.21  1  0  2.14
 3  77.47  0.96  0  1 11.61
 1  97.46  1.06  0  1  1.49
 3  87.33  1.11  1  1  1.32
 0  87.33  0.46  0  1  1.07
 3  82.58  1.17  0  3  0.84
 3  82.53  0.96  0  1  2.74
 2  67.05  0.71  0  2  0.70
 0  77.47  0.61  0  0  4.28
 2  60.30  0.84  0  2  1.20
 3  74.25  1.34  0  3  0.91
 2  62.54  1.06  0  3  2.44
 1  99.70  0.84  0  1  1.03
 1  99.70  0.84  1  1  1.45
 3  70.67  1.30  1  3  2.05
 2  60.30  0.73  0  2  0.88
 2  60.30  0.84  1  2  0.95
 1  86.10  0.71  1  1  1.07
 3  85.75  1.34  0  3  0.71
 0  78.06  0.21  0  0  1.35
 3  82.58  1.17  1  3  1.72
 1  95.31  0.42  1  1  1.20
 3  92.56  1.24  0  3  2.60
 1  97.46  1.06  1  3  1.15
 3  87.33  1.11  0  1  0.94
 0  72.67  0.46  1  2  1.39
 2  73.90  0.71  1  0  1.43
 3  72.67  1.11  1  3  1.97
 0  78.06  0.21  1  0  1.14
 1  98.95  0.62  0  1  1.09
 2  61.05  0.62  0  2  0.94
 2  69.02  1.00  0  2  1.16
 2  61.05  0.95  0  3  1.18
 0  82.58  0.40  1  0  1.20
 1  86.10  0.86  0  1  0.96
 0  92.56  0.33  1  0  0.99
 3  67.44  1.24  1  3  1.43
 0  85.75  0.23  0  0  1.19
 0  70.67  0.27  0  2  1.43
 2  67.05  0.71  1  2  1.72
 0  82.53  0.61  1  1  1.12
 1  92.95  0.71  1  1  0.84
 2  73.90  0.71  0  2  4.17
 1  97.46  0.51  0  1  0.86
 0  77.47  0.61  1  2  2.23
 3  85.75  1.34  1  3  1.07
 2  62.54  1.06  1  3  1.34
 3  72.67  1.11  0  2  1.78
 3  77.42  1.17  0  2  0.37
 0  72.67  0.46  0  0  1.78
 1  98.95  0.62  1  1  1.15
 2  64.69  1.16  0  3  1.36
 2  69.02  0.57  0  2  2.48
 3  78.06  1.37  0  3  0.97
 0  82.58  0.40  0  0  2.39
 3  78.06  1.37  1  3  1.14
 3  77.47  0.96  1  2  1.78
 0  82.53  0.61  0  0  2.30
 3  74.25  1.34  1  3  1.12
 2  60.30  0.73  1  2  2.53
 0  81.94  0.21  0  0  1.02
 1  90.98  0.57  0  1  0.77
 1  90.98  0.57  1  1  0.95
 2  62.54  0.51  1  2  1.12
 2  64.69  0.42  1  2  1.54
 3  77.42  1.17  1  3  1.33
 0  89.33  0.27  1  1  3.97
 1  90.98  1.00  0  1  1.45
 0  87.33  0.46  1  0  2.28
 2  67.05  0.86  0  2  3.91
 1  98.95  0.95  0  1  1.08
 1  98.95  0.95  1  1  2.70
 2  61.05  0.95  1  2  2.11
 0  74.25  0.23  0  0  1.13
 1  92.95  0.86  1  1  1.79
 2  67.05  0.86  1  2  1.01
 0  85.75  0.23  1  0  1.07
 2  64.69  0.42  0  0  1.28
 1  92.95  0.71  0  1  1.02
 1  95.31  1.16  1  1  2.86
 1  95.31  0.42  0  0  1.24
 3  92.56  1.24  1  2  1.90
 2  62.54  0.51  0  2  1.32
 3  82.53  0.96  1  2  2.26
 1  86.10  0.86  1  3  1.00
 0  67.44  0.33  1  2  2.16
 3  67.44  1.24  0  3  1.37
 1  95.31  1.16  0  3  1.61
 2  61.05  0.62  1  2  1.33
 1  99.70  0.73  0  1  1.39
 2  73.90  0.86  1  2  1.29
 0  77.42  0.40  0  0  2.39
 3  70.67  1.30  0  3  1.10
 0  89.33  0.27  0  0  1.56
 3  81.94  1.37  0  3  1.05
 0  77.42  0.40  1  0  1.33
 3  89.33  1.30  1  3  1.10
 0  74.25  0.23  1  0  1.18
 3  81.94  1.37  1  3  0.96
 0  92.56  0.33  0  1  1.30
 1  90.98  1.00  1  1  1.63
 0  67.44  0.33  0  0  2.14
 1  97.46  0.51  1  1  0.94
 3  89.33  1.30  0  1  2.85
 2  73.90  0.86  0  2  1.67
 2  69.02  1.00  1  2  1.14
 2  69.02  0.57  1  0  2.23
 0  70.67  0.27  1  0  1.85
 1  99.70  0.73  1  1  1.35
 1  92.95  0.86  0  1  1.04
 1  86.10  0.71  0  1  1.20
 2  64.69  1.16  1  2  1.36
 1  97.46  1.06  1  1  5.25
 3  77.42  1.17  0  3  5.09
 2  64.69  0.42  1  0  1.19
 3  82.58  1.17  1  3  3.43
 2  60.30  0.73  1  2  1.93
 3  78.06  1.37  1  3  0.90
 3  72.67  1.11  0  2  1.10
 3  92.56  1.24  0  3  0.69
 3  78.06  1.37  0  3  0.59
 2  73.90  0.71  0  2  3.10
 1  95.31  0.42  0  0  2.07
 0  82.58  0.40  1  2  1.65
 2  61.05  0.95  1  2  1.46
 0  70.67  0.27  0  0  2.22
 1  97.46  0.51  0  1  0.58
 2  67.05  0.71  1  2  3.43
 1  95.31  1.16  0  3  2.86
 3  77.47  0.96  0  2  1.22
 3  72.67  1.11  1  3  1.11
 1  97.46  1.06  0  3  1.34
 3  82.53  0.96  0  2  2.67
 2  62.54  0.51  1  2  0.96
 1  95.31  0.42  1  0  2.93
 2  69.02  1.00  1  2  1.17
 3  77.47  0.96  1  2  1.50
 0  72.67  0.46  0  2  0.47
 0  78.06  0.21  1  0  0.86
 1  90.98  1.00  0  3  3.00
 3  85.75  1.34  0  3  1.19
 2  60.30  0.84  0  2  1.42
 0  81.94  0.21  1  0  0.92
 0  89.33  0.27  1  1  0.59
 2  67.05  0.86  0  2  1.07
 2  64.69  1.16  1  3  0.66
 0  67.44  0.33  1  2  0.70
 3  82.53  0.96  1  1  1.76
 0  72.67  0.46  1  2  2.26
 1  92.95  0.86  1  1  1.08
 0  81.94  0.21  0  0  1.21
 3  87.33  1.11  0  1  0.95
 1  97.46  0.51  1  1  2.09
 2  69.02  0.57  1  2  3.86
 0  82.53  0.61  0  2  2.84
 2  61.05  0.95  0  3  1.26
 2  69.02  0.57  0  2  0.84
 1  90.98  0.57  0  1  1.44
 3  92.56  1.24  1  3  0.99
 2  62.54  1.06  1  3  8.01
 3  70.67  1.30  1  3  1.45
 1  99.70  0.84  0  1  1.63
 2  61.05  0.62  0  2  1.09
 3  70.67  1.30  0  3  0.66
 0  74.25  0.23  0  0  1.11
 3  85.75  1.34  1  3  0.76
 0  82.53  0.61  1  0  3.95
 1  92.95  0.86  0  1  0.80
 1  98.95  0.95  1  3  3.62
 0  67.44  0.33  0  0  2.19
 0  77.47  0.61  0  0  1.62
 0  92.56  0.33  0  0  1.87
 1  92.95  0.71  0  0  1.59
 0  87.33  0.46  0  1  0.58
 1  92.95  0.71  1  0  1.97
 0  92.56  0.33  1  0  0.62
 1  86.10  0.71  1  1  1.02
 2  67.05  0.86  1  2  2.80
 1  98.95  0.62  1  1  0.96
 0  78.06  0.21  0  0  0.83
 0  77.42  0.40  1  0  1.86
 3  81.94  1.37  0  3  0.67
 2  61.05  0.62  1  2  0.69
 3  74.25  1.34  0  3  0.59
 1  99.70  0.84  1  1  0.97
 3  74.25  1.34  1  3  0.74
 0  82.58  0.40  0  0  2.51
 3  81.94  1.37  1  3  0.52
 3  89.33  1.30  1  1  3.07
 0  89.33  0.27  0  0  0.74
 2  64.69  0.42  0  2  1.09
 2  73.90  0.86  0  0  1.86
 1  86.10  0.71  0  2  1.24
 2  60.30  0.73  0  2  0.45
 3  77.42  1.17  1  3  1.64
 1  95.31  1.16  1  0  1.88
 0  70.67  0.27  1  0  1.12
 0  77.47  0.61  1  1  1.03
 2  60.30  0.84  1  2  1.55
 3  67.44  1.24  1  2  0.67
 0  85.75  0.23  0  0  0.95
 2  73.90  0.71  1  2  3.34
 1  98.95  0.62  0  1  0.86
 2  62.54  0.51  0  2  1.81
 3  67.44  1.24  0  3  2.13
 1  90.98  1.00  1  0  3.32
 0  77.42  0.40  0  0  1.18
 3  87.33  1.11  1  1  1.21
 3  82.58  1.17  0  3  1.27
 1  99.70  0.73  1  1  1.20
 2  64.69  1.16  0  3  1.99
 1  86.10  0.86  1  2  2.73
 0  87.33  0.46  1  1  1.30
 3  89.33  1.30  0  3  1.05
 2  73.90  0.86  1  2  2.08
 2  62.54  1.06  0  2  3.17
 1  86.10  0.86  0  1  1.79
 2  67.05  0.71  0  2  1.52
 2  69.02  1.00  0  3  1.27
 0  85.75  0.23  1  0  0.91
 1  90.98  0.57  1  1  0.78
 1  98.95  0.95  0  1  0.78
 0  74.25  0.23  1  0  0.72
 1  99.70  0.73  0  1  0.82
