 1  60.30  0.73  0  0  1.36
 0  95.31  0.42  0  1  2.21
 3  77.42  0.40  1  0  1.11
 2  98.95  0.95  1  1  3.11
 2  81.94  1.37  1  2  1.45
 3  74.25  0.23  1  1  1.14
 1  89.33  0.27  0  1  1.25
 0  82.58  1.17  0  0  0.94
 1  92.56  0.33  0  2  1.12
 1  82.58  0.40  0  1  3.10
 1  69.02  1.00  0  0  0.97
 1  62.54  1.06  0  0  4.01
 2  82.58  1.17  1  1  1.11
 0  86.10  0.86  0  1  1.03
 3  73.90  0.71  1  2  1.61
 2  98.95  0.62  1  1  2.17
 1  67.44  0.33  0  1  1.34
 3  61.05  0.95  1  0  1.79
 2  77.47  0.96  1  3  2.06
 1  74.25  0.23  0  0  1.41
 2  99.70  0.84  1  0  1.10
 2  86.10  0.71  1  3  2.71
 2  74.25  1.34  1  3  1.50
 1  82.53  0.61  0  1  1.55
 3  62.54  1.06  1  3  1.98
 2  92.56  1.24  1  3  2.42
 2  92.95  0.86  1  2  2.28
 0  92.95  0.71  0  1  1.17
 3  85.75  0.23  1  3  2.22
 2  86.10  0.86  1  3  1.68
 2  78.06  1.37  1  2  2.91
 2  89.33  1.30  1  2  0.93
 3  87.33  0.46  1  3  1.37
 3  60.30  0.84  1  2  2.35
 1  70.67  0.27  0  1  1.44
 3  64.69  1.16  1  3  2.93
 2  72.67  1.11  1  3  1.13
 0  99.70  0.84  0  1  1.22
 0  81.94  1.37  0  0  0.95
 1  81.94  0.21  0  0  0.94
 3  67.44  0.33  1  3  2.87
 3  92.56  0.33  1  3  0.80
 2  77.42  1.17  1  2  0.59
 2  90.98  0.57  1  2  1.01
 3  78.06  0.21  1  3  0.90
 1  73.90  0.86  0  1  1.96
 0  92.95  0.86  0  1  1.08
 1  69.02  0.57  0  0  1.10
 3  89.33  0.27  1  3  2.75
 0  86.10  0.71  0  1  1.14
 1  72.67  0.46  0  0  2.34
 3  60.30  0.73  1  3  2.38
 2  67.44  1.24  1  3  0.74
 0  90.98  0.57  0  1  1.90
 2  97.46  1.06  1  1  0.93
 0  70.67  1.30  0  1  2.57
 1  87.33  0.46  0  1  1.60
 3  69.02  1.00  1  3  1.25
 1  60.30  0.84  0  1  1.02
 0  97.46  1.06  0  1  1.95
 3  82.53  0.61  1  3  1.69
 2  90.98  1.00  1  3  1.72
 0  89.33  1.30  0  1  1.12
 0  74.25  1.34  0  0  0.87
 0  72.67  1.11  0  0  0.82
 2  82.53  0.96  1  3  1.75
 0  67.44  1.24  0  0  2.74
 1  61.05  0.95  0  0  0.95
 3  62.54  0.51  1  2  1.27
 0  98.95  0.95  0  1  1.58
 1  64.69  1.16  0  1  1.15
 1  77.47  0.61  0  0  0.88
 0  90.98  1.00  0  1  0.69
 3  64.69  0.42  1  2  1.17
 3  61.05  0.62  1  3  0.94
 2  95.31  1.16  1  3  0.98
 3  67.05  0.86  1  3  1.44
 1  67.05  0.86  0  1  1.28
 0  77.42  1.17  0  0  1.78
 2  87.33  1.11  1  2  1.90
 3  81.94  0.21  1  2  1.10
 0  77.47  0.96  0  1  3.24
 3  77.47  0.61  1  1  2.10
 2  92.95  0.71  1  3  0.84
 3  73.90  0.86  1  3  2.90
 0  85.75  1.34  0  1  1.52
 3  67.05  0.71  1  2  1.92
 1  62.54  0.51  0  0  2.33
 0  99.70  0.73  0  0  0.92
 3  82.58  0.40  1  3  1.58
 1  78.06  0.21  0  0  1.48
 2  95.31  0.42  1  1  1.22
 1  64.69  0.42  0  3  1.84
 3  72.67  0.46  1  3  1.82
 0  95.31  1.16  0  0  1.11
 3  70.67  0.27  1  2  1.92
 1  73.90  0.71  0  0  1.19
 0  98.95  0.62  0  1  1.35
 0  82.53  0.96  0  0  1.12
 2  70.67  1.30  1  3  2.21
 2  99.70  0.73  1  2  1.96
 1  77.42  0.40  0  1  1.27
 0  92.56  1.24  0  1  1.06
 2  97.46  0.51  1  2  0.97
 0  78.06  1.37  0  1  3.73
 1  61.05  0.62  0  1  1.36
 2  85.75  1.34  1  2  2.59
 0  97.46  0.51  0  0  2.29
 1  85.75  0.23  0  0  0.78
 1  67.05  0.71  0  1  1.04
 0  87.33  1.11  0  1  0.94
 3  69.02  0.57  1  2  1.12
 1  70.67  0.27  0  0  3.05
 2  92.56  1.24  1  3  1.59
 2  74.25  1.34  1  2  0.73
 1  62.54  1.06  0  0  1.13
 2  95.31  1.16  1  2  1.39
 0  90.98  0.57  0  0  1.18
 3  77.42  0.40  1  2  1.48
 2  87.33  1.11  1  3  0.92
 0  82.58  1.17  0  1  1.23
 2  90.98  1.00  1  2  1.98
 3  60.30  0.84  1  3  1.19
 1  61.05  0.95  0  1  1.12
 0  90.98  1.00  0  0  0.62
 0  98.95  0.62  0  0  0.62
 3  74.25  0.23  1  2  2.06
 3  60.30  0.73  1  3  1.73
 3  61.05  0.62  1  3  0.78
 1  89.33  0.27  0  0  1.52
 3  72.67  0.46  1  2  1.13
 1  72.67  0.46  0  3  1.91
 0  98.95  0.95  0  0  2.29
 0  97.46  1.06  0  1  1.37
 2  86.10  0.71  1  2  1.08
 0  70.67  1.30  0  3  1.12
 3  69.02  1.00  1  3  1.91
 2  99.70  0.73  1  2  1.46
 3  82.58  0.40  1  2  0.63
 1  62.54  0.51  0  1  1.85
 0  97.46  0.51  0  0  0.68
 2  89.33  1.30  1  3  0.91
 0  95.31  1.16  0  0  2.87
 3  81.94  0.21  1  3  2.21
 1  67.05  0.71  0  1  2.69
 0  74.25  1.34  0  1  0.84
 1  82.58  0.40  0  0  0.97
 0  77.42  1.17  0  1  0.94
 0  87.33  1.11  0  2  0.99
 1  60.30  0.73  0  1  0.85
 2  92.95  0.71  1  2  1.70
 0  78.06  1.37  0  3  0.80
 3  85.75  0.23  1  2  0.95
 0  86.10  0.86  0  1  1.50
 3  73.90  0.86  1  2  0.89
 2  98.95  0.62  1  2  2.36
 1  92.56  0.33  0  0  1.58
 3  64.69  0.42  1  1  1.03
 3  67.05  0.86  1  3  0.69
 1  61.05  0.62  0  1  0.95
 1  60.30  0.84  0  1  0.72
 3  69.02  0.57  1  2  1.72
 2  85.75  1.34  1  3  0.90
 0  85.75  1.34  0  0  1.15
 0  72.67  1.11  0  1  1.39
 1  69.02  1.00  0  0  0.77
 1  77.47  0.61  0  0  0.97
 0  81.94  1.37  0  0  0.65
 1  82.53  0.61  0  0  0.75
 2  90.98  0.57  1  0  1.96
 0  89.33  1.30  0  1  1.58
 2  70.67  1.30  1  3  1.51
 3  67.44  0.33  1  2  0.95
 0  92.56  1.24  0  0  1.96
 0  67.44  1.24  0  1  0.95
 3  64.69  1.16  1  2  0.93
 3  82.53  0.61  1  0  0.76
 2  81.94  1.37  1  3  1.74
 1  64.69  1.16  0  1  0.84
 2  95.31  0.42  1  0  1.09
 0  82.53  0.96  0  0  0.93
 2  82.53  0.96  1  2  1.88
 1  69.02  0.57  0  1  1.45
 2  86.10  0.86  1  1  0.73
 3  77.47  0.61  1  0  0.94
 3  61.05  0.95  1  3  1.00
 1  73.90  0.71  0  1  0.97
 1  78.06  0.21  0  0  1.07
 3  67.05  0.71  1  3  1.35
 1  85.75  0.23  0  0  0.85
 1  81.94  0.21  0  0  0.89
 1  67.05  0.86  0  1  0.76
 0  92.95  0.71  0  0  0.88
 2  97.46  1.06  1  2  1.18
 2  77.42  1.17  1  3  1.67
 3  62.54  1.06  1  2  1.87
 2  98.95  0.95  1  2  1.00
 3  92.56  0.33  1  2  0.78
 3  89.33  0.27  1  2  1.74
 1  74.25  0.23  0  1  1.75
 2  99.70  0.84  1  2  1.61
 1  87.33  0.46  0  0  1.10
 2  97.46  0.51  1  2  1.08
 1  73.90  0.86  0  1  1.70
 1  67.44  0.33  0  1  1.71
 3  78.06  0.21  1  3  2.05
 3  62.54  0.51  1  3  1.74
 2  92.95  0.86  1  2  0.83
 2  72.67  1.11  1  3  1.04
 3  70.67  0.27  1  3  1.55
 2  77.47  0.96  1  3  1.25
 0  95.31  0.42  0  0  1.47
 2  67.44  1.24  1  3  1.97
 0  99.70  0.84  0  0  1.10
 2  78.06  1.37  1  3  1.73
 2  82.58  1.17  1  2  0.96
 1  64.69  0.42  0  1  0.81
 0  86.10  0.71  0  0  0.73
 3  87.33  0.46  1  2  1.49
 3  73.90  0.71  1  3  0.83
 0  92.95  0.86  0  0  1.40
 0  99.70  0.73  0  0  2.88
 0  77.47  0.96  0  1  0.71
 1  77.42  0.40  0  0  0.88
 1  82.53  0.61  0  0  3.13
 1  77.42  0.40  0  1  0.63
 3  81.94  0.21  1  2  1.18
 1  60.30  0.73  0  3  4.05
 3  77.47  0.61  1  0  1.86
 3  72.67  0.46  1  1  2.23
 2  74.25  1.34  1  3  2.46
 2  98.95  0.95  1  2  1.00
 3  61.05  0.95  1  2  0.88
 0  77.42  1.17  0  0  0.98
 3  69.02  0.57  1  0  1.03
 3  73.90  0.71  1  3  1.04
 2  72.67  1.11  1  3  0.73
 0  99.70  0.84  0  1  1.40
 0  86.10  0.86  0  0  0.59
 3  74.25  0.23  1  1  2.77
 2  67.44  1.24  1  2  1.39
 0  97.46  1.06  0  0  1.13
 3  67.05  0.71  1  2  2.26
 2  95.31  0.42  1  1  1.19
 1  69.02  0.57  0  1  3.14
 2  99.70  0.73  1  0  1.11
 3  67.05  0.86  1  3  0.74
 3  61.05  0.62  1  3  0.76
 3  60.30  0.84  1  3  0.46
 0  87.33  1.11  0  0  1.38
 1  67.44  0.33  0  1  0.66
 1  61.05  0.95  0  1  2.38
 1  64.69  0.42  0  1  0.48
 3  85.75  0.23  1  2  0.94
 2  89.33  1.30  1  2  1.01
 3  64.69  0.42  1  3  0.70
 2  78.06  1.37  1  2  1.24
 2  82.58  1.17  1  2  1.42
 3  70.67  0.27  1  3  0.76
 2  81.94  1.37  1  3  0.76
 0  82.58  1.17  0  1  1.49
 1  62.54  1.06  0  0  0.87
 2  77.42  1.17  1  3  1.13
 0  99.70  0.73  0  0  1.30
 2  85.75  1.34  1  2  1.04
 1  82.58  0.40  0  1  1.48
 2  95.31  1.16  1  2  0.87
 2  90.98  0.57  1  2  0.82
 2  97.46  0.51  1  2  0.62
 0  95.31  0.42  0  1  1.46
 0  92.56  1.24  0  1  0.84
 1  78.06  0.21  0  0  0.64
 2  82.53  0.96  1  3  1.25
 0  85.75  1.34  0  1  1.09
 0  97.46  0.51  0  0  0.59
 0  74.25  1.34  0  1  0.96
 1  61.05  0.62  0  1  1.01
 1  62.54  0.51  0  1  0.89
 2  87.33  1.11  1  2  0.90
 0  86.10  0.71  0  1  0.75
 2  77.47  0.96  1  2  1.09
 1  72.67  0.46  0  1  0.89
 1  70.67  0.27  0  1  2.01
 1  64.69  1.16  0  1  0.47
 2  92.95  0.86  1  2  0.72
 0  95.31  1.16  0  0  0.82
 3  67.44  0.33  1  2  0.79
 3  60.30  0.73  1  3  0.49
 3  77.42  0.40  1  2  0.77
 1  92.56  0.33  0  0  0.78
 1  89.33  0.27  0  0  0.45
 2  86.10  0.86  1  2  0.89
 1  73.90  0.86  0  1  1.03
 1  74.25  0.23  0  1  0.87
 0  90.98  0.57  0  0  1.66
 3  69.02  1.00  1  3  1.45
 2  86.10  0.71  1  2  0.75
 3  87.33  0.46  1  2  0.60
 0  78.06  1.37  0  1  1.49
 1  67.05  0.86  0  1  0.59
 1  77.47  0.61  0  1  0.85
 0  90.98  1.00  0  0  1.66
 0  92.95  0.71  0  0  0.51
 1  69.02  1.00  0  1  0.63
 1  81.94  0.21  0  0  0.49
 3  82.58  0.40  1  2  0.71
 0  70.67  1.30  0  3  1.06
 2  98.95  0.62  1  2  2.23
 3  62.54  0.51  1  3  0.56
 3  89.33  0.27  1  2  0.68
 3  82.53  0.61  1  3  0.93
 0  82.53  0.96  0  1  1.13
 3  64.69  1.16  1  3  1.22
 2  90.98  1.00  1  2  0.66
 1  85.75  0.23  0  0  1.10
 0  72.67  1.11  0  1  0.81
 2  99.70  0.84  1  2  0.93
 2  97.46  1.06  1  3  1.03
 2  92.56  1.24  1  2  1.27
 0  77.47  0.96  0  1  0.98
 1  60.30  0.84  0  1  0.83
 0  92.95  0.86  0  0  0.53
 3  92.56  0.33  1  2  1.06
 2  70.67  1.30  1  3  0.65
 1  73.90  0.71  0  0  2.13
 1  87.33  0.46  0  1  1.39
 0  89.33  1.30  0  1  0.90
 0  67.44  1.24  0  1  0.74
 3  73.90  0.86  1  0  0.95
 0  98.95  0.62  0  1  1.02
 0  98.95  0.95  0  0  0.88
 1  67.05  0.71  0  1  0.68
 3  62.54  1.06  1  3  1.60
 2  92.95  0.71  1  2  1.38
 3  78.06  0.21  1  2  0.73
 0  81.94  1.37  0  1  0.78
 3  72.67  0.46  1  2  2.75
 2  90.98  0.57  1  2  0.80
 0  98.95  0.95  0  0  0.78
 0  86.10  0.86  0  1  0.83
 3  73.90  0.71  1  2  0.86
 1  67.05  0.71  0  1  1.23
 1  64.69  1.16  0  1  1.02
 1  64.69  0.42  0  1  0.71
 3  69.02  0.57  1  3  1.55
 0  92.95  0.71  0  0  1.10
 2  99.70  0.84  1  2  1.19
 3  92.56  0.33  1  2  1.21
 2  87.33  1.11  1  3  1.96
 2  92.56  1.24  1  3  0.93
 3  60.30  0.84  1  3  0.71
 2  86.10  0.86  1  2  0.74
 2  77.42  1.17  1  3  1.48
 0  82.53  0.96  0  1  1.27
 3  77.42  0.40  1  2  1.50
 1  87.33  0.46  0  0  1.42
 2  98.95  0.95  1  2  1.97
 1  73.90  0.71  0  1  1.42
 2  82.53  0.96  1  1  1.44
 2  92.95  0.86  1  2  1.37
 2  90.98  1.00  1  2  1.07
 0  70.67  1.30  0  1  1.33
 1  70.67  0.27  0  1  1.38
 3  70.67  0.27  1  3  4.00
 3  62.54  1.06  1  3  0.78
 0  99.70  0.84  0  0  1.29
 2  92.95  0.71  1  0  0.87
 2  86.10  0.71  1  2  1.10
 3  81.94  0.21  1  3  0.84
 3  82.53  0.61  1  3  0.92
 2  81.94  1.37  1  3  0.79
 3  62.54  0.51  1  3  0.95
 2  97.46  1.06  1  2  1.26
 3  69.02  1.00  1  3  0.64
 2  82.58  1.17  1  3  0.79
 1  89.33  0.27  0  0  0.86
 0  78.06  1.37  0  1  1.16
 3  87.33  0.46  1  2  0.92
 1  62.54  1.06  0  3  1.01
 1  62.54  0.51  0  1  0.60
 3  61.05  0.62  1  3  1.29
 3  61.05  0.95  1  3  0.68
 1  67.05  0.86  0  1  1.37
 0  90.98  1.00  0  0  0.90
 0  95.31  0.42  0  0  0.85
 2  67.44  1.24  1  3  1.00
 0  99.70  0.73  0  0  1.18
 1  92.56  0.33  0  0  0.63
 2  95.31  0.42  1  2  1.07
 1  69.02  1.00  0  1  1.59
 2  74.25  1.34  1  3  1.59
 1  60.30  0.84  0  3  1.16
 0  67.44  1.24  0  1  0.71
 0  77.47  0.96  0  0  1.51
 2  72.67  1.11  1  2  1.67
 0  97.46  1.06  0  0  0.83
 0  82.58  1.17  0  0  0.75
 1  78.06  0.21  0  0  0.91
 2  70.67  1.30  1  2  1.46
 1  81.94  0.21  0  0  0.79
 3  64.69  1.16  1  2  1.03
 1  72.67  0.46  0  1  1.30
 0  95.31  1.16  0  0  0.81
 2  89.33  1.30  1  2  1.20
 0  89.33  1.30  0  0  1.06
 1  82.53  0.61  0  0  0.74
 3  74.25  0.23  1  2  0.84
 0  81.94  1.37  0  0  1.22
 3  67.44  0.33  1  2  1.05
 1  69.02  0.57  0  1  1.72
 2  98.95  0.62  1  2  1.28
 0  86.10  0.71  0  0  1.64
 1  73.90  0.86  0  1  0.95
 3  78.06  0.21  1  2  0.97
 1  77.47  0.61  0  0  1.67
 0  72.67  1.11  0  1  0.76
 1  61.05  0.62  0  1  0.60
 3  73.90  0.86  1  2  1.12
 0  77.42  1.17  0  0  1.29
 3  64.69  0.42  1  2  0.82
 0  74.25  1.34  0  1  1.81
 1  74.25  0.23  0  0  0.80
 0  97.46  0.51  0  0  0.71
 3  67.05  0.86  1  2  0.97
 3  60.30  0.73  1  2  1.26
 1  60.30  0.73  0  1  1.15
 3  85.75  0.23  1  2  1.12
 0  90.98  0.57  0  0  0.98
 2  78.06  1.37  1  2  0.89
 2  95.31  1.16  1  2  1.72
 1  61.05  0.95  0  1  2.35
 2  77.47  0.96  1  2  2.10
 3  89.33  0.27  1  2  0.73
 2  97.46  0.51  1  2  0.66
 3  77.47  0.61  1  3  1.11
 0  92.56  1.24  0  0  0.92
 3  67.05  0.71  1  3  1.53
 1  77.42  0.40  0  1  0.87
 0  98.95  0.62  0  0  0.52
 2  85.75  1.34  1  2  0.60
 2  99.70  0.73  1  2  0.63
 3  82.58  0.40  1  2  0.88
 1  67.44  0.33  0  1  0.54
 0  92.95  0.86  0  0  0.34
 1  85.75  0.23  0  0  0.42
 1  82.58  0.40  0  0  1.59
 0  85.75  1.34  0  1  1.55
 0  87.33  1.11  0  0  0.66
 1  64.69  0.42  0  1  2.45
 1  61.05  0.62  0  1  0.59
 2  72.67  1.11  1  3  1.38
 3  69.02  1.00  1  3  0.92
 1  69.02  1.00  0  1  0.93
 0  97.46  1.06  0  0  0.65
 0  81.94  1.37  0  1  0.68
 3  74.25  0.23  1  2  1.22
 1  69.02  0.57  0  1  1.01
 3  69.02  0.57  1  3  1.41
 2  92.95  0.86  1  0  1.30
 0  72.67  1.11  0  1  0.78
 0  92.56  1.24  0  0  0.46
 0  67.44  1.24  0  1  0.60
 0  92.95  0.86  0  0  0.98
 3  82.58  0.40  1  2  1.42
 2  95.31  0.42  1  2  1.12
 0  90.98  0.57  0  1  1.78
 1  77.42  0.40  0  0  2.28
 1  81.94  0.21  0  0  0.77
 1  92.56  0.33  0  0  0.57
 0  98.95  0.62  0  0  1.62
 3  73.90  0.71  1  2  1.13
 1  64.69  1.16  0  1  1.65
 2  97.46  0.51  1  2  1.05
 3  62.54  1.06  1  3  1.26
 2  77.47  0.96  1  2  1.01
 1  62.54  1.06  0  1  1.03
 1  70.67  0.27  0  1  1.37
 0  78.06  1.37  0  1  1.33
 0  98.95  0.95  0  0  1.19
 2  86.10  0.71  1  2  0.77
 3  73.90  0.86  1  2  1.70
 0  89.33  1.30  0  0  0.96
 0  86.10  0.71  0  1  1.16
 3  70.67  0.27  1  3  1.44
 3  87.33  0.46  1  2  2.28
 0  82.58  1.17  0  1  4.47
 2  67.44  1.24  1  3  1.16
 0  86.10  0.86  0  1  1.38
 0  95.31  0.42  0  0  0.54
 1  77.47  0.61  0  1  0.88
 2  99.70  0.84  1  2  1.15
 0  99.70  0.84  0  0  0.64
 0  70.67  1.30  0  1  0.54
 0  92.95  0.71  0  0  0.63
 0  90.98  1.00  0  1  1.27
 3  67.44  0.33  1  2  1.61
 0  85.75  1.34  0  1  1.23
 2  90.98  1.00  1  2  0.93
 3  81.94  0.21  1  3  1.20
 1  87.33  0.46  0  1  0.89
 1  62.54  0.51  0  1  0.61
 3  60.30  0.73  1  3  0.78
 1  73.90  0.86  0  1  0.83
 2  74.25  1.34  1  3  1.45
 2  85.75  1.34  1  2  1.46
 0  74.25  1.34  0  3  0.99
 1  67.05  0.86  0  1  0.69
 2  82.53  0.96  1  2  1.01
 2  89.33  1.30  1  2  0.78
 3  72.67  0.46  1  3  0.70
 3  77.47  0.61  1  3  0.75
 3  67.05  0.86  1  3  0.70
 1  60.30  0.73  0  1  0.91
 3  85.75  0.23  1  3  1.07
 2  78.06  1.37  1  3  0.74
 2  99.70  0.73  1  2  0.91
 2  81.94  1.37  1  3  0.64
 1  78.06  0.21  0  0  1.15
 2  98.95  0.95  1  2  0.75
 1  82.58  0.40  0  1  1.46
 2  92.95  0.71  1  2  1.51
 2  87.33  1.11  1  2  1.02
 2  82.58  1.17  1  2  0.76
 3  92.56  0.33  1  2  1.01
 1  82.53  0.61  0  1  0.86
 0  95.31  1.16  0  0  1.61
 3  62.54  0.51  1  2  0.93
 1  73.90  0.71  0  3  0.77
 2  92.56  1.24  1  2  0.92
 3  78.06  0.21  1  2  0.58
 2  98.95  0.62  1  2  1.38
 1  74.25  0.23  0  3  0.89
 1  72.67  0.46  0  1  0.61
 2  95.31  1.16  1  2  1.41
 0  87.33  1.11  0  0  1.41
 3  60.30  0.84  1  3  0.85
 1  89.33  0.27  0  0  0.73
 3  61.05  0.62  1  3  1.31
 0  77.42  1.17  0  0  1.69
 3  89.33  0.27  1  2  1.21
 1  60.30  0.84  0  1  1.16
 3  64.69  0.42  1  3  1.35
 0  99.70  0.73  0  0  1.03
 3  61.05  0.95  1  3  1.19
 2  86.10  0.86  1  2  1.36
 2  70.67  1.30  1  2  1.03
 0  82.53  0.96  0  0  1.14
 0  77.47  0.96  0  0  0.70
 2  90.98  0.57  1  0  1.44
 2  77.42  1.17  1  2  1.59
 2  97.46  1.06  1  2  0.73
 1  67.05  0.71  0  1  1.02
 3  64.69  1.16  1  3  1.27
 3  67.05  0.71  1  3  0.91
 1  67.44  0.33  0  1  1.22
 1  85.75  0.23  0  1  1.87
 3  82.53  0.61  1  2  1.19
 0  97.46  0.51  0  0  1.38
 1  61.05  0.95  0  1  0.89
 3  77.42  0.40  1  3  2.30
