 2  60.30  0.84  1  3  8.69
 1  97.46  0.51  0  1  2.61
 0  64.69  1.16  0  2  3.23
 2  78.06  0.21  1  2  3.01
 0  82.58  0.40  0  2  4.81
 0  78.06  0.21  0  0  0.88
 2  62.54  1.06  1  3  1.25
 1  92.95  0.86  0  2  1.09
 3  90.98  1.00  1  1  2.25
 0  77.47  0.61  0  2  1.67
 3  82.53  0.96  1  0  1.32
 3  87.33  1.11  1  2  2.98
 3  97.46  1.06  1  3  0.89
 0  61.05  0.62  0  0  1.14
 1  67.44  1.24  0  2  1.40
 2  64.69  1.16  1  2  1.50
 3  81.94  1.37  1  0  1.03
 0  67.44  0.33  0  1  1.30
 1  92.56  1.24  0  1  0.83
 1  85.75  1.34  0  2  0.45
 1  77.42  1.17  0  0  0.79
 0  62.54  0.51  0  2  0.90
 0  72.67  0.46  0  0  0.29
 3  92.56  1.24  1  3  0.70
 2  62.54  0.51  1  1  0.29
 3  77.47  0.96  1  0  0.53
 0  67.05  0.86  0  3  0.53
 3  97.46  0.51  1  2  0.23
 1  70.67  1.30  0  0  0.87
 2  64.69  0.42  1  0  0.90
 2  69.02  1.00  1  1  1.48
 0  73.90  0.71  0  2  0.67
 2  89.33  0.27  1  3  0.89
 1  99.70  0.84  0  0  0.74
 1  86.10  0.71  0  1  0.87
 2  87.33  0.46  1  3  0.91
 3  78.06  1.37  1  3  0.24
 2  72.67  0.46  1  3  0.26
 3  99.70  0.84  1  0  0.67
 1  78.06  1.37  0  2  0.24
 2  67.05  0.71  1  1  0.20
 0  64.69  0.42  0  3  1.37
 3  95.31  0.42  1  3  1.63
 1  81.94  1.37  0  1  0.32
 0  85.75  0.23  0  2  0.25
 1  77.47  0.96  0  2  0.22
 3  82.58  1.17  1  0  0.20
 3  70.67  1.30  1  3  0.24
 1  97.46  1.06  0  3  1.09
 2  81.94  0.21  1  0  2.98
 3  86.10  0.86  1  2  0.62
 2  67.44  0.33  1  0  0.46
 1  95.31  0.42  0  1  0.32
 1  74.25  1.34  0  0  0.61
 2  61.05  0.95  1  2  0.75
 2  60.30  0.73  1  3  0.75
 3  85.75  1.34  1  0  0.26
 1  98.95  0.95  0  3  0.63
 3  92.95  0.71  1  2  0.44
 2  73.90  0.86  1  3  0.85
 3  92.95  0.86  1  0  0.09
 2  77.47  0.61  1  2  0.24
 1  82.58  1.17  0  2  0.30
 0  77.42  0.40  0  3  0.21
 1  98.95  0.62  0  3  0.98
 2  92.56  0.33  1  1  0.59
 2  61.05  0.62  1  2  0.72
 0  73.90  0.86  0  0  0.23
 1  90.98  1.00  0  3  0.25
 0  60.30  0.84  0  0  1.20
 0  70.67  0.27  0  3  0.78
 0  92.56  0.33  0  0  0.37
 2  74.25  0.23  1  1  0.77
 2  70.67  0.27  1  2  0.24
 0  89.33  0.27  0  3  1.40
 2  73.90  0.71  1  0  0.25
 3  95.31  1.16  1  2  0.22
 2  67.05  0.86  1  3  0.33
 0  81.94  0.21  0  3  1.94
 2  69.02  0.57  1  0  0.24
 3  67.44  1.24  1  2  0.07
 0  62.54  1.06  0  3  0.54
 0  87.33  0.46  0  3  0.25
 3  72.67  1.11  1  0  0.29
 0  60.30  0.73  0  2  0.61
 1  86.10  0.86  0  3  0.21
 1  89.33  1.30  0  0  0.26
 1  87.33  1.11  0  1  1.28
 1  92.95  0.71  0  2  0.66
 2  77.42  0.40  1  0  0.32
 0  69.02  0.57  0  2  0.21
 3  99.70  0.73  1  1  1.89
 1  72.67  1.11  0  3  0.71
 2  82.58  0.40  1  1  1.03
 0  61.05  0.95  0  0  1.31
 3  86.10  0.71  1  0  0.25
 1  82.53  0.96  0  2  0.97
 2  82.53  0.61  1  1  0.28
 3  74.25  1.34  1  2  0.77
 1  99.70  0.73  0  3  0.79
 1  95.31  1.16  0  2  0.26
 0  69.02  1.00  0  0  0.24
 3  98.95  0.95  1  2  0.25
 0  82.53  0.61  0  3  0.60
 0  74.25  0.23  0  0  1.08
 3  77.42  1.17  1  2  0.77
 2  85.75  0.23  1  3  0.79
 3  89.33  1.30  1  1  0.88
 3  98.95  0.62  1  0  1.38
 0  67.05  0.71  0  1  1.82
 1  90.98  0.57  0  2  0.25
 3  90.98  0.57  1  3  0.24
 0  89.33  0.27  0  0  0.83
 3  70.67  1.30  1  2  0.25
 0  61.05  0.95  0  1  0.79
 3  77.47  0.96  1  3  0.28
 2  87.33  0.46  1  1  0.28
 2  77.42  0.40  1  0  0.62
 3  85.75  1.34  1  3  0.21
 2  67.05  0.71  1  1  0.33
 2  81.94  0.21  1  0  0.24
 3  95.31  0.42  1  2  0.23
 0  77.42  0.40  0  3  0.21
 2  70.67  0.27  1  0  0.65
 3  99.70  0.84  1  2  0.25
 2  64.69  1.16  1  3  0.29
 0  67.05  0.86  0  0  0.27
 0  60.30  0.73  0  2  0.29
 3  92.56  1.24  1  1  0.22
 1  97.46  0.51  0  3  0.27
 2  62.54  1.06  1  2  0.05
 0  62.54  0.51  0  3  0.13
 1  95.31  1.16  0  2  0.03
 1  99.70  0.73  0  2  0.02
 1  89.33  1.30  0  2  0.25
 1  92.56  1.24  0  3  0.31
 3  86.10  0.86  1  0  0.21
 3  90.98  0.57  1  1  0.24
 1  85.75  1.34  0  1  1.03
 3  99.70  0.73  1  3  0.50
 2  61.05  0.95  1  0  0.26
 2  73.90  0.86  1  2  0.28
 0  73.90  0.71  0  0  0.30
 1  98.95  0.95  0  3  1.01
 1  97.46  1.06  0  1  0.72
 3  97.46  1.06  1  2  1.81
 2  82.53  0.61  1  2  1.03
 2  74.25  0.23  1  0  0.81
 2  77.47  0.61  1  3  4.63
 2  62.54  0.51  1  2  0.75
 2  60.30  0.73  1  2  0.94
 0  81.94  0.21  0  1  1.00
 2  78.06  0.21  1  2  1.50
 3  97.46  0.51  1  3  1.03
 2  61.05  0.62  1  2  1.49
 2  60.30  0.84  1  2  0.88
 0  82.53  0.61  0  1  1.07
 0  69.02  1.00  0  1  1.63
 1  67.44  1.24  0  0  1.05
 0  70.67  0.27  0  1  3.07
 3  82.58  1.17  1  3  0.81
 0  61.05  0.62  0  0  1.19
 1  81.94  1.37  0  1  1.14
 2  72.67  0.46  1  2  1.75
 3  92.95  0.71  1  2  1.80
 0  74.25  0.23  0  0  1.10
 3  89.33  1.30  1  3  1.14
 2  82.58  0.40  1  2  0.76
 1  82.58  1.17  0  0  1.10
 1  90.98  1.00  0  1  0.54
 3  72.67  1.11  1  3  1.71
 0  73.90  0.86  0  1  0.93
 3  95.31  1.16  1  2  0.78
 3  87.33  1.11  1  3  0.71
 2  89.33  0.27  1  2  0.68
 3  92.95  0.86  1  2  0.93
 1  74.25  1.34  0  0  1.33
 3  82.53  0.96  1  2  3.08
 1  99.70  0.84  0  0  2.38
 1  86.10  0.71  0  1  0.66
 1  92.95  0.86  0  1  0.66
 0  87.33  0.46  0  0  0.67
 0  72.67  0.46  0  0  0.80
 2  67.44  0.33  1  2  1.15
 0  85.75  0.23  0  0  0.85
 1  92.95  0.71  0  1  0.77
 1  77.47  0.96  0  1  0.91
 3  74.25  1.34  1  3  0.77
 2  92.56  0.33  1  2  0.88
 3  86.10  0.71  1  3  1.16
 3  81.94  1.37  1  3  0.79
 1  87.33  1.11  0  0  2.06
 1  77.42  1.17  0  1  0.56
 2  69.02  0.57  1  2  0.78
 0  69.02  0.57  0  0  3.70
 2  73.90  0.71  1  2  0.86
 3  77.42  1.17  1  3  0.73
 2  69.02  1.00  1  2  0.78
 0  78.06  0.21  0  1  1.30
 1  82.53  0.96  0  1  0.57
 0  67.05  0.71  0  1  1.18
 0  77.47  0.61  0  0  1.03
 2  64.69  0.42  1  2  1.60
 3  98.95  0.62  1  3  0.47
 0  62.54  1.06  0  1  1.61
 1  72.67  1.11  0  0  0.99
 0  82.58  0.40  0  1  1.00
 0  64.69  0.42  0  0  0.65
 0  64.69  1.16  0  1  0.97
 0  60.30  0.84  0  1  0.94
 1  86.10  0.86  0  0  0.55
 1  70.67  1.30  0  1  1.24
 3  78.06  1.37  1  3  1.21
 3  90.98  1.00  1  2  0.89
 2  85.75  0.23  1  2  0.67
 1  98.95  0.62  0  1  1.57
 2  67.05  0.86  1  2  2.07
 0  92.56  0.33  0  0  0.96
 1  95.31  0.42  0  2  1.93
 1  90.98  0.57  0  1  0.77
 3  67.44  1.24  1  3  1.24
 1  78.06  1.37  0  1  1.16
 0  67.44  0.33  0  0  0.76
 3  98.95  0.95  1  3  1.49
 1  92.56  1.24  0  1  3.34
 3  70.67  1.30  1  3  0.73
 2  69.02  0.57  1  2  0.82
 2  64.69  1.16  1  3  0.92
 3  90.98  0.57  1  2  0.96
 0  61.05  0.95  0  0  0.92
 1  92.95  0.86  0  1  0.77
 2  82.53  0.61  1  3  1.27
 3  97.46  0.51  1  2  0.69
 1  72.67  1.11  0  0  1.12
 3  82.53  0.96  1  2  0.66
 0  62.54  1.06  0  1  1.92
 3  86.10  0.71  1  3  0.81
 3  74.25  1.34  1  3  0.62
 2  77.47  0.61  1  3  0.58
 3  82.58  1.17  1  3  1.32
 1  99.70  0.84  0  1  1.31
 2  69.02  1.00  1  2  1.85
 0  81.94  0.21  0  0  0.70
 1  81.94  1.37  0  1  0.76
 0  72.67  0.46  0  0  0.67
 1  98.95  0.95  0  1  0.46
 3  77.42  1.17  1  3  0.83
 3  99.70  0.73  1  2  0.33
 0  61.05  0.62  0  0  0.62
 3  97.46  1.06  1  3  0.80
 1  82.58  1.17  0  1  0.72
 3  89.33  1.30  1  2  0.66
 3  98.95  0.62  1  0  0.63
 2  73.90  0.86  1  3  1.23
 1  98.95  0.62  0  0  0.52
 1  99.70  0.73  0  1  1.43
 3  95.31  0.42  1  3  0.61
 2  87.33  0.46  1  2  0.72
 2  60.30  0.73  1  3  0.59
 0  73.90  0.86  0  0  0.74
 1  67.44  1.24  0  1  0.60
 3  85.75  1.34  1  3  0.65
 1  95.31  0.42  0  0  0.60
 1  86.10  0.71  0  1  0.70
 2  77.42  0.40  1  2  1.36
 1  90.98  1.00  0  0  0.63
 2  82.58  0.40  1  2  0.74
 2  61.05  0.95  1  3  0.68
 1  90.98  0.57  0  1  1.45
 2  60.30  0.84  1  3  0.65
 0  64.69  0.42  0  1  1.15
 3  98.95  0.95  1  3  0.65
 0  77.42  0.40  0  0  0.84
 0  82.53  0.61  0  0  0.56
 0  67.05  0.86  0  1  0.69
 3  90.98  1.00  1  3  0.58
 1  87.33  1.11  0  0  0.74
 1  82.53  0.96  0  1  0.95
 0  67.05  0.71  0  1  0.56
 1  97.46  1.06  0  1  0.64
 0  74.25  0.23  0  0  0.67
 2  92.56  0.33  1  2  0.85
 3  81.94  1.37  1  3  0.65
 1  86.10  0.86  0  0  1.04
 1  95.31  1.16  0  1  0.49
 0  78.06  0.21  0  0  0.70
 1  85.75  1.34  0  1  0.61
 0  62.54  0.51  0  0  0.71
 3  77.47  0.96  1  3  0.73
 0  87.33  0.46  0  0  1.51
 1  77.47  0.96  0  1  0.63
 0  70.67  0.27  0  0  1.05
 0  64.69  1.16  0  1  0.68
 3  67.44  1.24  1  2  1.06
 2  85.75  0.23  1  2  0.59
 3  99.70  0.84  1  3  0.64
 2  62.54  1.06  1  3  0.88
 3  92.95  0.86  1  2  1.08
 0  85.75  0.23  0  0  0.77
 1  77.42  1.17  0  1  0.60
 0  60.30  0.84  0  1  0.83
 0  77.47  0.61  0  1  0.83
 1  70.67  1.30  0  1  0.57
 0  67.44  0.33  0  1  0.44
 0  89.33  0.27  0  1  0.57
 3  95.31  1.16  1  3  0.71
 2  74.25  0.23  1  2  0.43
 0  60.30  0.73  0  0  0.58
 3  92.95  0.71  1  3  0.90
 1  92.95  0.71  0  1  1.04
 1  78.06  1.37  0  0  2.63
 2  89.33  0.27  1  2  0.68
 2  78.06  0.21  1  2  0.50
 3  92.56  1.24  1  3  0.57
 1  74.25  1.34  0  0  0.57
 0  73.90  0.71  0  1  0.40
 1  89.33  1.30  0  0  0.84
 2  81.94  0.21  1  2  0.73
 0  92.56  0.33  0  1  1.05
 0  69.02  1.00  0  0  0.84
 0  82.58  0.40  0  0  0.70
 2  67.05  0.71  1  3  0.66
 2  67.05  0.86  1  2  0.69
 1  97.46  0.51  0  0  0.68
 2  67.44  0.33  1  2  1.67
 2  61.05  0.62  1  2  1.47
 2  73.90  0.71  1  2  0.58
 3  78.06  1.37  1  3  0.38
 3  86.10  0.86  1  2  0.63
 3  72.67  1.11  1  2  0.68
 2  70.67  0.27  1  2  0.69
 2  62.54  0.51  1  2  0.78
 3  87.33  1.11  1  3  1.11
 2  64.69  0.42  1  2  0.53
 2  72.67  0.46  1  2  0.36
 0  69.02  0.57  0  0  0.92
 2  62.54  0.51  1  2  0.89
 0  64.69  1.16  0  1  0.70
 0  74.25  0.23  0  1  0.63
 3  85.75  1.34  1  3  0.98
 1  90.98  0.57  0  0  1.16
 0  67.05  0.71  0  0  0.73
 2  70.67  0.27  1  2  0.80
 1  74.25  1.34  0  1  1.47
 0  67.44  0.33  0  0  0.87
 2  69.02  1.00  1  3  0.98
 2  61.05  0.62  1  2  0.71
 1  87.33  1.11  0  1  0.84
 0  62.54  1.06  0  1  4.10
 3  67.44  1.24  1  3  3.20
 1  92.95  0.71  0  1  1.16
 3  99.70  0.84  1  3  2.08
 3  74.25  1.34  1  2  0.56
 1  77.42  1.17  0  0  0.96
 1  82.58  1.17  0  1  2.87
 0  81.94  0.21  0  0  0.79
 0  69.02  1.00  0  1  1.11
 2  67.05  0.86  1  3  1.07
 1  95.31  0.42  0  0  1.25
 3  82.58  1.17  1  3  0.88
 3  99.70  0.73  1  3  0.66
 0  73.90  0.71  0  0  0.69
 3  86.10  0.71  1  3  1.45
 0  77.42  0.40  0  1  1.60
 0  61.05  0.95  0  0  1.92
 3  95.31  0.42  1  2  0.78
 0  72.67  0.46  0  1  0.75
 1  90.98  1.00  0  1  0.79
 3  70.67  1.30  1  3  0.75
 2  77.47  0.61  1  2  0.64
 2  89.33  0.27  1  2  0.52
 1  70.67  1.30  0  1  1.33
 3  78.06  1.37  1  3  1.86
 1  86.10  0.71  0  0  2.27
 2  62.54  1.06  1  2  0.62
 3  72.67  1.11  1  2  0.63
 1  99.70  0.84  0  1  0.90
 3  90.98  1.00  1  3  1.70
 0  60.30  0.84  0  0  0.80
 0  61.05  0.62  0  0  0.54
 2  82.53  0.61  1  2  1.20
 3  97.46  0.51  1  3  1.38
 2  92.56  0.33  1  3  0.58
 0  64.69  0.42  0  1  0.80
 0  82.58  0.40  0  0  1.46
 2  60.30  0.84  1  2  3.94
 0  82.53  0.61  0  0  0.73
 0  92.56  0.33  0  1  0.74
 1  92.95  0.86  0  1  1.62
 2  81.94  0.21  1  2  0.60
 0  77.47  0.61  0  0  0.60
 0  87.33  0.46  0  1  0.78
 2  74.25  0.23  1  2  0.61
 2  87.33  0.46  1  2  0.56
 0  78.06  0.21  0  0  0.73
 1  98.95  0.62  0  0  4.41
 1  92.56  1.24  0  1  0.74
 3  90.98  0.57  1  3  1.18
 2  82.58  0.40  1  2  0.60
 1  99.70  0.73  0  1  0.97
 0  69.02  0.57  0  0  0.80
 2  73.90  0.71  1  3  1.06
 1  95.31  1.16  0  1  0.65
 2  64.69  0.42  1  2  0.85
 1  85.75  1.34  0  0  0.61
 1  97.46  0.51  0  1  0.73
 3  95.31  1.16  1  3  0.59
 3  87.33  1.11  1  3  0.47
 1  67.44  1.24  0  0  0.77
 3  82.53  0.96  1  2  0.62
 1  81.94  1.37  0  1  0.73
 3  77.47  0.96  1  3  0.71
 3  86.10  0.86  1  3  4.27
 2  72.67  0.46  1  2  1.17
 2  85.75  0.23  1  2  0.74
 3  92.95  0.71  1  3  0.44
 1  89.33  1.30  0  1  0.89
 0  85.75  0.23  0  0  1.15
 2  60.30  0.73  1  2  0.92
 3  92.95  0.86  1  3  0.48
 3  89.33  1.30  1  3  0.61
 2  67.44  0.33  1  2  0.57
 1  77.47  0.96  0  0  0.73
 0  67.05  0.86  0  1  1.02
 0  62.54  0.51  0  1  0.75
 1  82.53  0.96  0  1  2.09
 0  70.67  0.27  0  1  1.21
 2  69.02  0.57  1  2  1.26
 2  64.69  1.16  1  3  0.50
 1  72.67  1.11  0  1  1.38
 3  98.95  0.95  1  3  1.31
 2  78.06  0.21  1  2  0.66
 1  98.95  0.95  0  1  0.90
 2  77.42  0.40  1  2  1.14
 2  73.90  0.86  1  3  6.70
 3  92.56  1.24  1  3  0.89
 3  97.46  1.06  1  3  0.80
 2  61.05  0.95  1  2  0.77
 0  73.90  0.86  0  0  0.68
 1  97.46  1.06  0  1  0.55
 3  98.95  0.62  1  2  0.74
 0  60.30  0.73  0  1  0.71
 1  86.10  0.86  0  0  0.44
 1  78.06  1.37  0  1  0.58
 2  67.05  0.71  1  2  0.55
 0  89.33  0.27  0  0  1.14
 3  81.94  1.37  1  3  0.58
 3  77.42  1.17  1  3  0.69
 3  85.75  1.34  1  3  0.76
 3  99.70  0.73  1  3  0.53
 2  77.47  0.61  1  3  0.62
 3  78.06  1.37  1  3  0.67
 2  61.05  0.62  1  2  1.38
 3  98.95  0.95  1  3  0.55
 3  87.33  1.11  1  3  0.74
 2  60.30  0.73  1  2  1.52
 3  92.95  0.71  1  3  0.71
 1  92.56  1.24  0  1  1.37
 1  77.42  1.17  0  0  0.82
 1  82.53  0.96  0  1  2.20
 2  61.05  0.95  1  2  1.08
 1  90.98  0.57  0  0  0.77
 0  69.02  1.00  0  1  1.09
 2  81.94  0.21  1  2  0.95
 0  77.42  0.40  0  0  1.07
 3  72.67  1.11  1  3  1.37
 3  77.42  1.17  1  3  1.05
 2  73.90  0.86  1  3  1.72
 3  92.56  1.24  1  3  1.00
 1  86.10  0.71  0  0  0.73
 1  77.47  0.96  0  0  2.01
 0  82.53  0.61  0  1  1.49
 3  67.44  1.24  1  3  1.00
 0  60.30  0.84  0  0  1.08
 2  78.06  0.21  1  2  0.67
 2  82.58  0.40  1  2  0.74
 3  95.31  1.16  1  3  5.13
 3  70.67  1.30  1  3  1.55
 3  89.33  1.30  1  3  1.16
 2  85.75  0.23  1  2  0.74
 2  69.02  0.57  1  2  0.87
 0  60.30  0.73  0  1  0.85
 3  82.58  1.17  1  3  3.15
 0  69.02  0.57  0  1  2.57
 3  99.70  0.84  1  3  1.08
 1  78.06  1.37  0  1  0.84
 1  95.31  0.42  0  0  0.49
 2  74.25  0.23  1  2  0.94
 3  90.98  1.00  1  2  1.49
 2  89.33  0.27  1  2  0.68
 1  99.70  0.73  0  0  0.83
 3  98.95  0.62  1  3  1.52
 3  97.46  1.06  1  3  0.99
 2  67.05  0.71  1  2  0.77
 1  99.70  0.84  0  1  0.64
 0  81.94  0.21  0  0  0.68
 0  64.69  0.42  0  0  1.82
 0  64.69  1.16  0  0  0.63
 3  95.31  0.42  1  2  1.04
 0  67.05  0.86  0  0  0.85
 0  77.47  0.61  0  1  1.06
 1  86.10  0.86  0  1  0.77
 2  67.05  0.86  1  3  1.24
 0  73.90  0.86  0  0  0.98
 0  85.75  0.23  0  1  1.24
 1  82.58  1.17  0  1  1.72
 1  98.95  0.62  0  1  0.70
 1  92.95  0.71  0  1  0.68
 0  87.33  0.46  0  1  0.78
 2  62.54  1.06  1  2  0.95
 2  70.67  0.27  1  2  1.03
 0  78.06  0.21  0  0  2.17
 2  67.44  0.33  1  2  0.97
 1  98.95  0.95  0  1  0.96
 0  73.90  0.71  0  1  0.68
 0  61.05  0.95  0  0  0.75
 3  90.98  0.57  1  3  0.91
 1  89.33  1.30  0  1  0.68
 1  70.67  1.30  0  1  0.62
 0  74.25  0.23  0  0  0.75
 0  62.54  1.06  0  1  0.62
 1  90.98  1.00  0  1  1.54
 2  92.56  0.33  1  2  1.15
 1  92.95  0.86  0  1  0.81
 0  92.56  0.33  0  1  0.78
 0  67.44  0.33  0  1  1.02
 3  86.10  0.86  1  3  0.84
 3  82.53  0.96  1  3  0.60
 2  87.33  0.46  1  2  0.56
 0  62.54  0.51  0  0  1.34
 1  74.25  1.34  0  1  0.69
 2  64.69  1.16  1  3  0.59
 0  89.33  0.27  0  0  1.33
 1  72.67  1.11  0  1  0.60
 2  60.30  0.84  1  2  1.08
 1  87.33  1.11  0  1  0.78
 2  64.69  0.42  1  2  0.70
 2  82.53  0.61  1  2  0.80
 0  70.67  0.27  0  0  1.10
 2  72.67  0.46  1  2  0.60
 3  97.46  0.51  1  1  0.86
 1  97.46  1.06  0  1  0.81
 3  86.10  0.71  1  3  0.48
 3  92.95  0.86  1  3  0.68
 1  95.31  1.16  0  1  0.68
 1  97.46  0.51  0  1  0.76
 1  85.75  1.34  0  1  0.81
 2  62.54  0.51  1  2  1.28
 2  73.90  0.71  1  2  0.59
 3  74.25  1.34  1  3  1.20
 0  67.05  0.71  0  1  0.81
 1  67.44  1.24  0  1  1.57
 0  82.58  0.40  0  1  0.84
 3  77.47  0.96  1  3  1.34
 1  81.94  1.37  0  1  0.68
 0  72.67  0.46  0  0  1.10
 2  77.42  0.40  1  2  1.14
 2  69.02  1.00  1  3  1.03
 3  81.94  1.37  1  3  0.62
 0  61.05  0.62  0  0  1.59
