 0  70.67  1.30  0  0  4.76
 1  95.31  0.42  0  1  4.88
 0  72.67  0.46  0  1  1.49
 0  61.05  0.62  0  0  1.27
 1  90.98  0.57  0  1  0.83
 1  86.10  0.86  0  1  0.77
 1  99.70  0.84  0  1  0.56
 1  97.46  0.51  0  1  0.68
 1  89.33  0.27  0  1  0.58
 0  77.47  0.61  0  1  0.50
 0  77.42  1.17  0  1  0.89
 1  98.95  0.95  0  1  0.89
 1  82.53  0.96  0  0  0.70
 0  74.25  0.23  0  0  0.72
 1  90.98  1.00  0  1  0.69
 0  74.25  1.34  0  0  0.71
 1  98.95  0.62  0  1  1.51
 0  67.05  0.86  0  0  0.90
 1  92.56  1.24  0  1  0.85
 1  89.33  1.30  0  1  0.59
 1  85.75  1.34  0  1  0.61
 0  73.90  0.86  0  0  1.19
 0  77.47  0.96  0  0  0.65
 0  77.42  0.40  0  1  3.33
 1  92.95  0.71  0  1  1.39
 1  81.94  0.21  0  0  1.13
 0  61.05  0.95  0  0  0.60
 1  99.70  0.73  0  1  0.64
 1  86.10  0.71  0  1  1.23
 0  69.02  1.00  0  0  0.63
 1  82.58  0.40  0  1  0.69
 1  82.53  0.61  0  1  0.64
 1  81.94  1.37  0  1  0.73
 1  92.95  0.86  0  1  0.61
 1  87.33  1.11  0  1  0.76
 0  62.54  0.51  0  0  0.54
 0  69.02  0.57  0  0  0.58
 0  78.06  1.37  0  1  0.83
 0  67.44  1.24  0  0  0.63
 0  60.30  0.84  0  0  0.90
 0  64.69  0.42  0  0  1.13
 0  60.30  0.73  0  0  1.23
 0  62.54  1.06  0  0  0.61
 0  67.05  0.71  0  0  0.61
 0  67.44  0.33  0  0  0.78
 0  72.67  1.11  0  1  1.82
 0  78.06  0.21  0  1  0.82
 1  82.58  1.17  0  1  0.64
 0  73.90  0.71  0  0  1.48
 1  95.31  1.16  0  1  0.58
 1  85.75  0.23  0  1  0.68
 0  64.69  1.16  0  0  0.77
 0  70.67  0.27  0  0  0.79
 1  97.46  1.06  0  1  0.67
 1  92.56  0.33  0  1  0.49
 1  87.33  0.46  0  1  1.16
 1  89.33  1.30  0  1  0.52
 1  85.75  0.23  0  1  0.63
 0  64.69  0.42  0  0  0.57
 0  60.30  0.84  0  0  0.52
 0  74.25  1.34  0  0  1.72
 1  87.33  0.46  0  1  0.66
 1  81.94  1.37  0  1  0.96
 1  98.95  0.62  0  1  0.50
 1  92.95  0.71  0  1  0.86
 0  73.90  0.71  0  0  1.39
 1  99.70  0.73  0  1  0.57
 1  81.94  0.21  0  0  3.22
 0  61.05  0.62  0  0  0.62
 1  90.98  1.00  0  1  0.50
 0  67.05  0.71  0  0  0.70
 1  92.56  1.24  0  1  0.44
 1  98.95  0.95  0  1  0.56
 0  70.67  0.27  0  0  0.63
 1  97.46  0.51  0  1  0.51
 0  67.05  0.86  0  0  0.50
 1  85.75  1.34  0  1  0.64
 1  86.10  0.71  0  1  0.87
 0  67.44  1.24  0  0  0.51
 0  78.06  1.37  0  0  1.22
 1  95.31  1.16  0  1  0.58
 0  67.44  0.33  0  0  0.60
 1  86.10  0.86  0  1  1.21
 0  78.06  0.21  0  1  0.65
 1  99.70  0.84  0  1  0.50
 1  87.33  1.11  0  1  2.25
 1  97.46  1.06  0  1  0.53
 0  64.69  1.16  0  0  0.61
 1  90.98  0.57  0  1  0.59
 0  69.02  0.57  0  0  0.54
 0  77.42  0.40  0  1  2.21
 0  77.42  1.17  0  1  1.79
 0  72.67  1.11  0  0  0.54
 0  74.25  0.23  0  0  1.09
 0  62.54  0.51  0  0  0.51
 0  61.05  0.95  0  0  0.45
 0  72.67  0.46  0  0  3.19
 0  60.30  0.73  0  0  0.53
 0  77.47  0.61  0  1  1.47
 0  69.02  1.00  0  0  0.36
 1  95.31  0.42  0  1  0.50
 1  89.33  0.27  0  1  0.45
 1  82.53  0.96  0  1  0.77
 1  82.58  1.17  0  1  0.49
 1  82.53  0.61  0  1  0.66
 0  77.47  0.96  0  1  1.27
 0  73.90  0.86  0  0  0.49
 1  92.95  0.86  0  1  0.68
 1  92.56  0.33  0  1  0.58
 0  62.54  1.06  0  0  0.49
 1  82.58  0.40  0  0  2.81
 0  70.67  1.30  0  0  0.44
 0  62.54  1.06  0  0  0.85
 1  89.33  0.27  0  1  0.52
 1  90.98  1.00  0  1  0.56
 0  60.30  0.73  0  0  0.46
 0  67.44  1.24  0  0  0.57
 1  95.31  0.42  0  1  0.45
 0  61.05  0.62  0  0  0.55
 1  85.75  0.23  0  1  0.67
 1  98.95  0.62  0  1  0.43
 1  82.53  0.96  0  1  0.62
 1  92.95  0.71  0  1  0.53
 1  86.10  0.71  0  1  0.87
 1  95.31  1.16  0  1  0.49
 0  72.67  0.46  0  0  0.55
 1  81.94  1.37  0  0  0.78
 1  85.75  1.34  0  1  0.62
 0  77.42  0.40  0  1  0.62
 0  67.44  0.33  0  0  0.59
 1  82.58  0.40  0  1  0.86
 0  70.67  0.27  0  0  0.64
 1  81.94  0.21  0  1  0.99
 0  77.47  0.96  0  1  0.77
 0  64.69  0.42  0  0  0.53
 0  69.02  1.00  0  0  0.85
 0  73.90  0.71  0  0  1.63
 0  70.67  1.30  0  0  0.55
 1  87.33  1.11  0  1  0.63
 0  69.02  0.57  0  0  0.62
 0  78.06  1.37  0  0  1.60
 1  98.95  0.95  0  1  0.75
 0  74.25  1.34  0  0  0.51
 0  64.69  1.16  0  0  0.59
 0  67.05  0.71  0  0  0.72
 0  67.05  0.86  0  0  0.61
 0  77.47  0.61  0  0  1.97
 1  87.33  0.46  0  1  1.04
 0  73.90  0.86  0  0  0.64
 0  61.05  0.95  0  0  0.49
 1  86.10  0.86  0  1  0.77
 1  99.70  0.73  0  1  0.46
 0  74.25  0.23  0  0  1.86
 1  90.98  0.57  0  1  0.68
 1  99.70  0.84  0  1  0.64
 1  82.58  1.17  0  1  1.54
 1  92.56  0.33  0  1  0.61
 0  62.54  0.51  0  0  0.56
 1  92.95  0.86  0  1  0.65
 0  60.30  0.84  0  0  0.55
 1  89.33  1.30  0  1  0.82
 0  78.06  0.21  0  1  1.47
 1  92.56  1.24  0  1  0.63
 1  97.46  1.06  0  1  0.58
 1  97.46  0.51  0  1  0.47
 1  82.53  0.61  0  0  2.49
 0  77.42  1.17  0  0  1.70
 0  72.67  1.11  0  0  0.63
 1  95.31  1.16  0  1  0.50
 1  82.58  1.17  0  1  1.54
 1  92.56  0.33  0  1  0.65
 0  69.02  1.00  0  0  1.25
 1  89.33  0.27  0  1  0.84
 0  61.05  0.62  0  0  0.55
 1  87.33  0.46  0  1  0.87
 1  95.31  0.42  0  1  0.55
 0  70.67  1.30  0  0  1.29
 1  87.33  1.11  0  1  0.72
 0  60.30  0.73  0  0  0.60
 0  78.06  1.37  0  0  3.83
 1  81.94  0.21  0  0  1.34
 1  82.58  0.40  0  1  0.68
 0  72.67  0.46  0  0  0.99
 1  92.95  0.71  0  1  1.53
 1  85.75  0.23  0  1  1.28
 0  67.05  0.71  0  0  0.59
 0  62.54  1.06  0  0  0.52
 1  92.56  1.24  0  1  0.54
 1  98.95  0.95  0  1  0.51
 1  92.95  0.86  0  1  0.59
 0  73.90  0.86  0  0  0.69
 1  90.98  0.57  0  1  0.53
 0  64.69  0.42  0  0  0.48
 0  77.47  0.96  0  0  2.24
 0  77.47  0.61  0  0  0.55
 1  86.10  0.71  0  1  0.92
 0  64.69  1.16  0  0  0.50
 0  70.67  0.27  0  0  0.84
 0  74.25  1.34  0  0  1.30
 0  61.05  0.95  0  0  0.52
 0  78.06  0.21  0  0  1.67
 1  97.46  0.51  0  1  0.52
 1  98.95  0.62  0  1  0.44
 0  77.42  1.17  0  0  2.08
 0  60.30  0.84  0  0  0.51
 0  77.42  0.40  0  0  0.91
 1  86.10  0.86  0  1  0.77
 1  82.53  0.61  0  1  1.33
 0  72.67  1.11  0  0  0.86
 0  73.90  0.71  0  0  0.48
 0  69.02  0.57  0  0  0.53
 1  82.53  0.96  0  1  0.57
 1  89.33  1.30  0  1  0.43
 0  67.05  0.86  0  0  0.50
 0  74.25  0.23  0  0  1.15
 1  99.70  0.84  0  1  0.46
 1  85.75  1.34  0  1  0.62
 1  81.94  1.37  0  0  3.40
 0  67.44  0.33  0  0  0.50
 0  67.44  1.24  0  0  0.58
 1  90.98  1.00  0  1  0.58
 1  97.46  1.06  0  1  0.57
 0  62.54  0.51  0  0  0.52
 1  99.70  0.73  0  1  0.60
 1  97.46  0.51  0  1  0.77
 1  90.98  0.57  0  1  0.68
 1  82.53  0.96  0  1  1.20
 1  92.95  0.86  0  1  0.55
 1  92.95  0.71  0  1  0.57
 0  62.54  1.06  0  0  0.43
 1  95.31  0.42  0  1  0.57
 0  67.44  1.24  0  0  0.55
 0  61.05  0.62  0  0  0.42
 0  60.30  0.84  0  0  0.39
 0  70.67  0.27  0  0  0.90
 0  77.47  0.61  0  0  2.25
 0  70.67  1.30  0  0  0.50
 1  87.33  0.46  0  1  0.74
 1  89.33  1.30  0  1  0.45
 1  98.95  0.62  0  1  0.43
 0  77.42  1.17  0  0  2.31
 1  92.56  0.33  0  1  1.04
 1  85.75  1.34  0  1  1.01
 1  81.94  0.21  0  0  1.13
 1  82.58  0.40  0  1  0.53
 1  97.46  1.06  0  1  0.70
 0  69.02  0.57  0  0  0.66
 0  64.69  1.16  0  0  0.50
 0  60.30  0.73  0  0  0.46
 0  72.67  0.46  0  0  1.18
 1  81.94  1.37  0  1  0.94
 1  89.33  0.27  0  1  0.48
 0  62.54  0.51  0  0  0.57
 0  77.42  0.40  0  0  1.36
 1  82.58  1.17  0  1  0.65
 0  67.05  0.71  0  0  1.28
 1  99.70  0.73  0  1  0.46
 1  82.53  0.61  0  1  1.75
 0  74.25  1.34  0  0  0.67
 1  86.10  0.71  0  1  0.83
 1  99.70  0.84  0  1  0.53
 1  87.33  1.11  0  1  0.48
 0  64.69  0.42  0  0  0.43
 0  73.90  0.71  0  0  1.25
 1  98.95  0.95  0  1  0.49
 0  74.25  0.23  0  0  1.01
 1  92.56  1.24  0  1  0.52
 0  73.90  0.86  0  0  1.35
 0  78.06  0.21  0  0  0.71
 0  72.67  1.11  0  0  0.75
 1  86.10  0.86  0  1  0.47
 1  85.75  0.23  0  1  0.43
 0  77.47  0.96  0  1  0.56
 0  67.44  0.33  0  0  0.67
 0  61.05  0.95  0  0  0.56
 0  67.05  0.86  0  0  0.44
 1  90.98  1.00  0  1  0.67
 0  69.02  1.00  0  0  0.48
 0  78.06  1.37  0  1  1.11
 1  95.31  1.16  0  1  0.67
 0  61.05  0.95  0  0  0.50
 0  77.47  0.61  0  0  2.75
 1  85.75  0.23  0  1  0.74
 1  82.53  0.96  0  1  1.00
 1  99.70  0.84  0  1  0.48
 0  67.05  0.71  0  0  0.53
 1  87.33  0.46  0  1  1.04
 0  70.67  0.27  0  0  0.60
 0  67.44  1.24  0  0  0.39
 0  60.30  0.84  0  0  0.47
 0  72.67  0.46  0  0  0.92
 0  73.90  0.71  0  0  0.95
 1  90.98  1.00  0  1  0.67
 1  95.31  0.42  0  1  0.59
 0  70.67  1.30  0  0  0.77
 1  82.58  1.17  0  1  1.20
 1  82.58  0.40  0  0  1.72
 0  77.42  1.17  0  0  2.54
 1  99.70  0.73  0  1  0.53
 1  81.94  0.21  0  0  0.74
 0  74.25  0.23  0  0  1.68
 0  77.47  0.96  0  0  1.73
 0  74.25  1.34  0  0  0.56
 0  61.05  0.62  0  0  0.68
 0  64.69  0.42  0  0  0.48
 1  82.53  0.61  0  1  0.69
 1  97.46  1.06  0  1  0.51
 0  72.67  1.11  0  0  1.07
 1  98.95  0.95  0  1  0.51
 1  92.95  0.71  0  1  0.43
 1  85.75  1.34  0  1  0.48
 1  97.46  0.51  0  1  0.47
 1  92.95  0.86  0  1  0.54
 0  64.69  1.16  0  0  0.50
 0  69.02  1.00  0  0  0.38
 0  77.42  0.40  0  0  1.08
 0  67.05  0.86  0  0  0.44
 0  78.06  0.21  0  0  0.68
 1  89.33  1.30  0  1  0.63
 0  69.02  0.57  0  0  0.50
 1  89.33  0.27  0  1  0.59
 0  60.30  0.73  0  0  0.62
 0  67.44  0.33  0  0  0.50
 1  86.10  0.86  0  1  3.43
 1  86.10  0.71  0  1  0.46
 0  62.54  0.51  0  0  0.45
 1  81.94  1.37  0  1  0.67
 1  98.95  0.62  0  1  0.45
 1  87.33  1.11  0  1  0.48
 0  78.06  1.37  0  0  1.54
 1  95.31  1.16  0  1  0.59
 1  90.98  0.57  0  1  0.41
 1  92.56  0.33  0  1  0.48
 0  73.90  0.86  0  0  0.79
 1  92.56  1.24  0  1  0.52
 0  62.54  1.06  0  0  0.49
 0  64.69  0.42  0  0  1.17
 1  82.53  0.61  0  1  0.47
 0  78.06  1.37  0  1  0.61
 0  69.02  1.00  0  0  0.43
 1  98.95  0.62  0  1  0.58
 1  89.33  1.30  0  1  0.47
 0  70.67  1.30  0  0  0.52
 0  73.90  0.71  0  0  0.66
 0  77.47  0.96  0  0  0.50
 0  62.54  0.51  0  0  0.48
 1  90.98  1.00  0  1  0.96
 0  60.30  0.84  0  0  0.60
 0  69.02  0.57  0  0  0.60
 0  61.05  0.95  0  0  0.50
 0  67.44  0.33  0  0  0.75
 1  95.31  0.42  0  1  0.42
 0  78.06  0.21  0  0  1.74
 1  92.95  0.71  0  1  0.56
 0  72.67  0.46  0  0  0.47
 1  81.94  1.37  0  1  0.68
 0  77.47  0.61  0  0  1.00
 1  92.56  1.24  0  1  0.62
 0  67.44  1.24  0  0  0.49
 0  67.05  0.86  0  0  0.40
 1  82.53  0.96  0  1  0.92
 1  97.46  1.06  0  1  0.49
 1  92.56  0.33  0  1  0.48
 1  86.10  0.86  0  1  1.57
 0  74.25  0.23  0  0  0.84
 0  77.42  0.40  0  0  0.71
 1  82.58  1.17  0  1  0.82
 0  72.67  1.11  0  0  1.55
 0  77.42  1.17  0  0  1.58
 0  64.69  1.16  0  0  0.50
 1  89.33  0.27  0  1  0.84
 1  87.33  1.11  0  1  0.60
 0  67.05  0.71  0  0  0.53
 1  86.10  0.71  0  1  0.79
 0  73.90  0.86  0  0  0.60
 1  85.75  0.23  0  1  1.12
 1  92.95  0.86  0  1  0.51
 0  70.67  0.27  0  0  0.57
 1  90.98  0.57  0  1  0.55
 0  74.25  1.34  0  0  2.25
 0  60.30  0.73  0  0  0.48
 1  95.31  1.16  0  1  0.49
 1  81.94  0.21  0  1  1.08
 1  82.58  0.40  0  1  0.65
 1  85.75  1.34  0  1  1.59
 1  98.95  0.95  0  1  0.93
 1  99.70  0.73  0  1  0.59
 1  99.70  0.84  0  1  0.56
 1  97.46  0.51  0  1  0.85
 0  61.05  0.62  0  0  0.56
 1  87.33  0.46  0  0  3.68
 0  62.54  1.06  0  0  0.47
 0  61.05  0.62  0  0  0.49
 1  82.58  1.17  0  1  1.47
 1  81.94  1.37  0  1  1.25
 1  98.95  0.62  0  1  1.96
 0  74.25  1.34  0  0  1.18
 1  97.46  1.06  0  1  5.91
 0  78.06  0.21  0  0  1.82
 0  70.67  1.30  0  0  0.84
 0  70.67  0.27  0  0  0.63
 0  67.44  0.33  0  0  0.68
 0  77.42  1.17  0  1  1.77
 1  85.75  1.34  0  1  0.93
 0  73.90  0.71  0  0  0.68
 1  82.53  0.61  0  0  4.00
 1  82.58  0.40  0  1  0.58
 1  95.31  1.16  0  1  0.53
 0  69.02  0.57  0  0  0.47
 1  87.33  0.46  0  1  0.69
 0  62.54  1.06  0  0  0.48
 0  67.05  0.86  0  0  0.42
 1  81.94  0.21  0  1  0.89
 0  61.05  0.95  0  0  0.52
 0  77.42  0.40  0  0  0.93
 1  99.70  0.84  0  1  0.62
 0  60.30  0.73  0  0  0.50
 0  77.47  0.61  0  0  0.82
 1  85.75  0.23  0  1  0.78
 1  87.33  1.11  0  1  0.52
 1  90.98  0.57  0  1  0.59
 1  89.33  1.30  0  1  0.71
 1  92.56  0.33  0  1  0.42
 0  60.30  0.84  0  0  0.49
 0  67.05  0.71  0  0  0.57
 0  78.06  1.37  0  0  1.86
 1  98.95  0.95  0  1  0.60
 0  64.69  1.16  0  0  0.46
 1  82.53  0.96  0  0  1.64
 1  97.46  0.51  0  1  0.51
 0  77.47  0.96  0  0  0.51
 1  86.10  0.71  0  1  1.19
 0  72.67  1.11  0  0  0.49
 1  92.95  0.86  0  1  0.68
 1  99.70  0.73  0  1  0.47
 0  73.90  0.86  0  0  1.11
 0  67.44  1.24  0  0  0.47
 1  92.95  0.71  0  1  0.54
 1  90.98  1.00  0  1  0.56
 0  69.02  1.00  0  0  0.52
 0  62.54  0.51  0  0  0.60
 0  74.25  0.23  0  0  2.21
 0  72.67  0.46  0  0  0.56
 1  95.31  0.42  0  1  0.46
 1  86.10  0.86  0  1  1.04
 0  64.69  0.42  0  0  0.44
 1  89.33  0.27  0  1  0.68
 1  92.56  1.24  0  1  0.58
 1  82.58  0.40  0  1  0.71
 1  89.33  1.30  0  1  0.69
 0  78.06  1.37  0  0  1.00
 0  64.69  0.42  0  0  0.57
 1  92.95  0.86  0  1  0.49
 0  77.47  0.96  0  0  1.07
 0  77.42  0.40  0  0  0.89
 0  60.30  0.84  0  0  0.48
 1  82.58  1.17  0  1  0.59
 1  85.75  1.34  0  1  0.67
 1  89.33  0.27  0  1  1.06
 1  85.75  0.23  0  1  1.37
 0  67.44  0.33  0  0  0.43
 1  97.46  1.06  0  1  0.53
 1  92.56  1.24  0  1  0.48
 1  82.53  0.96  0  1  1.27
 1  90.98  1.00  0  1  0.65
 1  95.31  0.42  0  1  0.64
 0  69.02  0.57  0  0  0.47
 0  72.67  1.11  0  0  0.50
 0  74.25  0.23  0  0  0.52
 0  69.02  1.00  0  0  0.39
 1  82.53  0.61  0  0  1.74
 1  95.31  1.16  0  1  0.55
 1  87.33  1.11  0  1  0.72
 1  97.46  0.51  0  1  0.66
 0  64.69  1.16  0  0  0.42
 1  92.56  0.33  0  1  0.48
 0  61.05  0.62  0  0  0.61
 1  86.10  0.71  0  1  1.31
 0  72.67  0.46  0  0  0.78
 0  74.25  1.34  0  0  0.48
 0  62.54  0.51  0  0  0.40
 0  61.05  0.95  0  0  0.61
 1  99.70  0.84  0  1  0.61
 1  86.10  0.86  0  1  1.43
 1  87.33  0.46  0  1  0.53
 1  99.70  0.73  0  1  0.49
 1  98.95  0.95  0  1  0.43
 0  62.54  1.06  0  0  0.52
 1  92.95  0.71  0  1  1.17
 0  67.05  0.71  0  0  0.59
 1  90.98  0.57  0  1  0.71
 1  98.95  0.62  0  1  0.51
 0  78.06  0.21  0  0  0.57
 0  67.44  1.24  0  0  0.56
 0  77.42  1.17  0  0  0.49
 0  77.47  0.61  0  0  0.56
 0  73.90  0.71  0  0  0.51
 0  70.67  0.27  0  0  0.71
 0  73.90  0.86  0  0  0.65
 0  60.30  0.73  0  0  0.42
 0  70.67  1.30  0  0  0.45
 1  81.94  0.21  0  1  0.86
 1  81.94  1.37  0  1  0.80
 0  67.05  0.86  0  0  0.62
 0  64.69  1.16  0  0  0.38
 0  69.02  1.00  0  0  0.43
 0  62.54  1.06  0  0  0.45
 1  99.70  0.73  0  1  0.42
 0  72.67  0.46  0  0  0.59
 0  67.05  0.86  0  0  0.43
 0  61.05  0.95  0  0  0.45
 0  77.42  1.17  0  1  0.82
 0  64.69  0.42  0  0  0.61
 1  82.53  0.61  0  0  4.28
 1  95.31  0.42  0  1  0.88
 0  67.44  0.33  0  0  0.52
 1  86.10  0.71  0  1  0.99
 0  62.54  0.51  0  0  0.44
 1  98.95  0.62  0  1  0.53
 1  87.33  1.11  0  1  0.70
 0  78.06  1.37  0  0  1.68
 0  67.44  1.24  0  0  0.50
 1  92.95  0.86  0  1  0.47
 1  82.53  0.96  0  0  0.56
 1  85.75  1.34  0  1  0.56
 0  72.67  1.11  0  0  0.70
 0  73.90  0.71  0  0  0.63
 1  85.75  0.23  0  1  0.94
 1  81.94  0.21  0  1  0.71
 0  77.42  0.40  0  1  0.94
 0  70.67  1.30  0  0  0.49
 1  89.33  1.30  0  1  0.65
 0  69.02  0.57  0  0  0.49
 1  87.33  0.46  0  1  0.72
 1  92.95  0.71  0  1  0.48
 1  99.70  0.84  0  1  0.46
 1  81.94  1.37  0  1  1.95
 0  67.05  0.71  0  0  1.61
 0  61.05  0.62  0  0  0.51
 1  90.98  1.00  0  1  0.68
 1  82.58  0.40  0  1  0.51
 0  74.25  1.34  0  1  0.61
 1  95.31  1.16  0  1  0.60
 0  60.30  0.84  0  0  0.47
 1  97.46  1.06  0  1  0.50
 1  90.98  0.57  0  1  0.47
 1  92.56  1.24  0  1  0.54
 0  77.47  0.96  0  0  1.23
 0  70.67  0.27  0  0  0.58
 0  74.25  0.23  0  0  0.62
 1  92.56  0.33  0  1  0.65
 1  82.58  1.17  0  1  0.81
 0  77.47  0.61  0  0  0.76
 1  97.46  0.51  0  1  0.54
 1  86.10  0.86  0  0  1.27
 0  78.06  0.21  0  0  0.67
 0  73.90  0.86  0  0  0.54
 1  89.33  0.27  0  1  0.68
 0  60.30  0.73  0  0  0.70
 1  98.95  0.95  0  1  0.54
