 0  67.44  1.24  0  0  1.47
 0  62.54  1.06  0  0  0.78
 1  92.95  0.71  0  0  0.74
 1  82.58  1.17  0  0  0.56
 0  64.69  0.42  0  0  0.69
 1  86.10  0.71  0  1  2.41
 1  82.53  0.61  0  1  0.80
 1  95.31  1.16  0  1  0.64
 1  98.95  0.95  0  1  0.52
 1  97.46  0.51  0  1  0.44
 1  90.98  0.57  0  1  0.32
 0  78.06  1.37  0  0  0.44
 1  97.46  1.06  0  1  0.53
 1  85.75  0.23  0  1  0.34
 1  89.33  1.30  0  1  1.01
 1  99.70  0.73  0  1  0.42
 0  69.02  1.00  0  0  0.52
 0  77.47  0.96  0  1  0.54
 0  70.67  1.30  0  0  0.54
 0  61.05  0.95  0  0  0.38
 1  81.94  0.21  0  1  0.46
 0  74.25  1.34  0  0  0.63
 0  77.42  0.40  0  1  0.61
 1  92.56  0.33  0  1  0.59
 0  64.69  1.16  0  0  0.50
 0  60.30  0.73  0  0  0.34
 0  61.05  0.62  0  0  0.45
 1  92.95  0.86  0  1  0.45
 0  78.06  0.21  0  1  0.59
 1  95.31  0.42  0  1  0.64
 0  72.67  1.11  0  0  0.37
 1  90.98  1.00  0  1  0.60
 1  98.95  0.62  0  1  0.54
 0  74.25  0.23  0  0  0.51
 1  82.53  0.96  0  0  0.49
 0  77.42  1.17  0  0  0.88
 0  67.05  0.86  0  0  0.43
 1  82.58  0.40  0  0  0.85
 0  72.67  0.46  0  0  0.48
 1  85.75  1.34  0  1  0.51
 0  73.90  0.86  0  0  0.42
 1  92.56  1.24  0  1  2.34
 0  60.30  0.84  0  0  0.48
 1  89.33  0.27  0  1  0.80
 0  62.54  0.51  0  0  0.40
 0  73.90  0.71  0  0  0.57
 1  87.33  1.11  0  0  1.78
 0  67.44  0.33  0  0  0.52
 0  69.02  0.57  0  0  0.47
 0  77.47  0.61  0  1  0.52
 1  81.94  1.37  0  1  0.56
 1  99.70  0.84  0  1  0.67
 1  86.10  0.86  0  1  1.74
 0  70.67  0.27  0  0  0.48
 1  87.33  0.46  0  1  0.68
 0  67.05  0.71  0  0  0.48
 0  60.30  0.73  0  0  0.38
 0  74.25  1.34  0  0  0.46
 0  61.05  0.95  0  0  0.43
 0  64.69  0.42  0  0  0.40
 0  70.67  0.27  0  0  0.41
 0  77.47  0.96  0  0  1.36
 0  72.67  1.11  0  0  0.51
 0  69.02  0.57  0  0  0.46
 1  85.75  1.34  0  0  1.55
 1  82.58  1.17  0  1  0.49
 0  77.47  0.61  0  1  0.49
 0  73.90  0.86  0  0  0.73
 0  64.69  1.16  0  0  0.51
 1  81.94  0.21  0  0  0.74
 0  72.67  0.46  0  1  0.65
 0  73.90  0.71  0  0  1.52
 0  67.44  1.24  0  0  0.56
 1  92.56  0.33  0  1  0.69
 0  70.67  1.30  0  0  0.89
 0  62.54  1.06  0  0  0.47
 1  99.70  0.73  0  1  0.65
 0  61.05  0.62  0  0  0.50
 1  90.98  0.57  0  1  0.63
 0  78.06  1.37  0  0  0.79
 1  97.46  0.51  0  1  0.61
 0  77.42  0.40  0  0  0.79
 1  90.98  1.00  0  1  0.46
 1  86.10  0.86  0  1  0.49
 0  67.05  0.86  0  0  0.42
 0  60.30  0.84  0  0  0.56
 0  62.54  0.51  0  0  0.30
 0  69.02  1.00  0  0  0.33
 1  81.94  1.37  0  1  0.59
 1  92.95  0.86  0  1  0.67
 1  92.56  1.24  0  1  0.58
 0  67.05  0.71  0  0  0.47
 1  95.31  0.42  0  1  0.41
 1  92.95  0.71  0  1  0.39
 1  87.33  1.11  0  1  0.49
 1  89.33  1.30  0  1  0.44
 1  86.10  0.71  0  1  0.45
 0  67.44  0.33  0  0  0.54
 0  78.06  0.21  0  0  0.58
 1  82.58  0.40  0  0  0.49
 1  99.70  0.84  0  1  0.60
 1  98.95  0.62  0  1  0.52
 1  82.53  0.96  0  0  1.81
 0  74.25  0.23  0  0  0.83
 1  98.95  0.95  0  1  0.59
 1  89.33  0.27  0  1  0.52
 1  82.53  0.61  0  0  0.77
 1  97.46  1.06  0  1  0.62
 1  95.31  1.16  0  1  0.96
 0  77.42  1.17  0  0  0.79
 1  85.75  0.23  0  0  0.54
 1  87.33  0.46  0  1  0.63
 1  85.75  1.34  0  0  2.62
 0  73.90  0.71  0  1  0.57
 1  98.95  0.62  0  1  0.74
 0  69.02  1.00  0  0  0.57
 1  97.46  0.51  0  1  0.57
 0  61.05  0.62  0  0  0.45
 0  70.67  0.27  0  0  0.52
 1  95.31  0.42  0  1  0.47
 0  74.25  0.23  0  0  0.40
 1  82.58  1.17  0  0  0.43
 0  77.47  0.61  0  0  0.63
 0  73.90  0.86  0  0  0.50
 0  67.05  0.86  0  0  0.38
 0  72.67  0.46  0  0  0.35
 1  90.98  0.57  0  1  1.86
 0  78.06  0.21  0  0  0.92
 0  61.05  0.95  0  0  0.52
 1  92.56  1.24  0  1  0.65
 1  90.98  1.00  0  1  0.54
 1  97.46  1.06  0  1  0.58
 0  67.44  0.33  0  0  0.59
 1  82.53  0.96  0  1  0.58
 0  62.54  1.06  0  0  0.47
 1  87.33  1.11  0  0  0.93
 1  81.94  1.37  0  0  0.70
 0  62.54  0.51  0  0  0.52
 1  86.10  0.71  0  1  0.56
 0  70.67  1.30  0  0  0.51
 0  64.69  0.42  0  0  0.40
 0  77.47  0.96  0  0  0.50
 1  89.33  0.27  0  1  1.09
 0  78.06  1.37  0  0  1.05
 0  67.44  1.24  0  0  0.87
 0  72.67  1.11  0  0  0.43
 1  99.70  0.73  0  1  0.64
 1  98.95  0.95  0  1  0.42
 1  82.58  0.40  0  1  0.44
 0  74.25  1.34  0  0  0.53
 0  77.42  1.17  0  0  0.46
 1  81.94  0.21  0  0  0.75
 1  92.95  0.71  0  1  0.45
 1  85.75  0.23  0  1  0.39
 0  69.02  0.57  0  0  0.44
 1  92.56  0.33  0  1  0.54
 0  60.30  0.84  0  0  0.56
 1  82.53  0.61  0  1  0.69
 1  92.95  0.86  0  1  0.55
 1  99.70  0.84  0  1  0.78
 0  77.42  0.40  0  0  0.71
 1  86.10  0.86  0  0  0.80
 1  89.33  1.30  0  0  2.00
 0  60.30  0.73  0  0  0.52
 0  64.69  1.16  0  0  0.51
 1  87.33  0.46  0  1  0.67
 1  95.31  1.16  0  1  0.43
 0  67.05  0.71  0  0  0.54
 0  64.69  0.42  0  0  0.56
 1  86.10  0.71  0  1  0.56
 1  95.31  0.42  0  1  0.35
 0  77.47  0.61  0  0  2.73
 1  87.33  0.46  0  1  0.91
 0  72.67  1.11  0  0  0.49
 1  92.56  1.24  0  1  0.47
 1  92.95  0.71  0  1  0.47
 0  73.90  0.71  0  0  0.45
 1  97.46  1.06  0  1  0.46
 0  77.47  0.96  0  0  0.46
 1  81.94  1.37  0  0  0.56
 1  92.95  0.86  0  1  0.54
 0  61.05  0.95  0  0  0.41
 0  67.05  0.86  0  0  0.45
 0  77.42  1.17  0  0  0.70
 1  95.31  1.16  0  1  0.47
 0  60.30  0.84  0  0  0.46
 1  82.58  0.40  0  1  0.54
 1  92.56  0.33  0  1  0.45
 1  82.53  0.61  0  1  0.38
 0  62.54  1.06  0  0  0.55
 1  86.10  0.86  0  1  0.61
 0  70.67  0.27  0  0  0.67
 0  78.06  0.21  0  1  0.46
 1  82.53  0.96  0  1  0.68
 0  69.02  0.57  0  0  0.45
 0  72.67  0.46  0  0  0.50
 0  67.05  0.71  0  0  0.45
 0  64.69  1.16  0  0  0.50
 0  78.06  1.37  0  0  0.84
 1  85.75  0.23  0  1  0.45
 1  81.94  0.21  0  1  0.41
 0  69.02  1.00  0  0  0.55
 0  74.25  0.23  0  0  0.61
 1  97.46  0.51  0  1  0.51
 1  90.98  0.57  0  1  0.47
 1  98.95  0.62  0  1  0.37
 0  67.44  1.24  0  0  0.44
 0  61.05  0.62  0  0  0.39
 0  74.25  1.34  0  0  0.55
 1  89.33  0.27  0  1  0.50
 1  82.58  1.17  0  1  0.65
 1  98.95  0.95  0  1  0.40
 1  87.33  1.11  0  1  0.35
 1  99.70  0.73  0  1  0.34
 0  62.54  0.51  0  0  0.47
 1  99.70  0.84  0  1  0.48
 0  60.30  0.73  0  0  0.41
 1  85.75  1.34  0  1  0.47
 0  67.44  0.33  0  0  0.45
 0  73.90  0.86  0  0  0.35
 0  70.67  1.30  0  0  0.44
 1  90.98  1.00  0  1  0.37
 0  77.42  0.40  0  1  0.44
 1  89.33  1.30  0  0  0.92
 1  90.98  0.57  0  1  1.54
 1  92.95  0.86  0  1  0.35
 0  64.69  1.16  0  0  0.42
 1  81.94  0.21  0  1  0.59
 1  85.75  0.23  0  1  0.58
 1  86.10  0.86  0  1  0.41
 1  95.31  1.16  0  1  0.59
 1  98.95  0.62  0  1  0.48
 1  81.94  1.37  0  0  0.62
 1  95.31  0.42  0  1  0.42
 1  82.58  1.17  0  1  0.53
 0  60.30  0.84  0  0  0.51
 0  62.54  1.06  0  0  0.45
 1  86.10  0.71  0  1  0.50
 0  61.05  0.95  0  0  0.39
 1  99.70  0.84  0  1  0.35
 1  99.70  0.73  0  1  0.32
 0  67.44  0.33  0  0  0.38
 0  78.06  0.21  0  1  0.32
 1  85.75  1.34  0  1  0.37
 0  74.25  0.23  0  1  0.49
 1  92.95  0.71  0  1  0.56
 0  77.47  0.61  0  0  0.98
 1  87.33  1.11  0  1  0.55
 0  77.42  1.17  0  0  0.70
 0  73.90  0.86  0  0  0.44
 0  72.67  0.46  0  0  0.44
 0  72.67  1.11  0  0  0.48
 0  74.25  1.34  0  0  0.41
 0  78.06  1.37  0  0  0.40
 0  70.67  0.27  0  0  0.56
 1  82.53  0.96  0  0  0.30
 0  77.42  0.40  0  1  0.45
 1  82.58  0.40  0  1  0.60
 1  89.33  1.30  0  1  0.67
 1  92.56  0.33  0  1  0.45
 1  98.95  0.95  0  1  0.35
 1  97.46  1.06  0  1  0.38
 0  61.05  0.62  0  0  0.60
 0  67.44  1.24  0  0  0.37
 0  69.02  0.57  0  0  0.30
 0  77.47  0.96  0  0  0.34
 0  69.02  1.00  0  0  0.34
 1  82.53  0.61  0  0  0.79
 0  60.30  0.73  0  0  0.47
 0  70.67  1.30  0  0  0.49
 1  97.46  0.51  0  1  0.46
 0  62.54  0.51  0  0  0.46
 1  89.33  0.27  0  0  0.41
 1  87.33  0.46  0  1  0.41
 0  67.05  0.86  0  0  0.40
 0  67.05  0.71  0  0  0.57
 1  90.98  1.00  0  1  0.39
 1  92.56  1.24  0  1  0.35
 0  73.90  0.71  0  0  0.83
 0  64.69  0.42  0  0  0.35
 1  82.58  0.40  0  1  0.73
 0  64.69  0.42  0  0  0.42
 0  60.30  0.84  0  0  0.52
 1  81.94  1.37  0  1  0.46
 0  72.67  0.46  0  1  0.63
 1  90.98  1.00  0  0  0.30
 0  78.06  0.21  0  1  2.00
 0  77.47  0.96  0  0  0.73
 0  69.02  0.57  0  0  0.52
 1  86.10  0.86  0  0  2.79
 0  62.54  0.51  0  0  0.48
 0  77.42  1.17  0  0  1.61
 0  72.67  1.11  0  0  0.57
 1  97.46  1.06  0  1  0.97
 1  99.70  0.84  0  1  0.51
 1  97.46  0.51  0  1  0.41
 1  92.56  0.33  0  1  0.48
 1  87.33  0.46  0  1  0.37
 1  95.31  0.42  0  1  0.30
 1  98.95  0.95  0  1  0.36
 1  89.33  0.27  0  1  0.35
 0  74.25  0.23  0  0  0.51
 0  67.05  0.71  0  0  0.36
 0  74.25  1.34  0  0  0.32
 0  67.44  1.24  0  0  0.44
 1  85.75  1.34  0  0  1.40
 0  77.47  0.61  0  1  0.56
 0  69.02  1.00  0  0  0.48
 0  64.69  1.16  0  0  0.41
 0  70.67  0.27  0  0  0.74
 1  86.10  0.71  0  1  0.44
 0  73.90  0.86  0  0  0.41
 1  92.95  0.71  0  1  0.60
 1  82.53  0.96  0  1  2.74
 1  89.33  1.30  0  1  0.49
 1  81.94  0.21  0  1  0.49
 1  90.98  0.57  0  1  0.65
 1  82.58  1.17  0  1  0.74
 0  73.90  0.71  0  0  0.42
 0  67.05  0.86  0  0  0.55
 0  61.05  0.95  0  0  0.50
 0  67.44  0.33  0  0  0.45
 1  85.75  0.23  0  1  0.44
 1  92.95  0.86  0  1  0.41
 1  82.53  0.61  0  1  0.61
 1  95.31  1.16  0  1  0.55
 1  98.95  0.62  0  1  0.42
 0  62.54  1.06  0  0  0.60
 0  70.67  1.30  0  0  0.37
 0  61.05  0.62  0  0  0.40
 0  77.42  0.40  0  1  2.12
 0  60.30  0.73  0  0  0.42
 1  99.70  0.73  0  1  0.54
 1  92.56  1.24  0  1  0.56
 1  87.33  1.11  0  1  0.47
 0  78.06  1.37  0  1  0.60
 1  98.95  0.62  0  1  0.79
 0  73.90  0.86  0  0  0.47
 0  78.06  1.37  0  0  0.59
 0  64.69  1.16  0  0  0.44
 0  64.69  0.42  0  0  0.35
 1  81.94  0.21  0  1  0.66
 1  89.33  1.30  0  1  0.48
 0  69.02  0.57  0  0  0.82
 1  90.98  0.57  0  1  0.48
 0  69.02  1.00  0  0  0.41
 1  85.75  1.34  0  1  0.35
 1  85.75  0.23  0  1  0.36
 0  67.44  0.33  0  0  0.51
 1  97.46  0.51  0  1  0.46
 0  72.67  1.11  0  0  0.45
 1  98.95  0.95  0  1  0.47
 0  67.05  0.86  0  0  0.44
 1  89.33  0.27  0  1  0.43
 0  78.06  0.21  0  1  1.03
 0  74.25  1.34  0  0  0.78
 0  77.42  1.17  0  0  0.47
 1  92.95  0.71  0  1  0.55
 0  77.42  0.40  0  0  1.72
 1  87.33  0.46  0  1  0.50
 1  90.98  1.00  0  1  0.47
 1  82.58  0.40  0  1  0.44
 0  70.67  1.30  0  0  0.31
 0  70.67  0.27  0  0  0.50
 1  92.95  0.86  0  1  0.46
 0  67.44  1.24  0  0  0.45
 1  86.10  0.71  0  1  0.58
 0  77.47  0.61  0  1  0.56
 0  61.05  0.62  0  0  0.38
 1  92.56  1.24  0  1  0.48
 1  82.53  0.96  0  1  0.52
 0  62.54  1.06  0  0  0.42
 1  95.31  0.42  0  1  0.47
 1  95.31  1.16  0  1  0.47
 0  74.25  0.23  0  0  0.51
 1  82.53  0.61  0  0  0.36
 1  92.56  0.33  0  1  0.54
 0  67.05  0.71  0  0  0.76
 0  61.05  0.95  0  0  0.59
 1  99.70  0.84  0  1  0.64
 0  77.47  0.96  0  0  0.96
 0  60.30  0.73  0  0  0.48
 0  72.67  0.46  0  0  0.49
 1  82.58  1.17  0  0  1.23
 1  87.33  1.11  0  1  1.01
 0  73.90  0.71  0  0  0.63
 1  99.70  0.73  0  1  0.41
 1  86.10  0.86  0  1  1.88
 1  81.94  1.37  0  1  0.73
 0  60.30  0.84  0  0  0.38
 0  62.54  0.51  0  0  0.43
 1  97.46  1.06  0  1  0.73
 1  90.98  1.00  0  1  0.41
 1  89.33  0.27  0  1  0.53
 0  72.67  1.11  0  0  0.58
 1  85.75  1.34  0  1  1.16
 1  99.70  0.84  0  0  0.56
 0  77.47  0.61  0  1  1.44
 0  67.44  1.24  0  0  0.42
 0  72.67  0.46  0  0  0.48
 1  99.70  0.73  0  1  0.58
 0  74.25  0.23  0  0  0.61
 1  81.94  1.37  0  1  1.17
 0  62.54  0.51  0  0  0.43
 0  78.06  1.37  0  0  0.40
 1  92.56  0.33  0  1  0.55
 1  98.95  0.95  0  1  0.43
 0  70.67  1.30  0  0  0.41
 0  74.25  1.34  0  0  0.51
 0  78.06  0.21  0  1  0.53
 0  77.42  1.17  0  0  0.91
 1  97.46  0.51  0  1  0.60
 0  64.69  0.42  0  0  0.43
 1  81.94  0.21  0  1  0.57
 1  92.95  0.86  0  1  0.43
 0  67.44  0.33  0  0  0.39
 0  69.02  1.00  0  0  0.42
 1  86.10  0.71  0  1  0.46
 1  98.95  0.62  0  1  0.42
 0  67.05  0.71  0  0  0.39
 1  82.53  0.96  0  1  0.80
 1  92.56  1.24  0  1  0.47
 1  92.95  0.71  0  1  0.47
 1  82.53  0.61  0  1  0.55
 0  64.69  1.16  0  0  0.33
 0  77.42  0.40  0  0  0.79
 1  87.33  0.46  0  1  0.35
 0  61.05  0.95  0  0  0.43
 1  89.33  1.30  0  1  0.53
 1  90.98  0.57  0  1  0.43
 0  61.05  0.62  0  0  0.57
 0  60.30  0.84  0  0  0.44
 0  77.47  0.96  0  0  1.64
 1  82.58  1.17  0  1  0.48
 0  60.30  0.73  0  0  0.50
 0  70.67  0.27  0  0  0.80
 1  85.75  0.23  0  1  0.44
 0  73.90  0.86  0  0  0.75
 1  87.33  1.11  0  1  0.63
 0  73.90  0.71  0  1  0.64
 1  95.31  0.42  0  1  0.55
 1  86.10  0.86  0  1  0.82
 0  69.02  0.57  0  0  0.49
 1  82.58  0.40  0  1  0.59
 0  62.54  1.06  0  0  0.42
 1  95.31  1.16  0  1  0.41
 1  97.46  1.06  0  1  0.62
 0  67.05  0.86  0  0  0.43
 0  77.47  0.61  0  0  1.85
 0  67.44  1.24  0  0  0.54
 1  82.53  0.61  0  1  0.51
 0  77.42  0.40  0  1  0.78
 1  89.33  1.30  0  1  0.51
 0  70.67  0.27  0  0  0.52
 1  81.94  1.37  0  1  2.43
 1  98.95  0.95  0  1  0.51
 1  90.98  1.00  0  1  0.47
 0  78.06  0.21  0  0  1.07
 1  97.46  0.51  0  1  0.89
 0  67.05  0.71  0  0  0.43
 1  85.75  1.34  0  1  0.65
 0  61.05  0.95  0  0  0.37
 0  61.05  0.62  0  0  0.34
 0  62.54  0.51  0  0  0.39
 0  69.02  1.00  0  0  0.37
 1  92.56  1.24  0  1  0.46
 0  72.67  0.46  0  0  0.92
 0  64.69  1.16  0  0  0.45
 0  73.90  0.86  0  0  0.54
 1  99.70  0.73  0  1  0.40
 1  98.95  0.62  0  1  0.43
 1  99.70  0.84  0  1  0.37
 1  81.94  0.21  0  1  1.00
 0  73.90  0.71  0  0  0.49
 1  86.10  0.71  0  1  1.00
 0  67.44  0.33  0  0  0.50
 0  70.67  1.30  0  0  0.52
 0  69.02  0.57  0  0  0.45
 0  77.47  0.96  0  0  0.33
 0  77.42  1.17  0  0  0.52
 0  72.67  1.11  0  0  0.80
 1  87.33  1.11  0  0  0.66
 1  95.31  1.16  0  1  0.41
 1  87.33  0.46  0  1  0.44
 1  82.58  1.17  0  1  0.43
 1  90.98  0.57  0  1  0.41
 1  89.33  0.27  0  1  0.34
 0  62.54  1.06  0  0  0.39
 1  92.95  0.86  0  1  0.31
 0  60.30  0.73  0  0  0.31
 1  92.95  0.71  0  1  0.38
 1  92.56  0.33  0  1  0.40
 0  60.30  0.84  0  0  0.43
 1  85.75  0.23  0  1  0.51
 1  95.31  0.42  0  1  0.53
 0  67.05  0.86  0  0  0.46
 1  97.46  1.06  0  1  0.53
 1  82.58  0.40  0  0  1.08
 1  82.53  0.96  0  1  0.43
 0  64.69  0.42  0  0  0.58
 1  86.10  0.86  0  1  0.91
 0  74.25  1.34  0  0  0.51
 0  74.25  0.23  0  0  0.55
 0  78.06  1.37  0  0  0.46
 1  92.95  0.86  0  1  0.60
 1  99.70  0.73  0  1  0.48
 1  90.98  0.57  0  1  0.46
 1  86.10  0.71  0  1  0.47
 0  69.02  0.57  0  0  0.44
 1  86.10  0.86  0  1  0.71
 1  85.75  0.23  0  1  0.49
 1  81.94  0.21  0  1  0.56
 0  73.90  0.71  0  0  1.21
 1  82.53  0.96  0  0  0.36
 0  70.67  0.27  0  0  0.54
 0  62.54  1.06  0  0  0.56
 0  64.69  0.42  0  0  0.46
 1  82.58  1.17  0  1  0.61
 1  97.46  1.06  0  1  0.53
 0  77.42  0.40  0  0  0.73
 0  60.30  0.73  0  0  0.41
 1  99.70  0.84  0  1  0.34
 1  89.33  1.30  0  1  0.42
 1  92.95  0.71  0  1  0.48
 1  97.46  0.51  0  1  0.57
 0  64.69  1.16  0  0  0.40
 0  67.44  1.24  0  0  0.36
 1  87.33  0.46  0  1  0.40
 0  60.30  0.84  0  0  0.47
 0  67.05  0.71  0  0  0.50
 0  61.05  0.62  0  0  0.39
 0  77.47  0.96  0  0  0.71
 0  72.67  1.11  0  0  0.57
 1  95.31  1.16  0  1  0.39
 0  77.42  1.17  0  0  1.13
 1  82.53  0.61  0  1  0.64
 1  82.58  0.40  0  1  0.56
 1  81.94  1.37  0  0  0.74
 0  74.25  0.23  0  0  0.95
 1  98.95  0.95  0  1  0.60
 1  92.56  0.33  0  1  0.78
 0  70.67  1.30  0  0  0.44
 0  61.05  0.95  0  0  0.36
 0  69.02  1.00  0  0  0.42
 1  95.31  0.42  0  1  0.58
 1  89.33  0.27  0  1  0.56
 0  62.54  0.51  0  0  0.35
 0  72.67  0.46  0  0  0.99
 1  98.95  0.62  0  1  0.46
 0  73.90  0.86  0  0  0.52
 1  92.56  1.24  0  1  0.37
 0  78.06  1.37  0  0  0.81
 0  78.06  0.21  0  1  0.55
 0  67.44  0.33  0  0  0.64
 1  90.98  1.00  0  1  0.57
 0  67.05  0.86  0  0  0.57
 1  87.33  1.11  0  1  0.82
 1  85.75  1.34  0  1  0.69
 0  74.25  1.34  0  0  1.28
 0  77.47  0.61  0  1  0.99
