 1  92.56  1.24  0  1  1.33
 1  95.31  1.16  0  0  1.14
 0  77.47  0.96  0  1  1.36
 0  62.54  1.06  0  1  1.21
 0  72.67  1.11  0  0  3.92
 0  74.25  1.34  0  0  3.53
 1  82.58  1.17  0  0  1.13
 1  87.33  1.11  0  0  1.55
 1  81.94  0.21  0  1  1.48
 0  62.54  0.51  0  0  1.67
 0  73.90  0.86  0  1  2.24
 1  86.10  0.86  0  0  8.90
 0  67.44  0.33  0  0  1.33
 1  97.46  1.06  0  1  2.21
 0  64.69  1.16  0  1  2.32
 0  67.44  1.24  0  1  3.54
 1  92.95  0.86  0  0  1.64
 1  86.10  0.71  0  0  1.18
 1  92.95  0.71  0  0 13.57
 1  85.75  1.34  0  1  5.67
 1  85.75  0.23  0  0  1.08
 1  82.58  0.40  0  1 16.23
 0  72.67  0.46  0  0  1.94
 0  78.06  1.37  0  1  1.29
 0  67.05  0.86  0  0  5.55
 1  89.33  0.27  0  0  1.12
 0  60.30  0.73  0  1  5.44
 1  81.94  1.37  0  0  5.88
 1  82.53  0.61  0  1  1.94
 0  73.90  0.71  0  1  1.47
 1  90.98  0.57  0  1  1.65
 1  87.33  0.46  0  1  1.10
 1  98.95  0.95  0  0  0.69
 0  61.05  0.62  0  1  2.84
 1  95.31  0.42  0  0  1.38
 0  69.02  0.57  0  1 13.57
 1  89.33  1.30  0  0  2.53
 0  77.47  0.61  0  1  0.66
 0  70.67  0.27  0  1  0.56
 0  78.06  0.21  0  0  2.43
 0  69.02  1.00  0  1  7.93
 0  60.30  0.84  0  1  1.70
 0  74.25  0.23  0  0  1.14
 1  98.95  0.62  0  0  1.10
 1  99.70  0.73  0  0 17.27
 1  82.53  0.96  0  1  2.83
 1  97.46  0.51  0  0  1.00
 0  64.69  0.42  0  1  1.86
 1  92.56  0.33  0  0  0.93
 0  70.67  1.30  0  0  0.85
 0  77.42  0.40  0  1  0.80
 1  90.98  1.00  0  0  1.02
 0  61.05  0.95  0  1 15.52
 0  67.05  0.71  0  0  1.65
 1  99.70  0.84  0  0  2.77
 0  77.42  1.17  0  0  0.53
 0  77.42  1.17  0  0  1.91
 0  73.90  0.71  0  0  3.49
 0  73.90  0.86  0  1  1.73
 0  70.67  1.30  0  0  0.95
 0  77.47  0.61  0  1 11.21
 1  92.56  1.24  0  0  0.91
 1  98.95  0.95  0  0  3.31
 0  64.69  0.42  0  1  2.51
 0  78.06  1.37  0  1  5.10
 0  67.05  0.86  0  1  1.03
 0  60.30  0.84  0  0  0.60
 1  82.58  0.40  0  0  0.78
 1  97.46  1.06  0  1  0.74
 0  61.05  0.95  0  1  0.76
 0  67.44  0.33  0  0  0.44
 0  78.06  0.21  0  1  1.11
 1  98.95  0.62  0  0  0.64
 1  95.31  0.42  0  0  0.61
 1  82.53  0.61  0  1  0.86
 1  85.75  1.34  0  0  0.83
 1  82.53  0.96  0  1  0.51
 1  90.98  0.57  0  1  2.90
 1  89.33  1.30  0  0  0.76
 1  82.58  1.17  0  1  0.70
 0  77.47  0.96  0  1  0.64
 0  60.30  0.73  0  0  0.85
 1  81.94  0.21  0  1  0.75
 0  62.54  1.06  0  0  0.60
 1  92.95  0.71  0  1  0.43
 1  81.94  1.37  0  0  0.31
 0  67.05  0.71  0  1  0.92
 0  72.67  0.46  0  1  0.44
 1  99.70  0.73  0  0  0.33
 1  85.75  0.23  0  1  0.55
 0  64.69  1.16  0  0  0.60
 0  62.54  0.51  0  1  0.49
 0  69.02  1.00  0  0  0.38
 1  95.31  1.16  0  1  1.14
 0  69.02  0.57  0  0  0.99
 0  77.42  0.40  0  1  0.48
 1  97.46  0.51  0  0  0.50
 1  89.33  0.27  0  0  0.31
 1  86.10  0.71  0  1  0.48
 1  92.56  0.33  0  0  0.53
 0  67.44  1.24  0  1  0.34
 1  86.10  0.86  0  0  4.32
 1  92.95  0.86  0  1  0.56
 0  72.67  1.11  0  0  3.85
 1  99.70  0.84  0  1  0.56
 0  70.67  0.27  0  0  0.45
 0  61.05  0.62  0  1  0.46
 0  74.25  1.34  0  0  0.51
 0  74.25  0.23  0  1  0.57
 1  87.33  1.11  0  0  0.33
 1  90.98  1.00  0  0  0.35
 1  87.33  0.46  0  1  0.24
 0  74.25  1.34  0  0  5.86
 1  92.95  0.86  0  1  0.53
 0  62.54  1.06  0  0  0.58
 0  78.06  0.21  0  0  0.51
 0  60.30  0.84  0  1  0.28
 0  62.54  0.51  0  0  0.35
 1  97.46  1.06  0  1  0.40
 1  87.33  0.46  0  0  0.41
 1  99.70  0.84  0  1  0.31
 0  77.42  0.40  0  1  0.79
 0  77.47  0.61  0  0  0.60
 0  72.67  0.46  0  1  5.31
 0  64.69  0.42  0  0  0.34
 0  73.90  0.86  0  1  0.33
 0  67.05  0.71  0  0  1.44
 0  61.05  0.62  0  0  0.30
 1  82.53  0.96  0  1  0.30
 1  86.10  0.86  0  1  3.41
 1  90.98  0.57  0  0  0.73
 0  69.02  0.57  0  0  0.66
 0  69.02  1.00  0  0  1.83
 0  73.90  0.71  0  1  0.70
 1  92.56  1.24  0  1  0.92
 1  87.33  1.11  0  1  0.89
 1  82.58  0.40  0  0  0.71
 1  89.33  1.30  0  1  0.51
 1  95.31  1.16  0  0  0.43
 1  81.94  1.37  0  1  1.64
 0  78.06  1.37  0  1  1.09
 0  72.67  1.11  0  0  0.84
 1  90.98  1.00  0  1  0.90
 1  86.10  0.71  0  1  1.27
 0  70.67  0.27  0  0  0.70
 1  89.33  0.27  0  0  2.52
 1  98.95  0.62  0  0  0.88
 1  95.31  0.42  0  1  0.62
 1  85.75  0.23  0  1  0.75
 1  99.70  0.73  0  0  1.39
 1  81.94  0.21  0  1  0.58
 0  64.69  1.16  0  1  1.95
 0  67.05  0.86  0  0  1.02
 1  92.56  0.33  0  1  0.77
 1  92.95  0.71  0  0  0.83
 0  67.44  1.24  0  0  0.76
 0  61.05  0.95  0  0  0.84
 1  98.95  0.95  0  1  0.62
 0  77.47  0.96  0  1  0.57
 0  67.44  0.33  0  1  0.79
 1  85.75  1.34  0  1  2.15
 0  74.25  0.23  0  0  0.80
 1  97.46  0.51  0  0  0.54
 0  60.30  0.73  0  1  1.02
 0  70.67  1.30  0  1  1.19
 0  77.42  1.17  0  0  1.33
 1  82.58  1.17  0  0  0.67
 1  82.53  0.61  0  1  1.86
 0  72.67  1.11  0  0  0.79
 1  98.95  0.95  0  1  0.76
 1  89.33  0.27  0  1  0.91
 0  69.02  0.57  0  0  0.77
 1  92.56  1.24  0  0  3.59
 0  77.42  1.17  0  0  1.32
 1  85.75  0.23  0  1  0.59
 1  85.75  1.34  0  0  1.46
 1  82.58  0.40  0  1  0.98
 0  72.67  0.46  0  0  0.78
 0  67.05  0.71  0  0  1.23
 0  73.90  0.86  0  0  0.73
 1  97.46  0.51  0  1  1.02
 1  81.94  1.37  0  1  1.35
 1  92.56  0.33  0  1  0.94
 0  60.30  0.73  0  0  0.99
 1  86.10  0.71  0  1  0.79
 0  62.54  1.06  0  0  0.76
 1  81.94  0.21  0  1  0.77
 0  67.05  0.86  0  0  0.80
 1  95.31  0.42  0  1  0.83
 0  77.47  0.96  0  0  2.46
 0  74.25  0.23  0  1  2.62
 1  82.53  0.61  0  1  1.19
 1  97.46  1.06  0  1  0.89
 0  60.30  0.84  0  0  0.94
 1  98.95  0.62  0  1  0.78
 1  89.33  1.30  0  1  2.37
 0  64.69  1.16  0  0  0.64
 0  73.90  0.71  0  1  0.92
 0  77.47  0.61  0  1  1.41
 1  99.70  0.73  0  1  0.72
 1  87.33  1.11  0  0  0.99
 0  74.25  1.34  0  0  0.68
 0  61.05  0.95  0  0  0.70
 0  69.02  1.00  0  0  0.60
 0  78.06  1.37  0  0  0.96
 0  64.69  0.42  0  0  0.81
 0  67.44  0.33  0  0  0.62
 0  61.05  0.62  0  0  0.45
 1  86.10  0.86  0  1  0.64
 1  87.33  0.46  0  1  0.75
 0  70.67  0.27  0  0  2.70
 1  95.31  1.16  0  1  0.64
 0  70.67  1.30  0  0  0.67
 1  90.98  1.00  0  1  0.76
 0  77.42  0.40  0  1  1.79
 1  92.95  0.86  0  1  0.66
 0  67.44  1.24  0  0  0.74
 0  78.06  0.21  0  0  2.04
 0  62.54  0.51  0  0  0.60
 1  90.98  0.57  0  1  0.52
 1  82.53  0.96  0  1  0.81
 1  99.70  0.84  0  1  0.59
 1  82.58  1.17  0  0  0.64
 1  92.95  0.71  0  1  0.71
 1  82.58  0.40  0  1  0.99
 0  67.05  0.71  0  0  0.54
 0  64.69  1.16  0  0  0.79
 0  78.06  0.21  0  1  0.70
 0  61.05  0.62  0  0  0.47
 0  70.67  1.30  0  0  0.76
 1  97.46  0.51  0  1  0.57
 1  97.46  1.06  0  1  0.62
 0  73.90  0.71  0  0  1.15
 1  90.98  0.57  0  1  0.54
 1  86.10  0.71  0  1  0.59
 1  81.94  0.21  0  1  0.54
 0  61.05  0.95  0  0  0.57
 0  72.67  0.46  0  0  0.54
 0  72.67  1.11  0  0  1.12
 0  69.02  0.57  0  0  0.82
 1  99.70  0.73  0  1  0.75
 1  81.94  1.37  0  1  1.20
 0  64.69  0.42  0  0  0.70
 0  62.54  0.51  0  0  0.50
 1  92.56  1.24  0  1  0.65
 1  85.75  0.23  0  1  0.71
 1  87.33  1.11  0  1  0.58
 0  73.90  0.86  0  0  0.69
 0  60.30  0.73  0  0  0.58
 0  78.06  1.37  0  0  1.79
 0  67.44  1.24  0  0  0.65
 1  95.31  0.42  0  1  0.58
 1  99.70  0.84  0  1  0.58
 1  92.95  0.71  0  1  0.68
 0  74.25  0.23  0  0  0.70
 0  77.42  1.17  0  0  0.71
 0  77.42  0.40  0  0  2.22
 1  85.75  1.34  0  1  4.87
 1  89.33  1.30  0  1  0.75
 1  98.95  0.95  0  1  0.68
 1  82.53  0.96  0  0  1.46
 1  92.95  0.86  0  1  0.58
 0  67.44  0.33  0  0  0.65
 1  95.31  1.16  0  1  0.62
 0  62.54  1.06  0  0  0.50
 0  67.05  0.86  0  0  0.66
 0  70.67  0.27  0  0  0.53
 0  74.25  1.34  0  0  1.26
 0  77.47  0.96  0  0  0.90
 1  87.33  0.46  0  1  0.72
 0  77.47  0.61  0  0  0.69
 1  92.56  0.33  0  1  0.69
 1  98.95  0.62  0  1  0.67
 1  86.10  0.86  0  0  0.96
 0  69.02  1.00  0  0  0.73
 0  60.30  0.84  0  0  0.62
 1  90.98  1.00  0  1  0.62
 1  82.53  0.61  0  1  1.33
 1  89.33  0.27  0  1  0.67
 1  82.58  1.17  0  1  1.40
 0  72.67  1.11  0  0  1.03
 0  74.25  0.23  0  0  1.45
 1  85.75  0.23  0  1  0.68
 1  85.75  1.34  0  1  1.10
 1  95.31  0.42  0  1  0.67
 0  77.42  0.40  0  0  1.30
 1  99.70  0.73  0  1  0.52
 1  89.33  1.30  0  1  1.22
 0  69.02  1.00  0  0  0.59
 0  77.42  1.17  0  0  1.19
 1  95.31  1.16  0  1  0.58
 0  70.67  1.30  0  0  0.72
 1  92.95  0.86  0  1  1.70
 1  82.58  0.40  0  0  2.00
 0  64.69  1.16  0  0  0.63
 0  61.05  0.95  0  0  0.60
 0  62.54  1.06  0  0  0.65
 0  77.47  0.96  0  0  5.98
 1  87.33  1.11  0  1  0.68
 0  62.54  0.51  0  0  0.63
 0  60.30  0.84  0  0  0.62
 0  70.67  0.27  0  0  1.49
 1  92.95  0.71  0  1  0.59
 1  97.46  0.51  0  1  0.94
 1  97.46  1.06  0  1  0.65
 0  77.47  0.61  0  1  2.77
 1  92.56  1.24  0  1  0.66
 0  61.05  0.62  0  0  0.65
 0  67.05  0.86  0  0  0.59
 1  82.53  0.61  0  0  2.60
 1  82.58  1.17  0  1  0.61
 1  81.94  1.37  0  1  1.13
 0  67.44  0.33  0  0  0.59
 1  82.53  0.96  0  1  0.65
 0  67.44  1.24  0  0  0.72
 1  81.94  0.21  0  1  0.60
 0  74.25  1.34  0  1  5.72
 1  89.33  0.27  0  1  0.67
 0  69.02  0.57  0  0  2.01
 0  67.05  0.71  0  0  0.69
 1  98.95  0.95  0  1  0.64
 1  86.10  0.71  0  1  0.55
 1  99.70  0.84  0  1  0.56
 1  98.95  0.62  0  1  0.58
 1  87.33  0.46  0  1  0.52
 0  78.06  0.21  0  1  0.55
 0  60.30  0.73  0  0  0.66
 1  90.98  1.00  0  1  0.65
 0  64.69  0.42  0  0  0.57
 0  73.90  0.86  0  0  2.26
 1  90.98  0.57  0  1  0.58
 0  78.06  1.37  0  1  1.26
 1  92.56  0.33  0  1  0.52
 1  86.10  0.86  0  1  0.67
 0  73.90  0.71  0  1  0.74
 0  72.67  0.46  0  0  2.32
 1  98.95  0.95  0  1  0.91
 1  81.94  0.21  0  0  1.27
 1  92.56  1.24  0  1  0.65
 0  78.06  1.37  0  0  1.17
 0  61.05  0.62  0  0  0.58
 1  92.95  0.86  0  1  0.64
 0  77.42  0.40  0  1  0.55
 0  64.69  1.16  0  0  1.44
 0  67.44  0.33  0  0  0.85
 1  95.31  0.42  0  1  0.62
 1  92.95  0.71  0  1  0.62
 0  69.02  0.57  0  0  2.45
 0  73.90  0.71  0  0  4.32
 0  64.69  0.42  0  0  1.46
 1  86.10  0.71  0  1  0.89
 0  72.67  0.46  0  0  0.76
 1  87.33  0.46  0  1  0.68
 1  82.53  0.61  0  1  0.64
 0  67.44  1.24  0  0  0.62
 0  62.54  1.06  0  1  0.79
 1  85.75  1.34  0  1  0.78
 1  97.46  0.51  0  1  0.64
 1  90.98  1.00  0  1  0.75
 0  60.30  0.84  0  0  0.55
 1  87.33  1.11  0  1  1.19
 0  60.30  0.73  0  0  0.62
 0  70.67  1.30  0  0  0.76
 1  90.98  0.57  0  1  0.57
 1  86.10  0.86  0  1  1.40
 0  69.02  1.00  0  0  0.76
 1  82.53  0.96  0  1  0.93
 1  95.31  1.16  0  1  0.55
 0  74.25  1.34  0  1  1.10
 1  89.33  0.27  0  1  0.56
 0  72.67  1.11  0  0  1.74
 0  61.05  0.95  0  0  0.69
 1  98.95  0.62  0  1  0.65
 1  82.58  0.40  0  1  1.14
 0  67.05  0.71  0  0  1.01
 1  82.58  1.17  0  1  0.68
 1  81.94  1.37  0  1  1.05
 0  77.47  0.96  0  1  3.45
 1  85.75  0.23  0  1  1.27
 0  77.42  1.17  0  0  0.66
 1  97.46  1.06  0  1  0.69
 0  70.67  0.27  0  0  1.47
 0  78.06  0.21  0  0  1.96
 0  62.54  0.51  0  0  0.78
 0  73.90  0.86  0  0  1.20
 1  89.33  1.30  0  1  1.73
 1  99.70  0.73  0  1  0.63
 1  92.56  0.33  0  1  0.75
 0  74.25  0.23  0  0  0.85
 0  77.47  0.61  0  0  1.83
 0  67.05  0.86  0  0  1.24
 1  99.70  0.84  0  1  0.88
 0  64.69  1.16  0  0  0.75
 0  60.30  0.84  0  0  0.60
 0  74.25  1.34  0  0  0.82
 0  69.02  0.57  0  0  0.64
 1  89.33  0.27  0  1  0.64
 0  70.67  1.30  0  0  0.57
 1  98.95  0.95  0  1  0.53
 0  67.05  0.86  0  0  1.30
 0  62.54  1.06  0  0  0.52
 1  95.31  0.42  0  1  0.54
 0  61.05  0.95  0  0  0.57
 1  97.46  1.06  0  1  0.51
 0  64.69  0.42  0  0  0.53
 1  92.56  1.24  0  1  0.55
 0  77.47  0.61  0  0  0.45
 1  82.58  1.17  0  1  0.53
 1  82.53  0.61  0  1  0.53
 0  78.06  0.21  0  0  1.82
 1  98.95  0.62  0  1  0.63
 0  62.54  0.51  0  0  0.48
 1  90.98  0.57  0  1  0.71
 1  85.75  0.23  0  1  0.68
 0  60.30  0.73  0  0  0.57
 0  72.67  0.46  0  0  0.92
 0  70.67  0.27  0  0  0.46
 1  90.98  1.00  0  1  0.55
 1  92.95  0.86  0  1  0.52
 1  89.33  1.30  0  1  0.54
 0  67.44  1.24  0  0  0.46
 0  67.05  0.71  0  0  0.46
 1  81.94  0.21  0  1  0.59
 0  77.42  1.17  0  0  0.38
 0  69.02  1.00  0  0  0.74
 1  92.95  0.71  0  1  0.60
 0  72.67  1.11  0  0  0.57
 0  78.06  1.37  0  1  0.99
 0  67.44  0.33  0  0  0.72
 1  86.10  0.86  0  1  0.65
 1  99.70  0.84  0  1  1.18
 1  82.53  0.96  0  0  1.86
 1  81.94  1.37  0  1  0.79
 0  61.05  0.62  0  0  0.59
 0  77.42  0.40  0  1  0.69
 0  73.90  0.86  0  1  1.17
 0  74.25  0.23  0  0  1.65
 1  92.56  0.33  0  1  0.53
 1  86.10  0.71  0  1  0.92
 1  87.33  1.11  0  1  1.23
 1  95.31  1.16  0  1  0.60
 0  73.90  0.71  0  0  0.57
 1  87.33  0.46  0  1  0.53
 1  97.46  0.51  0  1  0.50
 0  77.47  0.96  0  1  0.93
 1  82.58  0.40  0  1  0.55
 1  99.70  0.73  0  1  0.85
 1  85.75  1.34  0  1  0.87
 1  98.95  0.95  0  1  0.74
 0  77.47  0.61  0  0  0.66
 1  99.70  0.84  0  1  0.50
 0  60.30  0.84  0  0  0.53
 0  78.06  1.37  0  1  0.49
 0  67.05  0.86  0  0  0.55
 0  61.05  0.95  0  0  0.52
 1  92.95  0.86  0  1  0.52
 1  95.31  0.42  0  1  0.46
 1  90.98  1.00  0  1  0.44
 0  77.42  1.17  0  0  0.37
 0  67.44  1.24  0  0  0.59
 1  89.33  0.27  0  1  0.55
 0  72.67  0.46  0  0  0.47
 1  87.33  0.46  0  1  0.46
 0  74.25  0.23  0  0  0.59
 0  67.05  0.71  0  0  0.53
 1  92.56  1.24  0  1  0.57
 1  87.33  1.11  0  1  0.70
 1  82.58  0.40  0  1  0.58
 1  81.94  1.37  0  1  0.60
 1  82.53  0.61  0  1  0.50
 0  74.25  1.34  0  0  0.54
 1  95.31  1.16  0  0  0.73
 1  89.33  1.30  0  1  0.76
 0  73.90  0.71  0  0  1.53
 1  81.94  0.21  0  1  0.99
 1  82.53  0.96  0  1  0.60
 1  99.70  0.73  0  1  0.54
 0  69.02  1.00  0  0  0.78
 1  85.75  0.23  0  1  0.55
 1  85.75  1.34  0  1  0.59
 0  70.67  0.27  0  0  0.82
 0  61.05  0.62  0  0  0.55
 0  69.02  0.57  0  1  0.77
 0  70.67  1.30  0  0  0.70
 1  92.56  0.33  0  1  0.56
 0  62.54  1.06  0  0  0.58
 0  62.54  0.51  0  0  0.68
 1  97.46  1.06  0  1  0.56
 0  77.42  0.40  0  0  2.78
 1  86.10  0.86  0  1  0.47
 0  77.47  0.96  0  0  0.87
 1  92.95  0.71  0  1  0.54
 0  64.69  1.16  0  0  0.50
 0  64.69  0.42  0  0  0.60
 1  98.95  0.62  0  1  0.50
 0  67.44  0.33  0  0  0.62
 0  73.90  0.86  0  0  0.65
 1  86.10  0.71  0  1  0.62
 1  82.58  1.17  0  0  1.07
 0  72.67  1.11  0  1  0.85
 1  97.46  0.51  0  1  0.55
 1  90.98  0.57  0  1  2.31
 0  78.06  0.21  0  1  2.57
 0  60.30  0.73  0  0  1.17
 1  87.33  1.11  0  1  0.69
 1  92.56  1.24  0  1  0.55
 0  77.47  0.96  0  0  1.82
 1  85.75  0.23  0  1  0.97
 1  85.75  1.34  0  1  0.84
 1  82.58  1.17  0  1  0.89
 0  60.30  0.73  0  0  0.97
 0  77.47  0.61  0  0  1.36
 1  81.94  0.21  0  1  0.72
 0  67.05  0.86  0  0  0.87
 0  60.30  0.84  0  0  0.64
 0  69.02  0.57  0  0  0.92
 1  99.70  0.84  0  1  1.06
 0  77.42  0.40  0  0  1.77
 0  72.67  0.46  0  0  0.64
 0  64.69  0.42  0  0  0.79
 0  62.54  1.06  0  0  0.57
 1  86.10  0.86  0  1  0.92
 1  87.33  0.46  0  1  1.06
 1  92.95  0.71  0  1  0.84
 1  89.33  1.30  0  1  0.77
 0  77.42  1.17  0  0  1.07
 0  67.44  0.33  0  0  0.82
 1  99.70  0.73  0  1  0.53
 1  92.95  0.86  0  1  0.58
 1  98.95  0.62  0  1  0.53
 0  62.54  0.51  0  0  0.88
 1  86.10  0.71  0  1  0.70
 0  74.25  0.23  0  0  0.93
 0  73.90  0.71  0  0  0.86
 0  61.05  0.95  0  0  0.44
 0  78.06  0.21  0  0  0.67
 0  69.02  1.00  0  0  0.58
 1  90.98  0.57  0  1  0.90
 1  97.46  0.51  0  1  0.87
 0  67.05  0.71  0  0  0.98
 0  74.25  1.34  0  0  0.62
 0  73.90  0.86  0  0  0.68
 1  89.33  0.27  0  1  1.27
 0  70.67  1.30  0  0  0.60
 1  81.94  1.37  0  1  0.59
 0  70.67  0.27  0  0  0.40
 1  82.53  0.61  0  1  2.95
 1  82.58  0.40  0  1  0.65
 1  90.98  1.00  0  1  0.63
 1  97.46  1.06  0  1  0.50
 1  95.31  1.16  0  1  0.53
 0  67.44  1.24  0  0  0.51
 1  92.56  0.33  0  1  0.54
 1  95.31  0.42  0  1  1.21
 0  78.06  1.37  0  0  1.53
 1  98.95  0.95  0  1  0.79
 1  82.53  0.96  0  1  1.29
 0  61.05  0.62  0  0  0.73
 0  64.69  1.16  0  0  1.06
 0  72.67  1.11  0  0  2.29
