 0  61.05  0.95  0  1  2.27
 0  77.47  0.96  1  0  3.73
 1  87.33  0.46  1  0  1.02
 0  74.25  1.34  1  1  4.61
 0  89.33  1.30  1  0  1.41
 0  64.69  0.42  0  1  1.13
 0  92.95  0.71  1  0  1.17
 1  82.58  1.17  0  1  1.82
 0  72.67  1.11  0  1  0.74
 0  77.42  1.17  1  0  5.68
 1  77.42  0.40  1  0  1.17
 1  69.02  0.57  1  0  5.52
 1  62.54  0.51  1  1  6.62
 1  90.98  1.00  0  1 11.16
 1  92.95  0.86  0  1  0.84
 1  70.67  0.27  1  0  0.89
 1  99.70  0.73  0  1  1.23
 1  61.05  0.95  1  0  2.04
 1  85.75  1.34  0  1  1.26
 0  82.53  0.96  1  1  1.10
 1  92.95  0.71  0  1  1.09
 1  60.30  0.84  1  0  1.59
 0  67.05  0.71  0  1  1.16
 1  95.31  0.42  0  1 12.96
 0  77.47  0.96  0  0  1.17
 0  70.67  0.27  0  1  0.57
 1  87.33  0.46  0  0  1.72
 0  77.42  0.40  0  1  7.58
 1  97.46  0.51  0  1  1.40
 0  99.70  0.84  1  0  2.61
 0  64.69  1.16  0  1  0.69
 0  86.10  0.71  1  0  0.80
 0  87.33  1.11  1  0  0.91
 0  85.75  1.34  1  0  0.52
 1  86.10  0.86  0  1  0.99
 1  78.06  0.21  1  0  1.42
 0  67.44  1.24  0  1  2.01
 0  67.05  0.86  0  0 11.16
 1  97.46  1.06  0  1  0.64
 1  74.25  0.23  1  1  0.64
 0  67.44  0.33  0  1  0.74
 0  73.90  0.71  0  0  2.30
 1  67.05  0.71  1  0  0.59
 1  61.05  0.62  1  0  2.11
 0  90.98  0.57  1  1  1.96
 0  78.06  1.37  1  0 18.31
 1  82.58  0.40  0  1  8.19
 1  97.46  0.51  1  1  0.90
 0  73.90  0.86  0  0  0.98
 1  82.53  0.96  0  0  0.78
 1  69.02  1.00  1  0  1.20
 1  87.33  1.11  0  1  9.40
 1  81.94  0.21  0  1  4.23
 1  92.56  0.33  0  1  1.13
 0  74.25  1.34  0  0  7.16
 1  81.94  1.37  0  0  0.74
 0  62.54  0.51  0  1 16.31
 1  67.44  1.24  1  0  2.31
 0  73.90  0.71  1  0  9.76
 1  99.70  0.84  0  0  0.78
 0  95.31  1.16  1  0  0.59
 1  60.30  0.73  1  0  2.00
 1  95.31  1.16  0  1 13.68
 0  78.06  0.21  0  1  1.17
 0  62.54  1.06  0  1  1.06
 1  89.33  0.27  1  0  1.73
 0  72.67  0.46  0  0  2.26
 1  89.33  1.30  0  1  1.03
 0  97.46  1.06  1  0  0.58
 1  67.44  0.33  1  1  2.06
 0  92.95  0.86  1  0  0.62
 0  78.06  1.37  0  0  2.34
 1  64.69  1.16  1  0  0.69
 1  81.94  0.21  1  1  0.97
 1  70.67  1.30  1  0  1.04
 0  92.56  1.24  1  1  4.09
 1  92.56  0.33  1  1  1.00
 1  92.56  1.24  0  0  0.67
 0  60.30  0.84  0  0  0.67
 0  98.95  0.62  1  0  3.32
 1  82.58  0.40  1  0  1.52
 0  82.58  1.17  1  1  5.62
 0  73.90  0.86  1  0  0.78
 0  69.02  0.57  0  1  2.09
 0  77.47  0.61  0  0  0.69
 1  90.98  0.57  0  0  0.87
 0  74.25  0.23  0  1  5.07
 1  62.54  1.06  1  0  3.50
 0  82.53  0.61  1  1 17.11
 0  90.98  1.00  1  0  0.94
 0  99.70  0.73  1  1  0.54
 0  77.42  1.17  0  0  0.77
 1  86.10  0.71  0  1  1.82
 0  69.02  1.00  0  0  0.56
 0  81.94  1.37  1  1  0.53
 1  85.75  0.23  0  1  1.20
 1  89.33  0.27  0  1  0.96
 0  77.47  0.61  1  1  5.93
 1  67.05  0.86  1  0  0.80
 1  82.53  0.61  0  1  1.23
 0  86.10  0.86  1  0  3.49
 1  95.31  0.42  1  1  2.81
 1  64.69  0.42  1  0  0.81
 1  98.95  0.95  0  1  1.82
 1  98.95  0.62  0  1 15.52
 1  72.67  0.46  1  0  3.57
 0  61.05  0.62  0  0  1.29
 0  72.67  1.11  1  1  1.51
 0  70.67  1.30  0  0  1.82
 0  60.30  0.73  0  0  4.35
 1  85.75  0.23  1  1  6.00
 0  98.95  0.95  1  1  0.83
 1  87.33  0.46  0  1 13.16
 1  85.75  0.23  0  1  0.51
 0  78.06  1.37  0  0  5.01
 1  67.44  0.33  1  1  1.51
 0  87.33  1.11  1  0  2.23
 1  99.70  0.73  0  1  0.57
 0  77.47  0.61  0  1  0.83
 1  67.05  0.71  1  0  0.99
 0  77.42  1.17  1  1  8.45
 0  82.58  1.17  1  0  0.64
 0  73.90  0.86  1  0  0.65
 0  86.10  0.86  1  0  2.58
 1  67.05  0.86  1  0  0.62
 1  90.98  0.57  0  1  2.82
 0  73.90  0.71  0  1  2.10
 0  74.25  0.23  0  0 14.15
 0  98.95  0.95  1  1  2.49
 1  98.95  0.95  0  1  7.70
 0  89.33  1.30  1  1  0.52
 1  82.53  0.96  0  1  1.07
 0  60.30  0.84  0  0  2.95
 0  67.05  0.71  0  0  0.61
 1  60.30  0.84  1  0  0.64
 1  60.30  0.73  1  1  1.34
 0  97.46  1.06  1  1  6.92
 1  81.94  0.21  1  0  0.59
 0  82.53  0.61  1  1  1.01
 0  69.02  1.00  0  0  0.92
 0  72.67  0.46  0  1  2.78
 1  95.31  0.42  1  1  1.64
 0  74.25  1.34  0  0  1.53
 0  73.90  0.86  0  0  1.31
 0  62.54  1.06  0  0  0.69
 0  92.56  1.24  1  1  1.17
 0  64.69  0.42  0  0  0.74
 1  85.75  0.23  1  1  3.55
 0  99.70  0.73  1  1  1.68
 1  67.44  1.24  1  0  0.85
 1  95.31  0.42  0  1  1.50
 0  85.75  1.34  1  0  1.38
 1  62.54  0.51  1  0  0.78
 0  73.90  0.71  1  1  0.61
 0  74.25  1.34  1  0  1.52
 1  70.67  1.30  1  0  1.08
 0  72.67  1.11  0  1  6.50
 1  92.95  0.86  0  1  1.14
 0  67.44  1.24  0  0  0.68
 0  92.95  0.71  1  1  0.68
 1  99.70  0.84  0  1  0.63
 0  77.47  0.61  1  1  3.29
 0  72.67  1.11  1  0  0.97
 1  97.46  0.51  1  1  1.49
 0  99.70  0.84  1  1  0.72
 1  86.10  0.71  0  0 11.91
 1  92.56  0.33  0  1  1.22
 1  82.53  0.61  0  1  0.65
 0  86.10  0.71  1  1  3.81
 1  81.94  1.37  0  0  5.60
 1  81.94  0.21  0  1  2.03
 1  92.56  0.33  1  1  3.95
 1  95.31  1.16  0  0  3.23
 1  86.10  0.86  0  1  1.59
 1  78.06  0.21  1  1  3.76
 1  97.46  0.51  0  1  0.79
 1  87.33  1.11  0  1  2.91
 1  70.67  0.27  1  1  1.50
 0  67.05  0.86  0  1  0.95
 1  69.02  1.00  1  0  1.80
 0  77.42  0.40  0  1  6.49
 1  82.58  0.40  1  0  1.62
 0  67.44  0.33  0  0  9.69
 0  92.95  0.86  1  1  1.74
 1  74.25  0.23  1  1 12.40
 0  69.02  0.57  0  1  2.61
 1  89.33  0.27  1  1  0.71
 0  61.05  0.95  0  0  0.68
 1  77.42  0.40  1  1  0.53
 0  95.31  1.16  1  0  0.47
 1  69.02  0.57  1  1  0.54
 0  78.06  0.21  0  1  0.66
 0  81.94  1.37  1  1  2.99
 1  92.95  0.71  0  1  0.68
 0  61.05  0.62  0  0  0.71
 0  98.95  0.62  1  1  0.58
 0  77.42  1.17  0  1  3.24
 0  62.54  0.51  0  0  0.87
 0  82.53  0.96  1  0  0.77
 0  78.06  1.37  1  0  0.60
 1  90.98  1.00  0  0  0.94
 0  90.98  0.57  1  1  0.70
 0  64.69  1.16  0  0  0.93
 1  98.95  0.62  0  1  0.45
 1  87.33  0.46  1  1  0.56
 1  64.69  1.16  1  0  0.57
 0  77.47  0.96  0  1  2.59
 1  72.67  0.46  1  0  1.45
 1  61.05  0.95  1  0  0.73
 1  64.69  0.42  1  1  0.88
 1  85.75  1.34  0  1  4.28
 0  60.30  0.73  0  0  1.17
 0  70.67  1.30  0  0  0.86
 1  82.58  0.40  0  1  0.84
 1  92.56  1.24  0  1  1.12
 1  62.54  1.06  1  0  0.55
 0  90.98  1.00  1  1  0.85
 1  89.33  0.27  0  1  0.90
 0  70.67  0.27  0  1  3.39
 1  82.58  1.17  0  1  0.72
 1  97.46  1.06  0  1  0.74
 0  77.47  0.96  1  0  0.67
 1  61.05  0.62  1  0  1.10
 1  89.33  1.30  0  1  0.60
 1  67.05  0.71  1  0  8.76
 1  95.31  1.16  0  1  0.75
 1  98.95  0.95  0  1  0.61
 1  87.33  0.46  1  1  3.42
 0  89.33  1.30  1  1  4.27
 0  98.95  0.62  1  0  1.02
 0  73.90  0.86  0  0  0.48
 0  60.30  0.84  0  0  0.61
 1  72.67  0.46  1  1  0.42
 0  61.05  0.62  0  0  1.16
 1  61.05  0.95  1  0  0.61
 1  92.56  1.24  0  1  0.70
 0  70.67  1.30  0  1  3.19
 0  92.56  1.24  1  1  0.69
 0  82.58  1.17  1  0  3.89
 1  70.67  1.30  1  0  0.96
 0  69.02  1.00  0  1  3.18
 1  69.02  1.00  1  0  0.79
 1  82.53  0.96  0  1  0.44
 0  67.44  0.33  0  1  0.89
 1  64.69  0.42  1  0  0.83
 0  86.10  0.86  1  1  0.48
 0  62.54  1.06  0  0  0.66
 0  86.10  0.71  1  1  0.56
 1  60.30  0.84  1  0  0.75
 1  81.94  0.21  1  1  0.72
 0  77.42  1.17  1  1  0.86
 0  98.95  0.95  1  1  0.48
 0  87.33  1.11  1  0  0.58
 1  70.67  0.27  1  1  0.66
 0  74.25  1.34  0  0  0.79
 1  62.54  1.06  1  0  0.65
 1  81.94  0.21  0  1  0.84
 1  77.42  0.40  1  1  0.56
 0  77.47  0.61  1  1  0.53
 1  74.25  0.23  1  0  1.47
 1  67.44  0.33  1  0  0.56
 1  89.33  0.27  1  1  0.50
 1  87.33  0.46  0  1  1.57
 0  62.54  0.51  0  0  5.46
 1  60.30  0.73  1  1  1.16
 1  99.70  0.73  0  1  0.67
 1  85.75  1.34  0  1  0.73
 1  92.95  0.71  0  1  0.66
 0  77.47  0.61  0  1  2.86
 1  69.02  0.57  1  1  0.72
 1  85.75  0.23  1  1  1.18
 0  72.67  1.11  0  0  0.52
 1  97.46  0.51  0  1  0.63
 0  74.25  1.34  1  0  1.51
 0  72.67  1.11  1  0  0.91
 0  70.67  0.27  0  1  1.68
 0  90.98  1.00  1  1  0.81
 1  62.54  0.51  1  0  0.66
 0  69.02  0.57  0  1  0.56
 0  95.31  1.16  1  1  0.97
 0  97.46  1.06  1  0  0.70
 0  64.69  0.42  0  1  1.19
 0  64.69  1.16  0  0  0.94
 0  90.98  0.57  1  1  0.39
 0  92.95  0.86  1  0  0.52
 0  73.90  0.86  1  0  1.93
 1  90.98  0.57  0  1  0.67
 0  77.47  0.96  1  0  1.34
 1  86.10  0.71  0  1  0.76
 0  72.67  0.46  0  0  1.08
 0  60.30  0.73  0  1  3.01
 0  77.42  0.40  0  0  0.43
 0  73.90  0.71  0  0  0.56
 1  82.58  1.17  0  0  2.94
 0  99.70  0.84  1  1  0.65
 1  92.56  0.33  1  1  0.74
 0  78.06  1.37  1  0  1.38
 1  67.44  1.24  1  0  0.79
 0  78.06  0.21  0  1  0.75
 0  67.44  1.24  0  0  0.81
 0  61.05  0.95  0  0  0.75
 0  82.53  0.61  1  1  4.58
 1  78.06  0.21  1  0  0.75
 1  82.53  0.61  0  1  0.57
 0  67.05  0.71  0  1  1.58
 1  92.95  0.86  0  1  1.28
 1  89.33  0.27  0  1  0.66
 1  89.33  1.30  0  1  0.97
 1  95.31  0.42  1  1  1.03
 1  90.98  1.00  0  1  0.89
 1  85.75  0.23  0  0  2.53
 0  85.75  1.34  1  0  0.96
 0  78.06  1.37  0  0  1.78
 1  98.95  0.62  0  1  0.64
 1  81.94  1.37  0  0  0.91
 1  61.05  0.62  1  0  0.90
 0  67.05  0.86  0  0  1.13
 0  81.94  1.37  1  1  2.15
 1  87.33  1.11  0  1  2.94
 0  74.25  0.23  0  0  1.12
 1  97.46  0.51  1  1  0.65
 1  97.46  1.06  0  1  2.90
 0  77.47  0.96  0  1  0.95
 1  99.70  0.84  0  1  0.57
 1  92.56  0.33  0  1  0.91
 1  82.58  0.40  1  0  1.10
 1  95.31  0.42  0  1  0.58
 1  86.10  0.86  0  1  0.89
 1  64.69  1.16  1  0  0.77
 1  82.58  0.40  0  1  0.88
 0  82.53  0.96  1  1  0.57
 1  67.05  0.86  1  0  0.73
 0  77.42  1.17  0  0  1.06
 0  99.70  0.73  1  1  1.44
 0  92.95  0.71  1  1  0.72
 0  73.90  0.71  1  0  1.45
 1  60.30  0.73  1  0  2.06
 0  77.42  1.17  1  1  1.75
 0  98.95  0.62  1  1  0.64
 1  82.58  1.17  0  0  8.24
 1  98.95  0.62  0  1  0.95
 1  85.75  0.23  0  1  0.68
 0  82.58  1.17  1  1  1.42
 0  74.25  1.34  1  0  1.28
 0  60.30  0.84  0  1  1.49
 0  61.05  0.62  0  0  0.51
 1  92.56  0.33  1  1  1.03
 0  73.90  0.71  0  1  1.06
 1  85.75  0.23  1  1  0.80
 1  89.33  0.27  1  1  0.57
 0  67.44  0.33  0  0  0.89
 0  87.33  1.11  1  0  1.97
 0  77.47  0.61  0  1  0.81
 0  98.95  0.95  1  0  0.74
 1  61.05  0.95  1  0  0.78
 0  95.31  1.16  1  1  0.86
 1  97.46  1.06  0  1  0.74
 0  86.10  0.71  1  1  0.62
 0  89.33  1.30  1  0  5.27
 0  82.53  0.96  1  0  0.53
 0  73.90  0.86  1  0  0.82
 1  62.54  0.51  1  1  3.30
 0  72.67  1.11  0  0  1.67
 0  72.67  0.46  0  0  0.90
 0  70.67  1.30  0  0  0.93
 1  82.53  0.61  0  1  1.11
 1  92.56  0.33  0  1  0.86
 0  90.98  1.00  1  0  1.51
 0  77.47  0.96  1  0  0.95
 1  98.95  0.95  0  1  0.66
 0  67.05  0.86  0  1  1.57
 1  95.31  1.16  0  0  2.90
 1  97.46  0.51  1  1  0.57
 0  92.95  0.86  1  0  1.38
 0  90.98  0.57  1  0  0.64
 0  99.70  0.73  1  0  0.99
 0  77.47  0.61  1  0  0.83
 0  74.25  0.23  0  1  1.43
 1  95.31  0.42  1  0  0.84
 1  64.69  1.16  1  0  0.86
 0  85.75  1.34  1  0  2.41
 0  72.67  1.11  1  0  0.62
 1  90.98  0.57  0  1  1.27
 1  86.10  0.71  0  1  0.55
 1  92.56  1.24  0  1  3.41
 0  73.90  0.86  0  1  1.66
 0  77.42  0.40  0  1  1.02
 1  78.06  0.21  1  1  2.03
 1  92.95  0.71  0  1  5.02
 0  78.06  0.21  0  0  2.54
 1  99.70  0.73  0  1  0.84
 0  77.47  0.96  0  0  1.83
 0  99.70  0.84  1  1  0.88
 1  67.05  0.71  1  0  0.92
 0  64.69  1.16  0  0  1.94
 1  90.98  1.00  0  1  0.84
 1  81.94  0.21  1  0  7.39
 0  62.54  1.06  0  0  1.14
 1  82.53  0.96  0  1  0.91
 0  78.06  1.37  1  0  2.23
 1  89.33  1.30  0  1  0.95
 1  70.67  1.30  1  0  0.81
 1  62.54  1.06  1  0  0.78
 1  86.10  0.86  0  1  0.98
 0  69.02  1.00  0  1  0.88
 1  61.05  0.62  1  1  0.69
 1  82.58  0.40  0  0  1.39
 1  67.44  0.33  1  1  3.40
 0  73.90  0.71  1  1  1.07
 1  82.58  0.40  1  1  0.36
 0  61.05  0.95  0  0  4.84
 0  69.02  0.57  0  0  9.31
 1  72.67  0.46  1  1  1.88
 1  89.33  0.27  0  1  0.88
 1  60.30  0.84  1  0  1.00
 1  92.95  0.86  0  1  0.91
 0  64.69  0.42  0  0  1.55
 1  81.94  1.37  0  1  2.24
 1  69.02  0.57  1  1  2.80
 1  74.25  0.23  1  1  1.01
 1  87.33  0.46  0  1  0.85
 1  81.94  0.21  0  1  2.47
 1  87.33  0.46  1  1  2.99
 1  95.31  0.42  0  1  1.71
 0  86.10  0.86  1  1  0.84
 0  67.44  1.24  0  1  5.16
 0  81.94  1.37  1  1  0.87
 1  70.67  0.27  1  1  1.70
 1  87.33  1.11  0  0  0.74
 0  62.54  0.51  0  1  1.18
 0  74.25  1.34  0  0  0.79
 1  85.75  1.34  0  1  0.70
 1  99.70  0.84  0  1  0.41
 1  77.42  0.40  1  0  2.98
 0  97.46  1.06  1  0  1.15
 1  97.46  0.51  0  1  0.50
 1  64.69  0.42  1  1  2.24
 1  69.02  1.00  1  1  1.20
 0  92.95  0.71  1  1  1.50
 0  92.56  1.24  1  1  1.17
 1  67.44  1.24  1  1  1.11
 1  67.05  0.86  1  1  0.62
 0  78.06  1.37  0  0  0.70
 0  77.42  1.17  0  0  0.78
 0  82.53  0.61  1  0  3.01
 0  70.67  0.27  0  0  1.74
 0  67.05  0.71  0  0  0.60
 0  60.30  0.73  0  0  0.69
 0  92.56  1.24  1  1  3.73
 0  61.05  0.95  0  0  1.40
 0  92.95  0.86  1  0  1.59
 0  97.46  1.06  1  0  0.71
 1  97.46  0.51  0  1  0.83
 1  82.58  1.17  0  0  4.59
 0  62.54  0.51  0  0  1.36
 1  92.56  0.33  0  1  0.82
 0  70.67  1.30  0  0  2.67
 0  67.44  0.33  0  0  0.81
 1  92.95  0.71  0  1  0.90
 0  72.67  1.11  1  1  2.70
 1  70.67  1.30  1  0  1.33
 0  81.94  1.37  1  1  1.02
 1  99.70  0.73  0  1  0.93
 0  74.25  1.34  1  0  0.80
 1  97.46  1.06  0  1  2.24
 0  89.33  1.30  1  0  1.30
 0  73.90  0.71  1  1  2.46
 0  73.90  0.86  0  1  1.10
 1  70.67  0.27  1  1  1.26
 0  78.06  1.37  1  1  2.71
 0  62.54  1.06  0  0  1.34
 1  78.06  0.21  1  1  0.80
 0  77.47  0.96  0  0  4.05
 0  95.31  1.16  1  1  0.85
 1  61.05  0.62  1  1  2.04
 0  92.95  0.71  1  1  0.76
 0  86.10  0.86  1  0  0.48
 0  72.67  1.11  0  0  1.26
 0  77.47  0.96  1  0  0.85
 0  86.10  0.71  1  1  1.71
 0  70.67  0.27  0  0  1.23
 0  74.25  0.23  0  1  1.00
 0  90.98  0.57  1  0  2.30
 1  87.33  0.46  1  0  0.64
 1  60.30  0.84  1  1  2.28
 0  99.70  0.84  1  1  1.42
 0  77.42  0.40  0  0  1.28
 1  67.44  0.33  1  1  1.35
 1  74.25  0.23  1  1  0.60
 1  72.67  0.46  1  1  0.88
 1  85.75  0.23  1  1  3.64
 0  74.25  1.34  0  0  1.82
 1  81.94  0.21  0  0  0.71
 1  77.42  0.40  1  1  0.53
 1  95.31  0.42  0  1  0.60
 1  67.44  1.24  1  1  3.38
 1  69.02  0.57  1  1  0.71
 1  60.30  0.73  1  1  0.77
 1  62.54  1.06  1  1  0.54
 1  92.95  0.86  0  1  3.01
 0  72.67  0.46  0  1  1.01
 1  98.95  0.95  0  1  0.84
 1  82.53  0.96  0  1  0.64
 1  67.05  0.71  1  1  1.68
 0  61.05  0.62  0  0  0.77
 1  82.53  0.61  0  1  0.94
 0  82.53  0.96  1  0  1.01
 1  86.10  0.71  0  1  0.89
 1  87.33  1.11  0  1  0.90
 1  87.33  0.46  0  1  0.65
 1  86.10  0.86  0  1  2.14
 0  67.44  1.24  0  0  1.28
 0  64.69  0.42  0  0  0.59
 0  90.98  1.00  1  0  1.98
 1  85.75  0.23  0  1  0.56
 0  77.47  0.61  0  1  2.51
 1  90.98  1.00  0  1  0.57
 0  87.33  1.11  1  0  0.95
 1  92.56  1.24  0  1  0.58
 1  69.02  1.00  1  1  1.66
 1  64.69  0.42  1  1  0.70
 1  90.98  0.57  0  1  0.65
 0  85.75  1.34  1  0  1.91
 1  99.70  0.84  0  1  1.16
 0  99.70  0.73  1  1  0.82
 1  67.05  0.86  1  1  1.07
 0  67.05  0.71  0  1  0.79
 1  89.33  0.27  1  0  3.07
 0  60.30  0.84  0  0  1.46
 0  82.53  0.61  1  1  1.04
 1  85.75  1.34  0  1  1.06
 0  98.95  0.95  1  1  1.74
 0  69.02  1.00  0  0  1.27
 0  64.69  1.16  0  0  0.60
 0  77.47  0.61  1  0  0.89
 1  98.95  0.62  0  1  0.40
 0  60.30  0.73  0  0  1.10
 1  64.69  1.16  1  1  0.54
 1  82.58  0.40  0  1  0.67
 0  98.95  0.62  1  0  0.58
 0  78.06  1.37  0  0  3.29
 1  89.33  0.27  0  1  1.19
 1  62.54  0.51  1  1  1.13
 0  67.05  0.86  0  0  1.21
 0  73.90  0.71  0  0  3.75
 0  82.58  1.17  1  0  2.25
 1  81.94  0.21  1  1  0.93
 1  61.05  0.95  1  1  2.02
 1  97.46  0.51  1  0  0.90
 1  95.31  1.16  0  1  1.88
 1  82.58  0.40  1  0  0.83
 0  77.42  1.17  0  0  1.40
 1  95.31  0.42  1  1  0.81
 0  69.02  0.57  0  0  0.91
 1  89.33  1.30  0  1  1.37
 0  73.90  0.86  1  0  0.75
 1  92.56  0.33  1  1  0.50
 1  81.94  1.37  0  1  1.36
 0  78.06  0.21  0  1  0.60
 0  77.42  1.17  1  1  1.74
