 1  99.70  0.84  0  0  5.53
 1  85.75  0.23  0  0  7.03
 0  92.95  0.71  1  0  4.52
 0  78.06  0.21  0  1  8.78
 0  77.42  0.40  0  0  0.91
 0  77.47  0.96  0  0  0.59
 1  70.67  1.30  1  1  0.68
 1  69.02  1.00  1  1  4.30
 1  82.58  0.40  1  1  0.75
 1  70.67  0.27  1  1  0.48
 1  64.69  0.42  1  1  0.41
 0  67.05  0.86  0  0  1.28
 1  81.94  0.21  0  0  0.60
 1  60.30  0.73  1  1  0.83
 0  89.33  1.30  1  1  0.37
 1  95.31  0.42  0  0  3.69
 1  92.56  0.33  0  1  1.73
 0  98.95  0.95  1  1  4.16
 0  74.25  1.34  0  0  4.18
 0  97.46  1.06  1  0  1.12
 1  98.95  0.95  0  0  1.30
 0  99.70  0.73  1  0  6.42
 0  64.69  0.42  0  1  5.26
 0  86.10  0.86  1  0  2.28
 0  90.98  1.00  1  0  2.45
 1  87.33  0.46  1  0  3.98
 0  70.67  0.27  0  1  2.50
 1  87.33  1.11  0  0  5.83
 1  86.10  0.71  0  0  4.93
 0  86.10  0.71  1  0  5.07
 1  67.05  0.86  1  0  4.44
 1  99.70  0.73  0  1  5.99
 1  92.95  0.71  0  1  0.96
 1  92.56  0.33  1  1  0.77
 0  82.53  0.61  1  0  1.13
 0  77.42  1.17  0  0  1.16
 0  90.98  0.57  1  1  0.48
 1  62.54  0.51  1  0  1.26
 1  82.58  0.40  0  0  6.48
 1  77.42  0.40  1  1  4.04
 0  74.25  0.23  0  1  1.32
 0  73.90  0.71  0  0  2.21
 1  60.30  0.84  1  0  3.54
 1  90.98  0.57  0  0  1.15
 1  89.33  1.30  0  0  1.81
 1  61.05  0.62  1  0  1.00
 1  86.10  0.86  0  1  0.59
 1  67.44  1.24  1  0  1.42
 0  82.53  0.96  1  1  0.37
 1  81.94  1.37  0  0  0.29
 0  61.05  0.62  0  0  0.78
 0  73.90  0.86  0  0  1.76
 0  85.75  1.34  1  0  2.34
 1  61.05  0.95  1  0  1.61
 0  67.44  1.24  0  1  0.55
 1  97.46  1.06  0  1  1.84
 1  97.46  0.51  0  0  1.37
 0  77.42  1.17  1  0  1.38
 0  61.05  0.95  0  1  0.96
 0  77.47  0.61  1  0  1.47
 1  95.31  0.42  1  0  0.99
 1  72.67  0.46  1  0  1.51
 1  89.33  0.27  0  0  0.90
 0  60.30  0.84  0  1  0.55
 1  67.44  0.33  1  0  0.38
 1  95.31  1.16  0  1  0.48
 1  69.02  0.57  1  1  0.51
 0  73.90  0.71  1  0  1.75
 1  92.95  0.86  0  0  1.10
 1  62.54  1.06  1  1  0.34
 0  78.06  1.37  0  1  0.44
 0  67.05  0.71  0  0  0.72
 0  62.54  0.51  0  0  0.39
 0  60.30  0.73  0  0  0.37
 0  64.69  1.16  0  0  0.32
 0  78.06  1.37  1  0  1.30
 1  81.94  0.21  1  1  0.56
 1  82.53  0.61  0  1  0.42
 0  74.25  1.34  1  1  0.27
 0  81.94  1.37  1  0  1.68
 0  73.90  0.86  1  0  0.31
 1  64.69  1.16  1  0  0.35
 0  77.47  0.61  0  1  0.42
 1  89.33  0.27  1  0  0.38
 1  78.06  0.21  1  0  0.35
 1  82.53  0.96  0  1  2.20
 0  95.31  1.16  1  1  5.13
 1  74.25  0.23  1  1  1.66
 0  98.95  0.62  1  1  1.65
 0  92.56  1.24  1  0  0.47
 1  85.75  1.34  0  0  0.74
 0  92.95  0.86  1  1  0.40
 0  70.67  1.30  0  0  0.34
 0  87.33  1.11  1  0  0.59
 0  62.54  1.06  0  1  2.26
 1  92.56  1.24  0  1  1.92
 1  85.75  0.23  1  1  1.10
 1  97.46  0.51  1  1  0.69
 0  72.67  0.46  0  0  0.93
 0  72.67  1.11  0  0  0.59
 0  99.70  0.84  1  1  0.95
 1  87.33  0.46  0  1  1.62
 0  82.58  1.17  1  0  1.49
 0  69.02  0.57  0  0  0.76
 1  82.58  1.17  0  0  0.62
 0  72.67  1.11  1  0  0.52
 1  98.95  0.62  0  1  0.70
 0  77.47  0.96  1  0  1.78
 0  69.02  1.00  0  0  1.31
 1  67.05  0.71  1  0  0.69
 0  67.44  0.33  0  0  1.70
 1  90.98  1.00  0  1  1.29
 1  98.95  0.62  0  1  3.92
 0  86.10  0.86  1  0  3.10
 1  97.46  0.51  0  1  1.13
 1  81.94  0.21  0  1  2.91
 1  64.69  0.42  1  0  0.54
 1  99.70  0.84  0  1  0.58
 0  99.70  0.73  1  1  0.62
 1  85.75  1.34  0  0  0.67
 1  62.54  1.06  1  0  0.63
 0  77.42  0.40  0  1  0.80
 0  67.44  1.24  0  0  1.62
 1  89.33  0.27  0  1  1.07
 1  67.05  0.86  1  0  1.05
 1  92.95  0.71  0  1  3.87
 1  82.58  0.40  0  1  1.26
 0  89.33  1.30  1  1  2.50
 0  67.05  0.71  0  1  2.70
 0  70.67  1.30  0  0  0.87
 0  62.54  0.51  0  0  0.88
 0  73.90  0.71  0  1  4.47
 1  92.56  0.33  1  1  1.18
 1  70.67  0.27  1  1  0.85
 1  89.33  0.27  1  1  0.63
 0  72.67  1.11  0  0  0.74
 1  86.10  0.71  0  0  0.80
 1  92.56  0.33  0  1  0.52
 1  67.05  0.71  1  1  3.38
 1  99.70  0.73  0  1  1.44
 1  74.25  0.23  1  1  1.95
 0  73.90  0.86  0  1  0.88
 1  95.31  1.16  0  1  1.09
 0  72.67  1.11  1  1  0.95
 0  92.95  0.86  1  0  0.52
 1  69.02  0.57  1  0  2.34
 1  85.75  0.23  0  1  0.38
 0  62.54  1.06  0  0  0.68
 1  67.44  0.33  1  0  0.61
 0  77.47  0.61  0  1  0.41
 0  61.05  0.95  0  1  0.27
 1  85.75  0.23  1  1  0.31
 0  99.70  0.84  1  0  0.82
 0  78.06  1.37  1  1  0.95
 0  61.05  0.62  0  1  1.30
 0  74.25  0.23  0  1  0.36
 1  87.33  0.46  0  1  0.47
 0  60.30  0.84  0  0  0.63
 0  78.06  1.37  0  0  0.65
 1  92.56  1.24  0  1  0.74
 1  95.31  0.42  0  1  0.80
 0  70.67  0.27  0  1  0.66
 0  74.25  1.34  0  0  0.62
 1  81.94  1.37  0  0  0.70
 1  87.33  1.11  0  1  0.33
 1  82.53  0.96  0  1  0.38
 1  90.98  1.00  0  1  0.38
 1  62.54  0.51  1  1  0.35
 1  90.98  0.57  0  1  0.36
 1  92.95  0.86  0  1  0.36
 0  92.56  1.24  1  1  0.31
 1  69.02  1.00  1  0  0.30
 0  82.58  1.17  1  1  0.27
 1  87.33  0.46  1  1  0.88
 0  95.31  1.16  1  1  0.30
 0  98.95  0.62  1  0  0.28
 1  82.53  0.61  0  0  0.42
 0  74.25  1.34  1  0  0.38
 0  67.44  0.33  0  0  0.57
 1  89.33  1.30  0  1  3.64
 0  82.53  0.61  1  1  1.75
 1  82.58  0.40  1  0  1.06
 1  81.94  0.21  1  1  1.08
 0  92.95  0.71  1  1  1.37
 0  69.02  0.57  0  1  0.78
 0  82.53  0.96  1  0  0.37
 0  64.69  0.42  0  1  0.74
 0  67.05  0.86  0  0  0.33
 1  70.67  1.30  1  0  0.37
 0  60.30  0.73  0  1  0.31
 0  77.47  0.96  0  1  0.25
 1  82.58  1.17  0  0  0.54
 0  73.90  0.71  1  0  0.31
 1  61.05  0.62  1  0  0.40
 1  64.69  1.16  1  1  0.91
 0  77.47  0.96  1  0  1.41
 1  86.10  0.86  0  1  1.36
 0  86.10  0.71  1  1  1.56
 1  67.44  1.24  1  1  2.10
 0  97.46  1.06  1  0  0.94
 1  60.30  0.73  1  1  0.81
 0  85.75  1.34  1  0  3.84
 0  77.47  0.61  1  1  1.33
 0  77.42  1.17  0  1  2.59
 0  90.98  0.57  1  1  2.40
 1  97.46  1.06  0  0  1.74
 1  95.31  0.42  1  0  0.95
 0  78.06  0.21  0  1  1.68
 1  98.95  0.95  0  1  0.79
 1  77.42  0.40  1  0  0.96
 1  78.06  0.21  1  0  2.68
 0  77.42  1.17  1  1  0.50
 0  98.95  0.95  1  1  0.59
 0  69.02  1.00  0  0  0.92
 0  73.90  0.86  1  0  0.34
 0  87.33  1.11  1  0  0.34
 1  72.67  0.46  1  0  0.33
 0  64.69  1.16  0  1  0.37
 1  60.30  0.84  1  0  0.52
 1  61.05  0.95  1  1  0.30
 0  81.94  1.37  1  1  0.34
 1  97.46  0.51  1  0  0.32
 0  72.67  0.46  0  1  0.27
 0  90.98  1.00  1  0  0.50
 1  92.56  1.24  0  1  0.54
 1  77.42  0.40  1  0  0.27
 1  67.05  0.86  1  1  0.23
 0  74.25  0.23  0  1  0.22
 1  92.56  0.33  1  0  0.29
 1  60.30  0.84  1  0  0.24
 0  81.94  1.37  1  1  0.16
 0  62.54  0.51  0  0  0.15
 1  97.46  0.51  0  0  0.25
 0  72.67  0.46  0  1  0.27
 0  60.30  0.84  0  0  0.27
 0  64.69  0.42  0  0  0.26
 0  60.30  0.73  0  0  0.27
 1  72.67  0.46  1  0  0.11
 1  82.53  0.61  0  1  0.36
 0  74.25  1.34  1  1  0.33
 1  82.58  0.40  1  1  1.76
 0  78.06  1.37  1  0  3.29
 1  85.75  1.34  0  1  1.88
 1  62.54  0.51  1  0  0.92
 0  77.42  1.17  0  1  0.45
 1  89.33  0.27  0  0  0.30
 0  64.69  1.16  0  1  0.30
 0  87.33  1.11  1  1  0.25
 1  95.31  1.16  0  0  0.29
 1  87.33  1.11  0  1  0.30
 1  62.54  1.06  1  1  0.25
 1  95.31  0.42  0  1  0.41
 0  67.05  0.86  0  1  0.39
 1  61.05  0.62  1  0  0.42
 1  82.58  1.17  0  1  0.39
 1  92.95  0.71  0  1  0.32
 0  61.05  0.62  0  0  0.37
 0  77.47  0.61  1  1  0.34
 1  90.98  1.00  0  1  0.38
 0  70.67  1.30  0  0  0.39
 0  67.05  0.71  0  1  0.50
 0  86.10  0.71  1  1  0.26
 1  81.94  0.21  0  1  0.29
 1  98.95  0.95  0  1  0.35
 1  67.05  0.71  1  1  0.32
 0  86.10  0.86  1  0  0.34
 1  92.56  0.33  0  0  0.33
 0  98.95  0.95  1  0  0.24
 0  92.95  0.86  1  1  0.29
 0  74.25  1.34  0  0  0.26
 0  69.02  0.57  0  0  0.28
 1  99.70  0.73  0  1  0.22
 0  98.95  0.62  1  1  0.22
 0  70.67  0.27  0  1  0.33
 1  74.25  0.23  1  1  0.33
 1  89.33  0.27  1  1  0.30
 1  89.33  1.30  0  1  0.23
 0  73.90  0.86  1  0  0.35
 1  85.75  0.23  1  1  0.36
 0  82.53  0.61  1  1  0.31
 1  69.02  0.57  1  1  0.32
 1  81.94  1.37  0  0  0.30
 0  92.56  1.24  1  0  0.33
 0  77.47  0.61  0  0  0.31
 0  82.58  1.17  1  1  0.27
 1  99.70  0.84  0  1  0.39
 1  86.10  0.86  0  0  0.28
 1  69.02  1.00  1  1  0.29
 0  99.70  0.84  1  1  0.29
 1  82.53  0.96  0  0  0.29
 1  60.30  0.73  1  1  0.32
 0  90.98  0.57  1  1  0.35
 0  97.46  1.06  1  1  0.42
 1  87.33  0.46  1  1  0.62
 0  62.54  1.06  0  1  0.44
 1  87.33  0.46  0  1  0.34
 0  78.06  0.21  0  1  0.40
 0  77.42  0.40  0  1  0.34
 1  78.06  0.21  1  1  0.34
 1  81.94  0.21  1  0  0.39
 0  82.53  0.96  1  1  0.37
 0  77.47  0.96  1  1  0.33
 0  77.47  0.96  0  1  0.34
 0  61.05  0.95  0  0  0.27
 0  92.95  0.71  1  0  0.32
 0  99.70  0.73  1  0  0.36
 0  73.90  0.86  0  0  0.38
 0  78.06  1.37  0  0  0.33
 1  92.95  0.86  0  0  0.32
 1  90.98  0.57  0  0  0.28
 1  70.67  1.30  1  0  0.28
 1  86.10  0.71  0  1  0.26
 0  73.90  0.71  0  0  0.26
 1  85.75  0.23  0  0  0.29
 1  98.95  0.62  0  1  0.41
 1  61.05  0.95  1  0  0.30
 1  95.31  0.42  1  0  0.13
 1  67.44  0.33  1  0  0.30
 1  97.46  1.06  0  1  0.26
 0  67.44  0.33  0  1  0.28
 0  77.42  1.17  1  1  0.37
 0  89.33  1.30  1  0  0.30
 0  67.44  1.24  0  1  0.28
 1  64.69  0.42  1  1  0.25
 1  67.44  1.24  1  0  0.26
 0  95.31  1.16  1  1  0.26
 0  90.98  1.00  1  1  0.30
 0  73.90  0.71  1  1  0.41
 0  69.02  1.00  0  1  0.27
 1  70.67  0.27  1  1  0.27
 1  64.69  1.16  1  1  0.23
 0  85.75  1.34  1  1  0.37
 1  97.46  0.51  1  1  0.27
 0  72.67  1.11  1  1  0.24
 0  72.67  1.11  0  1  0.23
 1  82.58  0.40  0  0  0.12
 1  95.31  0.42  1  1  0.45
 1  82.53  0.96  0  0  0.23
 1  90.98  0.57  0  1  0.21
 1  85.75  1.34  0  1  0.30
 1  67.44  0.33  1  0  0.15
 0  78.06  1.37  1  1  0.47
 1  89.33  0.27  0  1  0.23
 1  87.33  1.11  0  0  0.18
 1  64.69  1.16  1  1  0.26
 0  89.33  1.30  1  1  0.11
 1  69.02  1.00  1  1  0.09
 0  73.90  0.86  0  1  0.12
 1  70.67  0.27  1  1  1.36
 1  60.30  0.84  1  0  0.27
 0  92.56  1.24  1  1  0.23
 0  60.30  0.84  0  1  0.44
 1  82.58  0.40  0  1  0.23
 1  85.75  0.23  0  1  0.25
 1  67.44  1.24  1  1  0.28
 1  62.54  0.51  1  1  0.21
 0  98.95  0.62  1  1  0.25
 1  78.06  0.21  1  0  0.22
 0  97.46  1.06  1  1  0.30
 0  74.25  1.34  0  1  0.50
 0  77.47  0.61  0  1  0.56
 0  98.95  0.95  1  1  0.78
 1  97.46  1.06  0  0  0.64
 1  64.69  0.42  1  1  1.57
 0  77.42  0.40  0  0  0.97
 1  86.10  0.86  0  0  3.09
 1  87.33  0.46  1  0  1.10
 0  77.47  0.96  0  1  0.29
 0  74.25  1.34  1  0  2.84
 1  92.56  0.33  0  1  0.96
 1  81.94  0.21  1  1  0.91
 0  87.33  1.11  1  0  1.09
 0  74.25  0.23  0  1  2.27
 0  85.75  1.34  1  0  1.23
 0  67.05  0.71  0  0  0.94
 1  61.05  0.62  1  0  0.67
 0  90.98  0.57  1  1  0.32
 1  81.94  1.37  0  0  0.27
 1  98.95  0.62  0  1  0.34
 1  97.46  0.51  1  1  0.22
 1  61.05  0.95  1  1  0.29
 0  67.44  0.33  0  1  0.36
 1  72.67  0.46  1  0  0.36
 0  69.02  0.57  0  1  0.12
 0  95.31  1.16  1  1  0.26
 0  73.90  0.86  1  0  0.32
 1  99.70  0.84  0  0  0.27
 1  69.02  0.57  1  1  0.24
 0  69.02  1.00  0  0  0.25
 0  72.67  0.46  0  1  0.28
 1  82.58  0.40  1  1  0.25
 0  82.53  0.96  1  0  0.27
 0  82.58  1.17  1  1  0.19
 0  81.94  1.37  1  0  0.28
 0  73.90  0.71  1  1  0.30
 0  64.69  0.42  0  0  0.33
 0  62.54  0.51  0  1  0.34
 1  82.58  1.17  0  0  0.33
 1  89.33  0.27  1  0  0.33
 0  78.06  1.37  0  0  0.44
 1  98.95  0.95  0  0  0.37
 0  92.95  0.71  1  0  0.30
 1  85.75  0.23  1  0  0.38
 1  92.56  0.33  1  0  0.33
 1  87.33  0.46  0  0  0.28
 0  61.05  0.95  0  1  0.69
 1  92.95  0.86  0  1  0.43
 0  99.70  0.73  1  0  1.13
 1  67.05  0.86  1  0  0.35
 1  92.56  1.24  0  0  0.41
 0  86.10  0.86  1  1  0.33
 0  77.42  1.17  1  0  0.13
 0  72.67  1.11  0  0  0.29
 1  92.95  0.71  0  0  0.38
 1  67.05  0.71  1  1  0.27
 1  99.70  0.73  0  1  0.34
 1  81.94  0.21  0  1  0.30
 0  99.70  0.84  1  1  0.30
 0  92.95  0.86  1  0  0.29
 0  73.90  0.71  0  0  0.29
 0  70.67  0.27  0  0  0.07
 1  95.31  1.16  0  1  0.25
 0  70.67  1.30  0  0  0.31
 0  77.42  1.17  0  0  0.52
 0  67.05  0.86  0  1  2.28
 0  64.69  1.16  0  0  0.47
 0  61.05  0.62  0  1  3.00
 1  62.54  1.06  1  0  0.76
 1  70.67  1.30  1  1  0.34
 0  67.44  1.24  0  1  0.32
 1  77.42  0.40  1  0  0.31
 0  77.47  0.61  1  1  0.31
 0  90.98  1.00  1  1  0.25
 0  82.53  0.61  1  1  0.27
 0  72.67  1.11  1  1  0.37
 0  60.30  0.73  0  0  0.25
 1  82.53  0.61  0  0  0.50
 1  74.25  0.23  1  1  0.43
 1  95.31  0.42  0  1  0.39
 0  62.54  1.06  0  1  0.65
 0  77.47  0.96  1  0  0.39
 0  78.06  0.21  0  0  0.44
 1  60.30  0.73  1  1  0.31
 1  89.33  1.30  0  1  0.20
 1  97.46  0.51  0  1  0.30
 1  90.98  1.00  0  1  0.29
 0  86.10  0.71  1  1  0.28
 1  86.10  0.71  0  0  0.30
 0  73.90  0.71  1  1  0.50
 0  72.67  1.11  0  0  0.25
 0  62.54  0.51  0  1  0.23
 1  81.94  0.21  0  1  0.22
 1  85.75  0.23  0  1  0.27
 1  86.10  0.86  0  0  0.26
 0  70.67  0.27  0  1  0.26
 0  98.95  0.95  1  1  0.23
 0  92.56  1.24  1  0  0.24
 1  64.69  1.16  1  1  0.18
 0  73.90  0.86  0  0  0.25
 0  69.02  0.57  0  0  0.27
 1  69.02  1.00  1  0  0.12
 1  98.95  0.62  0  1  0.18
 0  77.42  0.40  0  1  0.18
 1  99.70  0.84  0  0  0.27
 1  77.42  0.40  1  1  0.32
 0  70.67  1.30  0  1  0.16
 0  90.98  1.00  1  0  0.11
 1  90.98  1.00  0  0  0.30
 0  74.25  1.34  0  1  0.45
 0  99.70  0.73  1  0  0.38
 1  87.33  0.46  0  0  0.27
 1  90.98  0.57  0  1  0.29
 1  97.46  0.51  1  1  0.30
 0  60.30  0.84  0  1  0.39
 0  67.05  0.86  0  0  0.32
 0  82.53  0.96  1  1  0.52
 1  69.02  0.57  1  0  0.28
 0  82.58  1.17  1  1  0.13
 0  87.33  1.11  1  0  0.09
 1  82.58  0.40  1  0  0.31
 1  98.95  0.95  0  1  0.35
 1  95.31  0.42  0  1  0.29
 0  78.06  1.37  0  1  0.28
 1  81.94  1.37  0  1  0.49
 0  81.94  1.37  1  1  0.37
 0  67.44  0.33  0  0  0.22
 0  86.10  0.71  1  1  0.26
 0  72.67  1.11  1  1  0.26
 0  82.53  0.61  1  0  0.29
 1  67.05  0.86  1  1  0.26
 1  97.46  0.51  0  1  0.25
 1  61.05  0.62  1  1  0.42
 1  60.30  0.73  1  1  0.36
 0  90.98  0.57  1  0  0.93
 0  77.47  0.96  1  1  0.29
 0  72.67  0.46  0  1  0.47
 1  89.33  1.30  0  1  0.71
 0  67.05  0.71  0  1  1.10
 0  85.75  1.34  1  0  0.29
 0  77.47  0.61  0  0  0.30
 1  87.33  1.11  0  0  0.47
 0  77.42  1.17  1  1  0.04
 1  87.33  0.46  1  0  0.38
 1  72.67  0.46  1  1  0.23
 0  89.33  1.30  1  1  0.21
 1  61.05  0.95  1  0  0.12
 1  95.31  0.42  1  1  0.19
 1  82.53  0.61  0  1  0.32
 1  70.67  1.30  1  1  0.24
 1  62.54  1.06  1  1  0.27
 0  64.69  1.16  0  1  0.33
 1  86.10  0.71  0  0  0.26
 1  85.75  0.23  1  0  0.18
 0  92.95  0.71  1  1  0.43
 1  85.75  1.34  0  1  0.23
 0  62.54  1.06  0  1  0.30
 1  67.44  1.24  1  1  0.28
 1  78.06  0.21  1  1  0.31
 1  82.58  1.17  0  1  0.27
 0  61.05  0.95  0  1  0.36
 0  67.44  1.24  0  0  0.29
 1  89.33  0.27  1  0  0.33
 0  73.90  0.71  0  1  0.36
 1  60.30  0.84  1  0  0.33
 1  92.56  1.24  0  1  0.37
 0  98.95  0.62  1  1  0.42
 0  64.69  0.42  0  0  0.32
 0  74.25  0.23  0  1  0.48
 0  78.06  0.21  0  0  0.46
 1  62.54  0.51  1  0  0.33
 1  82.58  0.40  0  1  0.89
 0  95.31  1.16  1  0  0.43
 1  89.33  0.27  0  0  0.38
 0  99.70  0.84  1  1  0.45
 0  77.47  0.96  0  0  0.29
 1  67.44  0.33  1  1  0.28
 1  67.05  0.71  1  0  0.21
 1  81.94  0.21  1  1  0.28
 1  92.95  0.86  0  0  0.35
 0  97.46  1.06  1  1  0.12
 0  92.95  0.86  1  0  0.28
 1  97.46  1.06  0  1  0.27
 0  74.25  1.34  1  0  0.33
 1  92.56  0.33  1  0  0.20
 0  78.06  1.37  1  0  0.12
 1  70.67  0.27  1  0  0.34
 0  86.10  0.86  1  1  0.23
 0  73.90  0.86  1  0  0.22
 1  64.69  0.42  1  0  0.30
 1  95.31  1.16  0  0  0.29
 0  69.02  1.00  0  1  0.29
 0  77.42  1.17  0  0  0.28
 1  99.70  0.73  0  0  0.33
 1  82.53  0.96  0  1  0.39
 1  92.56  0.33  0  1  0.31
 0  61.05  0.62  0  1  0.21
 0  77.47  0.61  1  0  0.62
 1  74.25  0.23  1  0  0.41
 1  92.95  0.71  0  0  0.48
 0  60.30  0.73  0  1  0.10
