 2  78.06  1.37  1  0  2.52
 2  87.33  1.11  1  2  4.46
 0  78.06  1.37  0  1  3.54
 0  60.30  0.84  0  0  1.68
 1  82.53  0.61  0  0  0.78
 2  86.10  0.86  1  3  0.97
 0  77.47  0.96  0  1  0.85
 1  82.58  1.17  0  2  2.18
 1  86.10  0.86  0  1  1.89
 0  67.44  1.24  0  1  2.20
 0  70.67  1.30  0  0  1.13
 1  90.98  1.00  0  1  2.31
 2  95.31  1.16  1  2  2.38
 1  81.94  1.37  0  1  1.86
 3  67.05  0.86  1  2  1.54
 3  95.31  0.42  1  2  1.16
 2  77.47  0.61  1  2  1.26
 2  86.10  0.71  1  2  1.10
 3  64.69  0.42  1  2  1.00
 1  98.95  0.95  0  0  1.76
 2  73.90  0.71  1  2  0.88
 0  70.67  0.27  0  1  2.25
 1  99.70  0.73  0  1  1.34
 3  77.42  0.40  1  2  2.52
 1  86.10  0.71  0  0  2.89
 1  98.95  0.62  0  1  2.10
 0  61.05  0.95  0  0  1.37
 3  89.33  0.27  1  3  1.45
 3  64.69  1.16  1  2  0.81
 3  87.33  0.46  1  2  1.58
 1  92.95  0.86  0  1  1.84
 0  77.42  1.17  0  0  0.91
 0  77.47  0.61  0  0  0.82
 0  78.06  0.21  0  1  0.60
 1  95.31  1.16  0  0  0.82
 2  98.95  0.62  1  2  0.82
 2  82.58  1.17  1  1  0.60
 3  78.06  0.21  1  0  0.89
 0  77.42  0.40  0  2  1.37
 3  67.44  0.33  1  1  2.12
 0  62.54  0.51  0  2  2.13
 2  92.95  0.71  1  0  2.91
 3  97.46  0.51  1  0  1.07
 1  85.75  0.23  0  3  0.96
 1  87.33  0.46  0  1  3.94
 3  62.54  1.06  1  2  0.79
 3  81.94  0.21  1  2  1.67
 2  92.56  1.24  1  3  0.56
 0  64.69  0.42  0  0  2.08
 3  69.02  1.00  1  3  1.44
 3  70.67  1.30  1  3  0.85
 2  77.47  0.96  1  3  1.01
 0  73.90  0.71  0  1  2.88
 1  92.56  0.33  0  0  1.21
 0  67.05  0.71  0  0  1.56
 2  89.33  1.30  1  3  1.13
 2  99.70  0.84  1  2  0.66
 3  85.75  0.23  1  0  3.63
 2  90.98  0.57  1  2  2.25
 3  82.58  0.40  1  2  2.09
 3  61.05  0.62  1  3  1.22
 2  74.25  1.34  1  0  1.34
 2  82.53  0.96  1  2  3.26
 0  69.02  1.00  0  0  1.29
 1  87.33  1.11  0  1  1.33
 0  73.90  0.86  0  1  1.86
 1  92.95  0.71  0  0  0.98
 1  92.56  1.24  0  1  1.16
 2  81.94  1.37  1  2  1.46
 0  67.05  0.86  0  0  2.14
 1  81.94  0.21  0  1  2.69
 1  89.33  0.27  0  1  0.68
 1  97.46  1.06  0  1  2.06
 3  62.54  0.51  1  3  1.74
 0  74.25  0.23  0  1  1.31
 3  70.67  0.27  1  3  1.84
 1  99.70  0.84  0  1  1.20
 0  61.05  0.62  0  0  1.33
 1  95.31  0.42  0  1  2.59
 0  72.67  0.46  0  0  1.31
 3  60.30  0.73  1  3  2.66
 2  72.67  1.11  1  3  1.28
 2  77.42  1.17  1  2  1.14
 3  67.05  0.71  1  3  1.63
 0  74.25  1.34  0  0  1.58
 2  99.70  0.73  1  1  0.66
 2  92.95  0.86  1  2  1.31
 2  82.53  0.61  1  2  1.02
 3  69.02  0.57  1  3  0.85
 2  97.46  1.06  1  2  0.79
 1  85.75  1.34  0  1  1.14
 1  82.53  0.96  0  1  1.17
 3  61.05  0.95  1  3  2.31
 3  74.25  0.23  1  2  1.88
 3  92.56  0.33  1  2  1.96
 2  98.95  0.95  1  2  0.72
 1  89.33  1.30  0  1  1.85
 0  64.69  1.16  0  0  0.85
 1  82.58  0.40  0  1  1.25
 3  60.30  0.84  1  3  1.01
 1  90.98  0.57  0  0  1.21
 0  69.02  0.57  0  0  1.00
 2  85.75  1.34  1  2  1.27
 1  97.46  0.51  0  1  1.23
 0  62.54  1.06  0  0  1.02
 0  60.30  0.73  0  0  0.89
 3  67.44  1.24  1  3  1.45
 0  72.67  1.11  0  0  1.04
 2  73.90  0.86  1  0  1.32
 2  90.98  1.00  1  2  3.46
 0  67.44  0.33  0  0  2.36
 3  72.67  0.46  1  3  1.45
 1  85.75  1.34  0  1 13.17
 3  67.05  0.71  1  3  1.04
 3  81.94  0.21  1  2  1.29
 2  77.42  1.17  1  3  1.39
 3  64.69  1.16  1  3  1.01
 2  87.33  1.11  1  2  1.26
 2  86.10  0.86  1  2  1.93
 2  77.47  0.61  1  3  1.08
 2  99.70  0.84  1  2  0.88
 3  95.31  0.42  1  2  1.03
 1  89.33  1.30  0  1  1.71
 1  98.95  0.62  0  1  1.80
 1  87.33  0.46  0  1  1.13
 1  92.56  1.24  0  1  1.40
 1  97.46  1.06  0  1  0.64
 2  77.47  0.96  1  3  1.92
 1  95.31  0.42  0  1  4.75
 0  62.54  0.51  0  0  0.93
 1  82.53  0.96  0  0  4.12
 1  97.46  0.51  0  1  1.36
 3  70.67  1.30  1  3  1.96
 3  82.58  0.40  1  2  1.78
 0  70.67  1.30  0  0  2.31
 0  64.69  1.16  0  0  1.56
 2  74.25  1.34  1  3  2.12
 0  73.90  0.86  0  0  2.08
 3  67.05  0.86  1  3  1.68
 0  60.30  0.73  0  0  1.23
 3  69.02  1.00  1  3  0.90
 2  97.46  1.06  1  2  0.69
 1  86.10  0.86  0  1  1.34
 2  92.95  0.86  1  2  2.25
 2  73.90  0.71  1  3  0.71
 0  69.02  1.00  0  0  2.66
 3  97.46  0.51  1  2  1.54
 3  61.05  0.62  1  3  3.18
 0  69.02  0.57  0  0  2.06
 3  77.42  0.40  1  3  4.28
 0  77.42  1.17  0  0  2.58
 1  87.33  1.11  0  1  1.71
 2  82.53  0.61  1  3  1.57
 0  70.67  0.27  0  0  1.43
 0  67.44  0.33  0  0  0.93
 0  78.06  0.21  0  0  1.79
 1  99.70  0.84  0  1  0.79
 1  98.95  0.95  0  1  0.68
 0  60.30  0.84  0  0  0.81
 0  73.90  0.71  0  0  2.19
 0  61.05  0.62  0  0  0.58
 1  99.70  0.73  0  1  0.63
 2  90.98  0.57  1  2  1.66
 0  64.69  0.42  0  0  1.48
 0  67.44  1.24  0  0  0.98
 3  78.06  0.21  1  3  1.83
 1  86.10  0.71  0  0  2.44
 1  81.94  0.21  0  0  1.66
 3  62.54  1.06  1  3  1.91
 1  92.95  0.71  0  1  1.47
 3  67.44  0.33  1  3  1.68
 0  74.25  0.23  0  0  4.76
 0  72.67  1.11  0  0  1.56
 3  72.67  0.46  1  3  0.70
 1  90.98  0.57  0  1  1.62
 0  67.05  0.86  0  0  0.80
 3  67.44  1.24  1  3  1.40
 2  82.53  0.96  1  2  2.49
 3  87.33  0.46  1  2  1.36
 2  92.56  1.24  1  2  1.14
 0  62.54  1.06  0  0  3.23
 2  78.06  1.37  1  3  1.57
 2  86.10  0.71  1  2  1.21
 1  82.53  0.61  0  0  5.33
 3  85.75  0.23  1  2  1.27
 1  95.31  1.16  0  1  1.25
 0  77.42  0.40  0  0  1.29
 3  61.05  0.95  1  3  0.74
 2  98.95  0.62  1  2  0.67
 3  64.69  0.42  1  3  1.02
 2  89.33  1.30  1  2  1.96
 1  85.75  0.23  0  1  1.43
 3  74.25  0.23  1  3  1.55
 2  99.70  0.73  1  2  1.06
 3  62.54  0.51  1  3  0.83
 1  92.95  0.86  0  1  1.25
 2  72.67  1.11  1  3  0.92
 2  85.75  1.34  1  2  4.60
 3  60.30  0.73  1  3  0.97
 3  89.33  0.27  1  2  0.73
 0  77.47  0.61  0  0  3.81
 0  61.05  0.95  0  0  0.82
 3  69.02  0.57  1  0  0.72
 2  92.95  0.71  1  2  0.82
 0  78.06  1.37  0  1  5.27
 2  82.58  1.17  1  3  2.74
 0  77.47  0.96  0  0  2.80
 0  67.05  0.71  0  0  1.05
 2  98.95  0.95  1  2  0.95
 1  82.58  0.40  0  1  1.60
 2  95.31  1.16  1  2  3.77
 3  92.56  0.33  1  2  0.79
 1  92.56  0.33  0  1  1.30
 0  72.67  0.46  0  0  2.72
 2  73.90  0.86  1  3  1.62
 2  81.94  1.37  1  3  0.79
 3  60.30  0.84  1  3  0.65
 1  82.58  1.17  0  1  2.22
 2  90.98  1.00  1  2  0.70
 1  81.94  1.37  0  0  2.24
 1  90.98  1.00  0  1  0.95
 0  74.25  1.34  0  0  1.44
 1  89.33  0.27  0  1  0.67
 3  70.67  0.27  1  2  3.41
 1  95.31  1.16  0  1 11.46
 0  62.54  0.51  0  0  0.88
 0  72.67  1.11  0  0  1.91
 3  87.33  0.46  1  3  2.23
 1  99.70  0.73  0  1  4.22
 2  89.33  1.30  1  2  2.40
 1  87.33  1.11  0  1  2.17
 1  82.53  0.96  0  1  1.91
 0  60.30  0.84  0  0  1.39
 0  74.25  0.23  0  0  1.52
 1  92.95  0.86  0  1  1.68
 0  77.42  1.17  0  0  1.26
 0  73.90  0.86  0  0  1.21
 2  87.33  1.11  1  2  2.42
 1  97.46  0.51  0  1  1.44
 0  77.47  0.96  0  0  1.65
 1  82.53  0.61  0  0  1.44
 3  85.75  0.23  1  3  2.32
 1  89.33  1.30  0  1  2.60
 0  70.67  0.27  0  0  1.34
 0  78.06  1.37  0  0  3.33
 2  98.95  0.62  1  2  2.72
 3  82.58  0.40  1  2  1.54
 2  74.25  1.34  1  3  2.10
 3  70.67  1.30  1  2  1.47
 2  73.90  0.86  1  3  1.29
 2  82.53  0.96  1  3  0.92
 2  86.10  0.71  1  3  1.20
 3  89.33  0.27  1  2  1.00
 2  99.70  0.73  1  2  1.86
 0  74.25  1.34  0  0  1.66
 0  77.47  0.61  0  0  1.18
 3  69.02  0.57  1  3  1.88
 3  69.02  1.00  1  3  0.75
 3  64.69  0.42  1  3  0.68
 1  99.70  0.84  0  1  1.10
 0  78.06  0.21  0  0  1.62
 1  92.56  0.33  0  1  1.43
 1  92.95  0.71  0  1  0.66
 2  78.06  1.37  1  3  1.00
 3  70.67  0.27  1  3  1.01
 0  60.30  0.73  0  0  1.15
 1  98.95  0.62  0  1  1.05
 2  85.75  1.34  1  2  3.14
 2  82.58  1.17  1  2  1.50
 0  64.69  1.16  0  0  1.42
 3  97.46  0.51  1  2  2.64
 1  97.46  1.06  0  1  2.67
 2  72.67  1.11  1  3  2.15
 3  78.06  0.21  1  2  2.71
 2  73.90  0.71  1  3  1.30
 1  90.98  1.00  0  1  8.86
 1  81.94  0.21  0  1  2.76
 0  69.02  0.57  0  0  0.94
 3  92.56  0.33  1  2  2.33
 0  67.44  0.33  0  0  1.93
 2  92.95  0.86  1  2  1.21
 3  61.05  0.62  1  3  0.77
 1  89.33  0.27  0  1  1.98
 2  99.70  0.84  1  2  2.16
 1  98.95  0.95  0  1  1.20
 3  60.30  0.73  1  3  0.65
 3  61.05  0.95  1  3  1.23
 3  60.30  0.84  1  3  0.62
 3  64.69  1.16  1  3  0.63
 1  86.10  0.86  0  1  1.43
 3  62.54  1.06  1  3  0.49
 2  81.94  1.37  1  3  2.93
 0  62.54  1.06  0  0  1.28
 2  77.42  1.17  1  3  1.56
 1  95.31  0.42  0  1  1.32
 3  81.94  0.21  1  2  5.99
 2  97.46  1.06  1  2  0.88
 1  82.58  0.40  0  1  3.39
 3  67.44  1.24  1  3  5.44
 2  92.95  0.71  1  2  1.25
 1  85.75  1.34  0  0  4.80
 2  77.47  0.96  1  3  1.87
 2  95.31  1.16  1  2  0.74
 0  67.44  1.24  0  0  1.16
 0  77.42  0.40  0  1  1.87
 0  73.90  0.71  0  0  1.41
 1  82.58  1.17  0  1  1.57
 0  67.05  0.71  0  0  0.82
 2  90.98  1.00  1  2  1.32
 3  95.31  0.42  1  2  0.57
 0  69.02  1.00  0  0  1.48
 2  92.56  1.24  1  1  1.41
 3  67.05  0.71  1  3  1.53
 3  67.05  0.86  1  3  2.36
 1  90.98  0.57  0  1  0.98
 0  70.67  1.30  0  0  1.76
 0  72.67  0.46  0  0  4.87
 1  81.94  1.37  0  0  2.10
 0  61.05  0.62  0  0  0.75
 3  77.42  0.40  1  2  3.68
 1  92.56  1.24  0  1  1.41
 1  87.33  0.46  0  1  1.10
 0  67.05  0.86  0  0  1.75
 2  98.95  0.95  1  2  0.73
 3  72.67  0.46  1  3  1.67
 1  86.10  0.71  0  1  1.94
 2  77.47  0.61  1  2  2.40
 3  67.44  0.33  1  2  2.07
 2  82.53  0.61  1  2  1.89
 2  86.10  0.86  1  2  1.09
 0  64.69  0.42  0  0  1.16
 3  62.54  0.51  1  3  1.34
 0  61.05  0.95  0  0  1.05
 1  85.75  0.23  0  1  0.93
 3  74.25  0.23  1  2  2.77
 2  90.98  0.57  1  2  0.89
 3  89.33  0.27  1  3  4.77
 0  73.90  0.86  0  0  5.02
 2  99.70  0.73  1  2  0.72
 0  77.42  1.17  0  0  2.58
 3  81.94  0.21  1  3  2.51
 0  74.25  0.23  0  0  2.13
 2  99.70  0.84  1  2  0.73
 1  81.94  0.21  0  1  1.43
 3  64.69  0.42  1  3  1.33
 3  69.02  0.57  1  3  1.11
 0  61.05  0.62  0  0  1.34
 2  89.33  1.30  1  1  1.15
 2  95.31  1.16  1  2  1.99
 3  70.67  1.30  1  2  3.81
 3  67.44  0.33  1  2  2.01
 2  82.53  0.61  1  3  3.70
 2  78.06  1.37  1  2  2.54
 2  98.95  0.95  1  2  0.81
 1  97.46  0.51  0  1  1.12
 1  86.10  0.86  0  1  0.88
 2  92.95  0.71  1  1  0.65
 2  86.10  0.86  1  2  0.68
 1  95.31  0.42  0  1  0.69
 3  72.67  0.46  1  2  2.77
 1  89.33  0.27  0  1  2.79
 2  77.47  0.96  1  3  2.18
 2  98.95  0.62  1  2  1.05
 2  73.90  0.71  1  3  0.91
 3  77.42  0.40  1  2  0.81
 0  78.06  1.37  0  0  1.38
 3  67.44  1.24  1  3  0.95
 0  62.54  1.06  0  0  1.04
 0  61.05  0.95  0  0  0.71
 2  87.33  1.11  1  2  0.84
 0  69.02  1.00  0  0  1.00
 2  81.94  1.37  1  2  1.16
 1  92.56  0.33  0  1  0.96
 3  85.75  0.23  1  2  0.73
 3  67.05  0.86  1  3  1.21
 0  67.05  0.71  0  0  1.09
 3  74.25  0.23  1  3  3.08
 0  64.69  0.42  0  0  4.05
 0  64.69  1.16  0  0  0.76
 1  98.95  0.62  0  1  0.96
 0  62.54  0.51  0  0  0.89
 1  99.70  0.84  0  1  0.88
 0  77.42  0.40  0  1  1.63
 0  77.47  0.61  0  0  2.91
 1  82.53  0.96  0  1  0.90
 0  73.90  0.71  0  0  1.11
 1  81.94  1.37  0  1  1.30
 2  92.56  1.24  1  2  1.10
 2  90.98  1.00  1  2  0.72
 1  99.70  0.73  0  1  0.83
 2  77.47  0.61  1  2  5.79
 0  67.44  0.33  0  0  0.93
 1  87.33  1.11  0  1  2.08
 1  85.75  0.23  0  1  0.81
 2  77.42  1.17  1  2  5.97
 3  78.06  0.21  1  2  1.00
 0  69.02  0.57  0  0  1.43
 3  69.02  1.00  1  2  2.37
 3  67.05  0.71  1  3  1.01
 1  92.95  0.71  0  1  0.91
 2  74.25  1.34  1  2  2.42
 2  90.98  0.57  1  2  0.91
 0  60.30  0.73  0  0  0.84
 3  82.58  0.40  1  2  0.92
 2  82.58  1.17  1  2  1.36
 3  70.67  0.27  1  2  1.76
 0  70.67  0.27  0  0  1.50
 0  70.67  1.30  0  0  1.26
 1  89.33  1.30  0  1  0.81
 3  60.30  0.73  1  3  0.89
 2  97.46  1.06  1  2  0.71
 0  72.67  1.11  0  0  1.89
 3  61.05  0.95  1  3  0.76
 0  74.25  1.34  0  3  0.84
 3  62.54  1.06  1  3  0.84
 1  92.56  1.24  0  1  0.80
 1  82.53  0.61  0  1  2.00
 3  87.33  0.46  1  2  0.92
 1  90.98  0.57  0  1  1.39
 1  98.95  0.95  0  1  1.28
 1  87.33  0.46  0  1  1.03
 2  85.75  1.34  1  3  4.48
 3  92.56  0.33  1  2  0.67
 3  60.30  0.84  1  3  0.70
 0  77.47  0.96  0  1  2.34
 2  86.10  0.71  1  3  2.49
 2  92.95  0.86  1  2  0.79
 1  97.46  1.06  0  1  0.85
 0  67.44  1.24  0  0  0.80
 2  72.67  1.11  1  2  5.46
 3  97.46  0.51  1  2  0.73
 0  78.06  0.21  0  0  3.01
 1  85.75  1.34  0  0  2.62
 1  90.98  1.00  0  1  0.85
 3  61.05  0.62  1  3  1.59
 3  64.69  1.16  1  3  3.88
 1  92.95  0.86  0  1  0.93
 2  73.90  0.86  1  2  3.75
 0  72.67  0.46  0  0  1.33
 3  62.54  0.51  1  3  0.70
 1  86.10  0.71  0  1  0.86
 2  82.53  0.96  1  2  1.41
 1  82.58  1.17  0  1  1.26
 3  95.31  0.42  1  2  1.78
 1  95.31  1.16  0  1  0.80
 1  82.58  0.40  0  1  0.95
 0  67.05  0.86  0  0  0.68
 0  60.30  0.84  0  0  0.70
 0  78.06  0.21  0  1  2.74
 2  81.94  1.37  1  2  2.26
 0  60.30  0.84  0  0  0.58
 3  67.44  1.24  1  2  2.03
 2  98.95  0.62  1  2  0.74
 1  97.46  0.51  0  1  0.78
 3  95.31  0.42  1  2  0.97
 0  77.42  1.17  0  0  4.50
 0  70.67  1.30  0  0  0.81
 0  64.69  0.42  0  0  0.74
 3  87.33  0.46  1  2  1.97
 1  82.58  0.40  0  0  1.89
 1  87.33  0.46  0  1  1.41
 1  99.70  0.84  0  1  0.86
 2  87.33  1.11  1  3  2.32
 1  97.46  1.06  0  1  1.96
 3  67.44  0.33  1  3  2.13
 3  60.30  0.73  1  3  0.79
 1  92.95  0.71  0  1  0.92
 1  82.53  0.96  0  0  1.76
 2  73.90  0.86  1  3  1.52
 1  87.33  1.11  0  1  2.35
 1  92.56  1.24  0  1  2.49
 0  60.30  0.73  0  0  1.14
 1  99.70  0.73  0  1  0.88
 1  85.75  1.34  0  1  2.25
 2  86.10  0.71  1  3  4.29
 2  85.75  1.34  1  2  3.01
 3  61.05  0.95  1  3  0.77
 0  61.05  0.62  0  0  1.12
 3  61.05  0.62  1  3  1.72
 1  81.94  1.37  0  0  1.38
 0  77.42  0.40  0  0  1.82
 0  67.44  1.24  0  0  0.78
 0  77.47  0.61  0  1  3.14
 3  89.33  0.27  1  2  1.24
 0  69.02  1.00  0  0  2.13
 0  61.05  0.95  0  0  1.69
 3  62.54  0.51  1  3  2.42
 2  77.47  0.96  1  3  1.14
 1  90.98  0.57  0  1  1.21
 2  89.33  1.30  1  2  2.43
 3  69.02  0.57  1  3  0.73
 2  98.95  0.95  1  2  2.68
 0  67.44  0.33  0  0  1.09
 1  82.53  0.61  0  1  3.61
 1  86.10  0.71  0  1  1.47
 2  82.53  0.96  1  2  1.71
 1  86.10  0.86  0  1  1.64
 2  86.10  0.86  1  2  0.60
 2  90.98  1.00  1  2  0.63
 0  73.90  0.71  0  0  1.46
 0  67.05  0.71  0  0  0.96
 2  74.25  1.34  1  3  0.59
 2  92.95  0.71  1  2  1.17
 1  82.58  1.17  0  1  1.28
 2  92.56  1.24  1  1  0.87
 2  73.90  0.71  1  3  1.03
 3  67.05  0.86  1  3  0.86
 1  92.95  0.86  0  1  2.75
 3  60.30  0.84  1  3  3.93
 1  89.33  0.27  0  1  2.31
 0  74.25  0.23  0  1  1.41
 3  85.75  0.23  1  3  3.37
 3  77.42  0.40  1  2  0.91
 0  67.05  0.86  0  0  3.96
 1  95.31  0.42  0  1  0.63
 3  69.02  1.00  1  3  2.92
 1  98.95  0.95  0  1  1.12
 3  78.06  0.21  1  2  4.73
 3  70.67  0.27  1  3  1.45
 3  82.58  0.40  1  2  1.13
 2  77.42  1.17  1  3  2.90
 0  72.67  0.46  0  0  1.31
 3  62.54  1.06  1  3  0.91
 3  72.67  0.46  1  3  1.90
 0  64.69  1.16  0  0  0.84
 3  67.05  0.71  1  3  0.79
 2  77.47  0.61  1  3  1.44
 3  97.46  0.51  1  2  0.67
 1  81.94  0.21  0  0  2.01
 0  77.47  0.96  0  1  1.85
 2  92.95  0.86  1  2 54.08
 1  95.31  1.16  0  1  0.75
 0  62.54  1.06  0  0  0.79
 2  99.70  0.84  1  2  0.74
 3  70.67  1.30  1  3  0.83
 0  72.67  1.11  0  0  0.69
 1  90.98  1.00  0  1  1.25
 0  70.67  0.27  0  0  0.85
 1  92.56  0.33  0  1  2.48
 0  74.25  1.34  0  0  0.59
 2  82.58  1.17  1  3  1.41
 2  95.31  1.16  1  2  0.78
 2  97.46  1.06  1  2  1.02
 2  99.70  0.73  1  2  1.41
 2  78.06  1.37  1  3  1.16
 2  72.67  1.11  1  2  1.22
 3  92.56  0.33  1  2  1.54
 1  85.75  0.23  0  0  2.62
 2  90.98  0.57  1  2  1.55
 3  81.94  0.21  1  3  2.86
 1  89.33  1.30  0  1  2.86
 3  74.25  0.23  1  3  6.01
 1  98.95  0.62  0  1  1.78
 0  78.06  1.37  0  0  0.80
 0  73.90  0.86  0  0  0.67
 2  82.53  0.61  1  2  6.34
 3  64.69  1.16  1  3  0.76
 0  69.02  0.57  0  0  0.70
 3  64.69  0.42  1  3  2.07
 0  62.54  0.51  0  0  1.33
