 2  90.98  1.00  1  0  2.21
 0  60.30  0.84  0  0  3.16
 1  95.31  0.42  0  0  3.24
 1  82.53  0.61  0  1  2.68
 3  61.05  0.62  1  2  2.59
 1  98.95  0.62  0  1  1.20
 1  92.95  0.86  0  1  3.69
 0  67.05  0.71  0  0  1.40
 1  82.53  0.96  0  1  1.42
 0  72.67  0.46  0  0  1.38
 1  87.33  0.46  0  1  4.51
 3  81.94  0.21  1  3  3.61
 2  72.67  1.11  1  2  1.80
 3  72.67  0.46  1  2  2.32
 3  95.31  0.42  1  2  1.68
 2  82.53  0.61  1  2  1.11
 2  98.95  0.95  1  3  2.04
 0  67.44  1.24  0  0  1.81
 0  70.67  0.27  0  0  1.39
 1  90.98  0.57  0  1  1.42
 1  86.10  0.71  0  1  2.25
 0  73.90  0.71  0  0  3.95
 3  70.67  1.30  1  2  3.28
 3  62.54  1.06  1  3  2.16
 2  92.56  1.24  1  2  0.97
 2  97.46  1.06  1  3  1.01
 3  67.05  0.86  1  2  3.29
 1  86.10  0.86  0  1  1.75
 1  92.56  1.24  0  1  2.20
 3  67.44  1.24  1  3  1.87
 3  60.30  0.84  1  3  2.86
 2  87.33  1.11  1  2  1.54
 2  77.42  1.17  1  3  5.40
 2  86.10  0.86  1  2  2.71
 1  95.31  1.16  0  1  2.00
 0  67.05  0.86  0  0  1.05
 2  77.47  0.96  1  2  2.02
 3  92.56  0.33  1  2  5.19
 0  74.25  0.23  0  0  3.10
 2  90.98  0.57  1  2  1.58
 2  86.10  0.71  1  3  9.66
 2  78.06  1.37  1  3  2.60
 0  67.44  0.33  0  0  1.71
 3  64.69  0.42  1  2  1.51
 1  98.95  0.95  0  1  1.92
 0  78.06  1.37  0  0  1.60
 0  69.02  1.00  0  0  3.10
 2  89.33  1.30  1  3  1.88
 2  82.58  1.17  1  2  1.07
 3  64.69  1.16  1  3  1.34
 1  92.56  0.33  0  1  4.07
 2  77.47  0.61  1  2  4.38
 3  62.54  0.51  1  3  1.12
 0  69.02  0.57  0  0  3.37
 1  81.94  0.21  0  1  1.26
 3  97.46  0.51  1  2  1.98
 2  92.95  0.86  1  3  0.86
 0  77.42  1.17  0  1  2.08
 1  89.33  1.30  0  1  1.11
 3  85.75  0.23  1  1  1.41
 0  61.05  0.62  0  0  1.40
 0  62.54  1.06  0  0  1.27
 0  77.42  0.40  0  1  0.92
 3  87.33  0.46  1  3  4.25
 1  82.58  1.17  0  1  1.15
 0  60.30  0.73  0  0  1.44
 0  77.47  0.61  0  1  2.00
 3  61.05  0.95  1  2  7.96
 1  90.98  1.00  0  1  1.28
 2  85.75  1.34  1  3  2.76
 3  67.44  0.33  1  2  1.33
 0  61.05  0.95  0  0  1.06
 1  87.33  1.11  0  1  0.99
 3  78.06  0.21  1  2  1.53
 0  78.06  0.21  0  1 10.67
 1  92.95  0.71  0  1  0.70
 2  95.31  1.16  1  2  1.56
 3  69.02  0.57  1  3  1.55
 1  97.46  0.51  0  1  1.02
 0  74.25  1.34  0  0  0.83
 2  81.94  1.37  1  3  1.73
 3  70.67  0.27  1  3  2.35
 0  70.67  1.30  0  0  0.99
 0  72.67  1.11  0  0  1.09
 3  89.33  0.27  1  2  1.54
 1  99.70  0.84  0  1  1.04
 1  81.94  1.37  0  0  0.99
 2  82.53  0.96  1  2  2.26
 2  98.95  0.62  1  2  0.82
 0  64.69  0.42  0  0  1.21
 1  99.70  0.73  0  1  0.90
 2  74.25  1.34  1  3  2.22
 0  62.54  0.51  0  0  0.99
 3  74.25  0.23  1  2  3.27
 3  69.02  1.00  1  3  2.16
 2  92.95  0.71  1  3  1.73
 3  67.05  0.71  1  3  1.64
 3  82.58  0.40  1  2  0.86
 0  64.69  1.16  0  0  4.49
 2  99.70  0.84  1  1  0.74
 1  85.75  1.34  0  1  0.92
 1  97.46  1.06  0  1  0.93
 0  77.47  0.96  0  0  1.26
 0  73.90  0.86  0  0  0.71
 2  99.70  0.73  1  2  1.80
 1  89.33  0.27  0  1  1.88
 2  73.90  0.86  1  3  1.33
 2  73.90  0.71  1  3  1.15
 1  82.58  0.40  0  0  1.91
 3  77.42  0.40  1  2  1.92
 3  60.30  0.73  1  3  1.50
 1  85.75  0.23  0  1  3.33
 1  90.98  1.00  0  1  3.58
 0  69.02  1.00  0  0  0.75
 0  77.47  0.61  0  1  0.72
 0  77.47  0.96  0  1  2.72
 2  89.33  1.30  1  2  2.33
 3  87.33  0.46  1  3  4.91
 1  98.95  0.95  0  1  1.37
 1  89.33  0.27  0  1  0.98
 1  95.31  0.42  0  1  4.64
 0  70.67  1.30  0  0  0.69
 0  78.06  1.37  0  0  0.89
 2  92.95  0.86  1  2  2.11
 1  92.56  1.24  0  1  1.10
 3  67.44  1.24  1  3  1.39
 2  98.95  0.62  1  2  1.06
 1  86.10  0.86  0  1  1.00
 2  81.94  1.37  1  3  1.23
 1  81.94  0.21  0  1  3.06
 2  92.56  1.24  1  2  2.12
 1  99.70  0.73  0  1  1.95
 3  64.69  0.42  1  3  1.84
 3  72.67  0.46  1  3  1.48
 2  73.90  0.71  1  3  0.69
 1  82.58  0.40  0  1  0.97
 3  69.02  1.00  1  3  1.64
 2  74.25  1.34  1  3  0.66
 0  73.90  0.86  0  1  3.88
 2  77.47  0.96  1  2  1.35
 2  92.95  0.71  1  2  1.25
 1  95.31  1.16  0  1  1.04
 2  86.10  0.86  1  2  1.37
 1  82.53  0.61  0  1  1.58
 1  87.33  1.11  0  1  1.57
 1  85.75  1.34  0  1  0.76
 2  86.10  0.71  1  2  1.05
 2  90.98  0.57  1  2  0.71
 3  89.33  0.27  1  2  1.61
 2  73.90  0.86  1  2  1.13
 1  97.46  1.06  0  1  0.75
 2  87.33  1.11  1  2  1.31
 0  67.44  0.33  0  0  1.07
 0  77.42  0.40  0  1  1.31
 0  78.06  0.21  0  0  0.82
 0  74.25  1.34  0  1  0.79
 1  98.95  0.62  0  1  0.78
 3  69.02  0.57  1  3  2.28
 0  62.54  0.51  0  0  1.40
 3  60.30  0.84  1  3  1.03
 2  77.42  1.17  1  2  1.20
 1  97.46  0.51  0  1  1.71
 1  92.95  0.86  0  1  0.73
 2  72.67  1.11  1  3  1.87
 3  74.25  0.23  1  3  1.62
 3  67.05  0.86  1  2  1.14
 3  95.31  0.42  1  3  1.41
 2  82.58  1.17  1  3  1.08
 0  77.42  1.17  0  1  1.47
 1  82.53  0.96  0  0  1.84
 3  61.05  0.95  1  2  2.77
 3  92.56  0.33  1  3  2.07
 3  70.67  0.27  1  3  1.30
 1  89.33  1.30  0  1  1.76
 3  78.06  0.21  1  3  2.04
 3  67.05  0.71  1  2  2.23
 0  61.05  0.62  0  0  1.35
 0  64.69  1.16  0  0  1.06
 0  73.90  0.71  0  1  1.21
 0  60.30  0.73  0  0  0.66
 0  64.69  0.42  0  0  0.64
 3  77.42  0.40  1  3  3.72
 2  99.70  0.73  1  2  1.91
 1  86.10  0.71  0  1  1.24
 1  85.75  0.23  0  1  1.26
 3  61.05  0.62  1  0  0.66
 3  82.58  0.40  1  3  2.87
 1  92.95  0.71  0  1  3.61
 0  69.02  0.57  0  0  1.81
 2  82.53  0.61  1  1  1.03
 0  60.30  0.84  0  0  1.68
 1  99.70  0.84  0  1  0.71
 2  82.53  0.96  1  2  4.25
 3  67.44  0.33  1  3  1.60
 0  61.05  0.95  0  0  3.21
 0  70.67  0.27  0  0  1.24
 3  81.94  0.21  1  2  1.49
 2  90.98  1.00  1  2  1.11
 0  67.05  0.71  0  0  4.36
 1  90.98  0.57  0  1  1.09
 2  99.70  0.84  1  2  1.80
 2  85.75  1.34  1  2  0.84
 0  67.05  0.86  0  0  3.01
 1  81.94  1.37  0  0  0.61
 2  98.95  0.95  1  2  1.72
 2  77.47  0.61  1  3  1.22
 2  78.06  1.37  1  3  1.01
 0  74.25  0.23  0  0  1.63
 3  62.54  1.06  1  3  1.80
 0  72.67  0.46  0  0  1.64
 0  72.67  1.11  0  1  2.98
 2  95.31  1.16  1  2  1.56
 3  64.69  1.16  1  3  1.16
 3  60.30  0.73  1  3  1.94
 0  67.44  1.24  0  0  1.81
 1  92.56  0.33  0  1  0.69
 3  70.67  1.30  1  3  1.65
 2  97.46  1.06  1  2  0.65
 3  85.75  0.23  1  2  1.11
 1  82.58  1.17  0  1  2.32
 3  97.46  0.51  1  2  1.12
 1  87.33  0.46  0  1  2.03
 3  62.54  0.51  1  0  0.92
 0  62.54  1.06  0  0  1.44
 2  92.95  0.71  1  1  0.99
 2  99.70  0.84  1  2  1.16
 3  70.67  1.30  1  3  1.31
 3  61.05  0.95  1  3  0.81
 2  81.94  1.37  1  2  1.71
 2  92.56  1.24  1  2  0.84
 1  87.33  0.46  0  1  0.99
 0  62.54  1.06  0  0  0.62
 3  72.67  0.46  1  3  4.47
 2  99.70  0.73  1  2  0.73
 2  86.10  0.71  1  3  2.56
 1  99.70  0.73  0  1  1.12
 0  60.30  0.84  0  0  0.66
 2  82.53  0.61  1  3  1.77
 2  90.98  0.57  1  3  7.90
 2  78.06  1.37  1  3  0.90
 0  64.69  1.16  0  0  0.66
 0  64.69  0.42  0  0  1.10
 1  87.33  1.11  0  1  0.88
 0  78.06  0.21  0  0  2.99
 0  60.30  0.73  0  0  0.80
 0  77.47  0.96  0  0  0.89
 1  89.33  0.27  0  1  0.65
 2  73.90  0.71  1  3  1.58
 1  86.10  0.86  0  1  1.65
 1  82.58  1.17  0  0  1.48
 3  78.06  0.21  1  3  5.72
 0  77.47  0.61  0  0  3.36
 2  82.58  1.17  1  3  1.34
 1  98.95  0.95  0  1  0.91
 3  60.30  0.73  1  0  0.92
 2  77.42  1.17  1  2  1.68
 1  81.94  1.37  0  1  2.05
 1  81.94  0.21  0  0  3.01
 2  92.95  0.86  1  2  1.90
 3  81.94  0.21  1  2  1.64
 2  82.53  0.96  1  2  2.84
 3  69.02  1.00  1  3  1.37
 2  86.10  0.86  1  2  0.81
 0  70.67  0.27  0  0  1.92
 0  61.05  0.95  0  0  0.73
 1  95.31  0.42  0  1  0.69
 2  77.47  0.96  1  3  1.93
 3  62.54  0.51  1  2  1.46
 0  67.05  0.71  0  0  0.91
 3  92.56  0.33  1  1  0.97
 0  67.44  1.24  0  0  2.03
 3  89.33  0.27  1  2  2.09
 0  78.06  1.37  0  1  2.03
 3  64.69  1.16  1  3  1.29
 2  72.67  1.11  1  3  4.55
 0  72.67  0.46  0  0  1.58
 1  98.95  0.62  0  1  1.68
 0  72.67  1.11  0  0  1.03
 1  97.46  0.51  0  1  1.09
 0  70.67  1.30  0  0  1.02
 1  85.75  1.34  0  1  1.17
 1  95.31  1.16  0  1  1.19
 1  86.10  0.71  0  1  1.46
 3  64.69  0.42  1  3  1.22
 1  92.56  0.33  0  1  1.25
 0  69.02  0.57  0  0  0.98
 1  92.56  1.24  0  1  0.89
 2  98.95  0.62  1  2  1.18
 0  77.42  1.17  0  0  1.37
 2  90.98  1.00  1  2  1.42
 2  89.33  1.30  1  2  1.35
 3  67.05  0.71  1  3  1.05
 3  69.02  0.57  1  3  0.96
 0  67.44  0.33  0  0  1.38
 2  97.46  1.06  1  2  2.19
 1  85.75  0.23  0  1  1.25
 1  99.70  0.84  0  1  1.49
 0  61.05  0.62  0  0  0.88
 0  74.25  0.23  0  0  1.38
 0  69.02  1.00  0  0  1.20
 3  85.75  0.23  1  2  2.76
 2  74.25  1.34  1  3  1.82
 1  82.58  0.40  0  1  1.17
 1  82.53  0.61  0  1  0.96
 3  77.42  0.40  1  2  1.86
 1  82.53  0.96  0  1  1.01
 3  62.54  1.06  1  3  0.93
 1  90.98  0.57  0  1  0.80
 2  95.31  1.16  1  2  1.09
 1  90.98  1.00  0  1  0.82
 0  73.90  0.71  0  1  2.82
 0  77.42  0.40  0  0  3.40
 3  82.58  0.40  1  2  1.25
 2  85.75  1.34  1  2  1.49
 2  77.47  0.61  1  2  1.40
 1  92.95  0.71  0  1  0.84
 3  61.05  0.62  1  3  1.64
 3  74.25  0.23  1  3  2.33
 0  67.05  0.86  0  0  0.97
 0  62.54  0.51  0  0  1.09
 3  97.46  0.51  1  2  2.35
 3  95.31  0.42  1  3  1.23
 3  60.30  0.84  1  3  1.54
 3  70.67  0.27  1  2  1.09
 1  97.46  1.06  0  1  0.87
 3  67.44  0.33  1  3  1.41
 3  67.05  0.86  1  3  0.85
 2  73.90  0.86  1  3  0.96
 3  67.44  1.24  1  3  1.82
 1  92.95  0.86  0  1  0.82
 0  74.25  1.34  0  0  2.55
 0  73.90  0.86  0  0  1.05
 2  98.95  0.95  1  2  2.27
 1  89.33  1.30  0  1  5.65
 3  87.33  0.46  1  2  1.43
 2  87.33  1.11  1  3  1.06
 2  82.53  0.96  1  3  8.20
 0  74.25  1.34  0  0  2.51
 2  73.90  0.86  1  3  2.98
 3  69.02  0.57  1  3  2.96
 2  92.95  0.71  1  2  1.02
 0  64.69  1.16  0  0  1.22
 2  87.33  1.11  1  2  4.17
 0  73.90  0.86  0  0  2.07
 2  82.53  0.61  1  2  5.10
 1  90.98  1.00  0  1  3.69
 1  89.33  1.30  0  1  1.75
 3  92.56  0.33  1  2  1.82
 3  67.44  0.33  1  3  2.72
 3  60.30  0.84  1  3  2.50
 2  74.25  1.34  1  3  0.68
 0  60.30  0.73  0  0  1.37
 0  77.47  0.61  0  0  1.73
 1  90.98  0.57  0  1  0.99
 0  70.67  0.27  0  0  1.17
 2  77.47  0.96  1  3  3.89
 1  99.70  0.73  0  1  1.13
 0  64.69  0.42  0  0  0.80
 0  67.05  0.71  0  0  0.82
 0  60.30  0.84  0  0  0.73
 2  92.95  0.86  1  2  1.84
 3  74.25  0.23  1  3  1.57
 1  97.46  1.06  0  1  1.56
 1  99.70  0.84  0  1  2.15
 1  97.46  0.51  0  1  1.79
 3  89.33  0.27  1  2  1.55
 1  85.75  0.23  0  1  1.11
 3  64.69  0.42  1  3  1.70
 2  85.75  1.34  1  2  1.50
 2  78.06  1.37  1  2  1.02
 0  69.02  0.57  0  0  4.23
 1  92.95  0.86  0  1  1.05
 3  62.54  1.06  1  3  2.56
 0  78.06  0.21  0  0  2.79
 0  73.90  0.71  0  0  1.01
 3  97.46  0.51  1  2  1.22
 3  62.54  0.51  1  3  1.06
 0  77.47  0.96  0  0  6.75
 3  72.67  0.46  1  3  1.96
 0  78.06  1.37  0  1  1.67
 1  82.53  0.61  0  0  1.60
 3  78.06  0.21  1  3  1.91
 2  98.95  0.95  1  2  0.80
 2  90.98  1.00  1  2  1.60
 2  92.56  1.24  1  2  1.27
 2  86.10  0.86  1  2  0.85
 0  74.25  0.23  0  0  1.66
 1  81.94  0.21  0  0  0.94
 1  87.33  0.46  0  1  0.72
 2  97.46  1.06  1  2  1.62
 3  70.67  1.30  1  3  0.93
 0  61.05  0.62  0  0  1.10
 0  77.42  0.40  0  0  4.94
 3  77.42  0.40  1  3  4.68
 0  70.67  1.30  0  1  4.53
 3  87.33  0.46  1  2  0.93
 0  77.42  1.17  0  1  2.19
 3  64.69  1.16  1  2  2.29
 2  77.42  1.17  1  3  1.33
 1  98.95  0.62  0  1  1.38
 2  89.33  1.30  1  3  8.27
 3  67.05  0.71  1  3  2.80
 2  86.10  0.71  1  2  1.81
 0  62.54  0.51  0  0  0.83
 1  95.31  0.42  0  1  0.95
 1  81.94  1.37  0  0  7.03
 2  98.95  0.62  1  2  1.37
 2  73.90  0.71  1  3  2.51
 3  69.02  1.00  1  2  0.65
 2  90.98  0.57  1  2  1.56
 3  82.58  0.40  1  2  1.53
 1  86.10  0.71  0  1  1.54
 1  92.95  0.71  0  1  0.81
 1  82.53  0.96  0  1  0.90
 1  82.58  0.40  0  1  0.74
 1  92.56  0.33  0  1  0.64
 1  92.56  1.24  0  1  0.66
 3  60.30  0.73  1  3  2.83
 3  61.05  0.62  1  3  0.72
 3  95.31  0.42  1  2  1.09
 0  72.67  1.11  0  0  3.24
 2  82.58  1.17  1  3  6.62
 0  67.44  1.24  0  0  1.93
 2  81.94  1.37  1  2  3.57
 3  85.75  0.23  1  3  1.24
 0  67.05  0.86  0  0  1.84
 3  67.05  0.86  1  3  1.32
 2  72.67  1.11  1  3  4.00
 3  67.44  1.24  1  2  2.00
 2  77.47  0.61  1  3  1.23
 3  61.05  0.95  1  3  1.11
 1  89.33  0.27  0  1  1.52
 3  70.67  0.27  1  3  3.89
 1  82.58  1.17  0  1  1.67
 1  95.31  1.16  0  1  0.72
 1  87.33  1.11  0  1  0.59
 1  86.10  0.86  0  1  0.65
 2  99.70  0.73  1  3  2.28
 0  67.44  0.33  0  0  3.25
 1  85.75  1.34  0  1  2.10
 2  95.31  1.16  1  2  1.00
 0  62.54  1.06  0  0  0.66
 0  61.05  0.95  0  0  1.07
 0  72.67  0.46  0  0  1.76
 3  81.94  0.21  1  3  1.62
 0  69.02  1.00  0  0  1.52
 2  99.70  0.84  1  2  2.73
 1  98.95  0.95  0  1  1.24
 0  61.05  0.62  0  0  0.73
 0  78.06  1.37  0  1  2.49
 2  72.67  1.11  1  3  2.01
 1  92.56  0.33  0  1  1.43
 0  78.06  0.21  0  0  1.77
 2  86.10  0.71  1  3  4.23
 1  98.95  0.62  0  1  0.68
 0  64.69  1.16  0  0  0.65
 1  87.33  0.46  0  0  2.02
 1  85.75  0.23  0  0  1.43
 0  62.54  0.51  0  0  0.66
 2  78.06  1.37  1  2  3.19
 3  62.54  1.06  1  2  1.93
 2  90.98  0.57  1  2  1.16
 3  67.05  0.86  1  3  1.52
 2  99.70  0.73  1  2  0.74
 2  92.56  1.24  1  2  1.45
 2  86.10  0.86  1  2  1.24
 2  95.31  1.16  1  2  3.63
 0  60.30  0.73  0  0  2.57
 3  67.44  1.24  1  3  2.74
 3  74.25  0.23  1  3  3.11
 2  73.90  0.86  1  3  2.50
 3  89.33  0.27  1  2  1.04
 1  90.98  1.00  0  1  0.78
 3  95.31  0.42  1  2  7.31
 2  99.70  0.84  1  2  2.55
 1  82.53  0.61  0  0  2.22
 3  85.75  0.23  1  3  1.26
 2  92.95  0.71  1  3  7.64
 0  70.67  1.30  0  0  0.67
 0  73.90  0.71  0  0  5.10
 2  98.95  0.95  1  2  1.95
 1  85.75  1.34  0  0  1.18
 1  92.95  0.86  0  0  2.69
 2  85.75  1.34  1  2  2.57
 3  69.02  1.00  1  3  1.13
 1  82.58  0.40  0  0  1.84
 3  87.33  0.46  1  2  1.38
 3  81.94  0.21  1  3  1.41
 2  77.47  0.61  1  3  1.86
 0  77.47  0.96  0  1  2.36
 2  87.33  1.11  1  2  4.87
 0  69.02  0.57  0  0  0.67
 0  74.25  1.34  0  1  1.17
 0  74.25  0.23  0  0  1.09
 0  73.90  0.86  0  0  1.32
 1  82.53  0.96  0  0  1.87
 3  64.69  0.42  1  3  2.79
 2  74.25  1.34  1  3  0.84
 2  90.98  1.00  1  2  2.65
 2  98.95  0.62  1  2  1.90
 1  99.70  0.84  0  1  7.17
 3  61.05  0.95  1  3  1.98
 2  97.46  1.06  1  2  4.97
 3  72.67  0.46  1  3  1.29
 3  69.02  0.57  1  3  1.13
 0  77.42  0.40  0  0  0.94
 2  82.53  0.61  1  3  4.39
 2  77.47  0.96  1  3  1.69
 2  82.53  0.96  1  2  0.60
 3  70.67  0.27  1  3  1.97
 3  67.05  0.71  1  3  1.46
 3  67.44  0.33  1  3  2.96
 0  72.67  0.46  0  0  3.36
 1  97.46  0.51  0  1  1.33
 1  89.33  0.27  0  1  4.90
 0  69.02  1.00  0  0  3.14
 2  82.58  1.17  1  2  2.39
 1  97.46  1.06  0  1  1.29
 2  77.42  1.17  1  2  2.55
 1  98.95  0.95  0  1  0.98
 0  77.47  0.61  0  0  2.33
 3  82.58  0.40  1  3  2.51
 1  87.33  1.11  0  0  1.95
 1  86.10  0.86  0  1  1.21
 3  60.30  0.73  1  3  3.82
 1  81.94  1.37  0  1  1.22
 0  60.30  0.84  0  0  1.82
 0  67.05  0.86  0  0  1.15
 1  92.56  1.24  0  1  1.08
 0  64.69  0.42  0  0  1.24
 3  77.42  0.40  1  2  2.92
 1  86.10  0.71  0  1  2.15
 0  67.44  0.33  0  0  1.38
 2  81.94  1.37  1  2  2.06
 1  89.33  1.30  0  1  2.50
 2  89.33  1.30  1  2  5.52
 1  81.94  0.21  0  0  3.55
 0  62.54  1.06  0  0  0.85
 0  72.67  1.11  0  0  2.18
 0  67.05  0.71  0  0  1.14
 1  90.98  0.57  0  1  0.95
 0  67.44  1.24  0  0  1.14
 2  73.90  0.71  1  3  3.18
 0  61.05  0.95  0  0  1.18
 3  70.67  1.30  1  2  3.45
 1  92.95  0.71  0  1  2.27
 3  64.69  1.16  1  3  3.21
 3  62.54  0.51  1  3  1.76
 1  82.58  1.17  0  1  1.42
 3  92.56  0.33  1  2  1.34
 2  92.95  0.86  1  3  1.43
 1  95.31  0.42  0  1  1.07
 3  60.30  0.84  1  3  2.17
 1  95.31  1.16  0  1  1.44
 0  77.42  1.17  0  0  2.77
 3  97.46  0.51  1  3  1.78
 3  78.06  0.21  1  3  1.96
 3  61.05  0.62  1  3 11.66
 0  70.67  0.27  0  0  1.42
 1  99.70  0.73  0  1  1.45
