 1  82.53  0.96  0  1  1.56
 1  86.10  0.71  0  1  0.77
 1  99.70  0.73  0  1  0.55
 1  85.75  0.23  0  3  2.86
 0  77.47  0.96  0  1  0.85
 2  73.90  0.86  1  1  1.08
 2  99.70  0.73  1  0  0.96
 2  95.31  1.16  1  2  1.08
 3  78.06  0.21  1  0  2.00
 2  92.56  1.24  1  3  3.81
 0  77.42  0.40  0  3  1.61
 0  62.54  1.06  0  2  1.03
 0  78.06  0.21  0  1  2.23
 3  92.56  0.33  1  1  0.65
 1  89.33  1.30  0  2  1.01
 3  97.46  0.51  1  1  0.75
 3  67.05  0.71  1  0  1.05
 1  82.53  0.61  0  3  1.03
 3  67.44  1.24  1  2  0.87
 1  85.75  1.34  0  0  0.89
 3  60.30  0.84  1  1  0.75
 2  87.33  1.11  1  2  0.65
 1  90.98  0.57  0  3  1.03
 0  60.30  0.84  0  1  0.81
 2  99.70  0.84  1  2  0.88
 0  73.90  0.71  0  1  0.85
 1  99.70  0.84  0  0  1.08
 2  72.67  1.11  1  3  1.35
 3  81.94  0.21  1  1  0.86
 2  77.47  0.96  1  2  0.95
 1  81.94  0.21  0  0  1.31
 0  74.25  0.23  0  1  0.75
 2  78.06  1.37  1  0  2.10
 3  72.67  0.46  1  1  2.22
 1  82.58  0.40  0  2  0.86
 2  77.47  0.61  1  2  3.00
 2  86.10  0.86  1  2  0.88
 3  62.54  0.51  1  2  0.93
 1  87.33  0.46  0  3  2.20
 0  70.67  0.27  0  1  1.83
 0  77.42  1.17  0  0  0.76
 2  81.94  1.37  1  2  1.31
 0  62.54  0.51  0  0  0.79
 2  85.75  1.34  1  2  0.52
 3  67.44  0.33  1  2  0.55
 1  97.46  1.06  0  0  0.62
 2  74.25  1.34  1  2  0.56
 3  62.54  1.06  1  2  0.58
 1  86.10  0.86  0  0  0.82
 3  67.05  0.86  1  2  1.04
 2  73.90  0.71  1  2  0.84
 2  90.98  0.57  1  3  2.25
 0  67.05  0.86  0  0  1.88
 1  90.98  1.00  0  1  1.45
 3  82.58  0.40  1  2  1.22
 1  82.58  1.17  0  0  1.00
 0  69.02  0.57  0  1  0.57
 2  98.95  0.62  1  2  0.76
 0  67.44  1.24  0  0  2.32
 3  64.69  0.42  1  2  2.24
 0  67.05  0.71  0  0  1.40
 0  60.30  0.73  0  1  1.89
 0  74.25  1.34  0  0  1.25
 0  72.67  0.46  0  0  0.79
 1  92.56  0.33  0  1  1.23
 2  86.10  0.71  1  2  1.03
 1  87.33  1.11  0  0  2.03
 3  60.30  0.73  1  2  0.66
 3  69.02  0.57  1  2  1.40
 0  64.69  0.42  0  0  1.07
 3  77.42  0.40  1  2  1.27
 0  77.47  0.61  0  1  0.67
 3  85.75  0.23  1  2  0.87
 2  82.53  0.96  1  2  0.76
 3  74.25  0.23  1  2  0.65
 0  69.02  1.00  0  0  1.54
 2  92.95  0.86  1  2  1.37
 3  95.31  0.42  1  2  0.91
 1  92.95  0.71  0  0  0.99
 2  92.95  0.71  1  2  0.60
 2  97.46  1.06  1  2  0.81
 3  69.02  1.00  1  2  1.33
 3  70.67  0.27  1  3  1.02
 1  98.95  0.62  0  1  1.80
 0  72.67  1.11  0  0  0.50
 1  98.95  0.95  0  1  0.51
 2  90.98  1.00  1  2  0.78
 3  61.05  0.62  1  3  0.40
 1  89.33  0.27  0  1  3.24
 0  70.67  1.30  0  3  0.72
 2  82.58  1.17  1  2  1.95
 2  82.53  0.61  1  2  0.92
 1  95.31  0.42  0  1  1.12
 3  70.67  1.30  1  3  1.72
 3  89.33  0.27  1  2  2.55
 0  61.05  0.95  0  0  0.66
 0  67.44  0.33  0  1  1.68
 0  78.06  1.37  0  1  0.97
 0  61.05  0.62  0  0  0.55
 1  92.95  0.86  0  1  0.67
 3  87.33  0.46  1  3  0.86
 2  77.42  1.17  1  2  1.04
 1  97.46  0.51  0  1  1.04
 3  61.05  0.95  1  2  1.05
 2  98.95  0.95  1  3  2.00
 3  64.69  1.16  1  3  1.27
 1  81.94  1.37  0  1  0.93
 2  89.33  1.30  1  2  1.61
 0  73.90  0.86  0  0  0.89
 1  92.56  1.24  0  0  0.74
 0  64.69  1.16  0  0  0.77
 1  95.31  1.16  0  1  0.89
 3  70.67  0.27  1  2  3.40
 1  89.33  1.30  0  1  1.21
 3  78.06  0.21  1  2  1.06
 2  86.10  0.71  1  3  0.55
 1  81.94  0.21  0  1  1.17
 3  64.69  1.16  1  2  0.96
 1  92.56  0.33  0  0  0.94
 1  90.98  0.57  0  1  0.61
 0  78.06  0.21  0  1  0.64
 3  64.69  0.42  1  2  1.96
 0  77.42  0.40  0  1  0.67
 1  82.58  1.17  0  0  0.95
 0  67.44  0.33  0  1  0.79
 3  60.30  0.73  1  2  1.15
 3  67.05  0.86  1  3  0.51
 3  82.58  0.40  1  3  0.60
 1  81.94  1.37  0  1  1.68
 2  92.95  0.71  1  2  1.64
 0  61.05  0.62  0  0  0.84
 2  82.53  0.96  1  2  1.66
 3  72.67  0.46  1  2  0.67
 3  62.54  1.06  1  3  0.72
 0  67.44  1.24  0  1  0.92
 0  77.47  0.96  0  0  0.75
 3  74.25  0.23  1  3  0.93
 0  64.69  1.16  0  1  1.63
 2  77.47  0.96  1  2  1.38
 1  95.31  1.16  0  0  0.47
 2  98.95  0.95  1  2  0.79
 1  99.70  0.84  0  1  2.36
 2  73.90  0.86  1  2  0.76
 0  77.47  0.61  0  1  0.65
 1  82.58  0.40  0  1  2.71
 2  95.31  1.16  1  2  1.94
 0  77.42  1.17  0  0  1.09
 3  89.33  0.27  1  2  1.21
 3  69.02  0.57  1  2  0.63
 1  92.95  0.86  0  0  2.62
 2  89.33  1.30  1  2  0.57
 1  87.33  1.11  0  1  0.51
 1  90.98  1.00  0  1  1.21
 3  92.56  0.33  1  2  0.45
 3  61.05  0.95  1  2  1.28
 2  98.95  0.62  1  2  0.53
 0  61.05  0.95  0  1  0.81
 0  72.67  1.11  0  0  1.03
 2  97.46  1.06  1  2  0.56
 3  69.02  1.00  1  3  0.72
 2  73.90  0.71  1  3  1.64
 3  67.05  0.71  1  2  0.57
 3  97.46  0.51  1  2  0.55
 1  95.31  0.42  0  1  0.61
 3  67.44  0.33  1  2  0.60
 2  99.70  0.73  1  2  0.54
 3  70.67  1.30  1  2  1.07
 2  90.98  0.57  1  2  0.54
 3  81.94  0.21  1  3  0.86
 1  98.95  0.95  0  1  1.28
 3  77.42  0.40  1  3  1.32
 2  92.95  0.86  1  2  0.59
 0  60.30  0.73  0  0  1.61
 2  85.75  1.34  1  2  0.52
 0  69.02  0.57  0  0  2.74
 2  92.56  1.24  1  2  1.28
 0  78.06  1.37  0  1  2.74
 1  92.95  0.71  0  1  2.26
 2  82.58  1.17  1  2  1.13
 2  90.98  1.00  1  2  1.17
 2  77.47  0.61  1  3  1.09
 1  85.75  1.34  0  1  0.89
 0  73.90  0.86  0  0  1.45
 0  62.54  1.06  0  0  3.58
 0  70.67  1.30  0  1  1.10
 1  82.53  0.61  0  0  0.77
 1  97.46  1.06  0  0  1.48
 3  85.75  0.23  1  2  1.02
 3  60.30  0.84  1  3  0.79
 0  70.67  0.27  0  0  0.87
 1  86.10  0.86  0  0  0.74
 2  74.25  1.34  1  2  1.98
 3  61.05  0.62  1  3  2.11
 2  99.70  0.84  1  3  1.67
 0  74.25  0.23  0  0  1.18
 3  95.31  0.42  1  3  1.59
 0  67.05  0.71  0  1  2.81
 0  60.30  0.84  0  1  2.58
 2  87.33  1.11  1  2  1.75
 1  86.10  0.71  0  0  3.66
 1  98.95  0.62  0  0  0.70
 0  67.05  0.86  0  1  0.64
 2  77.42  1.17  1  2  1.40
 0  64.69  0.42  0  0  0.78
 2  86.10  0.86  1  2  1.49
 0  69.02  1.00  0  2  0.76
 1  99.70  0.73  0  3  1.96
 1  89.33  0.27  0  0  1.28
 3  62.54  0.51  1  2  1.00
 1  92.56  1.24  0  1  0.84
 0  62.54  0.51  0  0  1.50
 3  87.33  0.46  1  2  0.79
 1  97.46  0.51  0  0  2.01
 3  67.44  1.24  1  2  1.08
 1  82.53  0.96  0  1  1.08
 2  81.94  1.37  1  2  0.86
 0  72.67  0.46  0  0  1.22
 0  73.90  0.71  0  0  0.79
 2  78.06  1.37  1  3  0.72
 1  87.33  0.46  0  0  1.94
 0  74.25  1.34  0  1  0.88
 2  72.67  1.11  1  2  0.80
 2  82.53  0.61  1  3  0.72
 1  85.75  0.23  0  0  0.98
 0  60.30  0.73  0  0  1.27
 1  90.98  0.57  0  0  1.16
 3  82.58  0.40  1  2  0.70
 1  82.53  0.96  0  1  1.02
 0  73.90  0.86  0  1  0.54
 0  78.06  0.21  0  0  1.13
 3  64.69  0.42  1  2  0.80
 2  99.70  0.84  1  3  0.64
 2  92.95  0.71  1  2  0.58
 1  92.95  0.86  0  1  1.23
 2  82.53  0.61  1  3  0.50
 2  85.75  1.34  1  2  1.65
 1  90.98  1.00  0  0  2.55
 2  73.90  0.71  1  2  0.77
 0  72.67  0.46  0  1  0.56
 1  95.31  1.16  0  1  0.95
 1  89.33  1.30  0  1  0.75
 1  97.46  0.51  0  0  1.01
 2  98.95  0.95  1  2  0.53
 1  99.70  0.84  0  1  0.61
 3  60.30  0.84  1  3  0.92
 1  92.56  1.24  0  1  1.54
 2  73.90  0.86  1  3  0.93
 2  82.58  1.17  1  2  0.45
 1  98.95  0.95  0  1  0.76
 1  92.95  0.71  0  2  0.47
 3  70.67  1.30  1  2  1.21
 3  62.54  0.51  1  2  0.64
 3  92.56  0.33  1  2  1.24
 3  70.67  0.27  1  3  1.06
 2  82.53  0.96  1  2  0.70
 1  99.70  0.73  0  1  0.71
 0  70.67  0.27  0  1  1.71
 2  98.95  0.62  1  2  1.12
 1  86.10  0.86  0  1  2.09
 3  60.30  0.73  1  3  0.81
 1  82.53  0.61  0  1  0.56
 0  67.44  1.24  0  0  0.82
 2  97.46  1.06  1  2  1.12
 3  67.05  0.71  1  2  0.71
 0  69.02  0.57  0  1  1.46
 0  61.05  0.62  0  0  0.67
 0  61.05  0.95  0  0  0.79
 0  69.02  1.00  0  1  2.01
 2  92.56  1.24  1  2  0.84
 0  73.90  0.71  0  0  2.77
 3  67.44  0.33  1  3  1.53
 3  87.33  0.46  1  2  0.51
 3  64.69  1.16  1  3  0.87
 3  61.05  0.95  1  3  0.62
 0  77.42  0.40  0  1  1.03
 2  78.06  1.37  1  2  1.08
 1  87.33  1.11  0  1  0.64
 2  87.33  1.11  1  2  0.71
 3  85.75  0.23  1  3  1.67
 0  67.05  0.86  0  1  2.37
 0  62.54  1.06  0  0  2.16
 0  62.54  0.51  0  3  0.96
 1  92.56  0.33  0  0  4.47
 1  81.94  0.21  0  1  1.10
 1  82.58  1.17  0  1  1.10
 2  89.33  1.30  1  2  0.80
 3  72.67  0.46  1  2  0.62
 3  69.02  1.00  1  2  0.90
 3  61.05  0.62  1  3  0.71
 3  67.44  1.24  1  2  0.62
 2  77.42  1.17  1  2  0.82
 2  95.31  1.16  1  2  0.68
 1  87.33  0.46  0  0  1.94
 2  77.47  0.61  1  2  2.05
 1  85.75  0.23  0  0  1.12
 1  98.95  0.62  0  1  0.50
 0  72.67  1.11  0  0  1.19
 3  97.46  0.51  1  3  1.21
 3  78.06  0.21  1  3  1.08
 3  69.02  0.57  1  3  0.88
 3  67.05  0.86  1  3  1.44
 2  72.67  1.11  1  3  1.12
 0  74.25  0.23  0  0  0.85
 2  90.98  0.57  1  3  1.49
 1  81.94  1.37  0  1  0.96
 1  82.58  0.40  0  0  0.74
 1  85.75  1.34  0  1  2.71
 3  81.94  0.21  1  3  0.85
 2  74.25  1.34  1  2  1.48
 0  70.67  1.30  0  1  0.55
 0  64.69  0.42  0  0  0.65
 2  90.98  1.00  1  2  4.22
 1  89.33  0.27  0  0  0.93
 0  77.47  0.61  0  0  1.15
 3  74.25  0.23  1  3  0.99
 1  97.46  1.06  0  2  1.73
 0  60.30  0.84  0  0  1.84
 0  78.06  1.37  0  1  0.89
 0  67.44  0.33  0  0  1.10
 2  86.10  0.71  1  2  1.24
 2  99.70  0.73  1  2  1.92
 1  86.10  0.71  0  1  0.85
 0  77.47  0.96  0  0  0.60
 3  95.31  0.42  1  2  1.62
 0  64.69  1.16  0  0  2.26
 1  95.31  0.42  0  0  5.50
 0  67.05  0.71  0  1  0.67
 0  74.25  1.34  0  0  0.72
 2  81.94  1.37  1  2  2.21
 3  89.33  0.27  1  2  0.57
 2  77.47  0.96  1  2  0.65
 3  77.42  0.40  1  3  1.00
 3  62.54  1.06  1  2  1.16
 2  92.95  0.86  1  2  0.68
 0  77.42  1.17  0  1  1.11
 2  86.10  0.86  1  2  0.67
 0  77.47  0.61  0  0  4.79
 2  72.67  1.11  1  2  1.00
 2  89.33  1.30  1  2  0.81
 2  81.94  1.37  1  2  0.64
 3  72.67  0.46  1  3  1.88
 0  69.02  1.00  0  1  4.05
 1  95.31  1.16  0  1  0.50
 3  87.33  0.46  1  2  0.79
 0  61.05  0.95  0  0  2.05
 2  86.10  0.71  1  2  0.60
 0  70.67  1.30  0  2  1.16
 2  99.70  0.84  1  1  0.75
 2  90.98  0.57  1  3  1.28
 2  87.33  1.11  1  2  1.18
 1  87.33  1.11  0  1  1.60
 0  64.69  0.42  0  0  1.30
 0  70.67  0.27  0  3  0.90
 3  62.54  1.06  1  0  1.32
 2  98.95  0.62  1  3  1.38
 0  67.05  0.71  0  0  1.35
 1  99.70  0.73  0  1  1.77
 0  77.42  0.40  0  1  0.74
 2  97.46  1.06  1  2  1.17
 0  74.25  0.23  0  0  0.93
 1  82.58  1.17  0  1  0.63
 3  64.69  1.16  1  3  1.18
 0  62.54  0.51  0  0  1.00
 1  97.46  0.51  0  1  2.02
 1  95.31  0.42  0  1  0.71
 0  60.30  0.84  0  0  0.64
 1  82.53  0.61  0  1  1.07
 2  78.06  1.37  1  2  1.17
 1  85.75  1.34  0  1  0.89
 0  77.42  1.17  0  1  1.46
 2  92.56  1.24  1  2  1.18
 1  90.98  1.00  0  1  1.77
 3  60.30  0.84  1  3  0.87
 2  82.53  0.96  1  2  0.80
 2  77.47  0.96  1  2  0.60
 0  74.25  1.34  0  1  0.94
 3  61.05  0.62  1  3  0.82
 1  89.33  1.30  0  1  0.76
 2  92.95  0.71  1  2  1.66
 0  72.67  0.46  0  0  1.12
 1  89.33  0.27  0  1  0.65
 1  98.95  0.95  0  0  0.86
 3  69.02  0.57  1  2  0.95
 3  67.44  0.33  1  3  1.50
 0  78.06  1.37  0  0  1.81
 2  82.53  0.61  1  2  1.68
 1  82.53  0.96  0  1  8.67
 1  98.95  0.62  0  1  1.15
 3  89.33  0.27  1  3  1.69
 3  81.94  0.21  1  3  0.64
 1  82.58  0.40  0  1  1.26
 2  74.25  1.34  1  3  0.96
 0  77.47  0.96  0  1  4.35
 0  67.05  0.86  0  0  1.88
 1  90.98  0.57  0  1  0.73
 2  73.90  0.86  1  2  1.18
 1  87.33  0.46  0  1  0.93
 3  74.25  0.23  1  3  1.20
 3  70.67  1.30  1  2  0.73
 3  92.56  0.33  1  3  1.11
 2  77.47  0.61  1  2  1.61
 2  90.98  1.00  1  2  0.71
 2  85.75  1.34  1  2  0.71
 0  69.02  0.57  0  1  2.01
 3  67.44  1.24  1  3  1.19
 3  64.69  0.42  1  3  0.78
 0  73.90  0.71  0  0  0.81
 0  67.44  1.24  0  0  0.93
 1  86.10  0.71  0  1  0.93
 0  73.90  0.86  0  1  1.69
 0  64.69  1.16  0  0  0.94
 0  61.05  0.62  0  1  1.11
 3  97.46  0.51  1  3  1.34
 3  77.42  0.40  1  3  0.56
 3  61.05  0.95  1  3  0.94
 0  78.06  0.21  0  0  0.97
 2  98.95  0.95  1  2  1.51
 2  73.90  0.71  1  2  0.53
 1  92.56  0.33  0  0  1.07
 0  72.67  1.11  0  1  0.67
 3  95.31  0.42  1  3  0.80
 3  70.67  0.27  1  2  0.53
 2  92.95  0.86  1  2  1.83
 1  97.46  1.06  0  0  0.58
 2  82.58  1.17  1  2  0.75
 3  60.30  0.73  1  2  0.65
 2  77.42  1.17  1  2  0.57
 2  95.31  1.16  1  2  0.63
 1  81.94  1.37  0  0  1.42
 0  60.30  0.73  0  1  0.92
 1  92.95  0.86  0  1  0.74
 1  85.75  0.23  0  0  0.79
 2  86.10  0.86  1  2  0.87
 3  67.05  0.71  1  2  0.54
 3  62.54  0.51  1  3  0.68
 1  92.56  1.24  0  0  1.15
 2  99.70  0.73  1  2  0.73
 0  62.54  1.06  0  0  1.03
 1  99.70  0.84  0  1  0.91
 1  92.95  0.71  0  1  0.71
 3  82.58  0.40  1  0  6.11
 3  69.02  1.00  1  2  1.05
 3  78.06  0.21  1  3  0.73
 3  85.75  0.23  1  3  0.63
 1  86.10  0.86  0  1  1.05
 1  81.94  0.21  0  0  2.57
 0  67.44  0.33  0  1  0.60
 3  67.05  0.86  1  2  1.47
 1  86.10  0.86  0  1  1.46
 2  86.10  0.86  1  2  0.66
 0  67.05  0.86  0  0  0.54
 0  61.05  0.62  0  0  0.79
 2  95.31  1.16  1  2  0.53
 1  82.58  1.17  0  1  0.77
 1  82.53  0.96  0  1  1.14
 0  64.69  1.16  0  0  0.74
 2  72.67  1.11  1  2  1.37
 1  81.94  0.21  0  1  1.05
 0  69.02  0.57  0  0  1.09
 3  67.44  0.33  1  2  0.58
 0  67.44  1.24  0  1  1.66
 1  87.33  1.11  0  0  0.84
 3  87.33  0.46  1  2  0.99
 1  97.46  0.51  0  0  1.00
 3  64.69  1.16  1  2  0.73
 2  97.46  1.06  1  2  0.57
 3  77.42  0.40  1  3  1.10
 2  92.95  0.86  1  2  0.72
 2  90.98  1.00  1  2  0.49
 1  98.95  0.62  0  1  0.53
 3  89.33  0.27  1  2  0.65
 2  74.25  1.34  1  2  1.02
 3  72.67  0.46  1  2  0.59
 3  70.67  1.30  1  2  0.76
 3  82.58  0.40  1  2  1.19
 0  72.67  0.46  0  2  0.55
 2  86.10  0.71  1  2  0.64
 3  85.75  0.23  1  3  0.81
 1  99.70  0.73  0  0  1.04
 3  97.46  0.51  1  2  0.87
 3  61.05  0.62  1  3  0.74
 0  74.25  0.23  0  0  0.95
 1  90.98  0.57  0  1  0.63
 0  73.90  0.86  0  1  1.21
 3  61.05  0.95  1  2  1.08
 2  77.47  0.96  1  2  0.63
 2  92.56  1.24  1  2  0.51
 2  85.75  1.34  1  2  0.54
 2  73.90  0.71  1  2  1.42
 2  98.95  0.62  1  2  0.53
 0  77.42  0.40  0  0  1.90
 0  62.54  1.06  0  0  1.27
 2  99.70  0.84  1  2  1.01
 1  99.70  0.84  0  1  1.03
 0  60.30  0.84  0  0  1.87
 0  74.25  1.34  0  1  1.57
 0  69.02  1.00  0  0  0.86
 0  77.47  0.96  0  1  0.65
 1  97.46  1.06  0  1  0.71
 1  90.98  1.00  0  1  0.60
 0  77.42  1.17  0  1  0.61
 1  82.58  0.40  0  0  2.24
 0  73.90  0.71  0  1  0.74
 0  78.06  1.37  0  1  0.71
 1  81.94  1.37  0  1  0.63
 1  86.10  0.71  0  0  0.84
 2  99.70  0.73  1  2  1.16
 2  87.33  1.11  1  2  0.64
 2  82.53  0.61  1  2  0.48
 2  92.95  0.71  1  2  0.42
 1  92.56  1.24  0  1  0.97
 3  69.02  1.00  1  2  1.35
 3  95.31  0.42  1  2  1.73
 1  98.95  0.95  0  1  3.06
 1  87.33  0.46  0  1  0.74
 3  60.30  0.73  1  2  3.34
 0  62.54  0.51  0  1  2.20
 3  62.54  0.51  1  2  0.85
 0  60.30  0.73  0  3  0.79
 2  98.95  0.95  1  2  0.58
 1  95.31  1.16  0  0  0.81
 1  95.31  0.42  0  1  1.12
 3  74.25  0.23  1  3  0.95
 1  85.75  0.23  0  1  3.15
 3  60.30  0.84  1  2  1.00
 1  82.53  0.61  0  1  0.81
 3  64.69  0.42  1  3  1.59
 3  92.56  0.33  1  2  1.44
 0  61.05  0.95  0  0  1.34
 3  62.54  1.06  1  2  1.47
 3  81.94  0.21  1  3  1.56
 3  67.44  1.24  1  2  3.04
 1  89.33  1.30  0  1  1.97
 2  89.33  1.30  1  2  2.60
 1  92.95  0.71  0  1  1.04
 2  82.58  1.17  1  2  1.37
 2  81.94  1.37  1  2  0.48
 2  78.06  1.37  1  2  0.47
 0  70.67  1.30  0  2  0.58
 1  92.95  0.86  0  1  1.05
 1  85.75  1.34  0  1  0.81
 2  77.47  0.61  1  2  0.79
 0  78.06  0.21  0  0  0.87
 0  72.67  1.11  0  1  0.92
 2  82.53  0.96  1  2  1.13
 0  67.44  0.33  0  0  1.71
 3  69.02  0.57  1  2  0.87
 1  89.33  0.27  0  1  1.92
 2  73.90  0.86  1  2  0.76
 0  77.47  0.61  0  1  1.30
 3  70.67  0.27  1  3  1.34
 3  78.06  0.21  1  3  0.82
 0  67.05  0.71  0  1  0.88
 2  90.98  0.57  1  3  3.16
 3  67.05  0.71  1  2  0.60
 3  67.05  0.86  1  2  1.14
 2  77.42  1.17  1  2  1.87
 0  64.69  0.42  0  0  0.80
 1  92.56  0.33  0  0  0.96
 0  70.67  0.27  0  1  1.91
