 1  81.94  1.37  0  2  1.84
 2  92.56  1.24  1  1  3.84
 0  77.42  0.40  0  3  1.63
 1  92.56  1.24  0  0  1.38
 3  62.54  0.51  1  2  2.20
 2  90.98  0.57  1  3  1.05
 1  86.10  0.86  0  1  0.64
 2  85.75  1.34  1  2  1.90
 3  60.30  0.84  1  0  1.65
 2  97.46  1.06  1  1  1.32
 0  69.02  1.00  0  0  2.08
 3  81.94  0.21  1  3  0.97
 3  74.25  0.23  1  3  1.20
 3  61.05  0.62  1  1  1.48
 3  67.05  0.86  1  1  1.15
 0  69.02  0.57  0  1  4.15
 1  82.53  0.61  0  0  0.61
 2  82.53  0.61  1  3  0.95
 3  70.67  1.30  1  1  1.24
 1  81.94  0.21  0  2  0.86
 3  92.56  0.33  1  1  7.57
 0  67.44  0.33  0  2  3.70
 0  77.47  0.96  0  1  1.98
 3  72.67  0.46  1  0  5.78
 2  77.42  1.17  1  0  2.81
 3  89.33  0.27  1  0  1.46
 0  70.67  0.27  0  1  1.67
 2  72.67  1.11  1  1  0.77
 1  82.58  1.17  0  2  1.06
 0  60.30  0.73  0  1  0.67
 2  98.95  0.95  1  1  1.51
 2  74.25  1.34  1  1  1.15
 0  73.90  0.71  0  2  0.96
 0  64.69  0.42  0  0  0.76
 1  85.75  1.34  0  3  0.93
 0  67.44  1.24  0  2  0.83
 0  74.25  0.23  0  0  0.86
 2  92.95  0.71  1  1  0.96
 2  82.58  1.17  1  1  0.96
 3  67.44  1.24  1  1  1.76
 0  70.67  1.30  0  1  0.76
 3  67.44  0.33  1  0  0.75
 3  64.69  1.16  1  1  1.77
 2  89.33  1.30  1  3  3.33
 0  61.05  0.62  0  0  1.13
 3  60.30  0.73  1  0  0.56
 3  95.31  0.42  1  0  1.08
 3  69.02  1.00  1  2  7.55
 2  92.95  0.86  1  0  0.91
 3  85.75  0.23  1  0  0.71
 1  95.31  0.42  0  0  0.71
 0  73.90  0.86  0  3  0.72
 3  69.02  0.57  1  2  3.57
 1  90.98  0.57  0  1  0.47
 3  67.05  0.71  1  0  0.82
 0  78.06  0.21  0  1  0.97
 1  87.33  1.11  0  2  1.03
 1  99.70  0.84  0  1  1.20
 1  87.33  0.46  0  0  1.02
 2  86.10  0.86  1  0  1.28
 1  95.31  1.16  0  1  0.45
 1  89.33  0.27  0  1  0.82
 2  77.47  0.96  1  2  0.47
 2  86.10  0.71  1  2  0.75
 3  78.06  0.21  1  2  0.63
 1  89.33  1.30  0  1  0.87
 2  78.06  1.37  1  2  1.21
 2  82.53  0.96  1  2  1.15
 2  73.90  0.86  1  2  1.33
 0  62.54  1.06  0  0  1.78
 3  87.33  0.46  1  3  1.33
 0  77.42  1.17  0  1  2.46
 2  99.70  0.84  1  3  1.13
 2  90.98  1.00  1  2  1.29
 1  90.98  1.00  0  1  0.82
 1  99.70  0.73  0  1  1.20
 1  97.46  1.06  0  1  0.91
 3  97.46  0.51  1  2  2.19
 3  61.05  0.95  1  2  0.91
 0  74.25  1.34  0  0  1.54
 1  92.95  0.71  0  1  0.51
 1  97.46  0.51  0  1  0.75
 0  78.06  1.37  0  1  0.68
 1  85.75  0.23  0  1  0.65
 2  77.47  0.61  1  2  1.24
 1  92.95  0.86  0  1  1.08
 2  99.70  0.73  1  3  0.95
 1  98.95  0.95  0  1  0.80
 3  82.58  0.40  1  2  1.06
 1  92.56  0.33  0  1  0.70
 0  67.05  0.86  0  3  0.73
 0  61.05  0.95  0  0  1.13
 3  70.67  0.27  1  3  2.11
 2  87.33  1.11  1  2  1.11
 0  60.30  0.84  0  0  1.29
 0  72.67  0.46  0  0  1.00
 0  62.54  0.51  0  0  0.69
 2  95.31  1.16  1  2  1.17
 2  98.95  0.62  1  2  1.43
 3  64.69  0.42  1  3  0.84
 0  67.05  0.71  0  0  0.83
 3  62.54  1.06  1  3  0.84
 0  72.67  1.11  0  3  0.81
 1  82.53  0.96  0  1  2.20
 1  82.58  0.40  0  1  0.58
 2  81.94  1.37  1  3  4.50
 2  73.90  0.71  1  3  1.33
 0  77.47  0.61  0  1  1.26
 1  98.95  0.62  0  1  0.73
 0  64.69  1.16  0  0  0.69
 3  77.42  0.40  1  2  0.94
 1  86.10  0.71  0  0  1.27
 0  69.02  1.00  0  0  1.09
 1  98.95  0.95  0  1  0.79
 2  92.56  1.24  1  2  2.10
 0  72.67  1.11  0  0  0.83
 0  61.05  0.62  0  0  0.84
 2  77.47  0.61  1  3  0.83
 3  74.25  0.23  1  2  1.04
 0  77.42  0.40  0  0  2.51
 2  81.94  1.37  1  3  1.15
 1  82.53  0.96  0  0  2.33
 1  92.95  0.86  0  1  0.83
 0  67.44  1.24  0  0  0.69
 2  82.53  0.96  1  3  1.39
 2  90.98  0.57  1  1  0.78
 1  82.58  1.17  0  1  1.37
 3  70.67  1.30  1  3  1.62
 0  67.44  0.33  0  0  1.46
 3  69.02  0.57  1  2  0.96
 2  82.58  1.17  1  2  1.67
 2  98.95  0.95  1  2  0.74
 1  86.10  0.71  0  1  0.84
 0  73.90  0.71  0  0  0.75
 0  72.67  0.46  0  0  0.82
 2  86.10  0.86  1  2  0.70
 1  87.33  0.46  0  1  0.73
 1  87.33  1.11  0  1  0.87
 1  98.95  0.62  0  1  0.80
 3  61.05  0.95  1  3  1.23
 1  81.94  0.21  0  1  1.38
 2  99.70  0.84  1  2  1.11
 3  62.54  1.06  1  3  0.78
 2  72.67  1.11  1  3  0.63
 1  82.58  0.40  0  1  1.63
 1  92.56  0.33  0  1  1.36
 2  82.53  0.61  1  3  1.62
 3  61.05  0.62  1  3  0.67
 1  92.56  1.24  0  1  1.24
 3  67.05  0.71  1  3  1.60
 3  72.67  0.46  1  3  0.84
 1  89.33  1.30  0  1  1.67
 3  92.56  0.33  1  2  1.01
 3  69.02  1.00  1  3  1.84
 3  67.05  0.86  1  3  0.70
 0  77.42  1.17  0  0  1.11
 3  82.58  0.40  1  2  1.29
 2  73.90  0.86  1  3  1.18
 3  67.44  0.33  1  3  2.97
 3  87.33  0.46  1  2  0.77
 1  90.98  1.00  0  1  0.92
 2  77.42  1.17  1  3  1.88
 0  78.06  1.37  0  0  1.50
 3  78.06  0.21  1  2  0.78
 1  89.33  0.27  0  1  0.74
 0  64.69  1.16  0  0  0.78
 0  64.69  0.42  0  0  1.48
 2  99.70  0.73  1  2  0.74
 2  98.95  0.62  1  2  0.69
 0  69.02  0.57  0  0  0.60
 0  62.54  0.51  0  0  1.02
 0  62.54  1.06  0  0  0.59
 3  64.69  1.16  1  0  0.48
 3  77.42  0.40  1  3  0.88
 2  78.06  1.37  1  3  2.42
 3  64.69  0.42  1  2  0.63
 2  89.33  1.30  1  2  0.77
 3  60.30  0.84  1  3  0.81
 0  67.05  0.71  0  0  1.59
 1  90.98  0.57  0  1  0.49
 0  67.05  0.86  0  0  0.70
 1  85.75  0.23  0  1  0.64
 0  60.30  0.84  0  2  0.63
 1  99.70  0.84  0  2  0.83
 3  67.44  1.24  1  3  2.43
 2  95.31  1.16  1  2  0.79
 3  85.75  0.23  1  2  0.75
 3  97.46  0.51  1  2  0.68
 2  73.90  0.71  1  2  0.99
 0  60.30  0.73  0  0  1.04
 1  92.95  0.71  0  1  0.89
 3  70.67  0.27  1  2  2.33
 2  97.46  1.06  1  2  1.13
 0  73.90  0.86  0  1  7.63
 3  89.33  0.27  1  2  2.04
 3  60.30  0.73  1  3  0.75
 1  95.31  0.42  0  1  1.04
 2  86.10  0.71  1  2  0.71
 0  70.67  0.27  0  0  1.21
 0  77.47  0.96  0  0  0.77
 2  74.25  1.34  1  3  0.69
 3  81.94  0.21  1  2  1.05
 0  74.25  0.23  0  1  0.91
 1  81.94  1.37  0  1  1.60
 1  97.46  1.06  0  1  0.68
 3  62.54  0.51  1  3  1.38
 0  74.25  1.34  0  1  2.05
 1  97.46  0.51  0  1  0.66
 2  87.33  1.11  1  2  1.22
 1  82.53  0.61  0  1  1.27
 2  90.98  1.00  1  2  1.10
 0  77.47  0.61  0  0  0.96
 2  92.95  0.71  1  2  0.81
 1  99.70  0.73  0  1  0.67
 2  77.47  0.96  1  3  0.58
 2  85.75  1.34  1  3  0.72
 2  92.95  0.86  1  2  0.63
 0  78.06  0.21  0  0  1.59
 0  70.67  1.30  0  0  2.92
 3  95.31  0.42  1  1  0.88
 1  95.31  1.16  0  1  1.71
 0  61.05  0.95  0  0  1.05
 1  85.75  1.34  0  0  1.85
 1  86.10  0.86  0  1  0.99
 1  82.53  0.61  0  1  3.60
 1  99.70  0.84  0  1  0.58
 3  87.33  0.46  1  2  0.60
 2  72.67  1.11  1  3  1.05
 3  60.30  0.73  1  2  0.75
 1  95.31  0.42  0  1  0.73
 0  72.67  0.46  0  0  1.46
 3  67.44  1.24  1  3  1.52
 3  70.67  1.30  1  3  0.57
 1  85.75  0.23  0  1  0.72
 1  89.33  1.30  0  1  0.66
 3  60.30  0.84  1  3  2.77
 3  62.54  0.51  1  3  0.78
 3  67.05  0.86  1  3  0.54
 1  98.95  0.62  0  1  0.54
 1  92.56  0.33  0  1  0.38
 0  73.90  0.86  0  0  0.61
 3  89.33  0.27  1  2  0.54
 2  82.58  1.17  1  3  1.19
 2  90.98  1.00  1  3  0.83
 2  87.33  1.11  1  2  0.81
 2  77.47  0.61  1  2  1.00
 0  62.54  0.51  0  0  0.71
 0  69.02  0.57  0  0  0.71
 1  82.58  1.17  0  1  0.88
 3  82.58  0.40  1  2  0.59
 0  62.54  1.06  0  0  1.41
 1  85.75  1.34  0  0  0.77
 2  92.95  0.71  1  2  1.33
 1  81.94  0.21  0  1  0.80
 2  82.53  0.61  1  2  1.14
 3  97.46  0.51  1  2  0.82
 0  60.30  0.84  0  0  0.91
 2  89.33  1.30  1  2  1.17
 3  69.02  1.00  1  3  0.93
 3  67.44  0.33  1  3  2.66
 3  92.56  0.33  1  2  0.87
 0  64.69  1.16  0  0  0.80
 3  78.06  0.21  1  2  2.77
 1  97.46  1.06  0  1  1.01
 2  92.95  0.86  1  1  0.55
 2  97.46  1.06  1  2  0.86
 1  92.56  1.24  0  1  0.85
 2  86.10  0.86  1  2  0.64
 1  92.95  0.86  0  1  1.01
 1  86.10  0.71  0  1  0.75
 1  86.10  0.86  0  1  0.80
 2  85.75  1.34  1  3  0.91
 2  81.94  1.37  1  2  0.63
 3  81.94  0.21  1  2  0.73
 0  70.67  0.27  0  0  0.91
 1  98.95  0.95  0  1  0.73
 0  73.90  0.71  0  0  0.78
 2  98.95  0.62  1  2  0.97
 2  99.70  0.84  1  2  0.90
 0  67.05  0.71  0  0  0.59
 2  77.42  1.17  1  3  0.87
 1  89.33  0.27  0  1  0.96
 0  64.69  0.42  0  0  0.67
 0  60.30  0.73  0  0  0.76
 2  73.90  0.71  1  3  0.89
 1  90.98  1.00  0  1  0.69
 3  64.69  0.42  1  3  0.79
 3  61.05  0.95  1  3  0.58
 3  67.05  0.71  1  3  0.87
 0  72.67  1.11  0  0  0.89
 0  78.06  1.37  0  0  0.49
 0  67.44  1.24  0  0  0.53
 2  78.06  1.37  1  3  0.88
 1  82.58  0.40  0  1  1.43
 3  95.31  0.42  1  2  0.68
 1  87.33  0.46  0  1  0.88
 3  85.75  0.23  1  2  2.34
 2  73.90  0.86  1  3  0.68
 2  86.10  0.71  1  2  0.74
 0  67.05  0.86  0  0  0.81
 2  99.70  0.73  1  1  0.67
 1  97.46  0.51  0  1  0.43
 0  77.47  0.61  0  0  0.69
 0  61.05  0.62  0  0  0.57
 0  77.42  0.40  0  0  0.68
 1  95.31  1.16  0  1  0.66
 0  67.44  0.33  0  0  0.61
 0  78.06  0.21  0  1  0.86
 2  82.53  0.96  1  2  0.63
 2  74.25  1.34  1  3  0.58
 2  95.31  1.16  1  2  0.54
 0  74.25  1.34  0  0  0.78
 1  99.70  0.73  0  1  0.82
 3  61.05  0.62  1  3  0.84
 1  92.95  0.71  0  1  0.97
 3  69.02  0.57  1  3  0.67
 0  77.47  0.96  0  0  0.75
 3  70.67  0.27  1  3  0.90
 1  82.53  0.96  0  0  0.98
 0  70.67  1.30  0  0  0.78
 0  77.42  1.17  0  0  0.71
 0  69.02  1.00  0  0  0.72
 0  61.05  0.95  0  0  0.65
 0  74.25  0.23  0  1  1.79
 3  72.67  0.46  1  2  1.00
 3  62.54  1.06  1  3  1.20
 1  90.98  0.57  0  1  0.88
 1  81.94  1.37  0  1  1.35
 2  90.98  0.57  1  1  0.59
 3  64.69  1.16  1  3  0.64
 3  74.25  0.23  1  2  1.42
 3  77.42  0.40  1  3  0.75
 2  92.56  1.24  1  3  0.52
 2  98.95  0.95  1  2  0.63
 1  87.33  1.11  0  1  0.73
 2  77.47  0.96  1  3  3.00
 2  85.75  1.34  1  2  3.34
 1  99.70  0.84  0  1  0.64
 2  95.31  1.16  1  1  0.69
 2  92.95  0.71  1  2  0.57
 1  98.95  0.62  0  1  0.71
 1  89.33  0.27  0  1  1.40
 0  77.47  0.96  0  1  1.58
 0  67.05  0.71  0  0  0.55
 1  97.46  1.06  0  1  0.77
 3  67.44  1.24  1  3  1.10
 2  99.70  0.84  1  2  0.52
 0  73.90  0.71  0  0  0.65
 2  73.90  0.71  1  3  1.59
 1  90.98  1.00  0  1  0.68
 0  60.30  0.84  0  0  0.73
 1  82.58  0.40  0  1  0.97
 3  87.33  0.46  1  2  1.05
 0  61.05  0.62  0  0  0.65
 2  92.56  1.24  1  2  0.83
 3  67.05  0.71  1  3  0.70
 3  69.02  1.00  1  3  0.77
 3  64.69  1.16  1  3  0.56
 0  61.05  0.95  0  0  0.64
 1  82.58  1.17  0  1  1.14
 1  86.10  0.86  0  1  0.80
 2  90.98  1.00  1  2  1.03
 1  92.95  0.71  0  1  0.71
 0  74.25  0.23  0  1  1.05
 1  87.33  0.46  0  1  0.57
 1  99.70  0.73  0  1  0.59
 1  92.56  0.33  0  1  0.62
 0  67.44  0.33  0  0  0.83
 0  69.02  0.57  0  0  0.52
 3  60.30  0.73  1  3  0.80
 0  77.42  1.17  0  1  1.28
 2  98.95  0.95  1  2  0.86
 0  78.06  1.37  0  0  1.46
 0  64.69  1.16  0  0  6.97
 0  77.42  0.40  0  1  1.04
 3  95.31  0.42  1  2  0.84
 0  72.67  1.11  0  0  1.04
 0  74.25  1.34  0  0  0.53
 0  67.05  0.86  0  0  0.62
 3  61.05  0.95  1  3  0.96
 3  97.46  0.51  1  2  2.14
 3  67.05  0.86  1  3  0.81
 1  85.75  1.34  0  1  1.10
 1  97.46  0.51  0  1  1.03
 3  92.56  0.33  1  2  0.66
 1  82.53  0.61  0  1  1.29
 0  77.47  0.61  0  0  1.71
 2  89.33  1.30  1  2  1.36
 0  69.02  1.00  0  0  0.85
 3  89.33  0.27  1  1  0.57
 2  86.10  0.86  1  2  0.91
 2  98.95  0.62  1  2  0.70
 1  95.31  0.42  0  1  0.86
 3  81.94  0.21  1  2  1.58
 2  87.33  1.11  1  3  0.96
 1  98.95  0.95  0  1  0.53
 3  72.67  0.46  1  3  1.21
 3  78.06  0.21  1  3  0.91
 1  87.33  1.11  0  1  3.11
 0  72.67  0.46  0  0  0.80
 2  86.10  0.71  1  2  1.03
 2  99.70  0.73  1  2  0.69
 0  67.44  1.24  0  0  3.14
 3  85.75  0.23  1  2  1.04
 1  85.75  0.23  0  1  1.23
 2  92.95  0.86  1  2  0.82
 2  82.53  0.61  1  3  0.95
 2  77.47  0.96  1  3  0.57
 3  67.44  0.33  1  3  0.64
 3  64.69  0.42  1  3  0.64
 3  62.54  1.06  1  3  0.54
 3  61.05  0.62  1  3  0.60
 2  72.67  1.11  1  2  1.37
 3  70.67  0.27  1  2  0.57
 2  74.25  1.34  1  3  0.59
 2  82.53  0.96  1  2  0.51
 0  60.30  0.73  0  0  0.72
 3  82.58  0.40  1  1  0.59
 1  92.95  0.86  0  1  0.92
 2  97.46  1.06  1  2  1.30
 2  90.98  0.57  1  1  0.54
 2  82.58  1.17  1  2  1.29
 2  77.47  0.61  1  3  1.34
 3  70.67  1.30  1  3  0.68
 1  81.94  0.21  0  1  1.07
 3  69.02  0.57  1  3  3.66
 0  64.69  0.42  0  0  1.42
 2  73.90  0.86  1  2  1.76
 1  89.33  1.30  0  1  0.92
 0  70.67  0.27  0  0  2.06
 3  60.30  0.84  1  3  3.57
 2  78.06  1.37  1  2  1.60
 1  95.31  1.16  0  1  0.92
 2  81.94  1.37  1  2  1.04
 1  86.10  0.71  0  1  0.60
 0  70.67  1.30  0  0  1.27
 3  77.42  0.40  1  2  2.06
 2  77.42  1.17  1  3  5.64
 0  62.54  1.06  0  0  0.73
 0  73.90  0.86  0  0  0.76
 3  62.54  0.51  1  3  5.32
 1  82.53  0.96  0  1  1.32
 1  90.98  0.57  0  1  1.21
 0  62.54  0.51  0  0  1.03
 1  81.94  1.37  0  1  0.72
 0  78.06  0.21  0  1  1.84
 1  92.56  1.24  0  1  0.61
 3  74.25  0.23  1  2  0.96
 1  86.10  0.71  0  1  0.95
 0  62.54  1.06  0  0  0.54
 0  77.47  0.96  0  1  0.73
 1  99.70  0.73  0  1  0.49
 1  90.98  1.00  0  1  0.66
 1  85.75  0.23  0  1  0.88
 1  85.75  1.34  0  1  0.90
 3  85.75  0.23  1  2  1.95
 2  86.10  0.71  1  2  1.51
 0  77.42  0.40  0  1  0.72
 3  70.67  1.30  1  3  1.14
 1  87.33  1.11  0  1  2.12
 0  67.05  0.71  0  0  0.69
 1  81.94  1.37  0  1  1.34
 2  86.10  0.86  1  2  0.96
 2  77.47  0.96  1  3  0.90
 0  67.05  0.86  0  0  0.75
 0  78.06  0.21  0  1  0.76
 0  69.02  1.00  0  0  0.57
 1  92.95  0.71  0  1  0.58
 2  72.67  1.11  1  3  7.72
 1  89.33  1.30  0  1  1.11
 1  95.31  0.42  0  1  0.82
 2  92.56  1.24  1  2  1.19
 2  73.90  0.71  1  3  0.73
 3  97.46  0.51  1  2  2.46
 1  92.56  0.33  0  1  0.66
 2  82.53  0.96  1  2  1.52
 3  64.69  1.16  1  3  0.60
 1  89.33  0.27  0  1  0.85
 3  89.33  0.27  1  2  1.20
 0  72.67  1.11  0  0  0.72
 0  70.67  0.27  0  0  1.03
 3  87.33  0.46  1  2  2.42
 0  60.30  0.84  0  0  0.75
 3  60.30  0.84  1  3  1.48
 0  69.02  0.57  0  0  2.18
 0  70.67  1.30  0  0  0.91
 1  99.70  0.84  0  1  0.59
 0  62.54  0.51  0  0  0.68
 1  98.95  0.62  0  1  0.53
 2  99.70  0.84  1  2  0.69
 1  92.56  1.24  0  1  0.80
 0  77.47  0.61  0  0  1.82
 3  72.67  0.46  1  3  0.74
 3  67.44  0.33  1  3  0.73
 1  97.46  0.51  0  1  0.56
 1  82.58  1.17  0  1  1.00
 2  81.94  1.37  1  2  0.88
 0  73.90  0.86  0  0  1.02
 3  95.31  0.42  1  2  1.16
 0  77.42  1.17  0  0  1.15
 0  67.44  0.33  0  0  0.59
 0  64.69  0.42  0  0  0.78
 3  61.05  0.95  1  3  1.00
 2  77.42  1.17  1  2  1.39
 2  90.98  1.00  1  2  0.61
 1  90.98  0.57  0  1  0.60
 1  92.95  0.86  0  1  2.71
 2  98.95  0.62  1  2  0.71
 0  72.67  0.46  0  1  5.14
 2  95.31  1.16  1  2  0.85
 3  62.54  0.51  1  3  0.71
 2  99.70  0.73  1  2  0.64
 1  86.10  0.86  0  1  1.11
 0  64.69  1.16  0  0  0.74
 2  87.33  1.11  1  2  3.32
 3  78.06  0.21  1  2  2.07
 3  64.69  0.42  1  3  0.72
 1  82.53  0.61  0  1  5.55
 1  87.33  0.46  0  1  0.58
 3  67.44  1.24  1  3  0.73
 1  95.31  1.16  0  1  0.91
 0  74.25  0.23  0  1  3.23
 3  70.67  0.27  1  3  0.69
 3  61.05  0.62  1  3  0.65
 1  98.95  0.95  0  1  0.61
 3  60.30  0.73  1  3  0.52
 0  61.05  0.62  0  0  1.21
 2  90.98  0.57  1  2  1.02
 0  67.44  1.24  0  0  1.15
 2  77.47  0.61  1  3  1.08
 2  92.95  0.71  1  2  1.09
 2  89.33  1.30  1  2  0.71
 1  82.53  0.96  0  1  3.25
 0  74.25  1.34  0  0  0.61
 3  69.02  0.57  1  3  3.75
 3  62.54  1.06  1  3  0.49
 3  81.94  0.21  1  2  0.99
 2  98.95  0.95  1  2  0.60
 2  73.90  0.86  1  3  0.60
 1  81.94  0.21  0  1  0.68
 1  97.46  1.06  0  1  0.66
 2  78.06  1.37  1  3  0.62
 3  92.56  0.33  1  2  0.63
 3  67.05  0.71  1  3  0.66
 3  77.42  0.40  1  2  0.67
 1  82.58  0.40  0  1  1.45
 3  67.05  0.86  1  3  0.61
 2  97.46  1.06  1  2  1.29
 0  61.05  0.95  0  0  0.69
 0  73.90  0.71  0  0  0.80
 3  69.02  1.00  1  3  0.67
 3  82.58  0.40  1  2  0.83
 2  74.25  1.34  1  3  1.13
 2  92.95  0.86  1  2  0.69
 0  60.30  0.73  0  0  0.59
 3  74.25  0.23  1  3  1.59
 2  82.58  1.17  1  3  0.62
 2  82.53  0.61  1  2  0.56
 0  78.06  1.37  0  0  1.16
 2  85.75  1.34  1  2  0.86
