 1  87.33  0.46  0  1  3.22
 2  86.10  0.71  1  1  1.08
 1  97.46  0.51  0  2  5.13
 1  98.95  0.62  0  3  2.22
 3  61.05  0.95  1  0  1.20
 2  72.67  1.11  1  1  2.59
 1  92.95  0.86  0  0  3.05
 1  95.31  0.42  0  1  5.28
 0  78.06  0.21  0  1  2.90
 0  77.47  0.61  0  3  2.92
 3  70.67  1.30  1  0  2.61
 2  82.58  1.17  1  2  3.99
 0  64.69  1.16  0  2  2.89
 2  78.06  1.37  1  3  2.27
 3  67.05  0.86  1  0  0.74
 1  99.70  0.73  0  1  1.05
 1  92.56  1.24  0  1  1.10
 2  77.42  1.17  1  1  1.59
 0  72.67  0.46  0  2  1.81
 0  69.02  0.57  0  3  1.92
 0  74.25  0.23  0  0  0.78
 1  85.75  0.23  0  1  1.66
 3  89.33  0.27  1  1  1.21
 2  77.47  0.61  1  0  1.90
 1  86.10  0.86  0  1  2.79
 0  70.67  0.27  0  0  2.79
 2  74.25  1.34  1  2  2.75
 0  72.67  1.11  0  2  1.43
 2  82.53  0.96  1  0  3.67
 0  60.30  0.73  0  0  2.13
 2  82.53  0.61  1  1  1.20
 2  87.33  1.11  1  2  5.72
 3  82.58  0.40  1  2  2.57
 0  67.44  0.33  0  0  1.36
 2  86.10  0.86  1  2  1.60
 1  89.33  0.27  0  1  1.94
 0  73.90  0.71  0  2  1.84
 3  67.44  1.24  1  0  1.38
 1  98.95  0.95  0  1  1.33
 3  77.42  0.40  1  2  3.91
 2  97.46  1.06  1  1  1.30
 2  92.95  0.71  1  3  1.37
 3  74.25  0.23  1  0  2.68
 1  95.31  1.16  0  1  1.02
 3  85.75  0.23  1  3  2.26
 1  82.53  0.61  0  2  5.49
 0  61.05  0.95  0  0  1.30
 2  85.75  1.34  1  2  3.08
 2  90.98  0.57  1  3  1.30
 3  62.54  1.06  1  0  1.54
 2  90.98  1.00  1  2  4.80
 2  77.47  0.96  1  2  1.34
 1  92.56  0.33  0  1  3.22
 3  62.54  0.51  1  3  3.01
 1  97.46  1.06  0  1  3.39
 3  70.67  0.27  1  0  1.33
 2  99.70  0.73  1  2  1.78
 0  67.05  0.71  0  0  1.09
 2  92.95  0.86  1  2  2.17
 3  78.06  0.21  1  2  3.30
 1  89.33  1.30  0  0  2.93
 0  69.02  1.00  0  0  1.45
 1  90.98  0.57  0  1  0.73
 3  72.67  0.46  1  3  3.24
 3  97.46  0.51  1  2  1.37
 2  98.95  0.95  1  3  1.04
 3  69.02  0.57  1  3  1.90
 1  81.94  0.21  0  1  3.32
 2  92.56  1.24  1  2  4.32
 2  89.33  1.30  1  2  1.94
 2  73.90  0.86  1  3  1.54
 3  64.69  0.42  1  3  4.15
 1  81.94  1.37  0  0  3.34
 3  81.94  0.21  1  3  2.32
 0  67.44  1.24  0  0  2.79
 0  73.90  0.86  0  0  1.12
 1  99.70  0.84  0  1  1.90
 0  60.30  0.84  0  0  1.53
 1  82.53  0.96  0  0  2.79
 0  74.25  1.34  0  0  0.84
 3  69.02  1.00  1  3  2.95
 1  90.98  1.00  0  1  2.60
 1  86.10  0.71  0  0  1.98
 0  64.69  0.42  0  0  1.32
 1  82.58  1.17  0  1  0.97
 2  73.90  0.71  1  2  6.07
 1  92.95  0.71  0  1  3.84
 3  60.30  0.73  1  3  3.90
 3  61.05  0.62  1  3  1.43
 0  77.47  0.96  0  0  7.21
 0  70.67  1.30  0  1  1.76
 2  81.94  1.37  1  3  2.66
 3  60.30  0.84  1  3  2.17
 0  62.54  0.51  0  0  2.32
 0  61.05  0.62  0  0  1.36
 2  99.70  0.84  1  2  3.02
 1  82.58  0.40  0  1  3.08
 0  77.42  1.17  0  0  3.58
 1  85.75  1.34  0  0  0.83
 3  87.33  0.46  1  2  2.97
 1  87.33  1.11  0  1  2.99
 3  92.56  0.33  1  2  3.27
 0  62.54  1.06  0  0  2.44
 3  64.69  1.16  1  3  1.83
 3  67.44  0.33  1  3  2.06
 3  67.05  0.71  1  3  1.06
 3  95.31  0.42  1  2  0.77
 0  78.06  1.37  0  0  2.13
 0  77.42  0.40  0  0  5.64
 0  67.05  0.86  0  0  1.71
 2  98.95  0.62  1  2  2.78
 2  95.31  1.16  1  2  1.96
 1  95.31  1.16  0  1  9.54
 0  67.05  0.86  0  0  0.95
 2  86.10  0.71  1  3  9.08
 2  87.33  1.11  1  2  2.17
 3  81.94  0.21  1  2  1.43
 2  89.33  1.30  1  2  1.57
 0  61.05  0.62  0  0  6.02
 1  81.94  0.21  0  1  1.60
 3  74.25  0.23  1  3  3.53
 2  97.46  1.06  1  2  3.07
 0  73.90  0.71  0  0  4.19
 2  74.25  1.34  1  2  3.72
 1  82.58  1.17  0  0  4.83
 3  64.69  1.16  1  0  2.67
 1  92.56  1.24  0  1  2.78
 3  77.42  0.40  1  3  3.56
 3  82.58  0.40  1  3  0.95
 3  87.33  0.46  1  3  1.66
 3  67.05  0.71  1  3  1.60
 1  99.70  0.84  0  1  3.02
 2  73.90  0.71  1  3  3.24
 3  62.54  1.06  1  2  1.50
 2  92.95  0.86  1  2  5.10
 3  97.46  0.51  1  3  1.78
 1  82.53  0.96  0  1  2.73
 2  99.70  0.73  1  3  2.36
 2  98.95  0.62  1  2  4.29
 2  77.47  0.96  1  2  1.69
 3  89.33  0.27  1  3  2.89
 2  92.56  1.24  1  2  0.66
 1  86.10  0.86  0  1  3.23
 0  74.25  0.23  0  0  1.04
 3  72.67  0.46  1  3  5.10
 0  67.44  0.33  0  1  2.79
 0  61.05  0.95  0  1  2.35
 1  99.70  0.73  0  1  2.00
 1  82.58  0.40  0  0  2.86
 2  81.94  1.37  1  2  5.47
 2  73.90  0.86  1  2  1.34
 0  70.67  1.30  0  0  3.35
 3  67.44  1.24  1  2  5.45
 2  98.95  0.95  1  2  2.63
 0  60.30  0.84  0  0  3.51
 0  70.67  0.27  0  0  2.46
 0  77.47  0.96  0  0  0.87
 2  77.47  0.61  1  3  4.21
 1  92.56  0.33  0  1  2.25
 2  85.75  1.34  1  2  1.26
 0  64.69  0.42  0  0  1.22
 1  97.46  0.51  0  1  2.19
 1  92.95  0.86  0  1  1.10
 0  60.30  0.73  0  0  2.21
 1  87.33  1.11  0  1  1.14
 0  72.67  1.11  0  0  0.74
 3  69.02  1.00  1  2  1.85
 3  70.67  1.30  1  3  0.78
 0  77.47  0.61  0  1  3.00
 3  67.05  0.86  1  3  1.66
 1  92.95  0.71  0  0  2.22
 1  89.33  0.27  0  1  3.34
 3  61.05  0.95  1  3  3.14
 3  61.05  0.62  1  3  0.62
 2  72.67  1.11  1  3  0.64
 0  78.06  1.37  0  0  2.39
 1  98.95  0.95  0  1  2.54
 1  90.98  0.57  0  1  1.44
 1  81.94  1.37  0  0  1.25
 3  69.02  0.57  1  3  5.21
 0  69.02  0.57  0  0  2.70
 0  72.67  0.46  0  0  1.31
 3  67.44  0.33  1  3  2.66
 1  89.33  1.30  0  1  6.58
 0  62.54  0.51  0  0  1.11
 0  77.42  1.17  0  0  0.90
 2  90.98  1.00  1  2  2.44
 3  70.67  0.27  1  3  1.15
 1  98.95  0.62  0  1  2.34
 2  92.95  0.71  1  2  2.46
 3  64.69  0.42  1  3  0.66
 3  78.06  0.21  1  3  2.35
 1  90.98  1.00  0  0  2.65
 0  62.54  1.06  0  0  0.59
 3  95.31  0.42  1  2  2.78
 0  67.44  1.24  0  0  1.27
 2  78.06  1.37  1  3  1.55
 2  99.70  0.84  1  2  3.16
 2  82.58  1.17  1  3  2.11
 3  92.56  0.33  1  3  1.46
 2  86.10  0.86  1  2  1.87
 3  62.54  0.51  1  3  1.89
 2  82.53  0.61  1  3  0.76
 0  77.42  0.40  0  0  4.88
 2  90.98  0.57  1  3  4.60
 1  82.53  0.61  0  0  3.11
 0  73.90  0.86  0  0  3.48
 0  67.05  0.71  0  0  1.80
 2  77.42  1.17  1  3  2.49
 1  97.46  1.06  0  1  2.17
 0  69.02  1.00  0  2  3.56
 3  60.30  0.84  1  0  1.27
 1  95.31  0.42  0  1  1.86
 1  86.10  0.71  0  1  1.48
 2  95.31  1.16  1  2  3.08
 1  85.75  1.34  0  0  3.49
 1  87.33  0.46  0  1  0.81
 0  78.06  0.21  0  1  0.92
 1  85.75  0.23  0  0  2.51
 0  74.25  1.34  0  0  1.45
 0  64.69  1.16  0  0  0.74
 2  82.53  0.96  1  3  1.93
 3  85.75  0.23  1  2  0.97
 3  60.30  0.73  1  3  0.72
 2  95.31  1.16  1  2  9.07
 3  81.94  0.21  1  3  1.65
 3  69.02  1.00  1  3  3.10
 0  70.67  1.30  0  0  3.74
 0  77.42  0.40  0  1  4.24
 2  82.58  1.17  1  3  4.10
 2  92.95  0.71  1  2  1.15
 0  67.05  0.86  0  0  2.39
 1  92.56  1.24  0  1  2.18
 1  82.58  0.40  0  1  2.32
 2  99.70  0.84  1  2  1.75
 1  95.31  1.16  0  1  2.21
 3  67.05  0.86  1  3  1.55
 1  89.33  0.27  0  1  1.18
 1  86.10  0.71  0  1  1.35
 3  89.33  0.27  1  2  1.40
 0  73.90  0.71  0  0  1.97
 0  77.47  0.96  0  0  2.08
 3  64.69  1.16  1  3  2.78
 0  73.90  0.86  0  0  1.77
 3  97.46  0.51  1  3  2.59
 3  77.42  0.40  1  3  2.46
 2  73.90  0.86  1  3  1.56
 2  77.47  0.61  1  3  0.91
 0  78.06  1.37  0  0  2.13
 1  85.75  0.23  0  1  2.17
 1  87.33  0.46  0  1  1.03
 1  90.98  0.57  0  1  0.79
 3  74.25  0.23  1  3  2.84
 0  78.06  0.21  0  1  3.32
 0  77.42  1.17  0  0  2.80
 3  82.58  0.40  1  3  2.66
 1  98.95  0.95  0  1  1.77
 1  85.75  1.34  0  1  1.80
 3  62.54  1.06  1  2  4.80
 2  72.67  1.11  1  3  0.80
 0  72.67  1.11  0  0  4.37
 3  61.05  0.62  1  3  2.60
 0  77.47  0.61  0  1  3.42
 3  85.75  0.23  1  2  3.63
 1  89.33  1.30  0  1  2.08
 1  81.94  1.37  0  1  2.55
 0  74.25  1.34  0  1  0.71
 3  60.30  0.73  1  3  2.31
 0  62.54  1.06  0  0  3.40
 3  70.67  1.30  1  3  1.54
 3  60.30  0.84  1  3  1.81
 3  67.44  1.24  1  3  0.77
 0  69.02  0.57  0  0  2.18
 1  82.53  0.61  0  1  1.30
 1  90.98  1.00  0  1  1.08
 0  70.67  0.27  0  1  1.62
 2  92.95  0.86  1  2  1.66
 1  82.53  0.96  0  0  2.69
 0  72.67  0.46  0  0  1.09
 0  64.69  0.42  0  0  0.73
 2  98.95  0.62  1  2  2.91
 2  90.98  0.57  1  2  0.87
 2  97.46  1.06  1  2  0.80
 2  87.33  1.11  1  2  0.67
 2  90.98  1.00  1  2  0.63
 1  95.31  0.42  0  1  1.23
 0  64.69  1.16  0  0  0.68
 0  60.30  0.73  0  0  0.63
 1  87.33  1.11  0  1  1.17
 2  86.10  0.71  1  2  2.53
 3  70.67  0.27  1  3  1.42
 0  67.05  0.71  0  0  1.19
 3  95.31  0.42  1  2  1.52
 2  77.47  0.96  1  3  1.03
 3  69.02  0.57  1  3  0.64
 2  89.33  1.30  1  2  1.42
 0  67.44  0.33  0  0  1.84
 3  67.44  0.33  1  3  1.72
 1  92.56  0.33  0  1  1.41
 2  92.56  1.24  1  2  4.95
 2  99.70  0.73  1  3  0.95
 2  73.90  0.71  1  2  4.03
 0  61.05  0.62  0  0  2.72
 0  62.54  0.51  0  0  1.39
 2  78.06  1.37  1  2  2.04
 0  61.05  0.95  0  0  1.08
 3  78.06  0.21  1  3  1.99
 3  67.05  0.71  1  3  1.48
 3  92.56  0.33  1  3  1.63
 1  98.95  0.62  0  1  1.08
 2  82.53  0.61  1  3  1.77
 2  77.42  1.17  1  2  0.97
 3  72.67  0.46  1  2  1.03
 2  86.10  0.86  1  2  1.46
 0  69.02  1.00  0  0  1.46
 0  74.25  0.23  0  0  1.08
 2  98.95  0.95  1  2  3.76
 3  61.05  0.95  1  3  5.07
 1  81.94  0.21  0  1  4.55
 1  82.58  1.17  0  1  1.43
 2  74.25  1.34  1  3  3.25
 0  67.44  1.24  0  0  1.42
 3  62.54  0.51  1  3  1.73
 2  85.75  1.34  1  2  1.12
 2  81.94  1.37  1  2  1.07
 1  97.46  1.06  0  1  1.12
 1  92.95  0.71  0  1  1.07
 1  99.70  0.73  0  1  0.84
 3  64.69  0.42  1  3  1.44
 1  92.95  0.86  0  1  0.90
 1  86.10  0.86  0  2  7.30
 2  82.53  0.96  1  0  1.83
 1  97.46  0.51  0  1  1.19
 1  99.70  0.84  0  1  1.14
 0  60.30  0.84  0  0  0.68
 3  87.33  0.46  1  2  2.24
 0  64.69  0.42  0  0  7.26
 3  61.05  0.95  1  3  1.26
 1  87.33  1.11  0  1  2.27
 3  69.02  0.57  1  3  1.78
 2  90.98  1.00  1  2  0.85
 1  95.31  0.42  0  1  0.97
 3  87.33  0.46  1  3  2.58
 3  81.94  0.21  1  3  1.00
 2  89.33  1.30  1  2  0.73
 3  85.75  0.23  1  3  0.67
 0  77.42  1.17  0  0  2.07
 1  82.58  0.40  0  1  2.36
 3  77.42  0.40  1  3  1.74
 0  73.90  0.86  0  0  2.08
 1  89.33  0.27  0  1  0.71
 0  70.67  1.30  0  0  0.73
 2  81.94  1.37  1  2  2.03
 1  87.33  0.46  0  1  1.60
 0  67.44  0.33  0  0  1.15
 0  69.02  0.57  0  0  0.69
 1  92.56  0.33  0  1  0.87
 2  97.46  1.06  1  2  1.79
 3  78.06  0.21  1  3  0.86
 2  78.06  1.37  1  2  0.79
 2  82.53  0.61  1  3  0.76
 3  67.44  1.24  1  2  0.85
 2  98.95  0.95  1  2  1.49
 3  89.33  0.27  1  2  3.63
 3  62.54  0.51  1  3  0.92
 0  73.90  0.71  0  0  2.45
 0  60.30  0.84  0  0  0.70
 1  97.46  1.06  0  1  1.22
 0  67.05  0.71  0  0  0.60
 2  77.42  1.17  1  2  3.42
 2  98.95  0.62  1  3  2.28
 1  86.10  0.71  0  1  1.74
 0  78.06  0.21  0  0  2.92
 3  69.02  1.00  1  3  1.98
 0  70.67  0.27  0  0  1.36
 1  98.95  0.95  0  1  0.75
 2  86.10  0.86  1  2  3.71
 3  97.46  0.51  1  2  0.91
 1  92.56  1.24  0  1  3.04
 3  62.54  1.06  1  3  2.70
 3  64.69  1.16  1  3  0.64
 3  70.67  0.27  1  3  1.03
 1  81.94  1.37  0  1  1.51
 2  99.70  0.84  1  2  1.81
 3  64.69  0.42  1  3  1.01
 0  67.05  0.86  0  0  1.23
 2  87.33  1.11  1  2  2.38
 0  61.05  0.62  0  0  3.16
 2  74.25  1.34  1  3  2.04
 3  70.67  1.30  1  2  0.68
 0  72.67  1.11  0  0  2.40
 1  82.53  0.61  0  1  1.03
 2  73.90  0.86  1  3  2.25
 1  90.98  1.00  0  1  1.30
 1  92.95  0.71  0  1  0.75
 3  74.25  0.23  1  3  2.94
 1  99.70  0.84  0  1  1.25
 2  92.95  0.71  1  2  3.05
 3  67.05  0.71  1  3  1.00
 0  77.47  0.96  0  1  1.77
 1  98.95  0.62  0  1  0.70
 0  60.30  0.73  0  0  0.59
 0  69.02  1.00  0  0  0.46
 0  64.69  1.16  0  0  0.55
 0  78.06  1.37  0  1  1.39
 2  77.47  0.96  1  2  2.85
 3  72.67  0.46  1  3  0.99
 3  60.30  0.73  1  3  0.82
 1  97.46  0.51  0  1  0.99
 0  72.67  0.46  0  1  2.56
 2  72.67  1.11  1  2  1.81
 0  62.54  0.51  0  0  1.44
 2  92.56  1.24  1  2  1.45
 3  95.31  0.42  1  3  2.09
 2  77.47  0.61  1  3  0.88
 2  95.31  1.16  1  2  0.85
 2  90.98  0.57  1  3  0.66
 2  82.58  1.17  1  2  0.80
 3  61.05  0.62  1  2  0.82
 3  67.05  0.86  1  3  0.85
 1  92.95  0.86  0  1  1.03
 2  85.75  1.34  1  2  1.24
 0  61.05  0.95  0  0  1.16
 1  95.31  1.16  0  1  0.89
 1  90.98  0.57  0  1  0.85
 1  82.58  1.17  0  1  0.76
 2  73.90  0.71  1  3  1.81
 3  92.56  0.33  1  3  0.73
 1  89.33  1.30  0  1  0.90
 2  92.95  0.86  1  2  0.99
 0  77.47  0.61  0  1  1.33
 1  85.75  1.34  0  1  0.79
 0  77.42  0.40  0  0  0.81
 0  62.54  1.06  0  0  0.88
 3  60.30  0.84  1  3  1.37
 1  86.10  0.86  0  2  1.50
 1  82.53  0.96  0  0  2.34
 0  74.25  0.23  0  0  0.86
 1  85.75  0.23  0  0  1.16
 2  99.70  0.73  1  2  1.65
 1  99.70  0.73  0  1  2.69
 2  86.10  0.71  1  2  2.79
 0  67.44  1.24  0  0  1.08
 3  82.58  0.40  1  3  2.52
 3  67.44  0.33  1  3  0.56
 2  82.53  0.96  1  2  2.46
 0  74.25  1.34  0  0  1.65
 1  81.94  0.21  0  0  1.86
 0  69.02  0.57  0  0  4.94
 3  60.30  0.84  1  3  1.52
 2  78.06  1.37  1  2  1.71
 3  78.06  0.21  1  3  1.12
 1  98.95  0.62  0  1  1.11
 1  92.95  0.71  0  1  1.14
 2  73.90  0.86  1  3  1.37
 0  60.30  0.84  0  0  1.13
 3  70.67  0.27  1  3  1.71
 2  92.95  0.86  1  2  1.16
 1  92.95  0.86  0  1  1.12
 3  77.42  0.40  1  3  1.65
 2  81.94  1.37  1  2  1.27
 2  82.58  1.17  1  2  1.08
 3  67.44  0.33  1  3  1.42
 3  92.56  0.33  1  3  2.02
 1  95.31  1.16  0  1  1.27
 3  85.75  0.23  1  3  1.44
 3  61.05  0.62  1  3  1.80
 1  97.46  0.51  0  1  1.18
 0  72.67  1.11  0  1  2.37
 1  87.33  0.46  0  1  1.10
 2  74.25  1.34  1  3  2.61
 1  89.33  1.30  0  1  1.23
 1  90.98  0.57  0  1  1.07
 0  70.67  0.27  0  0  2.32
 3  72.67  0.46  1  3  1.50
 2  90.98  0.57  1  3  2.34
 0  64.69  0.42  0  0  2.21
 2  72.67  1.11  1  3  2.14
 2  98.95  0.62  1  2  2.84
 2  82.53  0.61  1  2  2.00
 2  85.75  1.34  1  2  1.26
 3  81.94  0.21  1  3  1.21
 0  77.42  1.17  0  1  2.24
 0  61.05  0.62  0  0  1.12
 2  98.95  0.95  1  2  2.08
 1  98.95  0.95  0  1  0.90
 2  77.42  1.17  1  2  2.05
 1  99.70  0.84  0  1  1.40
 3  69.02  1.00  1  3  1.75
 0  72.67  0.46  0  0  1.80
 1  90.98  1.00  0  1  1.26
 0  78.06  1.37  0  0  1.50
 0  62.54  0.51  0  0  1.03
 1  95.31  0.42  0  1  1.08
 0  67.05  0.71  0  0  1.05
 0  69.02  1.00  0  0  0.94
 1  99.70  0.73  0  1  1.00
 2  86.10  0.71  1  2  2.24
 1  89.33  0.27  0  1  1.61
 0  70.67  1.30  0  0  1.14
 1  97.46  1.06  0  1  0.70
 3  60.30  0.73  1  3  1.83
 2  92.56  1.24  1  2  1.06
 0  77.47  0.96  0  1  4.48
 0  67.44  1.24  0  0  0.86
 3  74.25  0.23  1  3  1.52
 2  77.47  0.61  1  3  0.93
 1  86.10  0.86  0  1  2.03
 2  92.95  0.71  1  2  2.03
 0  74.25  0.23  0  1  1.97
 1  82.58  1.17  0  1  1.65
 2  89.33  1.30  1  2  1.84
 0  73.90  0.86  0  0  1.54
 3  67.44  1.24  1  3  1.71
 1  85.75  1.34  0  1  2.09
 0  78.06  0.21  0  1  1.34
 0  74.25  1.34  0  1  2.23
 3  70.67  1.30  1  3  1.07
 1  82.53  0.61  0  1  1.36
 3  69.02  0.57  1  3  2.35
 3  95.31  0.42  1  2  0.81
 0  77.47  0.61  0  1  2.58
 1  82.53  0.96  0  1  1.09
 0  67.44  0.33  0  0  0.65
 0  62.54  1.06  0  0  0.62
 2  73.90  0.71  1  2  3.98
 3  67.05  0.86  1  3  1.97
 1  81.94  1.37  0  1  1.56
 3  62.54  0.51  1  3  1.73
 1  86.10  0.71  0  1  1.32
 1  87.33  1.11  0  1  0.76
 2  99.70  0.73  1  2  1.70
 3  97.46  0.51  1  3  3.70
 1  85.75  0.23  0  0  3.75
 2  99.70  0.84  1  2  1.34
 2  97.46  1.06  1  2  0.57
 1  92.56  1.24  0  1  1.31
 0  64.69  1.16  0  0  0.79
 2  87.33  1.11  1  2  1.36
 1  82.58  0.40  0  1  1.40
 3  62.54  1.06  1  3  1.82
 3  61.05  0.95  1  3  0.73
 3  87.33  0.46  1  3  2.11
 0  77.42  0.40  0  0  2.28
 0  61.05  0.95  0  0  0.82
 2  77.47  0.96  1  2  1.29
 3  82.58  0.40  1  3  1.32
 2  86.10  0.86  1  2  0.73
 0  73.90  0.71  0  1  2.16
 0  60.30  0.73  0  0  0.53
 3  64.69  0.42  1  0  0.69
 2  95.31  1.16  1  2  1.19
 3  89.33  0.27  1  3  1.19
 1  81.94  0.21  0  0  1.56
 2  82.53  0.96  1  2  1.42
 2  90.98  1.00  1  2  0.71
 0  67.05  0.86  0  0  1.27
 3  67.05  0.71  1  3  1.42
 1  92.56  0.33  0  1  1.17
 3  64.69  1.16  1  3  1.32
