 2  98.95  0.62  1  0  6.94
 0  77.42  0.40  0  1  5.12
 0  67.05  0.86  0  3  4.74
 0  61.05  0.62  0  0  3.57
 3  77.42  0.40  1  1  2.78
 0  64.69  0.42  0  0  1.67
 3  95.31  0.42  1  3  3.36
 2  78.06  1.37  1  1  2.94
 1  87.33  0.46  0  3  3.02
 2  72.67  1.11  1  1  2.33
 2  74.25  1.34  1  1  3.19
 0  69.02  1.00  0  1  2.56
 0  78.06  1.37  0  2  1.80
 0  70.67  1.30  0  3  0.86
 2  82.58  1.17  1  3  2.23
 1  99.70  0.84  0  3  1.77
 0  73.90  0.71  0  0  1.96
 3  87.33  0.46  1  3  1.19
 1  82.53  0.96  0  2  1.28
 2  89.33  1.30  1  3  1.56
 0  67.05  0.71  0  0  0.71
 1  85.75  1.34  0  1  1.13
 3  82.58  0.40  1  3  1.46
 1  86.10  0.86  0  2  1.28
 2  90.98  0.57  1  3  0.91
 2  82.53  0.61  1  3  1.12
 1  90.98  1.00  0  3  1.29
 3  62.54  1.06  1  2  3.40
 2  77.47  0.61  1  0  2.25
 2  92.56  1.24  1  3  0.97
 0  62.54  0.51  0  0  1.15
 3  64.69  1.16  1  1  1.38
 1  95.31  0.42  0  3  0.95
 2  77.42  1.17  1  1  1.53
 2  86.10  0.71  1  3  0.97
 2  95.31  1.16  1  3  1.27
 3  89.33  0.27  1  3  0.80
 3  69.02  1.00  1  2  2.44
 2  90.98  1.00  1  1  1.06
 0  74.25  1.34  0  0  1.04
 1  97.46  1.06  0  2  1.58
 3  60.30  0.73  1  2  2.80
 3  67.05  0.86  1  0  1.67
 3  74.25  0.23  1  1  2.32
 2  92.95  0.86  1  3  0.76
 1  89.33  0.27  0  3  2.60
 3  78.06  0.21  1  3  1.52
 0  64.69  1.16  0  0  1.52
 2  85.75  1.34  1  1  1.41
 3  70.67  1.30  1  1  2.23
 2  73.90  0.86  1  3  2.22
 2  97.46  1.06  1  3  1.01
 1  99.70  0.73  0  1  3.92
 1  98.95  0.62  0  1  1.39
 0  69.02  0.57  0  0  1.52
 1  92.95  0.86  0  1  2.17
 1  82.58  0.40  0  1  0.78
 0  72.67  0.46  0  0  1.69
 0  78.06  0.21  0  1  1.06
 0  62.54  1.06  0  0  0.84
 2  99.70  0.73  1  3  2.07
 2  99.70  0.84  1  2  2.42
 1  97.46  0.51  0  1  1.37
 0  73.90  0.86  0  0  1.13
 0  77.47  0.96  0  0  2.08
 0  77.47  0.61  0  1  1.08
 1  81.94  0.21  0  1  0.97
 1  89.33  1.30  0  0  2.15
 0  72.67  1.11  0  0  1.27
 1  86.10  0.71  0  3  1.45
 3  72.67  0.46  1  3  4.03
 1  92.56  1.24  0  0  2.91
 3  69.02  0.57  1  2  2.51
 2  87.33  1.11  1  3  1.48
 3  85.75  0.23  1  2  3.44
 3  97.46  0.51  1  3  1.08
 1  81.94  1.37  0  1  3.17
 1  87.33  1.11  0  1  1.49
 1  82.58  1.17  0  1  1.95
 0  61.05  0.95  0  0  0.95
 0  67.44  1.24  0  0  1.28
 2  98.95  0.95  1  3  2.43
 0  70.67  0.27  0  1  2.45
 3  62.54  0.51  1  3  2.38
 0  77.42  1.17  0  0  2.27
 3  92.56  0.33  1  2  1.47
 1  95.31  1.16  0  1  2.10
 0  60.30  0.84  0  0  0.96
 1  90.98  0.57  0  1  1.70
 3  67.44  0.33  1  3  1.59
 1  85.75  0.23  0  1  1.97
 0  74.25  0.23  0  1  1.10
 2  82.53  0.96  1  3  2.70
 3  67.44  1.24  1  3  1.68
 1  92.95  0.71  0  1  1.32
 1  98.95  0.95  0  1  1.78
 3  81.94  0.21  1  3  3.35
 3  67.05  0.71  1  3  2.20
 3  61.05  0.62  1  3  1.17
 0  67.44  0.33  0  0  1.62
 3  64.69  0.42  1  3  1.25
 2  81.94  1.37  1  2  2.52
 3  70.67  0.27  1  3  2.30
 3  61.05  0.95  1  3  2.76
 2  92.95  0.71  1  2  2.38
 1  82.53  0.61  0  1  1.31
 1  92.56  0.33  0  0  1.83
 0  60.30  0.73  0  0  0.80
 2  86.10  0.86  1  2  1.95
 2  73.90  0.71  1  3  1.55
 3  60.30  0.84  1  3  0.73
 2  77.47  0.96  1  2  2.56
 0  67.44  0.33  0  0  3.92
 1  99.70  0.73  0  1  1.33
 1  86.10  0.86  0  1  1.22
 1  95.31  0.42  0  1  1.58
 0  60.30  0.73  0  0  0.85
 1  81.94  0.21  0  1  2.07
 2  92.95  0.71  1  2  1.40
 3  62.54  0.51  1  3  1.03
 0  70.67  1.30  0  0  2.01
 0  73.90  0.71  0  0  2.02
 1  85.75  0.23  0  1  1.23
 0  74.25  0.23  0  1  1.25
 2  82.58  1.17  1  2  1.93
 1  86.10  0.71  0  1  1.19
 3  95.31  0.42  1  2  1.63
 2  85.75  1.34  1  2  1.33
 0  73.90  0.86  0  0  1.72
 3  69.02  0.57  1  3  1.40
 0  64.69  0.42  0  0  1.14
 3  77.42  0.40  1  3  2.23
 0  78.06  0.21  0  0  2.09
 3  61.05  0.95  1  3  2.53
 1  95.31  1.16  0  1  1.79
 1  82.58  0.40  0  0  2.74
 0  69.02  0.57  0  0  1.15
 2  99.70  0.84  1  2  1.67
 2  77.42  1.17  1  2  4.22
 2  82.53  0.61  1  2  2.95
 2  89.33  1.30  1  2  2.26
 3  74.25  0.23  1  3  1.16
 2  98.95  0.62  1  2  1.31
 1  92.56  1.24  0  1  3.32
 3  61.05  0.62  1  3  1.16
 3  62.54  1.06  1  3  1.14
 2  99.70  0.73  1  2  2.83
 3  69.02  1.00  1  3  1.23
 1  82.53  0.61  0  0  2.26
 0  72.67  0.46  0  0  0.71
 0  64.69  1.16  0  0  1.12
 2  90.98  1.00  1  2  1.80
 1  98.95  0.62  0  1  1.21
 2  98.95  0.95  1  2  1.59
 0  77.42  1.17  0  1  2.83
 1  81.94  1.37  0  0  3.43
 2  82.53  0.96  1  2  3.39
 1  92.95  0.71  0  1  2.72
 2  77.47  0.96  1  2  2.73
 1  89.33  0.27  0  1  1.11
 3  81.94  0.21  1  2  1.67
 2  77.47  0.61  1  2  2.06
 1  87.33  1.11  0  1  3.24
 0  74.25  1.34  0  0  1.34
 3  82.58  0.40  1  3  3.41
 1  92.56  0.33  0  1  1.13
 0  70.67  0.27  0  0  1.58
 1  89.33  1.30  0  1  1.87
 2  73.90  0.86  1  3  1.20
 2  78.06  1.37  1  3  2.37
 2  72.67  1.11  1  2  1.70
 2  90.98  0.57  1  2  1.44
 0  62.54  1.06  0  0  0.91
 3  60.30  0.73  1  3  1.15
 3  89.33  0.27  1  2  1.62
 3  60.30  0.84  1  3  0.97
 3  97.46  0.51  1  3  1.32
 0  67.05  0.86  0  0  0.77
 3  92.56  0.33  1  2  2.64
 3  67.44  1.24  1  3  0.85
 1  97.46  0.51  0  1  3.98
 3  64.69  0.42  1  3  1.94
 2  81.94  1.37  1  3  1.74
 3  67.44  0.33  1  3  2.31
 3  72.67  0.46  1  3  1.39
 0  77.47  0.61  0  0  2.08
 3  87.33  0.46  1  1  1.45
 1  87.33  0.46  0  1  1.05
 2  97.46  1.06  1  2  1.65
 2  87.33  1.11  1  2  3.14
 3  64.69  1.16  1  3  1.06
 3  70.67  0.27  1  3  2.20
 3  70.67  1.30  1  3  1.71
 1  90.98  0.57  0  1  1.58
 1  92.95  0.86  0  1  3.42
 0  61.05  0.62  0  0  0.67
 2  73.90  0.71  1  2  2.42
 2  92.56  1.24  1  2  1.95
 0  62.54  0.51  0  0  0.97
 0  72.67  1.11  0  1  1.85
 3  67.05  0.86  1  3  0.97
 0  61.05  0.95  0  0  0.94
 3  67.05  0.71  1  3  1.04
 1  98.95  0.95  0  2  1.23
 3  85.75  0.23  1  0  3.40
 1  97.46  1.06  0  2  1.68
 0  78.06  1.37  0  0  2.76
 0  60.30  0.84  0  0  0.78
 1  82.53  0.96  0  1  1.54
 0  77.47  0.96  0  1  1.03
 0  77.42  0.40  0  0  1.65
 1  85.75  1.34  0  1  2.62
 0  67.05  0.71  0  0  0.90
 3  78.06  0.21  1  3  1.61
 1  82.58  1.17  0  2  1.40
 1  90.98  1.00  0  1  1.19
 1  99.70  0.84  0  1  0.86
 2  74.25  1.34  1  3  1.90
 2  92.95  0.86  1  2  1.06
 2  86.10  0.86  1  2  1.15
 0  67.44  1.24  0  0  1.44
 0  69.02  1.00  0  0  1.65
 2  95.31  1.16  1  2  2.21
 2  86.10  0.71  1  2  1.53
 3  62.54  1.06  1  3  1.03
 1  85.75  1.34  0  0  1.35
 0  60.30  0.73  0  0  0.39
 1  92.56  1.24  0  1  0.86
 1  92.56  0.33  0  1  1.36
 0  64.69  1.16  0  0  0.49
 0  72.67  0.46  0  1  1.54
 2  72.67  1.11  1  2  1.10
 1  97.46  0.51  0  1  1.13
 3  60.30  0.84  1  3  1.47
 2  98.95  0.62  1  2  1.00
 0  73.90  0.71  0  0  1.36
 1  89.33  0.27  0  1  1.47
 1  87.33  0.46  0  1  1.15
 0  69.02  1.00  0  0  0.70
 1  89.33  1.30  0  1  2.91
 3  70.67  1.30  1  3  1.52
 3  70.67  0.27  1  3  1.49
 3  92.56  0.33  1  2  0.63
 1  99.70  0.73  0  1  0.99
 3  87.33  0.46  1  2  0.95
 2  74.25  1.34  1  3  1.89
 2  86.10  0.71  1  3  1.91
 3  64.69  1.16  1  3  0.78
 3  85.75  0.23  1  3  2.07
 3  67.05  0.71  1  3  0.89
 3  78.06  0.21  1  3  1.38
 3  69.02  0.57  1  2  1.30
 0  62.54  1.06  0  0  1.46
 2  87.33  1.11  1  2  1.06
 1  82.53  0.96  0  1  1.08
 0  77.42  1.17  0  0  2.19
 1  95.31  1.16  0  1  1.00
 0  61.05  0.95  0  0  0.69
 2  73.90  0.86  1  2  3.54
 0  74.25  0.23  0  0  1.71
 0  78.06  1.37  0  0  1.35
 1  82.58  0.40  0  0  1.95
 2  92.95  0.71  1  2  1.05
 2  86.10  0.86  1  2  1.43
 1  90.98  0.57  0  1  1.44
 2  99.70  0.73  1  2  0.94
 3  95.31  0.42  1  2  1.17
 3  62.54  0.51  1  3  0.46
 0  67.05  0.86  0  0  0.78
 0  64.69  0.42  0  0  0.65
 3  61.05  0.62  1  3  0.62
 1  86.10  0.71  0  1  1.20
 3  67.44  0.33  1  3  0.87
 3  97.46  0.51  1  2  1.08
 0  69.02  0.57  0  0  0.87
 0  67.44  1.24  0  0  1.17
 1  81.94  1.37  0  0  1.22
 2  95.31  1.16  1  2  1.24
 3  69.02  1.00  1  3  0.72
 3  82.58  0.40  1  3  1.84
 3  67.44  1.24  1  3  1.03
 2  77.47  0.96  1  2  0.76
 1  82.53  0.61  0  1  0.88
 0  62.54  0.51  0  0  0.47
 0  74.25  1.34  0  0  0.74
 3  64.69  0.42  1  3  1.07
 3  60.30  0.73  1  3  0.60
 0  77.47  0.61  0  1  0.98
 0  72.67  1.11  0  0  2.04
 1  81.94  0.21  0  1  3.12
 1  98.95  0.62  0  1  0.95
 2  81.94  1.37  1  3  1.06
 1  90.98  1.00  0  1  1.15
 3  89.33  0.27  1  3  1.45
 3  67.05  0.86  1  3  0.70
 1  97.46  1.06  0  1  1.66
 1  92.95  0.86  0  1  0.58
 0  77.47  0.96  0  0  0.60
 2  77.47  0.61  1  3  2.14
 2  90.98  1.00  1  2  0.82
 0  73.90  0.86  0  0  1.00
 0  77.42  0.40  0  0  2.35
 0  70.67  0.27  0  0  1.68
 1  92.95  0.71  0  1  0.79
 2  82.53  0.96  1  2  1.04
 2  82.53  0.61  1  2  0.91
 3  61.05  0.95  1  3  0.53
 2  82.58  1.17  1  2  0.76
 3  77.42  0.40  1  3  4.01
 1  95.31  0.42  0  1  1.90
 1  98.95  0.95  0  1  0.86
 2  90.98  0.57  1  2  0.85
 0  61.05  0.62  0  0  0.46
 1  85.75  0.23  0  0  2.20
 1  82.58  1.17  0  1  0.96
 1  87.33  1.11  0  1  0.85
 2  77.42  1.17  1  3  2.78
 3  72.67  0.46  1  3  1.19
 2  99.70  0.84  1  2  0.72
 0  67.05  0.71  0  0  0.53
 1  99.70  0.84  0  1  0.67
 3  81.94  0.21  1  3  2.80
 2  89.33  1.30  1  2  0.83
 0  60.30  0.84  0  0  0.45
 2  98.95  0.95  1  2  0.76
 1  86.10  0.86  0  1  0.70
 0  78.06  0.21  0  0  2.05
 2  78.06  1.37  1  2  2.81
 2  92.95  0.86  1  2  0.86
 3  74.25  0.23  1  3  1.06
 2  85.75  1.34  1  2  3.29
 0  70.67  1.30  0  0  1.17
 2  73.90  0.71  1  3  2.20
 2  97.46  1.06  1  2  0.91
 0  67.44  0.33  0  0  1.33
 2  92.56  1.24  1  2  0.74
 2  87.33  1.11  1  2  1.01
 3  69.02  1.00  1  3  0.73
 3  78.06  0.21  1  2  0.66
 3  62.54  0.51  1  3  0.77
 0  70.67  1.30  0  0  3.23
 2  82.58  1.17  1  2  1.23
 1  89.33  1.30  0  1  1.00
 0  67.44  1.24  0  0  0.94
 2  77.47  0.96  1  2  0.82
 1  92.56  0.33  0  2  1.96
 0  60.30  0.84  0  0  0.57
 1  86.10  0.86  0  1  0.89
 3  87.33  0.46  1  2  0.85
 2  97.46  1.06  1  2  1.67
 0  64.69  0.42  0  0  0.69
 2  72.67  1.11  1  2  1.41
 2  74.25  1.34  1  3  1.67
 2  99.70  0.73  1  2  1.43
 3  70.67  0.27  1  3  1.48
 2  73.90  0.86  1  2  1.12
 2  92.95  0.86  1  2  0.84
 2  98.95  0.95  1  2  0.65
 3  64.69  0.42  1  3  0.50
 3  85.75  0.23  1  3  1.45
 0  62.54  0.51  0  0  0.60
 0  61.05  0.62  0  0  0.49
 0  77.47  0.96  0  1  0.82
 1  82.58  0.40  0  1  1.46
 0  67.05  0.86  0  0  0.62
 2  85.75  1.34  1  2  2.90
 0  78.06  0.21  0  0  1.85
 2  89.33  1.30  1  2  0.86
 3  81.94  0.21  1  0  1.59
 0  69.02  1.00  0  0  0.93
 0  64.69  1.16  0  0  0.56
 3  64.69  1.16  1  3  0.92
 0  60.30  0.73  0  0  0.62
 0  73.90  0.71  0  1  2.02
 3  74.25  0.23  1  3  2.26
 0  67.44  0.33  0  0  0.86
 0  62.54  1.06  0  0  0.56
 3  70.67  1.30  1  3  1.48
 1  99.70  0.73  0  1  1.28
 0  67.05  0.71  0  0  0.99
 0  72.67  0.46  0  0  1.38
 1  82.53  0.61  0  1  0.70
 2  82.53  0.61  1  2  1.09
 3  72.67  0.46  1  3  1.23
 1  92.95  0.86  0  1  5.02
 1  97.46  1.06  0  1  3.49
 1  85.75  1.34  0  1  1.36
 0  69.02  0.57  0  0  0.82
 2  92.56  1.24  1  2  1.11
 2  90.98  1.00  1  2  0.82
 2  86.10  0.86  1  2  1.02
 0  78.06  1.37  0  1  1.84
 1  92.56  1.24  0  1  0.69
 1  98.95  0.62  0  1  0.86
 3  67.44  0.33  1  3  1.36
 2  82.53  0.96  1  2  0.75
 0  77.47  0.61  0  1  2.17
 0  77.42  1.17  0  1  1.33
 1  85.75  0.23  0  0  1.85
 1  87.33  0.46  0  1  0.94
 2  98.95  0.62  1  2  1.48
 0  70.67  0.27  0  0  0.85
 3  97.46  0.51  1  2  1.71
 2  92.95  0.71  1  2  1.13
 0  74.25  0.23  0  0  1.49
 2  86.10  0.71  1  2  1.23
 2  77.42  1.17  1  2  0.94
 2  77.47  0.61  1  2  2.52
 3  89.33  0.27  1  3  2.14
 3  60.30  0.73  1  3  1.63
 3  95.31  0.42  1  2  1.47
 2  95.31  1.16  1  2  0.72
 0  74.25  1.34  0  0  2.31
 3  92.56  0.33  1  3  2.70
 2  73.90  0.71  1  3  1.02
 1  95.31  0.42  0  1  1.44
 3  61.05  0.95  1  0  0.84
 2  78.06  1.37  1  3  1.66
 3  67.05  0.86  1  3  0.59
 1  82.53  0.96  0  1  1.25
 1  97.46  0.51  0  1  0.88
 0  73.90  0.86  0  0  0.64
 1  95.31  1.16  0  1  0.65
 1  92.95  0.71  0  1  0.68
 1  82.58  1.17  0  1  1.94
 1  99.70  0.84  0  1  0.60
 3  67.05  0.71  1  3  0.76
 3  82.58  0.40  1  3  0.63
 0  77.42  0.40  0  0  1.10
 1  81.94  0.21  0  0  1.16
 0  72.67  1.11  0  0  1.00
 3  77.42  0.40  1  2  1.17
 3  62.54  1.06  1  3  0.68
 3  67.44  1.24  1  3  1.17
 0  61.05  0.95  0  0  0.51
 1  89.33  0.27  0  1  0.98
 1  87.33  1.11  0  0  1.30
 2  90.98  0.57  1  2  2.81
 1  98.95  0.95  0  1  0.89
 2  81.94  1.37  1  3  2.07
 3  69.02  0.57  1  3  0.72
 1  90.98  1.00  0  1  0.87
 1  86.10  0.71  0  1  2.02
 3  60.30  0.84  1  3  0.81
 3  61.05  0.62  1  3  0.74
 1  81.94  1.37  0  1  2.91
 1  90.98  0.57  0  1  0.97
 2  99.70  0.84  1  2  0.69
 2  86.10  0.86  1  2  1.91
 1  89.33  0.27  0  1  1.25
 1  82.53  0.96  0  1  2.85
 2  98.95  0.95  1  2  0.62
 0  77.47  0.96  0  0  0.91
 3  82.58  0.40  1  2  1.65
 2  74.25  1.34  1  0  1.25
 1  92.56  1.24  0  1  0.89
 3  67.05  0.86  1  3  0.85
 0  74.25  1.34  0  0  0.99
 0  70.67  0.27  0  1  0.82
 1  97.46  1.06  0  1  0.58
 3  81.94  0.21  1  3  2.56
 2  85.75  1.34  1  2  1.44
 3  77.42  0.40  1  3  1.84
 2  98.95  0.62  1  2  0.79
 2  92.56  1.24  1  2  0.82
 3  60.30  0.73  1  3  0.77
 1  89.33  1.30  0  1  0.96
 3  95.31  0.42  1  2  1.66
 1  90.98  0.57  0  0  2.08
 3  87.33  0.46  1  2  3.28
 0  60.30  0.73  0  0  1.01
 2  73.90  0.86  1  3  1.38
 0  67.44  1.24  0  0  0.97
 3  97.46  0.51  1  2  1.34
 1  92.95  0.86  0  1  1.65
 0  67.05  0.86  0  0  0.57
 0  62.54  0.51  0  0  0.53
 2  82.58  1.17  1  2  1.29
 3  60.30  0.84  1  3  0.79
 1  97.46  0.51  0  1  3.65
 2  72.67  1.11  1  3  1.39
 3  74.25  0.23  1  3  0.89
 3  62.54  1.06  1  3  0.83
 2  77.42  1.17  1  2  1.00
 3  72.67  0.46  1  3  1.13
 3  69.02  1.00  1  3  0.99
 0  73.90  0.86  0  0  0.89
 1  92.95  0.71  0  1  0.68
 1  98.95  0.62  0  1  0.58
 0  61.05  0.62  0  0  0.78
 1  99.70  0.84  0  1  1.14
 3  69.02  0.57  1  3  1.30
 3  61.05  0.62  1  3  0.54
 3  61.05  0.95  1  3  0.53
 3  67.44  1.24  1  3  1.15
 0  78.06  0.21  0  0  3.29
 1  98.95  0.95  0  1  0.66
 1  87.33  1.11  0  1  0.89
 3  62.54  0.51  1  3  0.69
 0  67.44  0.33  0  0  0.77
 3  89.33  0.27  1  2  1.84
 0  77.42  0.40  0  0  1.31
 3  85.75  0.23  1  2  1.33
 2  82.53  0.96  1  2  1.25
 1  87.33  0.46  0  1  1.27
 1  95.31  0.42  0  1  0.60
 2  87.33  1.11  1  2  0.70
 2  78.06  1.37  1  2  1.65
 0  72.67  0.46  0  0  0.92
 1  90.98  1.00  0  1  0.77
 0  62.54  1.06  0  0  0.98
 2  81.94  1.37  1  2  2.96
 1  86.10  0.86  0  1  1.02
 1  82.58  1.17  0  1  1.64
 2  90.98  0.57  1  3  4.54
 2  86.10  0.71  1  2  3.79
 3  70.67  0.27  1  0  1.19
 1  99.70  0.73  0  1  0.78
 2  99.70  0.73  1  2  1.20
 2  95.31  1.16  1  2  1.16
 3  67.44  0.33  1  3  0.68
 3  92.56  0.33  1  2  0.84
 1  92.56  0.33  0  0  1.45
 2  82.53  0.61  1  3  1.52
 0  74.25  0.23  0  0  1.09
 1  81.94  1.37  0  1  1.84
 1  86.10  0.71  0  1  1.19
 0  69.02  1.00  0  0  1.15
 0  69.02  0.57  0  0  0.91
 3  67.05  0.71  1  3  1.37
 0  64.69  0.42  0  0  0.78
 3  64.69  1.16  1  3  0.95
 0  60.30  0.84  0  0  0.62
 2  77.47  0.96  1  2  1.11
 1  82.53  0.61  0  1  0.86
 1  95.31  1.16  0  1  1.69
 0  67.05  0.71  0  0  0.65
 3  78.06  0.21  1  3  1.49
 0  70.67  1.30  0  1  1.51
 2  99.70  0.84  1  2  0.92
 3  70.67  1.30  1  3  0.83
 2  90.98  1.00  1  2  1.08
 3  64.69  0.42  1  3  0.71
 2  92.95  0.86  1  2  0.62
 2  92.95  0.71  1  2  0.66
 2  77.47  0.61  1  2  0.92
 0  64.69  1.16  0  0  1.06
 0  78.06  1.37  0  1  0.82
 1  85.75  1.34  0  1  0.76
 1  82.58  0.40  0  1  1.09
 0  77.42  1.17  0  1  0.83
 2  97.46  1.06  1  2  1.57
 0  77.47  0.61  0  0  1.55
 2  73.90  0.71  1  3  0.82
 1  85.75  0.23  0  0  2.88
 2  89.33  1.30  1  2  1.67
 0  73.90  0.71  0  0  2.19
 0  61.05  0.95  0  0  0.61
 0  72.67  1.11  0  1  1.13
 1  81.94  0.21  0  0  2.29
