 1  87.33  0.46  0  1  3.29
 0  60.30  0.84  0  0  1.97
 1  86.10  0.86  0  1  1.28
 1  85.75  1.34  0  2  3.57
 1  81.94  1.37  0  3  1.42
 1  99.70  0.73  0  1  2.05
 1  97.46  1.06  0  2  1.93
 0  62.54  1.06  0  0  1.44
 1  98.95  0.62  0  1  3.08
 2  99.70  0.73  1  1  0.95
 3  67.05  0.71  1  0  1.31
 1  82.53  0.61  0  2  2.00
 3  77.47  0.61  1  0  1.19
 1  89.33  0.27  0  1  3.61
 2  90.98  1.00  1  0  1.54
 3  64.69  0.42  1  0  1.88
 0  60.30  0.73  0  0  1.42
 2  77.47  0.96  1  3  2.78
 1  87.33  1.11  0  1  2.14
 3  87.33  0.46  1  0  2.26
 2  77.42  1.17  1  1  1.34
 1  92.95  0.71  0  1  0.88
 1  82.58  1.17  0  1  0.85
 0  67.44  0.33  0  0  1.41
 0  77.42  0.40  0  3  3.97
 3  67.05  0.86  1  0  1.10
 0  74.25  1.34  0  0  3.62
 2  90.98  0.57  1  1  1.37
 1  89.33  1.30  0  0  1.62
 0  67.44  1.24  0  0  1.80
 3  70.67  0.27  1  3  1.35
 0  64.69  1.16  0  0  1.30
 1  95.31  0.42  0  1  2.11
 0  73.90  0.71  0  2  3.73
 2  67.44  1.24  1  0  1.41
 0  72.67  1.11  0  1  2.22
 1  99.70  0.84  0  1  1.17
 3  69.02  0.57  1  2  2.75
 2  86.10  0.86  1  1  1.16
 1  92.95  0.86  0  2  3.30
 3  69.02  1.00  1  1  1.14
 2  97.46  0.51  1  1  1.59
 2  72.67  1.11  1  0  0.94
 3  60.30  0.73  1  2  1.71
 0  77.47  0.96  0  1  0.75
 2  92.56  1.24  1  1  1.64
 2  89.33  1.30  1  0  1.17
 1  92.56  0.33  0  1  1.24
 0  69.02  0.57  0  2  3.51
 3  92.56  0.33  1  1  1.59
 3  72.67  0.46  1  2  2.00
 2  81.94  1.37  1  0  0.93
 1  98.95  0.95  0  2  3.48
 1  95.31  1.16  0  3  0.75
 2  99.70  0.84  1  1  1.09
 2  92.95  0.71  1  0  1.04
 2  98.95  0.95  1  1  1.27
 1  92.56  1.24  0  2  1.77
 3  82.58  0.40  1  3  1.56
 3  62.54  0.51  1  0  1.16
 1  90.98  1.00  0  1  1.31
 1  86.10  0.71  0  1  1.22
 2  78.06  1.37  1  0  1.18
 2  85.75  1.34  1  3  4.84
 0  61.05  0.62  0  1  2.03
 3  60.30  0.84  1  0  0.66
 3  61.05  0.62  1  1  1.85
 0  73.90  0.86  0  3  1.52
 0  67.05  0.71  0  2  0.62
 0  78.06  0.21  0  3  1.66
 2  98.95  0.62  1  1  1.91
 3  82.53  0.61  1  3  2.48
 0  72.67  0.46  0  3  1.30
 0  69.02  1.00  0  0  1.93
 3  78.06  0.21  1  3  1.30
 0  64.69  0.42  0  2  1.11
 2  87.33  1.11  1  1  0.86
 3  89.33  0.27  1  2  1.10
 3  81.94  0.21  1  1  1.59
 2  70.67  1.30  1  0  1.70
 3  85.75  0.23  1  3  2.13
 1  81.94  0.21  0  2  2.49
 2  97.46  1.06  1  1  1.14
 0  67.05  0.86  0  0  1.30
 3  74.25  0.23  1  1  1.45
 3  73.90  0.86  1  1  2.30
 3  67.44  0.33  1  2  1.01
 1  85.75  0.23  0  1  1.26
 0  61.05  0.95  0  0  1.65
 3  62.54  1.06  1  0  0.74
 0  70.67  0.27  0  3  2.84
 2  74.25  1.34  1  3  2.90
 1  82.58  0.40  0  1  0.97
 2  82.53  0.96  1  2  1.77
 2  82.58  1.17  1  2  0.91
 2  95.31  1.16  1  2  0.63
 1  97.46  0.51  0  1  0.92
 3  61.05  0.95  1  0  0.91
 3  73.90  0.71  1  1  0.77
 0  77.47  0.61  0  1  1.84
 0  62.54  0.51  0  0  0.86
 0  78.06  1.37  0  2  1.28
 1  82.53  0.96  0  2  1.52
 2  95.31  0.42  1  1  1.20
 0  70.67  1.30  0  0  0.93
 3  64.69  1.16  1  0  0.53
 0  77.42  1.17  0  2  2.08
 1  90.98  0.57  0  1  3.60
 0  74.25  0.23  0  3  1.49
 2  92.95  0.86  1  2  2.00
 3  77.42  0.40  1  1  0.77
 2  86.10  0.71  1  1  1.41
 2  97.46  0.51  1  1  2.09
 2  74.25  1.34  1  0  0.90
 2  86.10  0.86  1  2  0.99
 0  62.54  0.51  0  0  0.94
 0  64.69  1.16  0  0  0.75
 0  62.54  1.06  0  0  0.54
 1  85.75  1.34  0  2  1.88
 3  67.05  0.86  1  1  1.24
 2  92.56  1.24  1  2  1.54
 1  87.33  1.11  0  2  1.58
 2  99.70  0.73  1  1  1.05
 2  86.10  0.71  1  1  1.04
 0  73.90  0.86  0  1  1.37
 3  82.53  0.61  1  1  1.19
 2  98.95  0.62  1  1  1.73
 0  77.42  1.17  0  0  1.90
 2  98.95  0.95  1  0  1.05
 1  85.75  0.23  0  0  1.67
 3  73.90  0.86  1  1  1.17
 0  60.30  0.73  0  2  0.50
 2  90.98  0.57  1  3  1.70
 1  82.58  1.17  0  2  2.94
 3  92.56  0.33  1  3  2.59
 0  78.06  0.21  0  3  0.69
 1  90.98  1.00  0  1  1.38
 0  77.47  0.96  0  0  1.78
 0  67.44  0.33  0  0  1.57
 1  87.33  0.46  0  1  2.27
 1  81.94  1.37  0  2  1.87
 3  87.33  0.46  1  1  1.21
 0  67.05  0.71  0  0  0.98
 3  77.47  0.61  1  0  1.34
 0  67.44  1.24  0  0  1.11
 3  64.69  1.16  1  0  0.83
 1  82.53  0.96  0  1  2.17
 2  85.75  1.34  1  1  1.52
 1  86.10  0.71  0  1  1.13
 1  98.95  0.95  0  1  1.35
 2  78.06  1.37  1  2  1.13
 1  95.31  1.16  0  1  2.96
 0  64.69  0.42  0  0  0.94
 3  62.54  1.06  1  2  2.24
 3  85.75  0.23  1  3  1.91
 2  92.95  0.86  1  2  2.27
 1  89.33  1.30  0  1  1.10
 0  73.90  0.71  0  1  1.86
 2  99.70  0.84  1  2  1.96
 0  72.67  1.11  0  1  1.73
 2  95.31  1.16  1  2  3.96
 0  60.30  0.84  0  0  1.66
 2  70.67  1.30  1  3  2.26
 0  72.67  0.46  0  1  1.55
 0  61.05  0.62  0  0  1.45
 1  92.56  0.33  0  1  1.30
 3  61.05  0.95  1  0  2.46
 3  74.25  0.23  1  1  1.79
 2  97.46  1.06  1  3  1.67
 3  61.05  0.62  1  2  1.48
 3  89.33  0.27  1  1  1.16
 3  81.94  0.21  1  3  1.77
 1  81.94  0.21  0  1  3.07
 0  74.25  0.23  0  1  1.19
 2  81.94  1.37  1  3  1.18
 1  82.53  0.61  0  1  1.46
 1  92.56  1.24  0  1  2.17
 3  82.58  0.40  1  2  2.25
 2  77.47  0.96  1  1  2.16
 0  77.42  0.40  0  1  1.12
 2  72.67  1.11  1  2  2.48
 2  87.33  1.11  1  2  0.89
 3  67.05  0.71  1  2  0.86
 1  89.33  0.27  0  0  1.79
 0  70.67  1.30  0  0  1.04
 3  72.67  0.46  1  3  1.78
 3  64.69  0.42  1  3  0.66
 0  67.05  0.86  0  1  1.54
 3  67.44  0.33  1  3  1.71
 1  99.70  0.84  0  1  1.38
 1  97.46  0.51  0  1  1.34
 2  92.95  0.71  1  1  0.68
 0  69.02  1.00  0  0  3.17
 1  90.98  0.57  0  1  0.90
 3  60.30  0.84  1  3  2.23
 2  67.44  1.24  1  3  0.66
 0  61.05  0.95  0  0  2.24
 1  97.46  1.06  0  1  0.95
 1  92.95  0.71  0  1  0.76
 3  60.30  0.73  1  2  3.87
 1  95.31  0.42  0  1  0.82
 1  82.58  0.40  0  1  4.01
 0  70.67  0.27  0  1  1.28
 2  82.58  1.17  1  3  1.96
 3  69.02  1.00  1  2  2.99
 3  78.06  0.21  1  3  2.20
 3  62.54  0.51  1  0  2.44
 1  92.95  0.86  0  1  1.00
 3  69.02  0.57  1  3  1.53
 1  98.95  0.62  0  1  1.72
 2  90.98  1.00  1  2  1.46
 0  74.25  1.34  0  0  1.27
 3  73.90  0.71  1  2  3.22
 2  89.33  1.30  1  3  1.90
 1  99.70  0.73  0  1  1.47
 2  77.42  1.17  1  3  2.15
 2  95.31  0.42  1  3  1.72
 0  77.47  0.61  0  1  1.15
 1  86.10  0.86  0  1  3.04
 0  69.02  0.57  0  1  1.15
 2  82.53  0.96  1  2  2.24
 3  77.42  0.40  1  2  1.45
 3  70.67  0.27  1  3  1.29
 0  78.06  1.37  0  1  3.45
 1  92.56  0.33  0  1  1.19
 0  78.06  0.21  0  0  3.67
 2  90.98  0.57  1  3  1.67
 1  89.33  0.27  0  2  0.61
 1  99.70  0.73  0  1  1.09
 3  64.69  0.42  1  2  3.14
 3  73.90  0.71  1  3  1.40
 3  61.05  0.95  1  2  2.08
 2  67.44  1.24  1  3  0.54
 2  92.95  0.71  1  3  2.13
 2  82.58  1.17  1  3  1.53
 1  95.31  0.42  0  1  1.06
 2  97.46  0.51  1  3  2.86
 1  98.95  0.62  0  1  1.46
 1  95.31  1.16  0  1  1.60
 3  77.42  0.40  1  2  1.38
 3  87.33  0.46  1  3  0.47
 0  60.30  0.73  0  0  0.92
 3  62.54  1.06  1  2  3.03
 3  70.67  0.27  1  3  1.35
 3  82.58  0.40  1  2  1.10
 3  61.05  0.62  1  3  0.78
 2  98.95  0.62  1  3  1.77
 3  60.30  0.84  1  3  2.39
 0  70.67  1.30  0  1  1.36
 2  82.53  0.96  1  2  3.27
 3  81.94  0.21  1  2  3.00
 0  67.44  1.24  0  0  1.49
 1  90.98  0.57  0  1  1.16
 3  67.44  0.33  1  3  3.07
 1  85.75  1.34  0  0  3.92
 2  92.56  1.24  1  2  3.01
 2  74.25  1.34  1  2  2.05
 0  77.42  1.17  0  1  1.42
 1  90.98  1.00  0  1  0.90
 0  72.67  1.11  0  1  1.04
 2  99.70  0.73  1  2  2.16
 3  60.30  0.73  1  3  1.31
 0  62.54  0.51  0  0  2.15
 0  61.05  0.95  0  0  0.77
 1  97.46  0.51  0  1  0.62
 0  61.05  0.62  0  0  0.87
 2  86.10  0.86  1  2  2.62
 2  85.75  1.34  1  2  0.99
 1  97.46  1.06  0  1  1.17
 1  92.56  1.24  0  1  1.99
 0  69.02  1.00  0  0  1.45
 3  62.54  0.51  1  2  1.55
 3  72.67  0.46  1  3  2.81
 0  67.44  0.33  0  0  1.99
 0  64.69  1.16  0  0  1.16
 0  77.47  0.61  0  1  0.79
 1  86.10  0.86  0  1  1.16
 2  97.46  1.06  1  2  2.04
 0  78.06  1.37  0  1  2.56
 0  77.42  0.40  0  1  1.07
 2  86.10  0.71  1  2  2.93
 3  67.05  0.86  1  3  2.07
 2  89.33  1.30  1  2  0.87
 1  85.75  0.23  0  1  1.72
 1  99.70  0.84  0  1  0.94
 1  82.58  0.40  0  1  0.67
 0  67.05  0.86  0  0  0.76
 0  64.69  0.42  0  0  1.55
 1  86.10  0.71  0  1  0.67
 2  72.67  1.11  1  3  3.35
 3  64.69  1.16  1  3  1.59
 1  81.94  0.21  0  1  1.52
 1  82.53  0.96  0  1  1.20
 0  74.25  1.34  0  0  0.78
 0  77.47  0.96  0  0  1.48
 1  81.94  1.37  0  0  0.95
 1  98.95  0.95  0  1  0.63
 1  82.58  1.17  0  0  0.78
 3  69.02  0.57  1  3  2.52
 3  73.90  0.86  1  3  0.65
 2  78.06  1.37  1  3  1.56
 0  74.25  0.23  0  1  1.23
 2  95.31  0.42  1  2  3.05
 1  89.33  1.30  0  1  1.82
 0  73.90  0.71  0  0  1.61
 2  70.67  1.30  1  3  2.31
 2  92.95  0.86  1  2  3.19
 3  69.02  1.00  1  3  1.27
 3  77.47  0.61  1  3  0.96
 1  92.95  0.86  0  1  1.39
 2  95.31  1.16  1  2  2.75
 2  81.94  1.37  1  3  0.97
 1  92.95  0.71  0  1  1.04
 1  82.53  0.61  0  1  0.91
 2  77.47  0.96  1  2  4.06
 0  69.02  0.57  0  0  2.21
 0  70.67  0.27  0  0  1.53
 0  67.05  0.71  0  0  0.86
 2  90.98  1.00  1  2  2.44
 3  74.25  0.23  1  2  1.12
 1  87.33  0.46  0  1  1.32
 3  82.53  0.61  1  2  3.58
 2  99.70  0.84  1  2  3.55
 2  77.42  1.17  1  3  2.15
 0  60.30  0.84  0  0  1.44
 0  62.54  1.06  0  0  0.79
 3  92.56  0.33  1  2  1.45
 0  72.67  0.46  0  0  2.16
 0  73.90  0.86  0  1  1.08
 3  67.05  0.71  1  3  2.22
 2  87.33  1.11  1  3  2.65
 3  89.33  0.27  1  2  1.95
 1  87.33  1.11  0  1  3.01
 3  85.75  0.23  1  3  1.79
 3  78.06  0.21  1  3  0.72
 2  98.95  0.95  1  2  1.66
 3  64.69  1.16  1  0  1.44
 2  77.42  1.17  1  3  3.66
 1  87.33  0.46  0  1  1.09
 3  92.56  0.33  1  3  1.85
 2  74.25  1.34  1  3  4.26
 0  77.47  0.61  0  1  1.11
 1  86.10  0.71  0  1  1.10
 0  62.54  0.51  0  0  0.85
 1  97.46  1.06  0  1  0.82
 0  69.02  0.57  0  1  1.23
 3  85.75  0.23  1  3  3.06
 2  70.67  1.30  1  2  1.42
 0  67.44  1.24  0  0  1.48
 3  78.06  0.21  1  3  2.19
 2  95.31  1.16  1  3  1.99
 2  85.75  1.34  1  2  0.86
 0  70.67  0.27  0  0  1.65
 1  95.31  1.16  0  1  1.55
 2  86.10  0.71  1  3  1.39
 0  78.06  1.37  0  0  1.89
 3  81.94  0.21  1  2  3.16
 2  87.33  1.11  1  3  1.37
 3  74.25  0.23  1  3  3.61
 0  60.30  0.73  0  0  2.80
 2  86.10  0.86  1  2  2.41
 1  97.46  0.51  0  1  1.29
 2  98.95  0.95  1  2  2.39
 2  90.98  1.00  1  2  1.05
 2  81.94  1.37  1  2  5.56
 1  82.53  0.61  0  1  0.90
 3  61.05  0.62  1  2  2.71
 2  98.95  0.62  1  3  2.18
 3  69.02  0.57  1  2  2.45
 3  62.54  0.51  1  3  0.99
 3  82.53  0.61  1  3  1.37
 1  85.75  0.23  0  1  2.23
 2  97.46  0.51  1  3  1.62
 3  64.69  0.42  1  3  1.89
 0  77.42  0.40  0  1  1.93
 1  98.95  0.95  0  1  0.98
 0  77.47  0.96  0  1  0.84
 0  67.05  0.86  0  0  1.03
 1  82.58  0.40  0  1  0.91
 0  73.90  0.71  0  0  1.61
 2  92.95  0.71  1  3  2.29
 1  92.95  0.71  0  1  1.12
 1  90.98  1.00  0  1  1.58
 3  70.67  0.27  1  3  2.13
 3  77.42  0.40  1  3  0.84
 3  82.58  0.40  1  3  0.65
 3  67.05  0.71  1  2  1.19
 2  97.46  1.06  1  2  2.28
 2  95.31  0.42  1  3  0.69
 0  64.69  1.16  0  0  1.22
 0  74.25  1.34  0  1  1.10
 1  86.10  0.86  0  1  0.73
 3  61.05  0.95  1  2  3.11
 2  99.70  0.84  1  2  2.01
 2  77.47  0.96  1  2  4.92
 1  99.70  0.73  0  1  1.48
 2  92.95  0.86  1  1  1.88
 0  73.90  0.86  0  0  3.39
 0  64.69  0.42  0  0  1.36
 2  92.56  1.24  1  2  2.71
 0  67.05  0.71  0  0  1.21
 1  82.58  1.17  0  1  1.62
 0  72.67  1.11  0  0  0.75
 1  87.33  1.11  0  1  0.84
 0  60.30  0.84  0  0  0.74
 1  95.31  0.42  0  1  0.72
 1  98.95  0.62  0  1  0.83
 1  81.94  1.37  0  1  1.49
 3  60.30  0.84  1  2  3.16
 1  99.70  0.84  0  1  1.34
 2  72.67  1.11  1  3  2.51
 0  78.06  0.21  0  1  2.18
 2  82.53  0.96  1  3  6.96
 1  89.33  0.27  0  1  1.51
 3  67.05  0.86  1  2  1.97
 0  70.67  1.30  0  0  1.42
 0  77.42  1.17  0  0  1.87
 2  67.44  1.24  1  2  1.89
 1  81.94  0.21  0  1  1.21
 3  69.02  1.00  1  2  2.03
 1  82.53  0.96  0  1  1.37
 0  74.25  0.23  0  1  1.91
 0  69.02  1.00  0  0  0.91
 3  87.33  0.46  1  3  3.90
 3  89.33  0.27  1  3  0.54
 3  77.47  0.61  1  3  0.69
 3  73.90  0.86  1  2  0.96
 1  92.95  0.86  0  1  1.16
 0  72.67  0.46  0  0  0.84
 2  90.98  0.57  1  3  1.50
 0  61.05  0.62  0  0  0.87
 0  61.05  0.95  0  0  1.04
 2  82.58  1.17  1  3  3.11
 3  67.44  0.33  1  2  2.77
 3  73.90  0.71  1  3  2.97
 1  92.56  1.24  0  1  2.17
 2  78.06  1.37  1  2  3.53
 1  90.98  0.57  0  1  1.42
 1  85.75  1.34  0  1  3.24
 3  60.30  0.73  1  2  2.98
 2  99.70  0.73  1  3  1.30
 1  92.56  0.33  0  1  0.90
 1  89.33  1.30  0  1  1.20
 0  67.44  0.33  0  0  0.70
 3  62.54  1.06  1  2  1.40
 3  72.67  0.46  1  3  0.69
 0  62.54  1.06  0  0  0.81
 2  89.33  1.30  1  3  1.89
 1  97.46  1.06  0  1  2.10
 0  77.47  0.96  0  0  0.72
 2  77.42  1.17  1  2  2.58
 3  73.90  0.71  1  3  0.83
 2  92.95  0.86  1  3  0.74
 2  97.46  1.06  1  3  1.00
 2  92.56  1.24  1  2  0.84
 0  74.25  1.34  0  0  1.32
 2  98.95  0.62  1  3  1.88
 1  90.98  1.00  0  1  0.99
 3  64.69  1.16  1  2  2.03
 1  99.70  0.73  0  1  1.07
 1  92.95  0.71  0  1  0.63
 0  72.67  0.46  0  0  0.99
 2  95.31  1.16  1  3  2.13
 1  81.94  1.37  0  1  1.14
 3  61.05  0.62  1  3  2.14
 2  81.94  1.37  1  2  1.09
 0  64.69  1.16  0  0  3.13
 2  82.53  0.96  1  3  1.99
 1  92.56  0.33  0  1  1.07
 0  73.90  0.86  0  1  1.17
 0  67.44  0.33  0  0  0.84
 3  82.58  0.40  1  3  2.10
 3  67.05  0.71  1  2  1.55
 0  77.42  1.17  0  1  1.51
 0  62.54  1.06  0  0  0.66
 0  69.02  1.00  0  0  0.85
 3  89.33  0.27  1  3  2.22
 0  77.47  0.61  0  1  1.44
 2  67.44  1.24  1  3  4.10
 2  98.95  0.95  1  3  2.91
 3  70.67  0.27  1  2  1.58
 0  67.05  0.71  0  0  1.54
 0  69.02  0.57  0  0  0.91
 0  77.42  0.40  0  1  0.76
 3  77.47  0.61  1  3  3.14
 1  98.95  0.62  0  1  1.13
 0  73.90  0.71  0  0  1.21
 3  64.69  0.42  1  3  1.61
 2  99.70  0.84  1  2  2.62
 0  74.25  0.23  0  0  1.18
 0  62.54  0.51  0  0  0.91
 1  86.10  0.71  0  1  1.37
 3  60.30  0.84  1  2  3.55
 2  89.33  1.30  1  2  2.01
 0  70.67  0.27  0  0  0.80
 3  62.54  0.51  1  3  1.63
 3  82.53  0.61  1  3  0.81
 1  82.53  0.96  0  1  0.93
 1  85.75  1.34  0  1  1.63
 1  89.33  1.30  0  1  0.77
 1  85.75  0.23  0  1  1.35
 1  82.53  0.61  0  1  0.52
 1  92.95  0.86  0  1  0.57
 2  86.10  0.71  1  3  2.52
 2  82.58  1.17  1  2  2.38
 0  67.44  1.24  0  0  0.96
 2  70.67  1.30  1  2  0.80
 1  92.56  1.24  0  1  1.21
 0  61.05  0.62  0  0  0.88
 2  90.98  1.00  1  3  2.15
 0  67.05  0.86  0  0  0.80
 2  95.31  0.42  1  3  1.54
 1  86.10  0.86  0  1  1.53
 1  87.33  1.11  0  1  1.26
 2  77.47  0.96  1  2  2.00
 3  67.44  0.33  1  2  1.60
 1  89.33  0.27  0  1  1.33
 3  60.30  0.73  1  3  3.19
 2  97.46  0.51  1  3  1.35
 3  73.90  0.86  1  2  2.06
 3  87.33  0.46  1  2  1.86
 1  99.70  0.84  0  1  1.10
 1  97.46  0.51  0  1  0.76
 1  90.98  0.57  0  1  0.60
 3  77.42  0.40  1  3  1.84
 3  85.75  0.23  1  3  0.48
 0  72.67  1.11  0  0  1.56
 0  78.06  0.21  0  0  1.71
 2  87.33  1.11  1  2  1.82
 2  85.75  1.34  1  2  1.39
 0  60.30  0.73  0  0  0.88
 3  69.02  1.00  1  3  8.59
 2  78.06  1.37  1  3  2.47
 2  72.67  1.11  1  3  2.02
 1  98.95  0.95  0  1  1.10
 2  74.25  1.34  1  2  1.52
 1  87.33  0.46  0  1  0.87
 2  99.70  0.73  1  3  2.70
 1  81.94  0.21  0  1  1.24
 0  60.30  0.84  0  0  0.74
 0  64.69  0.42  0  0  0.74
 3  69.02  0.57  1  3  2.00
 3  61.05  0.95  1  3  1.23
 1  95.31  1.16  0  1  2.84
 3  81.94  0.21  1  3  1.58
 0  78.06  1.37  0  0  1.41
 2  92.95  0.71  1  3  1.56
 3  92.56  0.33  1  3  0.86
 3  78.06  0.21  1  3  0.87
 1  95.31  0.42  0  1  1.01
 0  70.67  1.30  0  0  0.86
 2  86.10  0.86  1  3  3.37
 3  74.25  0.23  1  3  1.17
 1  82.58  0.40  0  1  1.14
 1  82.58  1.17  0  1  1.06
 2  90.98  0.57  1  2  2.90
 0  61.05  0.95  0  0  0.82
 3  62.54  1.06  1  2  0.83
 3  67.05  0.86  1  3  1.14
 3  72.67  0.46  1  2  1.35
