 0  78.06  0.21  0  2  4.57
 1  82.58  0.40  0  1  0.97
 3  77.47  0.61  1  3  1.24
 2  97.46  0.51  1  2  1.07
 0  67.44  0.33  0  1  1.87
 0  77.42  1.17  0  3  1.76
 0  78.06  1.37  0  0  1.05
 3  62.54  0.51  1  1  0.93
 3  73.90  0.86  1  2  0.84
 1  92.95  0.86  0  0  0.73
 1  85.75  1.34  0  2  1.05
 1  89.33  1.30  0  1  1.90
 2  99.70  0.84  1  0  1.10
 0  60.30  0.84  0  0  0.88
 1  87.33  1.11  0  1  1.35
 1  98.95  0.95  0  1  0.79
 2  92.56  1.24  1  2  0.88
 0  64.69  0.42  0  0  0.80
 0  67.05  0.71  0  0  0.78
 2  95.31  0.42  1  2  0.97
 0  67.44  1.24  0  0  0.79
 2  82.53  0.96  1  0  0.66
 3  70.67  0.27  1  3  1.98
 1  97.46  0.51  0  2  1.85
 1  99.70  0.73  0  1  0.97
 1  97.46  1.06  0  1  0.82
 0  72.67  1.11  0  0  0.71
 2  77.42  1.17  1  0  0.86
 3  82.58  0.40  1  3  1.94
 0  62.54  0.51  0  0  0.76
 0  61.05  0.62  0  0  0.66
 2  77.47  0.96  1  1  1.39
 1  89.33  0.27  0  3  0.92
 0  73.90  0.71  0  1  1.20
 1  87.33  0.46  0  2  0.81
 3  61.05  0.62  1  0  0.75
 1  92.95  0.71  0  1  1.31
 3  67.05  0.71  1  0  0.69
 2  98.95  0.95  1  1  1.07
 2  86.10  0.86  1  2  0.89
 1  81.94  0.21  0  3  1.12
 1  85.75  0.23  0  3  0.69
 0  77.42  0.40  0  1  1.36
 1  99.70  0.84  0  1  2.01
 3  67.44  0.33  1  0  0.77
 2  92.95  0.71  1  1  1.81
 2  98.95  0.62  1  2  0.63
 1  92.56  0.33  0  2  0.71
 3  61.05  0.95  1  0  0.81
 3  62.54  1.06  1  0  0.80
 0  62.54  1.06  0  0  0.69
 3  77.42  0.40  1  1  0.95
 0  74.25  1.34  0  1  1.34
 0  69.02  0.57  0  0  0.82
 2  86.10  0.71  1  2  2.31
 3  69.02  1.00  1  1  1.18
 2  82.58  1.17  1  1  3.29
 0  61.05  0.95  0  0  0.86
 0  67.05  0.86  0  0  0.98
 1  82.58  1.17  0  2  0.84
 2  90.98  0.57  1  3  0.96
 3  81.94  0.21  1  3  0.92
 3  85.75  0.23  1  3  0.58
 2  78.06  1.37  1  2  1.84
 0  70.67  1.30  0  0  1.12
 0  60.30  0.73  0  0  0.81
 3  92.56  0.33  1  2  1.99
 2  90.98  1.00  1  2  1.50
 1  86.10  0.71  0  1  1.46
 1  90.98  1.00  0  1  1.15
 3  74.25  0.23  1  3  0.87
 1  95.31  0.42  0  3  1.39
 2  89.33  1.30  1  2  1.61
 1  95.31  1.16  0  2  1.57
 1  82.53  0.61  0  1  1.85
 1  86.10  0.86  0  1  1.03
 2  95.31  1.16  1  1  1.95
 0  77.47  0.96  0  0  1.33
 2  67.44  1.24  1  0  1.28
 1  82.53  0.96  0  1  1.45
 0  72.67  0.46  0  0  0.79
 2  70.67  1.30  1  2  0.84
 3  60.30  0.73  1  2  0.81
 3  60.30  0.84  1  3  0.86
 3  82.53  0.61  1  3  5.53
 3  64.69  0.42  1  2  0.93
 2  81.94  1.37  1  3  0.88
 2  87.33  1.11  1  2  1.00
 2  97.46  1.06  1  3  1.98
 2  92.95  0.86  1  2  0.71
 0  69.02  1.00  0  0  0.78
 3  69.02  0.57  1  2  0.92
 3  67.05  0.86  1  0  1.14
 2  72.67  1.11  1  1  1.03
 2  99.70  0.73  1  2  1.14
 3  78.06  0.21  1  3  0.79
 1  81.94  1.37  0  1  1.15
 1  90.98  0.57  0  1  1.00
 3  73.90  0.71  1  2  1.59
 3  64.69  1.16  1  3  1.49
 3  87.33  0.46  1  2  0.65
 0  70.67  0.27  0  0  0.69
 0  73.90  0.86  0  0  0.70
 0  77.47  0.61  0  0  1.98
 3  72.67  0.46  1  2  0.95
 2  85.75  1.34  1  2  0.97
 2  74.25  1.34  1  2  0.78
 0  64.69  1.16  0  1  1.19
 0  74.25  0.23  0  1  0.78
 1  98.95  0.62  0  1  0.77
 3  89.33  0.27  1  3  1.98
 1  92.56  1.24  0  2  1.61
 3  73.90  0.86  1  3  2.34
 2  90.98  1.00  1  2  0.97
 2  82.58  1.17  1  2  0.90
 0  70.67  1.30  0  0  1.05
 1  90.98  0.57  0  1  0.80
 3  85.75  0.23  1  3  1.34
 0  73.90  0.86  0  0  3.21
 3  78.06  0.21  1  3  1.24
 2  95.31  1.16  1  2  0.94
 3  64.69  0.42  1  2  1.35
 1  89.33  0.27  0  1  0.97
 2  70.67  1.30  1  2  1.57
 1  81.94  1.37  0  1  1.78
 2  78.06  1.37  1  2  1.30
 0  69.02  1.00  0  0  1.60
 3  92.56  0.33  1  2  1.45
 3  62.54  0.51  1  2  1.48
 2  98.95  0.95  1  2  1.00
 3  82.58  0.40  1  3  1.09
 0  77.47  0.61  0  1  1.43
 3  62.54  1.06  1  2  2.08
 2  85.75  1.34  1  2  0.88
 2  97.46  0.51  1  3  0.80
 1  92.56  1.24  0  1  1.05
 1  90.98  1.00  0  1  0.82
 0  69.02  0.57  0  0  1.01
 3  73.90  0.71  1  2  1.75
 1  82.58  0.40  0  1  2.01
 0  72.67  0.46  0  0  0.94
 1  86.10  0.71  0  1  1.01
 3  61.05  0.62  1  2  1.38
 2  81.94  1.37  1  2  1.02
 1  82.53  0.96  0  1  0.93
 2  99.70  0.73  1  2  1.05
 1  87.33  0.46  0  1  0.89
 3  89.33  0.27  1  2  2.18
 0  64.69  1.16  0  0  0.76
 2  98.95  0.62  1  3  1.28
 1  82.53  0.61  0  1  0.84
 3  64.69  1.16  1  2  1.32
 1  97.46  1.06  0  1  0.87
 2  92.95  0.71  1  2  1.44
 2  86.10  0.71  1  2  0.94
 0  77.42  0.40  0  1  1.31
 1  85.75  0.23  0  0  0.97
 1  86.10  0.86  0  1  1.04
 0  77.42  1.17  0  0  1.04
 0  67.05  0.71  0  0  0.74
 0  70.67  0.27  0  0  0.89
 3  67.05  0.86  1  2  1.61
 3  72.67  0.46  1  2  0.68
 2  87.33  1.11  1  2  0.84
 1  92.95  0.71  0  1  0.79
 1  87.33  1.11  0  1  1.06
 3  61.05  0.95  1  3  1.72
 3  77.42  0.40  1  2  0.72
 0  62.54  0.51  0  0  0.81
 0  67.44  0.33  0  0  0.66
 1  85.75  1.34  0  1  0.67
 0  72.67  1.11  0  0  1.35
 3  67.44  0.33  1  3  1.24
 2  82.53  0.96  1  2  0.74
 3  60.30  0.84  1  3  1.03
 0  61.05  0.95  0  0  0.94
 1  92.56  0.33  0  1  1.47
 1  82.58  1.17  0  1  0.90
 3  74.25  0.23  1  2  1.38
 3  81.94  0.21  1  3  1.78
 0  64.69  0.42  0  0  1.21
 2  99.70  0.84  1  2  1.81
 0  73.90  0.71  0  1  1.53
 2  74.25  1.34  1  3  1.41
 1  95.31  0.42  0  1  1.46
 3  69.02  0.57  1  3  2.07
 1  99.70  0.84  0  1  0.97
 2  72.67  1.11  1  3  1.16
 0  62.54  1.06  0  0  0.86
 1  81.94  0.21  0  0  2.17
 1  92.95  0.86  0  1  0.93
 3  87.33  0.46  1  2  1.23
 1  89.33  1.30  0  1  0.96
 0  77.47  0.96  0  1  1.36
 0  78.06  1.37  0  0  0.90
 2  89.33  1.30  1  3  1.36
 2  67.44  1.24  1  3  1.17
 2  77.42  1.17  1  2  1.28
 3  77.47  0.61  1  3  1.05
 1  97.46  0.51  0  1  0.67
 0  61.05  0.62  0  0  0.70
 2  86.10  0.86  1  2  1.58
 2  95.31  0.42  1  2  0.71
 1  98.95  0.62  0  1  0.90
 0  74.25  1.34  0  0  0.86
 1  95.31  1.16  0  1  1.18
 0  74.25  0.23  0  0  0.92
 0  60.30  0.73  0  0  0.73
 2  77.47  0.96  1  3  1.33
 2  92.95  0.86  1  2  1.11
 3  69.02  1.00  1  3  0.68
 3  60.30  0.73  1  3  0.82
 2  90.98  0.57  1  2  0.76
 0  67.44  1.24  0  0  0.71
 3  82.53  0.61  1  2  1.95
 0  67.05  0.86  0  0  0.73
 3  70.67  0.27  1  3  1.21
 0  60.30  0.84  0  0  0.69
 3  67.05  0.71  1  3  0.61
 1  98.95  0.95  0  1  0.83
 1  99.70  0.73  0  1  0.78
 0  78.06  0.21  0  0  1.45
 2  97.46  1.06  1  3  0.58
 2  92.56  1.24  1  3  0.94
 0  77.42  0.40  0  0  1.38
 2  87.33  1.11  1  2  0.79
 2  99.70  0.73  1  2  0.89
 2  78.06  1.37  1  3  0.90
 2  67.44  1.24  1  2  1.72
 0  60.30  0.84  0  0  0.94
 0  70.67  0.27  0  0  1.05
 2  86.10  0.86  1  2  2.06
 0  77.42  1.17  0  0  0.94
 0  69.02  1.00  0  0  0.77
 3  73.90  0.71  1  3  1.14
 3  73.90  0.86  1  3  1.12
 2  77.47  0.96  1  3  0.86
 3  61.05  0.95  1  3  1.07
 3  82.58  0.40  1  2  0.68
 2  89.33  1.30  1  2  1.09
 3  72.67  0.46  1  3  1.01
 1  89.33  1.30  0  1  1.19
 0  61.05  0.95  0  0  0.81
 0  72.67  0.46  0  1  1.05
 3  64.69  0.42  1  2  1.05
 1  85.75  0.23  0  1  1.39
 2  86.10  0.71  1  2  1.00
 1  81.94  1.37  0  0  0.82
 0  72.67  1.11  0  0  0.87
 2  70.67  1.30  1  3  1.28
 3  67.44  0.33  1  2  0.84
 3  74.25  0.23  1  3  1.11
 0  67.05  0.86  0  0  0.88
 2  72.67  1.11  1  3  0.62
 3  78.06  0.21  1  2  0.81
 1  92.95  0.71  0  1  1.12
 3  62.54  0.51  1  3  1.26
 1  99.70  0.73  0  1  0.77
 3  61.05  0.62  1  2  2.34
 0  69.02  0.57  0  0  1.22
 0  73.90  0.71  0  0  1.00
 3  77.47  0.61  1  2  0.94
 1  92.56  1.24  0  1  1.15
 1  82.58  0.40  0  1  1.15
 0  67.44  0.33  0  1  1.20
 0  77.47  0.96  0  1  1.82
 3  70.67  0.27  1  3  1.17
 0  78.06  1.37  0  0  0.80
 1  85.75  1.34  0  1  0.92
 3  60.30  0.73  1  3  0.83
 2  95.31  1.16  1  2  0.82
 1  95.31  1.16  0  1  0.85
 2  90.98  1.00  1  1  0.89
 3  85.75  0.23  1  3  1.01
 1  87.33  1.11  0  1  0.79
 0  73.90  0.86  0  0  1.01
 2  97.46  0.51  1  2  2.18
 0  67.05  0.71  0  0  0.88
 1  82.53  0.61  0  1  0.93
 1  87.33  0.46  0  1  0.96
 1  81.94  0.21  0  1  0.96
 2  92.95  0.86  1  2  1.58
 3  69.02  1.00  1  3  1.48
 3  62.54  1.06  1  3  0.86
 3  69.02  0.57  1  3  0.82
 2  90.98  0.57  1  2  0.98
 2  74.25  1.34  1  3  1.37
 3  77.42  0.40  1  3  1.77
 2  85.75  1.34  1  2  0.99
 1  97.46  0.51  0  1  1.07
 1  95.31  0.42  0  1  1.01
 2  92.56  1.24  1  2  1.58
 0  78.06  0.21  0  0  2.31
 2  77.42  1.17  1  2  1.72
 0  62.54  1.06  0  0  0.91
 1  89.33  0.27  0  0  1.53
 1  82.58  1.17  0  0  1.35
 1  90.98  0.57  0  1  0.81
 2  81.94  1.37  1  2  1.76
 0  62.54  0.51  0  0  1.09
 3  60.30  0.84  1  3  1.48
 1  99.70  0.84  0  1  1.71
 3  82.53  0.61  1  2  1.22
 1  97.46  1.06  0  1  0.85
 1  92.95  0.86  0  1  0.95
 3  67.05  0.71  1  3  1.13
 0  70.67  1.30  0  0  1.04
 1  86.10  0.86  0  1  1.48
 0  61.05  0.62  0  0  0.71
 2  97.46  1.06  1  2  1.17
 1  82.53  0.96  0  0  1.88
 2  82.58  1.17  1  3  1.70
 3  89.33  0.27  1  2  1.94
 1  98.95  0.62  0  1  1.11
 2  98.95  0.62  1  2  1.17
 0  64.69  0.42  0  0  1.11
 0  67.44  1.24  0  0  0.91
 0  77.47  0.61  0  0  1.28
 0  74.25  0.23  0  0  0.68
 3  67.05  0.86  1  3  0.91
 2  82.53  0.96  1  3  1.11
 1  90.98  1.00  0  1  0.87
 2  98.95  0.95  1  2  0.83
 0  60.30  0.73  0  0  1.01
 2  95.31  0.42  1  2  1.42
 0  74.25  1.34  0  0  1.15
 3  64.69  1.16  1  3  1.08
 2  92.95  0.71  1  2  1.70
 2  99.70  0.84  1  2  1.34
 1  98.95  0.95  0  1  0.83
 1  92.56  0.33  0  1  1.06
 3  87.33  0.46  1  2  0.93
 0  64.69  1.16  0  0  0.82
 1  86.10  0.71  0  1  1.87
 3  81.94  0.21  1  3  1.10
 3  92.56  0.33  1  3  0.72
 0  72.67  1.11  0  0  1.77
 0  67.05  0.86  0  0  1.04
 1  86.10  0.86  0  1  1.70
 3  60.30  0.73  1  3  1.46
 2  86.10  0.71  1  2  0.87
 1  92.56  0.33  0  1  0.82
 2  82.58  1.17  1  3  1.85
 1  82.58  1.17  0  1  1.40
 0  70.67  1.30  0  0  0.90
 2  87.33  1.11  1  2  2.11
 2  98.95  0.95  1  2  0.89
 3  85.75  0.23  1  3  1.17
 2  97.46  0.51  1  2  1.70
 3  78.06  0.21  1  3  1.21
 2  78.06  1.37  1  3  0.92
 3  67.05  0.71  1  3  0.90
 2  81.94  1.37  1  3  1.15
 3  73.90  0.86  1  3  1.07
 1  85.75  1.34  0  0  1.63
 1  89.33  0.27  0  0  1.38
 1  92.56  1.24  0  1  0.81
 0  72.67  0.46  0  0  0.80
 0  77.42  1.17  0  0  0.85
 0  77.47  0.96  0  1  0.72
 2  92.56  1.24  1  2  0.87
 1  87.33  0.46  0  1  0.91
 3  87.33  0.46  1  2  0.90
 2  86.10  0.86  1  2  1.16
 3  81.94  0.21  1  3  0.96
 2  89.33  1.30  1  2  1.06
 2  97.46  1.06  1  2  1.01
 1  81.94  0.21  0  0  1.15
 1  87.33  1.11  0  1  0.83
 1  89.33  1.30  0  1  1.29
 3  69.02  1.00  1  3  0.71
 2  95.31  0.42  1  2  1.53
 0  78.06  0.21  0  0  0.94
 2  90.98  0.57  1  2  1.13
 0  67.44  1.24  0  0  1.05
 2  98.95  0.62  1  2  1.02
 1  92.95  0.71  0  1  0.85
 3  67.44  0.33  1  3  1.59
 3  64.69  1.16  1  3  1.75
 2  77.42  1.17  1  3  2.54
 0  60.30  0.84  0  0  0.77
 2  74.25  1.34  1  3  1.80
 3  89.33  0.27  1  2  1.91
 1  82.58  0.40  0  1  2.15
 1  90.98  1.00  0  1  1.68
 0  78.06  1.37  0  0  1.63
 0  74.25  1.34  0  0  0.72
 0  69.02  1.00  0  0  0.66
 3  64.69  0.42  1  3  0.90
 2  77.47  0.96  1  3  2.61
 3  69.02  0.57  1  3  1.05
 3  82.58  0.40  1  2  9.12
 3  77.42  0.40  1  3  1.12
 3  77.47  0.61  1  3  0.80
 1  98.95  0.95  0  1  0.95
 0  77.42  0.40  0  0  0.71
 2  70.67  1.30  1  3  1.07
 0  62.54  1.06  0  0  0.71
 3  62.54  0.51  1  3  0.75
 2  82.53  0.96  1  2  1.01
 0  61.05  0.95  0  0  0.79
 3  73.90  0.71  1  1  1.56
 2  67.44  1.24  1  3  0.93
 2  99.70  0.73  1  2  1.03
 1  82.53  0.61  0  1  1.48
 1  97.46  1.06  0  1  0.88
 1  99.70  0.73  0  1  0.76
 3  61.05  0.95  1  3  1.01
 0  73.90  0.71  0  0  1.16
 2  95.31  1.16  1  2  2.01
 3  70.67  0.27  1  3  1.01
 2  92.95  0.71  1  2  1.39
 1  85.75  0.23  0  0  1.83
 0  64.69  0.42  0  0  0.93
 3  92.56  0.33  1  2  1.15
 1  95.31  0.42  0  1  1.45
 0  69.02  0.57  0  0  1.01
 1  92.95  0.86  0  1  0.90
 1  97.46  0.51  0  1  1.00
 1  99.70  0.84  0  1  0.87
 1  86.10  0.71  0  0  1.27
 2  92.95  0.86  1  2  0.85
 0  70.67  0.27  0  0  1.34
 3  67.05  0.86  1  3  1.63
 1  98.95  0.62  0  1  2.48
 3  61.05  0.62  1  3  0.91
 1  82.53  0.96  0  0  2.01
 0  67.44  0.33  0  0  1.20
 2  72.67  1.11  1  3  1.78
 1  90.98  0.57  0  1  1.53
 0  67.05  0.71  0  0  0.75
 2  99.70  0.84  1  2  1.39
 3  82.53  0.61  1  2  1.23
 2  85.75  1.34  1  2  0.84
 3  72.67  0.46  1  3  0.93
 3  62.54  1.06  1  3  1.47
 0  74.25  0.23  0  0  1.49
 3  74.25  0.23  1  3  0.95
 1  81.94  1.37  0  0  1.45
 0  60.30  0.73  0  0  0.82
 0  64.69  1.16  0  0  0.98
 0  61.05  0.62  0  0  0.69
 1  95.31  1.16  0  1  0.84
 3  60.30  0.84  1  3  0.82
 0  62.54  0.51  0  3  0.82
 0  73.90  0.86  0  1  1.73
 2  90.98  1.00  1  2  1.11
 0  77.47  0.61  0  0  1.24
 0  77.47  0.96  0  0  1.43
 2  87.33  1.11  1  2  1.72
 0  74.25  1.34  0  0  0.97
 3  60.30  0.84  1  3  1.35
 2  85.75  1.34  1  2  1.05
 0  78.06  1.37  0  0  1.64
 1  82.53  0.61  0  0  0.72
 3  69.02  0.57  1  2  0.96
 2  86.10  0.71  1  2  0.68
 0  77.47  0.61  0  1  0.63
 0  72.67  1.11  0  0  0.92
 3  81.94  0.21  1  2  1.35
 1  90.98  1.00  0  1  0.79
 3  67.05  0.71  1  3  0.58
 2  97.46  1.06  1  2  0.71
 1  98.95  0.95  0  1  0.84
 3  89.33  0.27  1  2  1.14
 3  64.69  0.42  1  3  0.82
 2  98.95  0.95  1  2  0.83
 3  70.67  0.27  1  3  0.79
 1  90.98  0.57  0  1  2.07
 2  99.70  0.84  1  2  0.90
 3  78.06  0.21  1  3  0.95
 0  73.90  0.71  0  0  0.77
 2  72.67  1.11  1  3  1.09
 0  77.42  0.40  0  0  1.45
 3  87.33  0.46  1  3  1.82
 1  97.46  1.06  0  1  0.86
 1  92.56  1.24  0  0  2.64
 2  99.70  0.73  1  2  1.07
 2  90.98  1.00  1  2  0.66
 2  82.58  1.17  1  3  1.01
 3  74.25  0.23  1  3  1.15
 2  82.53  0.96  1  3  0.98
 2  78.06  1.37  1  3  1.28
 3  92.56  0.33  1  3  1.01
 2  92.95  0.71  1  3  1.10
 0  67.05  0.86  0  0  0.98
 1  85.75  1.34  0  0  1.03
 0  77.42  1.17  0  0  1.07
 1  82.58  0.40  0  0  1.14
 3  64.69  1.16  1  3  0.76
 1  98.95  0.62  0  0  1.43
 1  82.58  1.17  0  0  1.48
 2  97.46  0.51  1  2  1.48
 2  81.94  1.37  1  2  1.74
 2  92.95  0.86  1  2  0.95
 0  60.30  0.84  0  0  0.83
 1  81.94  1.37  0  1  1.31
 3  60.30  0.73  1  3  1.24
 1  92.95  0.71  0  1  1.39
 0  72.67  0.46  0  0  1.21
 0  73.90  0.86  0  0  0.98
 2  70.67  1.30  1  3  1.36
 2  92.56  1.24  1  2  7.64
 3  73.90  0.71  1  3  1.19
 0  61.05  0.62  0  0  0.77
 3  85.75  0.23  1  2  0.77
 1  87.33  1.11  0  1  0.93
 1  97.46  0.51  0  1  0.67
 0  70.67  0.27  0  0  1.28
 1  82.53  0.96  0  1  0.90
 3  61.05  0.95  1  3  1.00
 0  74.25  0.23  0  1  1.25
 3  72.67  0.46  1  3  0.93
 2  89.33  1.30  1  2  0.98
 1  99.70  0.73  0  1  0.93
 3  69.02  1.00  1  3  1.48
 0  62.54  1.06  0  0  0.82
 0  69.02  0.57  0  0  0.83
 3  67.05  0.86  1  3  0.68
 3  77.47  0.61  1  2  0.81
 1  99.70  0.84  0  1  0.72
 0  67.05  0.71  0  0  0.91
 0  60.30  0.73  0  0  0.94
 0  64.69  1.16  0  0  0.97
 1  89.33  0.27  0  0  1.35
 2  77.42  1.17  1  2  1.38
 0  64.69  0.42  0  0  0.85
 3  82.58  0.40  1  3  4.59
 3  62.54  0.51  1  3  0.93
 0  70.67  1.30  0  0  2.20
 3  67.44  0.33  1  3  1.35
 0  67.44  1.24  0  0  5.56
 2  95.31  0.42  1  2  1.32
 1  86.10  0.71  0  1  1.13
 2  77.47  0.96  1  2  0.83
 3  73.90  0.86  1  3  1.97
 1  81.94  0.21  0  0  1.19
 2  67.44  1.24  1  3  1.10
 0  69.02  1.00  0  0  1.09
 3  62.54  1.06  1  3  0.92
 2  74.25  1.34  1  3  1.03
 2  95.31  1.16  1  2  0.76
 1  89.33  1.30  0  1  0.91
 2  98.95  0.62  1  2  1.38
 1  85.75  0.23  0  0  1.36
 1  87.33  0.46  0  1  0.76
 1  92.95  0.86  0  1  0.97
 1  95.31  1.16  0  1  0.87
 1  92.56  0.33  0  1  0.70
 3  82.53  0.61  1  2  1.26
 3  61.05  0.62  1  3  0.70
 0  67.44  0.33  0  0  1.02
 0  62.54  0.51  0  0  0.93
 0  78.06  0.21  0  0  1.35
 2  86.10  0.86  1  2  0.96
 1  95.31  0.42  0  0  1.71
 1  86.10  0.86  0  1  0.88
 0  61.05  0.95  0  0  0.76
 2  90.98  0.57  1  2  0.76
 3  77.42  0.40  1  3  3.43
