 0  61.05  0.62  0  3  6.97
 1  90.98  1.00  0  3  1.91
 3  70.67  0.27  1  3  2.03
 0  61.05  0.95  0  2  1.46
 0  60.30  0.73  0  3  1.31
 0  74.25  0.23  0  0  2.32
 0  69.02  0.57  0  0  1.14
 1  87.33  1.11  0  1  3.63
 1  95.31  0.42  0  0  0.99
 0  72.67  1.11  0  1  1.71
 1  86.10  0.86  0  2  1.46
 3  62.54  1.06  1  3  0.71
 3  77.42  0.40  1  3  0.63
 2  92.95  0.86  1  3  0.76
 1  95.31  1.16  0  1  1.96
 1  92.56  0.33  0  0  1.34
 3  81.94  0.21  1  3  1.44
 3  61.05  0.62  1  3  0.96
 0  77.47  0.61  0  0  1.39
 3  78.06  0.21  1  3  1.25
 0  64.69  1.16  0  1  2.75
 3  72.67  0.46  1  3  1.03
 3  92.56  0.33  1  3  1.63
 0  73.90  0.86  0  0  3.75
 1  86.10  0.71  0  0  1.73
 2  99.70  0.84  1  3  1.11
 3  60.30  0.84  1  3  0.88
 1  92.95  0.71  0  0  1.65
 2  98.95  0.62  1  2  2.85
 2  70.67  1.30  1  2  2.65
 2  86.10  0.71  1  2  1.42
 0  70.67  0.27  0  0  1.45
 0  77.47  0.96  0  1  1.49
 2  77.42  1.17  1  2  2.74
 2  90.98  0.57  1  3  1.15
 3  62.54  0.51  1  3  0.85
 2  74.25  1.34  1  2  1.08
 2  92.95  0.71  1  2  1.67
 0  73.90  0.71  0  0  1.71
 2  82.58  1.17  1  2  2.34
 1  82.58  0.40  0  0  2.23
 2  81.94  1.37  1  2  1.02
 0  67.05  0.71  0  0  1.39
 3  82.58  0.40  1  3  2.36
 1  99.70  0.73  0  1  5.83
 2  77.47  0.96  1  2  5.35
 0  77.42  1.17  0  1  2.45
 1  98.95  0.95  0  1  1.79
 0  72.67  0.46  0  0  1.02
 3  87.33  0.46  1  2  2.63
 1  82.53  0.96  0  1  3.03
 2  85.75  1.34  1  1  7.34
 2  95.31  0.42  1  1  1.31
 2  78.06  1.37  1  1  1.10
 3  82.53  0.61  1  3  3.03
 3  77.47  0.61  1  3  0.99
 2  89.33  1.30  1  2  0.78
 0  77.42  0.40  0  0  1.76
 2  72.67  1.11  1  2  2.40
 1  81.94  1.37  0  1  1.63
 0  67.44  1.24  0  0  3.17
 2  95.31  1.16  1  2  2.13
 0  64.69  0.42  0  0  1.85
 3  64.69  1.16  1  3  4.30
 3  69.02  1.00  1  3  0.99
 0  67.44  0.33  0  0  2.20
 1  97.46  1.06  0  1  1.42
 3  85.75  0.23  1  2  1.58
 1  90.98  0.57  0  1  2.54
 3  67.05  0.71  1  3  2.07
 1  87.33  0.46  0  1  1.19
 2  67.44  1.24  1  2  1.60
 3  67.44  0.33  1  3  2.41
 2  98.95  0.95  1  2  1.05
 1  89.33  1.30  0  1  1.20
 1  99.70  0.84  0  1  0.63
 1  85.75  0.23  0  1  1.47
 1  97.46  0.51  0  1  0.73
 2  92.56  1.24  1  2  1.19
 0  69.02  1.00  0  0  1.65
 2  97.46  0.51  1  2  2.21
 1  92.95  0.86  0  1  0.98
 0  60.30  0.84  0  0  1.74
 0  70.67  1.30  0  1  1.22
 3  69.02  0.57  1  3  1.50
 0  62.54  0.51  0  0  1.18
 3  67.05  0.86  1  3  2.13
 0  74.25  1.34  0  1  1.58
 1  89.33  0.27  0  1  0.79
 0  78.06  1.37  0  0  0.95
 2  87.33  1.11  1  2  1.46
 1  82.58  1.17  0  0  3.36
 1  92.56  1.24  0  1  1.29
 2  99.70  0.73  1  2  1.55
 3  89.33  0.27  1  2  3.95
 1  82.53  0.61  0  1  1.92
 2  86.10  0.86  1  2  1.26
 0  78.06  0.21  0  0  1.26
 1  85.75  1.34  0  1  1.10
 2  82.53  0.96  1  2  2.29
 1  98.95  0.62  0  1  2.14
 0  67.05  0.86  0  0  0.79
 3  73.90  0.71  1  3  7.17
 3  64.69  0.42  1  3  0.98
 3  60.30  0.73  1  3  0.82
 1  81.94  0.21  0  1  1.17
 3  74.25  0.23  1  2  1.81
 2  90.98  1.00  1  2  0.67
 2  97.46  1.06  1  2  0.73
 3  61.05  0.95  1  3  0.95
 3  73.90  0.86  1  2  1.22
 0  62.54  1.06  0  0  1.04
 1  97.46  1.06  0  1  2.67
 0  72.67  1.11  0  0  2.18
 1  90.98  1.00  0  1  1.28
 1  98.95  0.62  0  1  0.92
 2  89.33  1.30  1  2  1.23
 1  85.75  1.34  0  1  0.92
 2  82.53  0.96  1  2  1.02
 0  74.25  1.34  0  1  1.57
 2  74.25  1.34  1  2  1.56
 0  67.05  0.71  0  0  2.63
 3  87.33  0.46  1  2  1.72
 1  90.98  0.57  0  1  2.09
 3  74.25  0.23  1  3  1.95
 2  90.98  1.00  1  2  0.74
 3  85.75  0.23  1  3  0.80
 0  77.47  0.61  0  1  3.42
 3  62.54  1.06  1  3  1.74
 3  77.47  0.61  1  3  2.73
 2  90.98  0.57  1  2  1.16
 3  89.33  0.27  1  2  1.12
 2  92.95  0.71  1  2  0.94
 2  95.31  1.16  1  2  0.84
 0  70.67  0.27  0  0  2.49
 2  92.56  1.24  1  2  1.24
 1  86.10  0.71  0  1  1.10
 1  82.53  0.61  0  1  0.88
 2  98.95  0.62  1  2  4.89
 3  61.05  0.62  1  3  0.95
 0  60.30  0.73  0  0  1.83
 3  69.02  1.00  1  3  1.20
 0  69.02  0.57  0  0  1.10
 0  73.90  0.71  0  1  3.70
 0  77.42  0.40  0  0  1.57
 0  67.05  0.86  0  0  0.94
 1  92.56  1.24  0  1  0.87
 3  60.30  0.73  1  3  1.13
 3  62.54  0.51  1  3  0.91
 1  89.33  1.30  0  1  1.38
 2  81.94  1.37  1  2  1.61
 2  99.70  0.84  1  2  0.96
 3  72.67  0.46  1  3  1.50
 0  64.69  0.42  0  0  2.10
 1  81.94  1.37  0  1  0.84
 3  70.67  0.27  1  3  3.54
 0  70.67  1.30  0  0  3.18
 0  78.06  0.21  0  1  1.04
 2  67.44  1.24  1  3  1.79
 0  74.25  0.23  0  0  2.88
 1  92.95  0.71  0  1  0.74
 3  64.69  1.16  1  3  0.79
 1  86.10  0.86  0  1  1.73
 2  86.10  0.86  1  2  2.56
 0  62.54  1.06  0  0  1.16
 3  67.05  0.86  1  3  0.72
 0  60.30  0.84  0  0  0.88
 0  73.90  0.86  0  0  1.02
 1  92.56  0.33  0  1  0.77
 1  92.95  0.86  0  1  0.71
 2  86.10  0.71  1  2  1.63
 1  82.58  1.17  0  1  0.76
 0  69.02  1.00  0  0  0.82
 2  85.75  1.34  1  2  2.64
 0  67.44  1.24  0  0  1.23
 0  72.67  0.46  0  3  1.48
 1  89.33  0.27  0  2  0.97
 3  67.05  0.71  1  3  2.62
 1  81.94  0.21  0  1  2.50
 3  78.06  0.21  1  2  3.98
 1  82.53  0.96  0  1  1.60
 2  87.33  1.11  1  2  1.42
 1  87.33  1.11  0  1  1.49
 2  99.70  0.73  1  2  1.05
 3  60.30  0.84  1  3  0.89
 2  78.06  1.37  1  2  1.49
 3  69.02  0.57  1  3  1.48
 2  70.67  1.30  1  2  2.02
 2  95.31  0.42  1  2  0.86
 3  92.56  0.33  1  2  0.84
 1  95.31  0.42  0  1  1.28
 1  87.33  0.46  0  1  1.13
 1  99.70  0.84  0  1  0.69
 2  77.42  1.17  1  2  3.77
 2  97.46  1.06  1  2  0.66
 3  67.44  0.33  1  3  0.92
 3  77.42  0.40  1  2  3.93
 0  61.05  0.62  0  0  1.24
 2  92.95  0.86  1  2  0.98
 2  98.95  0.95  1  2  2.10
 0  77.47  0.96  0  1  2.97
 3  82.58  0.40  1  3  1.63
 1  97.46  0.51  0  1  0.80
 2  72.67  1.11  1  3  0.76
 3  61.05  0.95  1  3  2.42
 0  61.05  0.95  0  0  0.97
 0  67.44  0.33  0  0  4.18
 2  82.58  1.17  1  2  0.74
 3  82.53  0.61  1  2  0.80
 1  85.75  0.23  0  1  2.82
 1  99.70  0.73  0  1  0.66
 0  77.42  1.17  0  1  1.69
 1  98.95  0.95  0  1  1.30
 3  73.90  0.86  1  3  2.87
 3  73.90  0.71  1  3  1.24
 1  95.31  1.16  0  1  1.27
 3  81.94  0.21  1  2  1.04
 0  62.54  0.51  0  0  1.52
 0  64.69  1.16  0  0  0.84
 1  82.58  0.40  0  1  0.97
 3  64.69  0.42  1  3  4.24
 2  77.47  0.96  1  2  0.84
 0  78.06  1.37  0  1  2.97
 2  97.46  0.51  1  2  0.70
 2  78.06  1.37  1  2  4.90
 3  82.58  0.40  1  2  0.96
 3  69.02  1.00  1  2  2.95
 1  98.95  0.95  0  1  1.10
 1  82.53  0.96  0  1  1.68
 2  95.31  0.42  1  2  0.93
 3  82.53  0.61  1  2  1.38
 3  67.05  0.71  1  3  1.68
 2  92.95  0.86  1  2  0.88
 2  77.47  0.96  1  2  3.63
 2  81.94  1.37  1  2  0.73
 3  77.42  0.40  1  3  0.87
 0  61.05  0.95  0  0  1.17
 0  72.67  1.11  0  1  0.92
 3  61.05  0.62  1  3  0.93
 0  77.42  1.17  0  0  4.55
 1  82.58  0.40  0  1  0.98
 1  87.33  1.11  0  1  0.85
 1  85.75  1.34  0  1  1.10
 2  97.46  1.06  1  2  1.05
 2  86.10  0.71  1  2  0.80
 3  85.75  0.23  1  3  1.48
 3  92.56  0.33  1  3  1.70
 3  73.90  0.86  1  3  1.25
 1  86.10  0.86  0  1  3.78
 3  60.30  0.73  1  3  0.94
 0  78.06  0.21  0  0  3.34
 0  62.54  0.51  0  0  0.69
 1  97.46  1.06  0  1  2.55
 0  61.05  0.62  0  0  0.81
 0  77.47  0.61  0  0  1.22
 2  95.31  1.16  1  2  0.83
 1  90.98  1.00  0  1  2.59
 0  69.02  0.57  0  0  6.44
 1  92.56  1.24  0  1  1.91
 0  64.69  0.42  0  0  1.75
 0  67.05  0.86  0  0  0.68
 0  77.47  0.96  0  0  1.10
 2  82.53  0.96  1  3  3.07
 3  69.02  0.57  1  3  0.73
 1  87.33  0.46  0  1  1.06
 3  62.54  0.51  1  3  0.67
 3  81.94  0.21  1  3  1.58
 3  61.05  0.95  1  3  0.68
 2  98.95  0.95  1  2  0.71
 3  67.05  0.86  1  3  0.74
 0  62.54  1.06  0  0  0.76
 2  67.44  1.24  1  2  1.71
 1  85.75  0.23  0  1  1.62
 0  70.67  0.27  0  0  1.56
 1  95.31  0.42  0  1  1.73
 3  74.25  0.23  1  3  1.56
 0  74.25  0.23  0  0  1.34
 1  95.31  1.16  0  1  0.88
 2  89.33  1.30  1  2  2.43
 0  70.67  1.30  0  0  0.77
 3  64.69  1.16  1  3  1.91
 3  89.33  0.27  1  2  0.79
 3  70.67  0.27  1  3  1.08
 3  77.47  0.61  1  3  1.41
 0  74.25  1.34  0  0  2.30
 0  77.42  0.40  0  0  2.81
 1  86.10  0.71  0  1  0.76
 3  62.54  1.06  1  3  0.86
 1  97.46  0.51  0  1  0.76
 2  72.67  1.11  1  3  5.06
 2  92.95  0.71  1  2  0.81
 1  92.95  0.71  0  1  0.87
 1  90.98  0.57  0  1  0.67
 2  74.25  1.34  1  2  2.14
 1  99.70  0.84  0  1  0.67
 2  90.98  0.57  1  3  4.02
 2  99.70  0.73  1  2  0.85
 3  72.67  0.46  1  3  0.69
 1  92.56  0.33  0  1  1.39
 1  89.33  1.30  0  0  3.71
 0  73.90  0.86  0  0  1.03
 0  60.30  0.73  0  0  0.64
 3  67.44  0.33  1  3  0.87
 2  98.95  0.62  1  2  0.72
 2  97.46  0.51  1  2  0.69
 1  81.94  1.37  0  0  2.76
 2  82.58  1.17  1  3  2.48
 2  87.33  1.11  1  2  4.69
 3  60.30  0.84  1  3  0.78
 0  69.02  1.00  0  0  1.08
 2  85.75  1.34  1  2  1.76
 3  73.90  0.71  1  3  0.86
 2  99.70  0.84  1  2  0.69
 0  72.67  0.46  0  0  2.13
 0  67.05  0.71  0  0  1.90
 1  98.95  0.62  0  1  0.80
 1  82.58  1.17  0  0  1.28
 0  64.69  1.16  0  0  0.70
 0  67.44  0.33  0  0  2.66
 3  87.33  0.46  1  2  1.47
 2  77.42  1.17  1  3  1.51
 0  67.44  1.24  0  0  0.88
 1  82.53  0.61  0  1  1.71
 1  99.70  0.73  0  1  0.69
 1  92.95  0.86  0  1  0.89
 2  92.56  1.24  1  2  0.79
 2  86.10  0.86  1  3  1.96
 1  81.94  0.21  0  1  1.01
 2  70.67  1.30  1  2  2.31
 0  60.30  0.84  0  0  0.87
 0  78.06  1.37  0  0  5.20
 3  64.69  0.42  1  3  1.02
 3  78.06  0.21  1  3  2.15
 2  90.98  1.00  1  2  0.86
 0  73.90  0.71  0  0  3.84
 1  89.33  0.27  0  1  0.67
 3  70.67  0.27  1  3  2.53
 1  87.33  1.11  0  1  7.73
 1  87.33  0.46  0  1  0.75
 3  64.69  0.42  1  3  0.73
 2  92.56  1.24  1  2  0.83
 1  85.75  1.34  0  1  1.59
 3  60.30  0.73  1  3  0.71
 2  97.46  1.06  1  2  0.71
 0  78.06  1.37  0  0  4.63
 1  99.70  0.73  0  1  1.30
 1  99.70  0.84  0  1  0.75
 3  77.42  0.40  1  3  0.94
 2  72.67  1.11  1  3  0.76
 1  82.53  0.96  0  0  1.51
 2  86.10  0.71  1  2  2.56
 1  98.95  0.62  0  1  0.73
 0  77.47  0.96  0  0  4.30
 0  67.44  1.24  0  0  0.71
 0  60.30  0.84  0  0  0.92
 2  98.95  0.62  1  2  0.67
 3  64.69  1.16  1  3  0.69
 2  95.31  0.42  1  3  2.11
 3  92.56  0.33  1  2  0.98
 0  77.42  1.17  0  0  1.72
 2  82.58  1.17  1  2  1.38
 2  95.31  1.16  1  2  0.84
 1  95.31  1.16  0  1  1.20
 2  97.46  0.51  1  2  1.21
 2  86.10  0.86  1  2  1.43
 0  77.42  0.40  0  0  2.11
 3  78.06  0.21  1  3  0.89
 3  69.02  1.00  1  2  4.18
 2  90.98  0.57  1  2  0.70
 3  73.90  0.86  1  3  1.21
 1  82.58  1.17  0  0  1.40
 2  87.33  1.11  1  2  1.49
 3  62.54  0.51  1  3  1.05
 2  98.95  0.95  1  2  1.60
 1  89.33  1.30  0  1  3.57
 2  99.70  0.73  1  2  1.48
 1  95.31  0.42  0  1  0.89
 1  92.56  1.24  0  1  1.72
 0  70.67  1.30  0  0  0.73
 2  89.33  1.30  1  2  1.73
 1  92.95  0.86  0  1  1.90
 0  74.25  1.34  0  0  1.31
 2  77.42  1.17  1  3  0.78
 0  73.90  0.86  0  0  1.24
 3  67.05  0.86  1  3  2.43
 2  99.70  0.84  1  2  1.51
 1  85.75  0.23  0  1  1.22
 0  73.90  0.71  0  0  1.30
 1  86.10  0.86  0  1  1.77
 1  98.95  0.95  0  1  0.82
 3  69.02  0.57  1  3  1.96
 2  77.47  0.96  1  2  1.51
 1  90.98  1.00  0  1  1.47
 2  81.94  1.37  1  2  1.68
 3  72.67  0.46  1  3  1.51
 1  81.94  1.37  0  0  3.79
 2  70.67  1.30  1  2  1.22
 2  92.95  0.71  1  2  1.88
 2  82.53  0.96  1  2  1.70
 0  70.67  0.27  0  0  2.17
 3  85.75  0.23  1  2  1.56
 1  97.46  0.51  0  1  1.17
 3  81.94  0.21  1  3  2.04
 3  89.33  0.27  1  3  3.20
 3  60.30  0.84  1  3  0.85
 0  72.67  0.46  0  0  1.42
 0  72.67  1.11  0  0  0.90
 1  90.98  0.57  0  1  1.13
 0  62.54  1.06  0  0  0.78
 1  92.95  0.71  0  1  0.81
 3  61.05  0.62  1  3  0.85
 3  74.25  0.23  1  3  1.42
 2  67.44  1.24  1  2  2.19
 3  61.05  0.95  1  3  1.31
 2  92.95  0.86  1  2  0.75
 0  74.25  0.23  0  0  5.29
 3  77.47  0.61  1  2  8.02
 0  62.54  0.51  0  0  0.75
 0  64.69  1.16  0  0  1.54
 0  69.02  1.00  0  0  1.15
 2  74.25  1.34  1  2  2.25
 0  61.05  0.95  0  0  1.33
 0  77.47  0.61  0  1  3.31
 1  92.56  0.33  0  1  0.87
 3  73.90  0.71  1  2  1.74
 2  85.75  1.34  1  2  1.79
 1  97.46  1.06  0  1  3.90
 0  60.30  0.73  0  0  1.08
 2  78.06  1.37  1  2  1.50
 3  67.44  0.33  1  3  0.93
 0  61.05  0.62  0  0  0.75
 0  69.02  0.57  0  0  0.79
 1  89.33  0.27  0  1  0.71
 1  82.58  0.40  0  1  0.69
 3  82.53  0.61  1  2  1.23
 0  67.05  0.86  0  0  0.89
 1  81.94  0.21  0  1  0.64
 0  64.69  0.42  0  0  0.81
 3  87.33  0.46  1  3  3.97
 3  67.05  0.71  1  3  1.06
 0  67.44  0.33  0  0  0.87
 2  90.98  1.00  1  2  0.91
 0  78.06  0.21  0  1  3.78
 0  67.05  0.71  0  0  0.86
 1  82.53  0.61  0  1  1.23
 1  86.10  0.71  0  1  0.85
 3  62.54  1.06  1  3  0.82
 3  82.58  0.40  1  3  2.26
 0  67.05  0.71  0  0  3.48
 1  97.46  0.51  0  1  0.70
 1  92.95  0.71  0  1  0.60
 2  90.98  0.57  1  3  1.35
 2  82.53  0.96  1  2  0.93
 1  98.95  0.62  0  1  1.09
 0  74.25  0.23  0  0  1.95
 3  67.05  0.86  1  3  0.77
 2  99.70  0.84  1  2  0.96
 2  99.70  0.73  1  2  0.88
 0  78.06  1.37  0  0  1.86
 3  70.67  0.27  1  3  1.23
 2  87.33  1.11  1  2  0.91
 3  77.47  0.61  1  2  1.11
 3  61.05  0.95  1  3  0.79
 0  69.02  1.00  0  0  1.93
 2  98.95  0.95  1  2  0.96
 3  87.33  0.46  1  3  3.32
 2  98.95  0.62  1  3  5.42
 2  67.44  1.24  1  3  0.68
 3  85.75  0.23  1  3  1.09
 3  74.25  0.23  1  3  0.91
 1  92.56  0.33  0  1  1.03
 3  62.54  1.06  1  3  0.78
 3  69.02  1.00  1  2  1.93
 1  82.53  0.96  0  1  1.20
 2  86.10  0.71  1  3  2.09
 0  73.90  0.86  0  0  1.11
 1  81.94  1.37  0  1  1.82
 0  62.54  1.06  0  0  0.77
 3  67.44  0.33  1  3  0.96
 0  64.69  0.42  0  0  0.74
 0  70.67  1.30  0  0  1.55
 2  81.94  1.37  1  2  1.02
 2  90.98  1.00  1  2  1.18
 3  64.69  1.16  1  3  0.72
 1  85.75  1.34  0  1  1.15
 2  92.95  0.86  1  2  1.30
 2  86.10  0.86  1  2  2.06
 1  90.98  0.57  0  1  0.86
 1  99.70  0.73  0  1  0.83
 0  67.44  0.33  0  0  0.85
 2  95.31  0.42  1  3  1.86
 2  92.56  1.24  1  2  0.85
 1  95.31  0.42  0  1  0.77
 3  78.06  0.21  1  3  1.46
 2  82.58  1.17  1  2  0.78
 0  69.02  0.57  0  0  2.10
 0  60.30  0.84  0  0  1.45
 1  86.10  0.71  0  1  1.16
 0  72.67  0.46  0  0  1.30
 0  61.05  0.62  0  0  0.72
 1  99.70  0.84  0  1  0.74
 3  92.56  0.33  1  3  4.77
 2  85.75  1.34  1  2  0.72
 0  77.42  0.40  0  0  2.61
 3  89.33  0.27  1  2  2.02
 0  73.90  0.71  0  0  0.74
 3  67.05  0.71  1  3  0.89
 3  60.30  0.73  1  3  0.82
 3  60.30  0.84  1  3  3.99
 3  61.05  0.62  1  3  0.77
 1  97.46  1.06  0  1  0.85
 1  82.53  0.61  0  1  1.10
 0  77.47  0.96  0  1  2.32
 1  82.58  1.17  0  1  8.44
 1  92.56  1.24  0  1  0.81
 2  92.95  0.71  1  2  9.45
 0  77.42  1.17  0  0  1.44
 0  78.06  0.21  0  1  4.38
 1  89.33  0.27  0  1  0.72
 2  72.67  1.11  1  3  1.12
 3  62.54  0.51  1  3  0.97
 1  85.75  0.23  0  1  0.82
 1  90.98  1.00  0  1  1.49
 3  81.94  0.21  1  3  1.61
 3  72.67  0.46  1  3  1.23
 2  89.33  1.30  1  2  0.85
 1  98.95  0.95  0  1  0.78
 2  78.06  1.37  1  2  0.85
 0  67.05  0.86  0  0  1.62
 2  70.67  1.30  1  2  2.63
 0  70.67  0.27  0  1  1.74
 0  74.25  1.34  0  0  1.49
 2  97.46  1.06  1  2  2.06
 1  86.10  0.86  0  1  1.45
 1  82.58  0.40  0  1  0.68
 0  72.67  1.11  0  0  0.97
 0  67.44  1.24  0  0  0.59
 3  82.53  0.61  1  3  2.54
 1  87.33  1.11  0  1  1.71
 3  69.02  0.57  1  3  0.95
 1  92.95  0.86  0  1  1.57
 0  64.69  1.16  0  0  1.51
 1  89.33  1.30  0  1  0.74
 2  77.47  0.96  1  2  8.06
 0  60.30  0.73  0  0  0.72
 1  87.33  0.46  0  1  0.79
 0  62.54  0.51  0  0  1.32
 3  73.90  0.71  1  2  4.16
 2  97.46  0.51  1  2  1.18
 2  95.31  1.16  1  2  0.98
 3  73.90  0.86  1  3  1.23
 2  74.25  1.34  1  2  0.84
 1  95.31  1.16  0  1  0.88
 0  77.47  0.61  0  1  0.94
 2  77.42  1.17  1  2  1.60
 1  81.94  0.21  0  1  0.90
 3  64.69  0.42  1  3  0.98
 0  61.05  0.95  0  0  0.77
 3  82.58  0.40  1  3  1.43
 3  77.42  0.40  1  3  0.80
