 0  77.47  0.61  0  0  3.32
 3  69.02  1.00  1  1  2.89
 1  92.56  1.24  0  1  1.46
 1  85.75  0.23  0  2  3.45
 1  97.46  0.51  0  3  1.64
 1  89.33  1.30  0  0  2.47
 1  82.58  0.40  0  0  0.76
 3  77.47  0.61  1  1  3.15
 3  61.05  0.62  1  0  1.02
 1  92.56  0.33  0  0  1.27
 2  74.25  1.34  1  0  0.73
 0  72.67  0.46  0  1  1.67
 0  73.90  0.86  0  0  1.05
 1  87.33  1.11  0  1  2.37
 0  67.05  0.71  0  0  1.17
 1  86.10  0.71  0  1  1.00
 0  70.67  1.30  0  2  1.78
 1  85.75  1.34  0  3  2.16
 1  99.70  0.84  0  2  1.55
 2  95.31  1.16  1  3  1.89
 1  81.94  1.37  0  2  2.71
 1  97.46  1.06  0  1  4.92
 2  78.06  1.37  1  1  1.09
 1  99.70  0.73  0  1  2.39
 1  95.31  0.42  0  1  1.20
 1  82.58  1.17  0  2  3.94
 2  85.75  1.34  1  1  2.23
 1  82.53  0.61  0  1  1.93
 3  77.42  0.40  1  1  4.04
 0  72.67  1.11  0  0  2.72
 0  73.90  0.71  0  1  2.52
 2  90.98  1.00  1  1  0.97
 2  72.67  1.11  1  0  2.87
 0  69.02  1.00  0  3  4.98
 3  67.05  0.86  1  2  1.07
 2  89.33  1.30  1  1  1.59
 3  60.30  0.84  1  0  1.52
 0  69.02  0.57  0  0  0.80
 1  98.95  0.62  0  1  1.04
 0  77.47  0.96  0  0  1.82
 3  61.05  0.95  1  2  2.83
 3  74.25  0.23  1  1  1.90
 2  97.46  0.51  1  1  1.16
 0  67.05  0.86  0  0  0.60
 0  78.06  0.21  0  3  2.50
 3  72.67  0.46  1  1  2.65
 3  62.54  1.06  1  0  0.69
 0  64.69  1.16  0  3  2.34
 3  87.33  0.46  1  1  0.94
 3  60.30  0.73  1  0  1.23
 0  67.44  0.33  0  0  5.58
 2  92.95  0.86  1  1  2.26
 3  92.56  0.33  1  2  2.40
 1  86.10  0.86  0  1  1.18
 0  62.54  1.06  0  0  0.74
 1  81.94  0.21  0  3  2.05
 1  98.95  0.95  0  1  2.79
 2  99.70  0.73  1  1  1.36
 3  78.06  0.21  1  0  1.08
 0  62.54  0.51  0  0  1.40
 3  64.69  1.16  1  0  1.68
 2  70.67  1.30  1  3  2.60
 0  60.30  0.84  0  2  1.09
 1  95.31  1.16  0  1  2.66
 1  90.98  0.57  0  2  1.64
 2  92.56  1.24  1  1  1.04
 0  70.67  0.27  0  0  4.33
 2  98.95  0.95  1  1  2.09
 3  62.54  0.51  1  0  0.71
 0  67.44  1.24  0  1  2.93
 0  77.42  0.40  0  1  1.06
 3  67.44  0.33  1  0  1.10
 0  77.42  1.17  0  1  2.32
 2  81.94  1.37  1  1  2.04
 3  67.05  0.71  1  3  2.32
 1  87.33  0.46  0  1  2.37
 2  82.58  1.17  1  2  1.43
 2  82.53  0.96  1  2  1.02
 2  95.31  0.42  1  1  1.59
 2  77.42  1.17  1  1  1.08
 0  60.30  0.73  0  3  1.73
 3  70.67  0.27  1  0  1.23
 2  67.44  1.24  1  0  1.52
 0  74.25  0.23  0  2  4.59
 0  74.25  1.34  0  2  3.43
 0  64.69  0.42  0  0  1.56
 3  73.90  0.86  1  1  2.93
 2  90.98  0.57  1  1  2.92
 3  64.69  0.42  1  0  5.21
 0  61.05  0.62  0  3  5.04
 3  85.75  0.23  1  1  1.77
 2  99.70  0.84  1  1  1.27
 2  87.33  1.11  1  2  0.63
 2  86.10  0.71  1  2  1.34
 1  89.33  0.27  0  2  0.93
 3  69.02  0.57  1  3  2.16
 2  98.95  0.62  1  2  2.41
 3  82.58  0.40  1  1  1.11
 1  92.95  0.71  0  2  1.07
 2  77.47  0.96  1  1  2.93
 1  92.95  0.86  0  1  1.56
 3  82.53  0.61  1  1  1.04
 2  97.46  1.06  1  2  2.01
 0  78.06  1.37  0  1  2.66
 3  73.90  0.71  1  3  2.27
 1  82.53  0.96  0  3  1.52
 2  86.10  0.86  1  2  2.40
 3  89.33  0.27  1  0  2.21
 0  61.05  0.95  0  3  0.83
 1  90.98  1.00  0  2  2.09
 2  92.95  0.71  1  2  4.36
 3  81.94  0.21  1  1  2.28
 1  86.10  0.86  0  2  2.52
 3  67.44  0.33  1  3  5.62
 3  60.30  0.84  1  3  2.73
 1  82.58  1.17  0  2  1.48
 0  77.47  0.61  0  1  1.77
 0  67.05  0.71  0  3  1.50
 0  64.69  1.16  0  3  1.27
 2  81.94  1.37  1  2  1.53
 1  99.70  0.73  0  2  2.55
 1  98.95  0.62  0  1  0.64
 3  60.30  0.73  1  3  2.36
 2  67.44  1.24  1  1  7.32
 2  95.31  1.16  1  1  1.30
 2  97.46  1.06  1  2  0.47
 0  77.42  0.40  0  1  5.99
 1  92.95  0.71  0  2  2.14
 1  97.46  0.51  0  1  1.02
 2  77.42  1.17  1  1  5.48
 1  90.98  1.00  0  1  4.35
 2  99.70  0.73  1  1  2.21
 2  86.10  0.71  1  1  6.11
 3  73.90  0.71  1  2  0.60
 2  92.95  0.71  1  0  1.10
 0  69.02  1.00  0  3  1.23
 0  72.67  0.46  0  0  1.13
 3  82.58  0.40  1  0  0.94
 1  95.31  1.16  0  2  1.74
 2  78.06  1.37  1  2  2.81
 1  82.53  0.61  0  1  9.34
 0  60.30  0.84  0  2  3.43
 1  82.53  0.96  0  1  3.49
 3  81.94  0.21  1  0  1.99
 1  87.33  0.46  0  2  1.29
 0  78.06  0.21  0  1  3.11
 3  77.42  0.40  1  3  0.79
 3  67.05  0.86  1  2 11.24
 3  73.90  0.86  1  1  0.71
 1  92.95  0.86  0  1  2.61
 2  98.95  0.95  1  1  1.42
 3  89.33  0.27  1  2  1.24
 1  81.94  1.37  0  1  4.27
 2  92.56  1.24  1  1  3.02
 1  92.56  0.33  0  3  2.98
 3  85.75  0.23  1  0  0.45
 3  78.06  0.21  1  1  3.71
 1  97.46  1.06  0  1  1.68
 1  89.33  1.30  0  1  0.66
 3  77.47  0.61  1  2  2.28
 2  98.95  0.62  1  3  3.72
 0  62.54  1.06  0  3  3.14
 2  86.10  0.86  1  2  2.37
 3  61.05  0.95  1  0  1.69
 3  92.56  0.33  1  3  3.95
 1  85.75  1.34  0  1  8.11
 3  82.53  0.61  1  2  2.28
 0  67.44  0.33  0  0  0.88
 3  62.54  0.51  1  0  0.80
 2  85.75  1.34  1  1  1.83
 3  74.25  0.23  1  3  4.75
 1  98.95  0.95  0  1  1.58
 0  77.42  1.17  0  1  2.91
 0  70.67  0.27  0  3  1.69
 1  95.31  0.42  0  2  1.76
 0  67.05  0.86  0  0  2.77
 2  95.31  0.42  1  3  4.91
 0  61.05  0.62  0  0  1.36
 1  87.33  1.11  0  1  1.37
 2  89.33  1.30  1  1  2.46
 2  99.70  0.84  1  2  2.20
 2  77.47  0.96  1  2  2.95
 0  64.69  0.42  0  3  2.63
 3  69.02  0.57  1  0  0.76
 3  61.05  0.62  1  2  2.85
 3  87.33  0.46  1  2  1.01
 1  85.75  0.23  0  3  1.98
 2  70.67  1.30  1  2  1.04
 3  64.69  1.16  1  2  1.31
 0  73.90  0.71  0  2  1.89
 0  73.90  0.86  0  0  1.22
 3  69.02  1.00  1  0  0.53
 1  82.58  0.40  0  2  1.55
 0  77.47  0.96  0  1  1.66
 2  90.98  1.00  1  2  3.02
 1  90.98  0.57  0  3  1.44
 0  72.67  1.11  0  2  1.63
 0  78.06  1.37  0  1  1.46
 2  74.25  1.34  1  3  2.16
 1  89.33  0.27  0  3  2.95
 3  64.69  0.42  1  3  1.82
 0  69.02  0.57  0  3  3.41
 0  60.30  0.73  0  3  1.99
 3  72.67  0.46  1  0  2.82
 2  82.58  1.17  1  1  1.85
 1  99.70  0.84  0  1  0.75
 3  70.67  0.27  1  2  1.59
 3  62.54  1.06  1  2  0.99
 0  74.25  1.34  0  1  0.88
 1  92.56  1.24  0  1  4.51
 2  72.67  1.11  1  2  1.42
 2  82.53  0.96  1  2  1.47
 0  74.25  0.23  0  0  4.84
 2  92.95  0.86  1  1  2.03
 2  90.98  0.57  1  1  2.32
 3  67.05  0.71  1  3  3.64
 2  87.33  1.11  1  1  0.94
 1  81.94  0.21  0  0  1.58
 0  62.54  0.51  0  3  1.19
 1  86.10  0.71  0  2  2.62
 0  67.44  1.24  0  2  4.50
 2  97.46  0.51  1  0  6.61
 0  61.05  0.95  0  1  1.36
 0  70.67  1.30  0  2  1.06
 0  69.02  0.57  0  2  7.46
 3  87.33  0.46  1  0  1.29
 2  95.31  0.42  1  1  1.95
 1  97.46  1.06  0  1  1.34
 2  85.75  1.34  1  1  1.30
 0  77.42  1.17  0  2  0.65
 0  70.67  1.30  0  3  2.32
 0  73.90  0.86  0  3  2.66
 3  60.30  0.84  1  3  0.76
 0  67.44  0.33  0  0  3.36
 1  82.58  1.17  0  1  3.42
 3  67.05  0.86  1  2  1.11
 2  90.98  0.57  1  1  1.69
 2  95.31  1.16  1  1  0.96
 3  77.47  0.61  1  1  0.89
 1  92.56  1.24  0  1  0.83
 0  70.67  0.27  0  0  1.42
 1  86.10  0.86  0  2  1.27
 0  72.67  1.11  0  2  1.74
 0  61.05  0.62  0  3  2.49
 3  85.75  0.23  1  0  3.01
 0  72.67  0.46  0  0  1.29
 2  97.46  0.51  1  2  1.80
 3  61.05  0.95  1  3  5.26
 0  64.69  0.42  0  3  1.81
 2  78.06  1.37  1  1  1.52
 2  89.33  1.30  1  2  1.12
 0  77.42  0.40  0  1  2.29
 2  77.47  0.96  1  2  2.36
 0  78.06  1.37  0  2  0.96
 0  73.90  0.71  0  2  0.81
 1  92.95  0.86  0  2  1.28
 2  86.10  0.86  1  2  1.32
 2  92.56  1.24  1  1  0.86
 2  70.67  1.30  1  1  1.49
 0  64.69  1.16  0  2  1.99
 0  60.30  0.73  0  0  1.23
 0  69.02  1.00  0  0  1.80
 1  99.70  0.73  0  2  3.74
 3  82.53  0.61  1  2  1.41
 2  72.67  1.11  1  1  4.83
 0  61.05  0.95  0  3  2.55
 2  82.58  1.17  1  2  1.48
 0  67.05  0.86  0  1  3.10
 1  92.56  0.33  0  2  2.95
 1  98.95  0.62  0  0  1.06
 3  78.06  0.21  1  0  2.00
 1  85.75  1.34  0  1  1.34
 1  85.75  0.23  0  2  2.85
 3  72.67  0.46  1  0  2.05
 0  74.25  0.23  0  3  1.10
 2  67.44  1.24  1  1  1.83
 2  87.33  1.11  1  1  0.86
 0  77.47  0.96  0  2  3.64
 2  98.95  0.95  1  2 13.28
 1  99.70  0.84  0  2  1.88
 1  90.98  0.57  0  1  0.56
 2  98.95  0.62  1  1  0.81
 1  95.31  1.16  0  2  1.06
 3  73.90  0.71  1  1  3.72
 3  73.90  0.86  1  3  1.60
 0  74.25  1.34  0  2  4.66
 1  82.53  0.96  0  1  6.63
 2  92.95  0.71  1  2  7.00
 3  77.42  0.40  1  1  0.69
 2  74.25  1.34  1  1  1.23
 3  69.02  1.00  1  2  0.71
 3  64.69  0.42  1  0  2.53
 2  81.94  1.37  1  1  1.32
 0  62.54  1.06  0  2  1.11
 2  99.70  0.84  1  2  1.50
 2  82.53  0.96  1  1  1.98
 0  60.30  0.84  0  3  0.80
 1  98.95  0.95  0  2  1.34
 3  61.05  0.62  1  0  1.03
 2  86.10  0.71  1  2  0.99
 2  92.95  0.86  1  1  1.18
 3  70.67  0.27  1  0  1.36
 0  78.06  0.21  0  0  0.88
 3  81.94  0.21  1  0  0.72
 1  89.33  1.30  0  2  1.41
 3  67.05  0.71  1  3  1.22
 3  82.58  0.40  1  2  3.44
 3  92.56  0.33  1  1  0.54
 1  95.31  0.42  0  2  1.04
 2  97.46  1.06  1  2  1.27
 0  67.44  1.24  0  2  0.97
 3  74.25  0.23  1  1  2.13
 1  89.33  0.27  0  0  2.18
 1  92.95  0.71  0  2  1.56
 3  69.02  0.57  1  0  2.54
 1  82.58  0.40  0  1  1.67
 1  97.46  0.51  0  1  0.97
 3  60.30  0.73  1  2  4.10
 1  81.94  1.37  0  2  1.40
 1  82.53  0.61  0  1  2.07
 3  64.69  1.16  1  3  1.15
 1  90.98  1.00  0  2  5.26
 1  86.10  0.71  0  1  1.40
 2  77.42  1.17  1  0  1.66
 0  77.47  0.61  0  3  6.31
 0  67.05  0.71  0  3  0.77
 3  89.33  0.27  1  1  1.84
 3  67.44  0.33  1  0  0.67
 0  62.54  0.51  0  0  0.32
 3  62.54  0.51  1  0  0.51
 3  62.54  1.06  1  2  2.49
 1  87.33  1.11  0  1  1.60
 1  87.33  0.46  0  2  1.04
 2  99.70  0.73  1  2  1.38
 2  90.98  1.00  1  1  0.78
 1  81.94  0.21  0  0  0.86
 1  92.56  0.33  0  0  3.67
 1  97.46  1.06  0  1  2.28
 1  98.95  0.95  0  1  0.61
 1  92.95  0.71  0  2  1.98
 0  73.90  0.71  0  2  0.77
 3  69.02  1.00  1  3  0.94
 2  90.98  0.57  1  2  2.83
 0  72.67  0.46  0  3  3.18
 3  85.75  0.23  1  0  0.48
 0  78.06  0.21  0  2  0.78
 2  86.10  0.71  1  0  0.24
 2  70.67  1.30  1  1  1.45
 0  74.25  0.23  0  3  0.99
 1  99.70  0.84  0  1  1.62
 3  81.94  0.21  1  0  1.50
 2  92.95  0.86  1  2  1.70
 3  61.05  0.62  1  3  1.12
 3  78.06  0.21  1  0  1.30
 2  82.58  1.17  1  1  1.00
 1  85.75  1.34  0  2  0.62
 2  86.10  0.86  1  2  2.13
 3  72.67  0.46  1  0  2.48
 3  67.05  0.86  1  2  4.73
 3  77.47  0.61  1  1  0.62
 0  72.67  1.11  0  1  2.21
 3  60.30  0.73  1  2  0.99
 2  99.70  0.73  1  2  1.52
 1  97.46  0.51  0  1  1.12
 3  61.05  0.95  1  3  6.99
 1  82.58  1.17  0  1  1.97
 2  97.46  0.51  1  2  1.40
 0  67.44  1.24  0  1  1.23
 2  81.94  1.37  1  1  1.13
 3  77.42  0.40  1  1  1.30
 2  67.44  1.24  1  2  0.84
 3  73.90  0.71  1  1  1.19
 2  82.53  0.96  1  2  1.52
 1  90.98  1.00  0  2  1.71
 2  77.42  1.17  1  2  3.29
 1  82.53  0.61  0  1  1.25
 1  89.33  0.27  0  0  1.47
 2  95.31  0.42  1  3  1.80
 1  92.95  0.86  0  2  2.18
 0  61.05  0.95  0  3  1.10
 3  60.30  0.84  1  3  0.85
 1  90.98  0.57  0  1  5.03
 3  62.54  0.51  1  0  2.22
 0  70.67  0.27  0  0  2.43
 0  73.90  0.86  0  2  4.33
 1  86.10  0.71  0  1  1.54
 0  70.67  1.30  0  2  2.21
 3  73.90  0.86  1  2  1.25
 2  95.31  1.16  1  2  0.98
 1  99.70  0.73  0  1  1.87
 3  82.58  0.40  1  1  1.38
 3  67.05  0.71  1  3  1.52
 0  69.02  0.57  0  3  2.64
 3  69.02  0.57  1  1  2.51
 3  74.25  0.23  1  0  0.62
 2  98.95  0.95  1  2  1.34
 0  77.47  0.61  0  1  2.89
 0  77.42  0.40  0  1  3.82
 1  86.10  0.86  0  2  3.56
 0  77.47  0.96  0  2  2.17
 2  74.25  1.34  1  2  1.49
 1  82.53  0.96  0  1  1.60
 1  95.31  1.16  0  2  1.90
 2  85.75  1.34  1  2  0.79
 2  87.33  1.11  1  1  1.93
 1  81.94  1.37  0  2  0.84
 0  74.25  1.34  0  2  0.84
 2  77.47  0.96  1  2  1.53
 2  72.67  1.11  1  2  0.94
 0  64.69  1.16  0  1  1.20
 0  67.05  0.86  0  2  1.84
 2  99.70  0.84  1  2  6.85
 3  89.33  0.27  1  1  3.33
 1  95.31  0.42  0  1  0.67
 0  60.30  0.84  0  3  1.24
 2  98.95  0.62  1  1  3.23
 2  90.98  1.00  1  2  1.74
 1  92.56  1.24  0  2  0.88
 0  78.06  1.37  0  2  0.76
 2  97.46  1.06  1  2  1.60
 0  67.44  0.33  0  0  2.31
 2  92.56  1.24  1  2  1.72
 0  64.69  0.42  0  0  1.89
 0  62.54  1.06  0  1  4.15
 2  78.06  1.37  1  0  1.95
 3  82.53  0.61  1  1  2.88
 0  77.42  1.17  0  2  1.23
 1  87.33  0.46  0  1  1.62
 3  67.44  0.33  1  3  1.55
 0  62.54  0.51  0  3  0.90
 0  67.05  0.71  0  0  1.88
 3  62.54  1.06  1  3  1.33
 1  87.33  1.11  0  1  1.81
 3  64.69  1.16  1  3  0.87
 1  81.94  0.21  0  1  1.49
 0  60.30  0.73  0  3  0.94
 0  61.05  0.62  0  0  2.41
 3  64.69  0.42  1  0  0.59
 1  89.33  1.30  0  1  0.99
 2  92.95  0.71  1  1  1.15
 3  92.56  0.33  1  2  0.61
 2  89.33  1.30  1  2  2.55
 1  98.95  0.62  0  2  0.71
 3  70.67  0.27  1  0  0.73
 1  85.75  0.23  0  1  0.92
 3  87.33  0.46  1  1  0.84
 0  69.02  1.00  0  0  4.24
 1  82.58  0.40  0  1  1.05
 1  90.98  1.00  0  1  1.76
 0  73.90  0.71  0  0  1.28
 0  72.67  0.46  0  0  1.31
 3  60.30  0.73  1  3  1.14
 0  67.44  0.33  0  0  1.03
 1  99.70  0.73  0  2  0.92
 1  89.33  0.27  0  1  2.38
 1  81.94  0.21  0  1  0.62
 3  67.44  0.33  1  0  1.92
 3  69.02  0.57  1  0  0.69
 1  92.95  0.71  0  1  1.00
 2  70.67  1.30  1  0  1.41
 3  70.67  0.27  1  0  1.11
 3  78.06  0.21  1  1  1.82
 2  86.10  0.86  1  1  0.91
 0  77.42  1.17  0  1  1.00
 2  98.95  0.95  1  2  0.84
 3  62.54  0.51  1  3  1.75
 1  92.56  0.33  0  1  1.02
 2  67.44  1.24  1  0  8.24
 1  85.75  0.23  0  1  0.90
 3  64.69  0.42  1  0  0.77
 0  69.02  0.57  0  0  1.54
 0  61.05  0.62  0  0  0.66
 0  62.54  1.06  0  3  1.09
 2  85.75  1.34  1  1  0.80
 0  69.02  1.00  0  1  0.61
 0  73.90  0.86  0  1  1.77
 2  77.42  1.17  1  0  0.48
 3  67.05  0.71  1  2  0.96
 1  95.31  0.42  0  2  1.21
 0  74.25  1.34  0  0  3.07
 0  77.47  0.96  0  1  4.77
 2  78.06  1.37  1  0  1.62
 2  95.31  1.16  1  2  0.84
 2  95.31  0.42  1  2  2.36
 1  99.70  0.84  0  2  0.84
 0  64.69  0.42  0  3  1.15
 2  92.95  0.71  1  1  0.99
 2  99.70  0.84  1  2  0.93
 1  82.58  1.17  0  1  0.97
 3  85.75  0.23  1  1  1.03
 3  87.33  0.46  1  0  2.38
 1  98.95  0.62  0  2  0.86
 0  70.67  1.30  0  0  0.95
 3  72.67  0.46  1  1  1.90
 3  77.47  0.61  1  0  0.90
 2  90.98  0.57  1  2  0.91
 1  82.53  0.96  0  1  0.81
 0  62.54  0.51  0  3  1.12
 0  64.69  1.16  0  0  1.35
 3  67.05  0.86  1  0  0.65
 1  82.58  0.40  0  1  1.66
 1  95.31  1.16  0  2  0.97
 0  74.25  0.23  0  0  1.35
 0  78.06  1.37  0  2  2.60
 0  70.67  0.27  0  0  3.51
 1  86.10  0.86  0  1  0.74
 1  81.94  1.37  0  1  0.99
 0  72.67  1.11  0  1  0.94
 3  82.58  0.40  1  2  1.75
 2  77.47  0.96  1  1  0.80
 2  92.95  0.86  1  2  1.11
 1  97.46  1.06  0  2  0.94
 2  97.46  0.51  1  2  0.57
 2  89.33  1.30  1  1  0.71
 3  81.94  0.21  1  1  0.74
 3  64.69  1.16  1  0  1.60
 1  89.33  1.30  0  1  1.34
 1  92.56  1.24  0  1  1.29
 2  87.33  1.11  1  1  1.43
 1  87.33  0.46  0  2  0.87
 0  60.30  0.73  0  0  1.11
 3  82.53  0.61  1  1  2.38
 1  98.95  0.95  0  2  0.88
 3  73.90  0.86  1  0  1.52
 3  73.90  0.71  1  1  0.91
 3  89.33  0.27  1  2  0.88
 0  60.30  0.84  0  0  1.16
 2  81.94  1.37  1  1  2.38
 0  67.05  0.71  0  0  2.48
 0  78.06  0.21  0  2  1.42
 1  85.75  1.34  0  2  2.47
 0  77.47  0.61  0  1  0.88
 2  98.95  0.62  1  2  1.53
 2  99.70  0.73  1  2  0.56
 2  97.46  1.06  1  1  1.33
 3  92.56  0.33  1  2  0.56
 1  87.33  1.11  0  2  0.82
 3  60.30  0.84  1  0  1.35
 1  90.98  0.57  0  2  1.25
 2  86.10  0.71  1  2  0.64
 1  86.10  0.71  0  2  0.65
 0  77.42  0.40  0  1  1.07
 0  67.44  1.24  0  0  2.40
 3  69.02  1.00  1  0  0.81
 1  92.95  0.86  0  2  1.44
 0  61.05  0.95  0  0  0.85
 3  61.05  0.62  1  3  0.70
 2  82.53  0.96  1  1  1.05
 2  90.98  1.00  1  2  0.89
 3  74.25  0.23  1  2  0.95
 1  97.46  0.51  0  2  0.80
 3  62.54  1.06  1  0  1.40
 2  72.67  1.11  1  2  1.23
 2  92.56  1.24  1  2  0.96
 1  82.53  0.61  0  1  0.76
 2  82.58  1.17  1  2  0.90
 3  61.05  0.95  1  3  1.45
 0  67.05  0.86  0  0  0.97
 3  77.42  0.40  1  2  1.48
 2  74.25  1.34  1  2  1.91
