 0  62.54  0.51  0  2  1.29
 0  78.06  0.21  0  3  3.73
 1  81.94  1.37  0  2  1.15
 0  64.69  0.42  0  1  2.99
 2  95.31  0.42  1  0  1.00
 0  72.67  0.46  0  0  2.21
 2  85.75  1.34  1  3  1.39
 2  99.70  0.84  1  1  1.71
 2  81.94  1.37  1  2  1.20
 0  67.44  0.33  0  1  1.46
 1  90.98  0.57  0  0  0.74
 2  77.47  0.96  1  2  1.57
 3  67.44  0.33  1  3  2.78
 3  82.53  0.61  1  3  1.15
 2  78.06  1.37  1  0  1.17
 0  70.67  0.27  0  3  1.69
 3  61.05  0.95  1  3  3.46
 2  98.95  0.62  1  3  0.90
 0  77.42  0.40  0  3  0.81
 2  97.46  0.51  1  3  0.58
 0  78.06  1.37  0  0  1.78
 2  86.10  0.71  1  0  1.85
 0  69.02  1.00  0  3  1.54
 3  78.06  0.21  1  0  1.80
 1  82.53  0.61  0  3  0.78
 2  98.95  0.95  1  3  0.61
 1  92.95  0.86  0  1  3.99
 1  86.10  0.71  0  0  2.02
 1  85.75  0.23  0  0  1.33
 0  62.54  1.06  0  3  0.65
 3  67.05  0.86  1  3  0.92
 1  99.70  0.73  0  1  2.78
 0  67.05  0.86  0  1  1.10
 1  82.53  0.96  0  1  1.60
 0  69.02  0.57  0  1  1.03
 0  72.67  1.11  0  2  1.45
 2  67.44  1.24  1  0  0.85
 0  61.05  0.62  0  0  0.71
 2  92.95  0.71  1  3  1.14
 0  74.25  1.34  0  3 18.61
 3  61.05  0.62  1  3  0.75
 3  81.94  0.21  1  3  4.40
 1  99.70  0.84  0  1  5.83
 3  64.69  0.42  1  2  6.26
 1  89.33  0.27  0  1  1.00
 2  86.10  0.86  1  3  1.25
 3  73.90  0.86  1  3  1.01
 2  70.67  1.30  1  0  3.52
 1  90.98  1.00  0  2  8.55
 0  77.42  1.17  0  0  5.02
 2  90.98  1.00  1  3  0.83
 1  82.58  0.40  0  1  0.97
 1  98.95  0.95  0  2  3.23
 1  97.46  0.51  0  0  0.80
 1  98.95  0.62  0  0  0.92
 1  87.33  1.11  0  1  1.19
 1  87.33  0.46  0  1  0.61
 0  67.05  0.71  0  1  1.20
 3  60.30  0.84  1  3  0.89
 2  97.46  1.06  1  3  0.72
 0  77.47  0.61  0  1  0.57
 3  92.56  0.33  1  2  3.81
 3  85.75  0.23  1  0  0.75
 0  60.30  0.84  0  1  9.01
 3  89.33  0.27  1  3  0.73
 3  60.30  0.73  1  3  1.36
 1  86.10  0.86  0  1  1.09
 0  67.44  1.24  0  1  3.64
 1  92.56  0.33  0  1  0.60
 3  82.58  0.40  1  3  0.69
 0  60.30  0.73  0  2  1.82
 1  81.94  0.21  0  1  0.60
 1  89.33  1.30  0  1  0.80
 3  70.67  0.27  1  3  0.91
 3  69.02  1.00  1  3  0.51
 2  87.33  1.11  1  3  0.69
 3  87.33  0.46  1  3  0.69
 2  72.67  1.11  1  3  1.01
 2  92.56  1.24  1  3  0.53
 1  95.31  1.16  0  1  0.73
 0  77.47  0.96  0  1  0.63
 1  85.75  1.34  0  1  0.65
 2  82.58  1.17  1  3  0.80
 1  97.46  1.06  0  1  0.58
 0  70.67  1.30  0  1  6.74
 2  92.95  0.86  1  3  0.50
 0  64.69  1.16  0  0  5.49
 3  67.05  0.71  1  3  1.88
 2  74.25  1.34  1  3  0.63
 2  77.42  1.17  1  3  2.78
 3  77.47  0.61  1  3  0.73
 0  61.05  0.95  0  0  0.99
 1  92.95  0.71  0  1  1.45
 0  73.90  0.71  0  1  2.02
 0  73.90  0.86  0  1  0.70
 3  62.54  1.06  1  2  0.55
 3  77.42  0.40  1  3  0.92
 1  95.31  0.42  0  1  2.26
 2  89.33  1.30  1  2  1.52
 1  82.58  1.17  0  1  0.84
 3  69.02  0.57  1  3  1.54
 1  92.56  1.24  0  1  0.93
 0  74.25  0.23  0  1  1.88
 3  62.54  0.51  1  3  1.55
 2  90.98  0.57  1  3  0.93
 2  82.53  0.96  1  3  0.98
 3  74.25  0.23  1  3  0.81
 2  99.70  0.73  1  3  1.48
 3  72.67  0.46  1  3  2.66
 2  95.31  1.16  1  3  2.08
 3  64.69  1.16  1  2  2.28
 3  73.90  0.71  1  3  1.45
 2  92.95  0.71  1  3  3.88
 3  64.69  1.16  1  2  2.35
 3  92.56  0.33  1  1  3.50
 2  89.33  1.30  1  3  1.54
 0  64.69  1.16  0  0  1.20
 2  95.31  0.42  1  3  2.03
 1  98.95  0.62  0  1  0.73
 1  95.31  0.42  0  1  0.52
 0  67.44  1.24  0  0  2.97
 2  82.58  1.17  1  2  4.00
 1  82.58  1.17  0  2  0.76
 1  99.70  0.84  0  1  2.38
 1  97.46  0.51  0  1  0.55
 0  73.90  0.71  0  1  2.52
 3  61.05  0.62  1  2  3.04
 2  67.44  1.24  1  0  1.27
 0  62.54  0.51  0  3  0.73
 2  74.25  1.34  1  3  0.79
 2  99.70  0.84  1  3  1.59
 3  70.67  0.27  1  2  1.58
 1  86.10  0.86  0  1  1.43
 3  89.33  0.27  1  2  1.57
 0  78.06  0.21  0  1  1.00
 3  77.42  0.40  1  1  0.61
 2  78.06  1.37  1  1  0.61
 1  81.94  0.21  0  2  0.63
 2  81.94  1.37  1  1  0.48
 2  90.98  0.57  1  3  0.58
 2  82.53  0.96  1  3  0.42
 3  74.25  0.23  1  2  0.79
 3  67.05  0.86  1  1  2.78
 0  60.30  0.73  0  1  0.64
 0  70.67  1.30  0  2  0.83
 3  85.75  0.23  1  0  1.22
 1  90.98  1.00  0  1  0.71
 2  70.67  1.30  1  3  1.45
 3  69.02  1.00  1  2  0.57
 1  90.98  0.57  0  1  0.75
 3  82.58  0.40  1  0  1.56
 1  92.56  1.24  0  1  0.94
 1  85.75  0.23  0  1  0.72
 0  67.05  0.71  0  0  2.57
 0  64.69  0.42  0  0  0.67
 0  77.47  0.61  0  0  0.61
 2  97.46  0.51  1  3  2.51
 2  87.33  1.11  1  1  0.96
 0  69.02  1.00  0  1  0.59
 3  87.33  0.46  1  2  2.51
 1  92.56  0.33  0  1  0.92
 3  61.05  0.95  1  2  2.75
 3  73.90  0.71  1  2  0.86
 2  86.10  0.71  1  2  0.33
 1  92.95  0.71  0  1  0.64
 1  92.95  0.86  0  1  0.62
 0  74.25  0.23  0  1  1.02
 3  69.02  0.57  1  3  1.96
 3  78.06  0.21  1  3  0.96
 2  95.31  1.16  1  2  0.84
 3  67.05  0.71  1  3  0.70
 1  86.10  0.71  0  1  0.66
 0  61.05  0.95  0  0  1.18
 2  98.95  0.95  1  2  2.63
 1  82.53  0.61  0  1  1.56
 1  99.70  0.73  0  1  0.68
 3  82.53  0.61  1  1  1.07
 2  85.75  1.34  1  2  1.63
 0  70.67  0.27  0  0  1.13
 0  72.67  1.11  0  0  0.75
 2  99.70  0.73  1  2  0.80
 2  86.10  0.86  1  2  0.56
 2  92.56  1.24  1  2  1.07
 1  81.94  1.37  0  1  0.73
 3  67.44  0.33  1  3  2.26
 2  97.46  1.06  1  2  0.70
 0  67.44  0.33  0  0  2.42
 3  64.69  0.42  1  3  2.22
 0  67.05  0.86  0  0  1.11
 2  98.95  0.62  1  2  1.46
 0  72.67  0.46  0  0  4.73
 2  77.47  0.96  1  3  1.24
 0  74.25  1.34  0  0  1.41
 0  77.42  1.17  0  0  0.77
 0  69.02  0.57  0  0  0.71
 3  60.30  0.73  1  3  1.13
 3  62.54  1.06  1  3  0.75
 3  72.67  0.46  1  3  2.02
 0  78.06  1.37  0  0  0.74
 1  89.33  1.30  0  1  2.73
 0  60.30  0.84  0  0  0.77
 3  81.94  0.21  1  2  1.07
 1  85.75  1.34  0  1  1.12
 3  60.30  0.84  1  3  0.66
 2  72.67  1.11  1  3  0.54
 0  73.90  0.86  0  0  2.64
 0  77.47  0.96  0  0  1.03
 0  61.05  0.62  0  0  0.61
 1  95.31  1.16  0  1  0.60
 1  82.58  0.40  0  1  0.65
 1  87.33  1.11  0  1  0.75
 3  73.90  0.86  1  3  2.63
 2  90.98  1.00  1  2  0.59
 1  87.33  0.46  0  1  0.68
 3  77.47  0.61  1  3  1.70
 1  89.33  0.27  0  1  4.13
 2  92.95  0.86  1  2  0.80
 1  97.46  1.06  0  1  3.12
 1  82.53  0.96  0  0  3.75
 1  98.95  0.95  0  1  0.56
 0  77.42  0.40  0  1  0.84
 0  62.54  1.06  0  0  0.75
 3  62.54  0.51  1  3  0.97
 2  77.42  1.17  1  3  2.32
 1  95.31  1.16  0  1  5.84
 3  62.54  0.51  1  3  2.01
 0  74.25  0.23  0  0  2.77
 0  67.05  0.86  0  0  1.18
 1  89.33  1.30  0  1  0.81
 3  73.90  0.86  1  3  1.50
 0  77.42  0.40  0  0  3.16
 0  70.67  1.30  0  0  0.58
 3  85.75  0.23  1  2  0.71
 3  69.02  1.00  1  3  1.18
 2  98.95  0.95  1  2  0.57
 0  70.67  0.27  0  0  1.17
 3  77.47  0.61  1  3  1.79
 2  95.31  1.16  1  2  1.25
 2  87.33  1.11  1  2  0.77
 0  67.44  0.33  0  0  1.24
 2  82.53  0.96  1  0  2.46
 3  60.30  0.84  1  0  0.64
 0  78.06  1.37  0  0  0.80
 2  85.75  1.34  1  3  5.20
 0  73.90  0.86  0  0  3.83
 3  73.90  0.71  1  0  0.96
 0  60.30  0.73  0  0  0.87
 0  61.05  0.62  0  0  2.31
 3  64.69  0.42  1  3  0.85
 1  87.33  1.11  0  1  0.92
 3  82.58  0.40  1  2  0.88
 1  86.10  0.71  0  1  0.62
 1  86.10  0.86  0  1  0.95
 2  82.58  1.17  1  1  0.68
 0  69.02  0.57  0  0  0.65
 0  60.30  0.84  0  0  0.76
 3  62.54  1.06  1  3  0.62
 2  70.67  1.30  1  3  4.95
 3  82.53  0.61  1  2  0.87
 0  61.05  0.95  0  0  1.20
 3  67.05  0.86  1  3  1.29
 1  81.94  1.37  0  1  0.70
 1  95.31  0.42  0  1  1.02
 1  97.46  1.06  0  1  0.69
 1  97.46  0.51  0  1  0.68
 2  97.46  1.06  1  2  0.77
 2  67.44  1.24  1  3  0.46
 3  60.30  0.73  1  3  0.52
 2  98.95  0.62  1  2  0.88
 1  90.98  1.00  0  1  0.58
 1  99.70  0.84  0  1  0.69
 0  78.06  0.21  0  1  0.99
 1  82.53  0.61  0  1  0.99
 3  74.25  0.23  1  2  0.79
 0  69.02  1.00  0  0  1.15
 1  99.70  0.73  0  1  0.83
 1  98.95  0.62  0  1  0.64
 3  89.33  0.27  1  2  2.04
 3  61.05  0.95  1  3  4.82
 0  62.54  1.06  0  0  2.63
 1  92.95  0.71  0  1  0.83
 2  92.95  0.86  1  2  2.93
 2  95.31  0.42  1  2  0.76
 2  97.46  0.51  1  2  0.61
 1  85.75  1.34  0  0  1.10
 0  77.47  0.61  0  0  2.73
 2  92.56  1.24  1  2  1.02
 0  67.44  1.24  0  0  0.79
 2  72.67  1.11  1  3  2.47
 2  86.10  0.71  1  2  0.68
 2  78.06  1.37  1  3  1.01
 2  81.94  1.37  1  2  0.55
 0  62.54  0.51  0  0  0.71
 3  70.67  0.27  1  2  1.00
 1  81.94  0.21  0  1  0.66
 1  82.58  1.17  0  1  0.80
 1  89.33  0.27  0  1  0.56
 3  81.94  0.21  1  3  1.07
 1  92.56  0.33  0  1  0.58
 0  64.69  0.42  0  0  0.65
 3  87.33  0.46  1  2  3.26
 2  90.98  1.00  1  1  0.56
 0  64.69  1.16  0  0  0.56
 2  77.42  1.17  1  3  0.83
 1  98.95  0.95  0  1  0.68
 1  82.53  0.96  0  0  4.46
 0  77.47  0.96  0  0  1.21
 2  74.25  1.34  1  3  0.89
 1  85.75  0.23  0  1  0.68
 2  99.70  0.84  1  2  1.09
 3  92.56  0.33  1  2  0.68
 2  86.10  0.86  1  2  0.52
 3  77.42  0.40  1  3  1.19
 3  72.67  0.46  1  3  0.72
 0  73.90  0.71  0  0  0.66
 3  61.05  0.62  1  3  1.09
 2  92.95  0.71  1  2  4.46
 1  92.56  1.24  0  1  1.66
 0  77.42  1.17  0  0  0.69
 3  64.69  1.16  1  3  1.03
 2  89.33  1.30  1  3  2.79
 1  92.95  0.86  0  1  0.77
 3  78.06  0.21  1  3  2.83
 1  87.33  0.46  0  1  1.10
 0  72.67  0.46  0  0  0.85
 1  90.98  0.57  0  1  0.86
 3  69.02  0.57  1  2  3.61
 2  90.98  0.57  1  2  0.90
 0  72.67  1.11  0  0  0.78
 3  67.05  0.71  1  3  0.78
 0  74.25  1.34  0  0  0.84
 1  82.58  0.40  0  1  1.42
 2  99.70  0.73  1  2  0.85
 2  77.47  0.96  1  3  1.26
 3  67.44  0.33  1  3  1.15
 0  67.05  0.71  0  0  0.80
 1  99.70  0.84  0  1  4.88
 3  62.54  1.06  1  3  0.99
 2  86.10  0.71  1  2  0.88
 3  77.47  0.61  1  3  4.57
 1  89.33  1.30  0  1  2.28
 3  62.54  0.51  1  3  1.18
 3  60.30  0.73  1  3  0.48
 2  98.95  0.95  1  2  0.67
 1  97.46  1.06  0  1  1.33
 0  67.44  0.33  0  0  0.69
 3  92.56  0.33  1  2  1.29
 0  64.69  1.16  0  1  0.63
 2  77.42  1.17  1  2  2.32
 1  92.95  0.86  0  1  0.84
 1  85.75  0.23  0  1  2.04
 3  69.02  1.00  1  2  2.00
 2  77.47  0.96  1  3  1.08
 1  98.95  0.95  0  1  0.67
 0  77.42  1.17  0  0  2.73
 2  97.46  1.06  1  2  5.00
 0  78.06  0.21  0  0  0.77
 3  77.42  0.40  1  3  4.53
 1  89.33  0.27  0  0  8.79
 2  95.31  0.42  1  0  1.03
 2  92.95  0.86  1  0  0.96
 1  99.70  0.73  0  1  0.71
 0  74.25  0.23  0  0  0.83
 0  61.05  0.95  0  0  0.70
 1  82.58  0.40  0  1  1.53
 0  67.05  0.86  0  0  1.10
 0  70.67  0.27  0  0  0.89
 1  81.94  1.37  0  0  2.68
 0  60.30  0.84  0  0  0.62
 1  87.33  0.46  0  1  0.78
 2  78.06  1.37  1  3  2.85
 2  90.98  0.57  1  2  0.82
 0  67.05  0.71  0  0  1.62
 2  89.33  1.30  1  2  1.02
 1  86.10  0.86  0  1  0.81
 1  92.56  0.33  0  1  0.89
 0  73.90  0.71  0  0  4.75
 2  95.31  1.16  1  2  1.37
 3  64.69  1.16  1  3  1.01
 1  98.95  0.62  0  1  1.51
 0  78.06  1.37  0  0  0.72
 0  73.90  0.86  0  0  0.85
 1  86.10  0.71  0  1  0.82
 2  82.53  0.96  1  2  0.87
 0  69.02  0.57  0  0  0.67
 1  92.95  0.71  0  1  0.64
 1  90.98  0.57  0  1  1.25
 3  70.67  0.27  1  3  1.32
 2  90.98  1.00  1  2  0.78
 1  95.31  0.42  0  1  1.21
 0  74.25  1.34  0  0  2.01
 1  95.31  1.16  0  1  1.31
 1  82.53  0.96  0  0  0.89
 3  81.94  0.21  1  1  1.73
 3  78.06  0.21  1  0  0.94
 3  69.02  0.57  1  3  1.28
 1  82.53  0.61  0  1  0.92
 3  82.53  0.61  1  2  1.09
 3  74.25  0.23  1  3  1.94
 3  87.33  0.46  1  2  1.85
 3  82.58  0.40  1  3  1.07
 0  61.05  0.62  0  0  0.77
 2  99.70  0.73  1  2  1.12
 0  72.67  1.11  0  0  0.88
 1  85.75  1.34  0  0  3.10
 1  87.33  1.11  0  1  0.61
 1  81.94  0.21  0  1  2.09
 2  85.75  1.34  1  2  1.52
 0  77.47  0.96  0  0  5.29
 2  86.10  0.86  1  2  0.93
 2  87.33  1.11  1  2  8.27
 2  92.56  1.24  1  2  2.57
 2  98.95  0.62  1  2  0.74
 0  77.47  0.61  0  0  1.06
 2  81.94  1.37  1  3  1.70
 2  97.46  0.51  1  3  0.70
 3  67.44  0.33  1  3  0.72
 3  72.67  0.46  1  3  0.90
 1  92.56  1.24  0  1  0.83
 2  92.95  0.71  1  2  0.78
 0  60.30  0.73  0  0  0.64
 3  85.75  0.23  1  2  0.80
 2  99.70  0.84  1  2  0.50
 2  67.44  1.24  1  3  0.65
 0  77.42  0.40  0  0  1.40
 0  64.69  0.42  0  0  0.78
 0  72.67  0.46  0  0  0.69
 2  74.25  1.34  1  3  0.84
 2  82.58  1.17  1  3  1.08
 3  64.69  0.42  1  2  0.71
 1  90.98  1.00  0  1  0.70
 3  73.90  0.86  1  3  1.15
 0  70.67  1.30  0  0  0.79
 0  62.54  0.51  0  0  0.65
 3  61.05  0.95  1  3  0.75
 3  61.05  0.62  1  3  0.75
 2  70.67  1.30  1  3  0.65
 3  67.05  0.86  1  3  0.46
 3  60.30  0.84  1  3  0.64
 0  69.02  1.00  0  0  0.98
 3  73.90  0.71  1  3  1.09
 2  72.67  1.11  1  3  0.55
 0  67.44  1.24  0  0  1.35
 1  97.46  0.51  0  1  0.73
 0  62.54  1.06  0  0  0.68
 1  82.58  1.17  0  0  0.97
 3  67.05  0.71  1  0  0.69
 3  89.33  0.27  1  2  0.76
 0  67.05  0.71  0  0  0.80
 0  67.44  1.24  0  0  0.84
 0  73.90  0.71  0  0  0.93
 1  82.53  0.61  0  1  1.06
 1  95.31  1.16  0  1  0.86
 2  74.25  1.34  1  3  1.89
 2  86.10  0.71  1  2  0.73
 3  69.02  0.57  1  3  0.94
 3  78.06  0.21  1  2  0.51
 1  92.56  1.24  0  1  2.72
 2  72.67  1.11  1  3  0.89
 1  82.53  0.96  0  1  0.83
 3  67.05  0.86  1  3  0.85
 3  64.69  0.42  1  3  1.04
 3  74.25  0.23  1  3  0.70
 1  99.70  0.73  0  1  2.89
 1  98.95  0.95  0  1  0.58
 0  61.05  0.62  0  0  0.77
 1  85.75  0.23  0  0  1.42
 1  89.33  0.27  0  1  0.64
 2  67.44  1.24  1  3  0.63
 2  99.70  0.84  1  2  0.98
 0  74.25  1.34  0  0  1.89
 2  95.31  0.42  1  2  1.10
 2  81.94  1.37  1  3  0.62
 0  78.06  1.37  0  0  0.95
 0  62.54  0.51  0  0  0.66
 1  87.33  1.11  0  1  0.86
 3  64.69  1.16  1  3  2.75
 1  92.95  0.86  0  1  0.94
 0  69.02  0.57  0  0  0.58
 0  69.02  1.00  0  0  1.53
 3  67.44  0.33  1  3  0.89
 0  74.25  0.23  0  0  2.46
 2  82.53  0.96  1  3  0.88
 0  77.47  0.61  0  0  0.67
 2  90.98  1.00  1  3  1.27
 0  70.67  0.27  0  0  0.71
 0  78.06  0.21  0  0  0.97
 0  67.44  0.33  0  0  0.70
 1  82.58  0.40  0  0  0.57
 3  62.54  1.06  1  3  0.70
 2  78.06  1.37  1  3  1.45
 3  69.02  1.00  1  3  1.12
 2  82.58  1.17  1  2  0.98
 3  62.54  0.51  1  3  0.54
 1  90.98  0.57  0  1  0.66
 3  73.90  0.86  1  2  2.14
 3  85.75  0.23  1  3  1.03
 1  86.10  0.86  0  1  0.85
 3  92.56  0.33  1  2  0.95
 2  85.75  1.34  1  3  0.71
 3  73.90  0.71  1  3  0.83
 1  98.95  0.62  0  1  1.22
 3  81.94  0.21  1  3  1.19
 1  82.58  1.17  0  0  0.92
 1  99.70  0.84  0  1  0.64
 2  99.70  0.73  1  2  1.53
 0  72.67  1.11  0  0  2.41
 3  87.33  0.46  1  2  3.05
 3  72.67  0.46  1  3  0.56
 2  86.10  0.86  1  3  1.52
 2  92.95  0.86  1  2  1.40
 1  86.10  0.71  0  0  0.94
 1  81.94  1.37  0  0  0.91
 1  90.98  1.00  0  1  1.84
 2  98.95  0.62  1  2  1.15
 2  70.67  1.30  1  3  1.63
 2  97.46  0.51  1  2  1.01
 3  82.53  0.61  1  3  1.65
 1  81.94  0.21  0  1  1.01
 1  89.33  1.30  0  1  1.33
 2  92.95  0.71  1  1  0.95
 0  64.69  0.42  0  0  0.70
 0  64.69  1.16  0  0  0.61
 1  87.33  0.46  0  1  2.61
 1  97.46  0.51  0  1  0.59
 0  60.30  0.73  0  0  0.64
 3  70.67  0.27  1  3  1.75
 0  77.42  1.17  0  0  0.79
 2  77.47  0.96  1  3  1.01
 2  90.98  0.57  1  2  0.91
 0  77.42  0.40  0  0  0.78
 3  61.05  0.62  1  3  0.64
 3  89.33  0.27  1  2  1.11
 1  95.31  0.42  0  1  1.16
 3  60.30  0.73  1  3  0.89
 2  89.33  1.30  1  2  0.77
 3  77.47  0.61  1  2  2.20
 2  92.56  1.24  1  2  0.59
 2  97.46  1.06  1  2  0.62
 1  92.56  0.33  0  1  0.87
 0  72.67  0.46  0  1  0.86
 0  70.67  1.30  0  0  1.34
 1  97.46  1.06  0  1  0.68
 0  62.54  1.06  0  0  2.70
 0  77.47  0.96  0  0  2.41
 0  67.05  0.86  0  0  0.55
 2  77.42  1.17  1  3  1.65
 1  92.95  0.71  0  1  0.61
 0  60.30  0.84  0  0  0.62
 3  67.05  0.71  1  3  1.11
 3  60.30  0.84  1  3  1.17
 3  77.42  0.40  1  3  0.80
 2  98.95  0.95  1  2  0.61
 2  87.33  1.11  1  2  2.37
 1  85.75  1.34  0  1  0.65
 2  95.31  1.16  1  2  0.61
 0  73.90  0.86  0  0  0.56
 3  61.05  0.95  1  3  1.03
 0  61.05  0.95  0  0  1.05
 3  82.58  0.40  1  2  1.54
