 3  89.33  0.27  1  2  2.08
 1  90.98  0.57  0  3  1.84
 3  72.67  0.46  1  0  2.43
 2  82.53  0.96  1  1  1.19
 3  62.54  0.51  1  0  1.33
 0  64.69  0.42  0  2  2.42
 0  62.54  1.06  0  3  0.74
 0  74.25  0.23  0  1  1.10
 3  61.05  0.95  1  0  0.58
 3  61.05  0.62  1  1  0.84
 0  67.05  0.86  0  2  0.29
 3  77.42  0.40  1  2  0.27
 2  77.42  1.17  1  2  0.45
 0  67.44  1.24  0  3  1.48
 1  99.70  0.73  0  1  1.04
 3  67.05  0.86  1  2  0.77
 1  95.31  1.16  0  1  1.23
 1  92.56  1.24  0  1  0.61
 0  62.54  0.51  0  0  0.67
 3  64.69  1.16  1  2  0.60
 0  60.30  0.84  0  3  1.01
 3  60.30  0.84  1  0  0.55
 2  86.10  0.86  1  1  0.49
 1  89.33  0.27  0  1  0.78
 0  77.47  0.96  0  0  0.67
 0  77.42  0.40  0  0  0.86
 1  82.58  0.40  0  1  1.14
 2  92.56  1.24  1  2  0.63
 0  61.05  0.62  0  0  0.90
 2  92.95  0.86  1  3  1.15
 3  81.94  0.21  1  1  1.92
 0  67.05  0.71  0  3  1.17
 3  69.02  0.57  1  0  1.21
 0  70.67  0.27  0  2  1.12
 2  81.94  1.37  1  1  0.77
 2  82.58  1.17  1  1  0.85
 2  90.98  0.57  1  1  0.68
 2  78.06  1.37  1  0  0.64
 3  60.30  0.73  1  0  1.37
 2  98.95  0.95  1  1  0.59
 3  85.75  0.23  1  2  0.52
 3  82.53  0.61  1  1  2.38
 3  67.44  0.33  1  3  0.63
 2  74.25  1.34  1  3  0.73
 3  69.02  1.00  1  3  0.59
 3  73.90  0.71  1  3  0.66
 1  81.94  1.37  0  2  0.67
 1  82.58  1.17  0  1  1.64
 3  87.33  0.46  1  3  0.78
 3  77.47  0.61  1  3  1.29
 3  92.56  0.33  1  2  0.77
 0  72.67  1.11  0  1  0.61
 2  87.33  1.11  1  3  0.71
 3  73.90  0.86  1  2  0.52
 1  86.10  0.71  0  0  0.91
 2  85.75  1.34  1  2  1.38
 2  95.31  0.42  1  3  0.45
 0  60.30  0.73  0  1  0.97
 2  99.70  0.73  1  3  1.35
 2  90.98  1.00  1  2  0.56
 1  82.53  0.96  0  1  0.78
 0  72.67  0.46  0  0  2.98
 0  69.02  0.57  0  0  1.19
 0  64.69  1.16  0  1  1.12
 2  97.46  1.06  1  2  0.70
 0  69.02  1.00  0  1  1.42
 3  78.06  0.21  1  2  0.92
 2  97.46  0.51  1  2  0.76
 0  70.67  1.30  0  0  0.65
 0  73.90  0.71  0  0  1.50
 1  99.70  0.84  0  1  0.81
 1  98.95  0.62  0  1  1.12
 0  77.42  1.17  0  0  0.68
 0  67.44  0.33  0  0  0.64
 1  81.94  0.21  0  1  1.05
 3  67.05  0.71  1  2  0.85
 0  77.47  0.61  0  1  1.56
 3  74.25  0.23  1  2  1.65
 1  87.33  0.46  0  1  3.57
 1  92.95  0.86  0  1  1.57
 1  86.10  0.86  0  1  0.53
 1  92.95  0.71  0  1  0.76
 2  77.47  0.96  1  3  1.08
 2  98.95  0.62  1  2  0.39
 0  78.06  0.21  0  0  0.78
 2  70.67  1.30  1  2  1.41
 0  73.90  0.86  0  0  1.01
 3  70.67  0.27  1  1  0.67
 3  62.54  1.06  1  2  1.25
 2  72.67  1.11  1  3  0.37
 2  89.33  1.30  1  3  0.87
 1  98.95  0.95  0  1  1.28
 2  95.31  1.16  1  1  0.69
 1  97.46  1.06  0  2  1.23
 1  92.56  0.33  0  2  0.59
 2  67.44  1.24  1  2  1.36
 1  82.53  0.61  0  1  5.93
 3  64.69  0.42  1  2  1.63
 1  85.75  0.23  0  1  2.27
 1  90.98  1.00  0  0  1.40
 2  86.10  0.71  1  2  2.14
 0  78.06  1.37  0  0  0.88
 1  87.33  1.11  0  1  0.46
 1  85.75  1.34  0  1  0.77
 1  89.33  1.30  0  1  0.61
 2  99.70  0.84  1  3  0.85
 1  97.46  0.51  0  1  0.78
 2  92.95  0.71  1  2  1.05
 0  74.25  1.34  0  0  1.49
 3  82.58  0.40  1  2  1.25
 0  61.05  0.95  0  0  2.01
 1  95.31  0.42  0  1  1.60
 0  62.54  0.51  0  0  3.99
 2  77.47  0.96  1  2  3.66
 3  60.30  0.84  1  2  0.79
 1  86.10  0.71  0  1  1.14
 3  82.53  0.61  1  3  1.64
 2  95.31  1.16  1  3  0.89
 3  87.33  0.46  1  2  0.93
 3  67.44  0.33  1  3  0.59
 1  95.31  0.42  0  1  1.05
 0  72.67  1.11  0  0  0.70
 3  73.90  0.86  1  3  1.57
 3  62.54  1.06  1  2  0.58
 0  78.06  0.21  0  1  1.55
 0  72.67  0.46  0  0  4.80
 2  70.67  1.30  1  1  0.76
 1  92.95  0.71  0  2  1.53
 0  69.02  1.00  0  2  0.81
 3  69.02  1.00  1  0  1.96
 2  74.25  1.34  1  1  0.51
 0  77.47  0.61  0  1  0.93
 3  82.58  0.40  1  2  2.23
 1  82.58  0.40  0  0  2.69
 3  61.05  0.95  1  1  0.87
 1  99.70  0.73  0  1  0.92
 2  86.10  0.71  1  3  0.55
 2  82.53  0.96  1  2  0.38
 2  78.06  1.37  1  3  1.01
 2  90.98  1.00  1  2  0.67
 2  92.56  1.24  1  2  0.67
 0  67.44  1.24  0  1  0.60
 3  69.02  0.57  1  2  1.23
 0  64.69  1.16  0  0  2.62
 1  89.33  1.30  0  1  1.93
 0  61.05  0.95  0  0  0.77
 3  64.69  0.42  1  3  1.84
 1  87.33  0.46  0  1  2.52
 2  95.31  0.42  1  3  1.10
 1  90.98  1.00  0  2  0.73
 1  89.33  0.27  0  1  1.62
 1  87.33  1.11  0  1  0.96
 3  61.05  0.62  1  3  1.15
 2  92.95  0.86  1  2  1.60
 0  60.30  0.84  0  0  2.73
 3  70.67  0.27  1  2  4.30
 1  92.95  0.86  0  1  1.40
 1  92.56  0.33  0  1  1.28
 2  72.67  1.11  1  3  3.48
 3  67.05  0.71  1  2  0.97
 0  69.02  0.57  0  0  2.28
 3  60.30  0.73  1  3  1.69
 1  86.10  0.86  0  1  1.39
 3  89.33  0.27  1  2  2.03
 3  73.90  0.71  1  2  0.63
 0  74.25  0.23  0  0  2.32
 2  82.58  1.17  1  2  3.27
 3  77.47  0.61  1  3  0.58
 1  82.53  0.61  0  1  1.44
 0  70.67  1.30  0  0  2.40
 3  81.94  0.21  1  3  1.33
 0  74.25  1.34  0  0  2.74
 2  98.95  0.95  1  3  1.79
 1  99.70  0.84  0  1  1.76
 3  92.56  0.33  1  2  0.97
 3  72.67  0.46  1  2  1.71
 1  97.46  1.06  0  1  4.22
 2  99.70  0.84  1  2  1.13
 0  67.44  0.33  0  0  0.85
 0  77.47  0.96  0  0  0.64
 3  85.75  0.23  1  3  1.69
 2  97.46  0.51  1  2  0.67
 0  61.05  0.62  0  0  1.49
 2  67.44  1.24  1  0  0.63
 2  86.10  0.86  1  3  2.11
 1  82.53  0.96  0  1  0.96
 1  85.75  0.23  0  1  1.55
 1  95.31  1.16  0  1  1.36
 0  67.05  0.86  0  0  0.66
 2  77.42  1.17  1  2  1.85
 2  99.70  0.73  1  3  0.56
 3  64.69  1.16  1  2  1.23
 2  81.94  1.37  1  2  1.08
 0  77.42  1.17  0  0  1.77
 1  98.95  0.62  0  1  1.93
 1  97.46  0.51  0  1  0.67
 3  67.05  0.86  1  0  0.64
 0  64.69  0.42  0  0  0.71
 1  85.75  1.34  0  1  1.27
 2  89.33  1.30  1  2  1.33
 2  97.46  1.06  1  2  0.53
 3  74.25  0.23  1  3  0.92
 1  82.58  1.17  0  0  2.20
 0  62.54  1.06  0  0  0.64
 2  98.95  0.62  1  3  2.22
 1  81.94  1.37  0  0  1.56
 0  73.90  0.71  0  1  1.75
 3  78.06  0.21  1  3  1.00
 2  90.98  0.57  1  2  0.49
 1  92.56  1.24  0  0  3.06
 0  73.90  0.86  0  0  0.75
 0  67.05  0.71  0  0  2.86
 0  60.30  0.73  0  0  0.71
 1  98.95  0.95  0  1  0.99
 0  78.06  1.37  0  0  0.86
 1  90.98  0.57  0  1  0.59
 0  77.42  0.40  0  0  1.13
 1  81.94  0.21  0  1  0.42
 3  77.42  0.40  1  2  1.40
 2  92.95  0.71  1  2  0.69
 2  85.75  1.34  1  2  0.54
 3  62.54  0.51  1  3  0.54
 0  70.67  0.27  0  1  1.93
 2  87.33  1.11  1  2  1.68
 0  69.02  0.57  0  0  4.01
 1  81.94  1.37  0  1  1.82
 1  90.98  1.00  0  1  1.55
 2  77.47  0.96  1  2  1.39
 2  97.46  0.51  1  3  0.51
 0  67.05  0.86  0  0  1.10
 2  90.98  0.57  1  2  1.67
 3  78.06  0.21  1  3  0.90
 0  69.02  1.00  0  0  0.75
 3  67.05  0.86  1  2  1.36
 1  92.95  0.86  0  1  1.36
 3  62.54  1.06  1  2  2.10
 2  67.44  1.24  1  3  0.76
 1  90.98  0.57  0  1  1.32
 3  85.75  0.23  1  3  1.18
 0  60.30  0.73  0  0  0.66
 0  61.05  0.95  0  0  1.02
 0  62.54  0.51  0  0  1.23
 3  77.42  0.40  1  3  1.35
 0  61.05  0.62  0  0  0.63
 2  98.95  0.95  1  2  1.12
 2  82.53  0.96  1  3  0.87
 2  92.56  1.24  1  2  1.61
 0  77.47  0.61  0  0  1.21
 0  70.67  0.27  0  0  0.65
 1  92.56  1.24  0  1  0.79
 3  62.54  0.51  1  2  1.17
 2  98.95  0.62  1  3  0.53
 1  82.53  0.96  0  1  1.08
 3  60.30  0.84  1  2  1.28
 1  97.46  0.51  0  1  0.79
 2  72.67  1.11  1  2  1.04
 3  69.02  1.00  1  3  0.89
 0  60.30  0.84  0  0  0.61
 0  67.44  0.33  0  0  1.38
 3  69.02  0.57  1  3  1.41
 3  67.44  0.33  1  3  2.54
 2  74.25  1.34  1  2  1.64
 3  82.53  0.61  1  3  1.27
 1  97.46  1.06  0  1  0.64
 2  78.06  1.37  1  3  0.95
 1  81.94  0.21  0  1  0.85
 1  85.75  0.23  0  1  0.62
 3  60.30  0.73  1  3  1.79
 1  82.58  1.17  0  1  2.59
 2  90.98  1.00  1  2  2.32
 1  85.75  1.34  0  1  0.69
 3  81.94  0.21  1  3  1.01
 1  89.33  0.27  0  1  0.65
 2  99.70  0.73  1  3  0.90
 2  95.31  1.16  1  2  0.67
 3  73.90  0.71  1  3  1.06
 2  97.46  1.06  1  2  0.76
 2  70.67  1.30  1  2  1.82
 1  92.56  0.33  0  1  0.75
 2  85.75  1.34  1  2  1.10
 1  99.70  0.84  0  1  1.62
 0  78.06  0.21  0  1  1.42
 2  95.31  0.42  1  3  1.26
 2  92.95  0.86  1  2  0.74
 1  98.95  0.95  0  1  0.62
 0  74.25  1.34  0  0  1.07
 3  64.69  1.16  1  2  1.83
 0  67.05  0.71  0  0  1.02
 0  67.44  1.24  0  0  1.33
 2  89.33  1.30  1  2  0.78
 1  99.70  0.73  0  1  0.63
 0  64.69  1.16  0  0  0.82
 0  74.25  0.23  0  1  2.20
 1  86.10  0.86  0  1  0.61
 1  89.33  1.30  0  1  0.67
 3  92.56  0.33  1  3  2.12
 2  99.70  0.84  1  3  0.69
 0  64.69  0.42  0  0  1.28
 1  92.95  0.71  0  1  0.53
 1  87.33  0.46  0  1  0.85
 0  73.90  0.86  0  0  1.14
 3  61.05  0.62  1  3  1.06
 2  77.42  1.17  1  2  0.83
 3  73.90  0.86  1  3  0.93
 1  86.10  0.71  0  1  1.05
 3  87.33  0.46  1  2  0.87
 0  70.67  1.30  0  0  0.68
 1  95.31  0.42  0  1  0.90
 3  72.67  0.46  1  3  0.93
 2  81.94  1.37  1  2  1.51
 3  67.05  0.71  1  3  1.02
 3  89.33  0.27  1  2  0.60
 1  87.33  1.11  0  1  0.84
 2  82.58  1.17  1  2  1.93
 1  98.95  0.62  0  1  0.67
 3  74.25  0.23  1  3  0.75
 3  70.67  0.27  1  3  0.54
 1  82.53  0.61  0  1  0.90
 0  77.42  1.17  0  0  0.56
 0  78.06  1.37  0  1  0.86
 2  92.95  0.71  1  3  1.47
 0  72.67  0.46  0  0  2.90
 1  82.58  0.40  0  1  3.60
 1  95.31  1.16  0  1  0.63
 2  86.10  0.71  1  3  1.58
 0  62.54  1.06  0  0  0.90
 2  86.10  0.86  1  3  1.44
 3  61.05  0.95  1  3  2.24
 0  73.90  0.71  0  0  2.15
 0  77.47  0.96  0  0  1.42
 3  77.47  0.61  1  3  1.51
 3  64.69  0.42  1  3  1.39
 0  77.42  0.40  0  0  3.68
 0  72.67  1.11  0  0  0.99
 2  87.33  1.11  1  2  1.82
 3  82.58  0.40  1  3  1.03
 3  92.56  0.33  1  3  1.70
 3  77.42  0.40  1  2  1.45
 3  70.67  0.27  1  3  0.69
 3  74.25  0.23  1  3  0.70
 2  77.47  0.96  1  2  0.90
 0  77.42  0.40  0  1  1.21
 1  85.75  1.34  0  1  0.60
 0  77.42  1.17  0  0  0.92
 0  67.05  0.86  0  0  1.96
 1  92.56  1.24  0  1  0.57
 3  82.53  0.61  1  3  0.73
 1  82.58  1.17  0  1  1.04
 2  97.46  0.51  1  3  1.34
 1  86.10  0.86  0  1  0.75
 1  86.10  0.71  0  1  0.68
 3  72.67  0.46  1  2  1.76
 3  69.02  1.00  1  3  4.17
 1  97.46  0.51  0  1  0.74
 3  87.33  0.46  1  3  1.22
 2  97.46  1.06  1  2  5.02
 2  78.06  1.37  1  3  1.06
 1  81.94  0.21  0  1  2.96
 2  92.95  0.71  1  2  2.11
 3  78.06  0.21  1  3  0.70
 2  72.67  1.11  1  2  3.08
 2  67.44  1.24  1  2  0.94
 2  89.33  1.30  1  2  1.03
 1  82.58  0.40  0  1  1.03
 0  73.90  0.71  0  2  1.46
 3  61.05  0.95  1  3  4.08
 3  62.54  0.51  1  3  0.74
 0  74.25  0.23  0  0  1.37
 1  92.56  0.33  0  1  0.59
 0  69.02  0.57  0  0  0.78
 3  64.69  1.16  1  3  1.52
 1  87.33  0.46  0  1  0.88
 2  99.70  0.84  1  2  2.08
 3  67.05  0.71  1  3  1.75
 3  67.05  0.86  1  3  0.66
 1  81.94  1.37  0  0  1.69
 3  60.30  0.73  1  3  1.22
 1  95.31  0.42  0  1  1.21
 2  85.75  1.34  1  3  1.98
 0  78.06  0.21  0  1  1.13
 0  77.47  0.96  0  0  0.70
 0  67.05  0.71  0  0  0.46
 3  81.94  0.21  1  3  1.38
 3  69.02  0.57  1  3  0.78
 0  70.67  1.30  0  0  0.85
 3  61.05  0.62  1  3  1.04
 2  92.56  1.24  1  2  0.85
 3  77.47  0.61  1  3  0.83
 3  64.69  0.42  1  3  0.74
 0  69.02  1.00  0  0  0.90
 1  87.33  1.11  0  2  0.67
 0  70.67  0.27  0  0  0.68
 2  95.31  0.42  1  3  1.35
 0  77.47  0.61  0  0  1.46
 1  92.95  0.86  0  1  0.90
 2  86.10  0.86  1  2  1.88
 0  61.05  0.95  0  0  1.17
 1  90.98  1.00  0  1  1.14
 1  89.33  0.27  0  1  0.83
 1  98.95  0.62  0  1  0.99
 2  98.95  0.62  1  3  1.13
 1  95.31  1.16  0  1  0.57
 0  60.30  0.73  0  0  0.65
 1  89.33  1.30  0  1  0.51
 2  99.70  0.73  1  2  0.62
 0  64.69  1.16  0  0  0.63
 0  72.67  1.11  0  1  0.61
 0  78.06  1.37  0  0  0.62
 0  62.54  0.51  0  0  0.43
 1  82.53  0.96  0  0  0.93
 2  70.67  1.30  1  3  0.92
 3  60.30  0.84  1  3  0.74
 1  82.53  0.61  0  1  0.77
 0  72.67  0.46  0  0  1.42
 2  92.95  0.86  1  1  0.62
 0  61.05  0.62  0  0  0.53
 0  64.69  0.42  0  0  0.57
 1  97.46  1.06  0  1  1.01
 0  67.44  1.24  0  0  0.54
 2  81.94  1.37  1  2  2.14
 0  74.25  1.34  0  0  0.56
 2  90.98  1.00  1  2  0.94
 3  82.58  0.40  1  2  0.68
 0  62.54  1.06  0  0  0.49
 2  77.42  1.17  1  2  0.75
 2  86.10  0.71  1  3  0.58
 2  87.33  1.11  1  2  0.84
 2  90.98  0.57  1  2  0.40
 2  82.58  1.17  1  2  0.93
 2  95.31  1.16  1  2  0.72
 2  98.95  0.95  1  2  0.56
 3  89.33  0.27  1  3  0.57
 3  73.90  0.71  1  2  0.58
 0  73.90  0.86  0  0  0.69
 1  85.75  0.23  0  1  1.05
 2  82.53  0.96  1  3  0.75
 0  60.30  0.84  0  0  0.56
 3  67.44  0.33  1  3  3.45
 0  67.44  0.33  0  0  0.67
 1  92.95  0.71  0  1  1.00
 3  85.75  0.23  1  3  1.34
 1  99.70  0.73  0  1  1.19
 2  74.25  1.34  1  2  1.30
 1  98.95  0.95  0  1  0.91
 1  90.98  0.57  0  1  0.96
 3  62.54  1.06  1  2  1.97
 3  73.90  0.86  1  3  0.49
 1  99.70  0.84  0  1  0.71
 1  81.94  1.37  0  0  1.47
 3  67.05  0.86  1  3  1.14
 2  95.31  1.16  1  2  2.34
 0  67.44  0.33  0  0  2.52
 0  61.05  0.95  0  0  0.59
 2  81.94  1.37  1  2  2.29
 0  64.69  1.16  0  0  0.76
 0  77.42  1.17  0  0  0.84
 0  70.67  1.30  0  0  0.47
 3  62.54  1.06  1  3  0.89
 3  61.05  0.62  1  3  0.61
 0  70.67  0.27  0  0  1.97
 2  99.70  0.84  1  1  0.44
 3  87.33  0.46  1  2  1.46
 2  90.98  1.00  1  2  0.77
 0  72.67  1.11  0  0  1.16
 3  64.69  1.16  1  3  0.61
 0  73.90  0.86  0  0  1.16
 0  77.47  0.96  0  0  1.52
 3  61.05  0.95  1  3  0.98
 1  98.95  0.62  0  1  1.12
 3  77.42  0.40  1  3  1.95
 1  82.58  0.40  0  1  1.00
 0  67.44  1.24  0  0  0.46
 0  74.25  0.23  0  0  1.34
 3  92.56  0.33  1  2  1.42
 2  78.06  1.37  1  2  0.60
 3  82.53  0.61  1  3  0.44
 0  77.47  0.61  0  1  0.70
 1  97.46  0.51  0  0  0.43
 2  67.44  1.24  1  3  1.06
 2  97.46  0.51  1  2  1.85
 3  82.58  0.40  1  3  0.88
 0  62.54  0.51  0  0  0.52
 0  73.90  0.71  0  0  0.98
 2  82.53  0.96  1  2  2.15
 1  95.31  0.42  0  1  0.89
 2  86.10  0.71  1  3  1.44
 1  85.75  1.34  0  1  1.66
 0  64.69  0.42  0  0  0.60
 3  69.02  0.57  1  3  1.37
 3  64.69  0.42  1  3  1.86
 0  61.05  0.62  0  0  0.73
 1  82.53  0.96  0  2  0.83
 2  97.46  1.06  1  2  1.30
 3  69.02  1.00  1  3  1.16
 2  72.67  1.11  1  3  0.66
 1  82.58  1.17  0  0  1.22
 1  85.75  0.23  0  1  0.70
 2  74.25  1.34  1  3  1.23
 3  62.54  0.51  1  3  0.62
 0  78.06  0.21  0  1  1.20
 1  92.56  0.33  0  1  0.65
 1  90.98  1.00  0  1  0.68
 3  89.33  0.27  1  2  1.05
 0  78.06  1.37  0  0  1.06
 1  92.56  1.24  0  1  0.76
 1  89.33  1.30  0  1  0.63
 0  72.67  0.46  0  0  0.74
 3  74.25  0.23  1  3  1.60
 0  69.02  1.00  0  0  0.71
 2  92.95  0.71  1  3  2.06
 2  98.95  0.62  1  2  1.06
 2  77.42  1.17  1  3  0.72
 2  92.56  1.24  1  2  1.46
 0  60.30  0.84  0  0  0.87
 2  89.33  1.30  1  2  1.45
 1  89.33  0.27  0  1  1.13
 1  87.33  0.46  0  1  0.65
 0  67.05  0.86  0  0  1.15
 1  86.10  0.86  0  0  1.02
 2  92.95  0.86  1  3  2.64
 2  95.31  0.42  1  3  0.45
 0  60.30  0.73  0  0  1.63
 3  72.67  0.46  1  3  1.43
 2  90.98  0.57  1  2  0.39
 3  67.05  0.71  1  3  0.49
 1  99.70  0.84  0  1  0.69
 2  82.58  1.17  1  2  1.65
 2  99.70  0.73  1  2  3.02
 3  73.90  0.86  1  3  1.60
 1  92.95  0.71  0  1  0.68
 0  74.25  1.34  0  0  0.74
 2  70.67  1.30  1  3  1.17
 1  95.31  1.16  0  1  0.80
 1  87.33  1.11  0  1  2.34
 1  99.70  0.73  0  1  0.64
 2  77.47  0.96  1  3  1.31
 1  97.46  1.06  0  1  0.90
 2  85.75  1.34  1  2  1.37
 3  77.47  0.61  1  2  1.60
 1  86.10  0.71  0  1  0.57
 0  67.05  0.71  0  0  0.82
 3  73.90  0.71  1  3  1.01
 1  98.95  0.95  0  2  0.84
 2  98.95  0.95  1  2  1.21
 3  85.75  0.23  1  3  1.05
 3  78.06  0.21  1  3  0.64
 1  92.95  0.86  0  1  1.04
 3  60.30  0.73  1  3  1.03
 3  60.30  0.84  1  3  0.44
 1  81.94  0.21  0  1  0.66
 3  67.44  0.33  1  3  0.64
 2  87.33  1.11  1  2  1.18
 1  90.98  0.57  0  1  0.92
 0  77.42  0.40  0  1  2.26
 3  81.94  0.21  1  3  1.98
 0  69.02  0.57  0  0  0.63
 2  86.10  0.86  1  2  1.27
 1  82.53  0.61  0  1  1.05
 3  70.67  0.27  1  3  0.79
 0  62.54  1.06  0  0  0.87
