 2  77.47  0.96  1  0  0.86
 1  81.94  0.21  0  0  0.51
 0  78.06  1.37  0  0  0.56
 1  86.10  0.86  0  0  0.75
 2  99.70  0.73  1  2  0.70
 1  85.75  0.23  0  1  1.07
 2  86.10  0.71  1  2  0.55
 0  61.05  0.62  0  1  0.76
 2  82.58  1.17  1  2  0.70
 0  74.25  0.23  0  0  0.98
 0  69.02  0.57  0  0  0.59
 0  62.54  1.06  0  1  0.96
 3  62.54  1.06  1  1  0.65
 1  82.53  0.61  0  0  0.64
 3  78.06  0.21  1  3  1.81
 0  64.69  1.16  0  1  0.82
 0  78.06  0.21  0  1  1.16
 3  67.05  0.71  1  0  0.66
 1  87.33  1.11  0  0  0.87
 1  92.95  0.71  0  2  0.58
 3  74.25  0.23  1  0  0.86
 2  74.25  1.34  1  3  0.58
 1  82.58  1.17  0  1  0.79
 1  87.33  0.46  0  0  0.70
 3  73.90  0.86  1  0  0.67
 0  61.05  0.95  0  1  0.48
 3  87.33  0.46  1  3  0.49
 2  95.31  1.16  1  3  0.72
 1  82.53  0.96  0  0  0.58
 1  90.98  1.00  0  2  0.75
 2  72.67  1.11  1  0  0.70
 3  60.30  0.73  1  3  0.56
 3  69.02  1.00  1  3  0.66
 3  72.67  0.46  1  3  0.39
 1  89.33  0.27  0  1  0.56
 2  98.95  0.62  1  3  0.72
 1  89.33  1.30  0  0  0.82
 2  70.67  1.30  1  3  0.73
 2  81.94  1.37  1  1  0.39
 3  81.94  0.21  1  3  0.65
 0  60.30  0.84  0  2  0.59
 2  90.98  0.57  1  3  0.54
 0  67.44  0.33  0  1  0.60
 1  90.98  0.57  0  0  0.44
 1  81.94  1.37  0  2  0.46
 3  62.54  0.51  1  3  0.63
 1  92.95  0.86  0  2  0.54
 0  67.05  0.86  0  1  0.53
 3  92.56  0.33  1  3  0.45
 1  86.10  0.71  0  0  0.48
 1  95.31  1.16  0  1  0.53
 2  97.46  1.06  1  3  0.52
 3  67.05  0.86  1  3  0.53
 2  95.31  0.42  1  2  0.58
 3  61.05  0.62  1  2  0.74
 3  64.69  1.16  1  3  0.46
 3  61.05  0.95  1  3  0.63
 1  92.56  0.33  0  0  0.62
 3  70.67  0.27  1  2  0.56
 3  77.42  0.40  1  1  0.69
 1  98.95  0.62  0  1  0.73
 2  67.44  1.24  1  3  0.41
 2  92.56  1.24  1  2  0.68
 1  97.46  1.06  0  0  0.68
 3  77.47  0.61  1  3  0.93
 2  78.06  1.37  1  2  0.53
 3  69.02  0.57  1  3  0.57
 0  72.67  1.11  0  1  0.83
 0  70.67  0.27  0  0  0.63
 1  99.70  0.84  0  1  0.74
 0  77.42  1.17  0  0  0.59
 3  60.30  0.84  1  2  1.39
 3  82.58  0.40  1  3  0.48
 0  73.90  0.86  0  1  1.45
 0  74.25  1.34  0  1  0.64
 2  89.33  1.30  1  3  0.78
 1  95.31  0.42  0  0  0.54
 0  70.67  1.30  0  0  0.62
 0  60.30  0.73  0  1  0.50
 2  86.10  0.86  1  3  0.94
 0  67.05  0.71  0  0  0.43
 1  97.46  0.51  0  1  0.54
 0  73.90  0.71  0  0  0.65
 3  67.44  0.33  1  2  0.56
 3  89.33  0.27  1  3  0.58
 0  64.69  0.42  0  1  0.49
 0  77.42  0.40  0  0  0.70
 2  99.70  0.84  1  3  1.96
 2  90.98  1.00  1  3  0.55
 2  92.95  0.71  1  2  0.74
 2  98.95  0.95  1  2  0.43
 0  72.67  0.46  0  1  0.56
 0  77.47  0.96  0  1  0.54
 1  98.95  0.95  0  0  0.52
 1  99.70  0.73  0  1  0.44
 3  64.69  0.42  1  2  0.59
 0  69.02  1.00  0  1  0.51
 2  87.33  1.11  1  3  0.55
 2  85.75  1.34  1  2  0.49
 2  82.53  0.96  1  3  0.55
 3  82.53  0.61  1  3  0.54
 1  82.58  0.40  0  0  1.39
 2  97.46  0.51  1  3  0.76
 1  85.75  1.34  0  0  0.68
 2  77.42  1.17  1  2  0.47
 1  92.56  1.24  0  1  0.47
 0  67.44  1.24  0  1  0.45
 3  85.75  0.23  1  2  0.55
 0  77.47  0.61  0  1  0.49
 2  92.95  0.86  1  2  0.56
 3  73.90  0.71  1  3  0.50
 0  62.54  0.51  0  0  0.47
 0  74.25  1.34  0  0  0.81
 0  62.54  1.06  0  0  0.67
 1  92.56  0.33  0  1  0.51
 3  74.25  0.23  1  2  0.51
 0  77.42  0.40  0  1  0.54
 3  61.05  0.95  1  3  0.59
 0  67.44  1.24  0  1  0.46
 3  69.02  0.57  1  3  0.43
 0  61.05  0.62  0  0  0.43
 0  72.67  0.46  0  0  0.39
 3  82.53  0.61  1  2  0.52
 0  70.67  1.30  0  1  0.52
 0  78.06  0.21  0  0  0.38
 2  97.46  0.51  1  3  0.43
 2  78.06  1.37  1  2  0.46
 3  60.30  0.84  1  3  0.50
 0  77.47  0.61  0  0  0.46
 1  90.98  1.00  0  0  0.45
 3  60.30  0.73  1  2  0.44
 3  77.42  0.40  1  2  0.45
 3  67.05  0.86  1  3  0.38
 0  67.44  0.33  0  1  0.49
 1  82.58  1.17  0  0  0.44
 2  97.46  1.06  1  3  0.56
 1  98.95  0.62  0  1  0.45
 1  97.46  0.51  0  1  0.40
 3  67.44  0.33  1  2  0.43
 1  92.56  1.24  0  1  0.41
 3  62.54  0.51  1  3  0.38
 2  72.67  1.11  1  2  0.76
 1  92.95  0.86  0  1  0.60
 0  60.30  0.73  0  0  0.49
 2  98.95  0.62  1  2  0.56
 2  67.44  1.24  1  2  0.67
 1  87.33  0.46  0  1  0.58
 2  99.70  0.73  1  2  0.46
 2  92.95  0.71  1  2  0.47
 0  70.67  0.27  0  1  0.94
 3  70.67  0.27  1  2  0.72
 2  92.95  0.86  1  2  0.50
 2  82.58  1.17  1  2  0.45
 2  77.42  1.17  1  2  0.57
 3  87.33  0.46  1  2  0.44
 1  89.33  1.30  0  1  0.89
 3  73.90  0.71  1  2  0.60
 2  85.75  1.34  1  2  0.68
 0  64.69  0.42  0  0  0.72
 0  62.54  0.51  0  0  0.37
 2  74.25  1.34  1  3  0.44
 1  99.70  0.73  0  1  0.53
 1  81.94  0.21  0  0  0.46
 1  82.58  0.40  0  1  0.56
 1  98.95  0.95  0  1  0.54
 1  82.53  0.61  0  1  0.47
 0  77.42  1.17  0  0  0.75
 1  95.31  0.42  0  1  0.61
 0  73.90  0.86  0  0  0.53
 0  69.02  0.57  0  0  0.38
 2  90.98  0.57  1  2  0.50
 3  72.67  0.46  1  3  0.52
 0  67.05  0.86  0  0  0.58
 1  87.33  1.11  0  0  0.51
 2  86.10  0.71  1  2  0.51
 2  89.33  1.30  1  2  0.46
 1  95.31  1.16  0  1  0.53
 2  86.10  0.86  1  2  0.40
 1  86.10  0.71  0  0  1.26
 3  69.02  1.00  1  3  0.57
 3  61.05  0.62  1  3  0.48
 2  87.33  1.11  1  3  0.44
 3  82.58  0.40  1  2  0.41
 3  92.56  0.33  1  2  0.53
 2  95.31  0.42  1  3  0.46
 2  98.95  0.95  1  2  0.48
 0  72.67  1.11  0  1  0.48
 2  95.31  1.16  1  2  0.50
 3  77.47  0.61  1  3  0.61
 2  81.94  1.37  1  3  0.51
 3  78.06  0.21  1  3  0.72
 2  77.47  0.96  1  3  0.64
 1  99.70  0.84  0  1  0.59
 3  62.54  1.06  1  3  0.59
 3  85.75  0.23  1  2  0.59
 1  82.53  0.96  0  0  0.62
 1  90.98  0.57  0  1  0.42
 0  60.30  0.84  0  0  0.53
 0  69.02  1.00  0  0  0.54
 0  73.90  0.71  0  0  0.51
 0  64.69  1.16  0  0  0.47
 3  67.05  0.71  1  3  0.95
 1  81.94  1.37  0  0  1.11
 0  67.05  0.71  0  0  0.78
 1  86.10  0.86  0  1  0.43
 3  89.33  0.27  1  2  0.37
 1  89.33  0.27  0  1  0.51
 2  82.53  0.96  1  2  0.68
 0  78.06  1.37  0  0  0.50
 0  61.05  0.95  0  0  0.50
 1  92.95  0.71  0  1  0.57
 1  97.46  1.06  0  1  0.46
 3  64.69  1.16  1  2  0.93
 2  92.56  1.24  1  2  0.53
 0  74.25  0.23  0  0  0.55
 1  85.75  1.34  0  0  0.93
 2  99.70  0.84  1  2  0.70
 2  90.98  1.00  1  2  0.47
 1  85.75  0.23  0  0  0.45
 3  81.94  0.21  1  2  0.61
 0  77.47  0.96  0  0  1.25
 3  64.69  0.42  1  3  0.56
 3  73.90  0.86  1  3  0.47
 2  70.67  1.30  1  3  0.40
 3  73.90  0.71  1  2  0.64
 2  82.58  1.17  1  2  0.67
 0  78.06  1.37  0  0  0.71
 0  72.67  0.46  0  0  0.46
 2  86.10  0.86  1  2  0.50
 3  60.30  0.84  1  3  0.53
 1  90.98  0.57  0  0  0.47
 1  92.95  0.86  0  1  0.43
 3  69.02  1.00  1  3  0.60
 2  87.33  1.11  1  2  0.73
 3  73.90  0.86  1  2  0.39
 3  60.30  0.73  1  3  0.50
 2  81.94  1.37  1  3  0.51
 1  82.58  0.40  0  0  0.62
 0  67.44  1.24  0  0  0.56
 1  98.95  0.62  0  1  0.42
 0  64.69  0.42  0  0  0.56
 1  87.33  0.46  0  1  0.39
 1  89.33  1.30  0  0  0.60
 2  92.95  0.71  1  3  0.43
 3  64.69  0.42  1  3  0.50
 3  82.58  0.40  1  2  0.43
 0  73.90  0.86  0  0  0.67
 3  64.69  1.16  1  2  0.46
 3  67.44  0.33  1  3  0.51
 1  81.94  0.21  0  0  0.51
 3  62.54  1.06  1  3  0.57
 2  97.46  0.51  1  2  0.79
 2  67.44  1.24  1  3  0.51
 1  97.46  0.51  0  0  0.45
 3  92.56  0.33  1  2  0.55
 0  77.47  0.61  0  0  0.64
 0  60.30  0.84  0  0  0.51
 1  81.94  1.37  0  0  0.50
 0  70.67  0.27  0  0  0.59
 1  92.95  0.71  0  1  0.69
 3  69.02  0.57  1  3  0.53
 0  62.54  0.51  0  0  0.66
 3  77.47  0.61  1  2  1.18
 3  62.54  0.51  1  3  0.47
 2  99.70  0.73  1  2  0.54
 0  74.25  1.34  0  0  0.40
 0  70.67  1.30  0  0  0.41
 0  60.30  0.73  0  0  0.41
 0  67.05  0.71  0  0  0.43
 3  81.94  0.21  1  3  1.33
 1  82.53  0.96  0  0  0.63
 1  86.10  0.86  0  1  0.59
 2  74.25  1.34  1  3  0.66
 0  62.54  1.06  0  0  0.52
 0  61.05  0.95  0  0  0.55
 2  77.47  0.96  1  2  0.49
 3  72.67  0.46  1  2  0.83
 2  86.10  0.71  1  3  0.61
 0  77.42  1.17  0  0  0.51
 3  67.05  0.86  1  3  0.71
 2  95.31  0.42  1  2  0.67
 3  67.05  0.71  1  3  0.52
 0  61.05  0.62  0  0  0.41
 0  78.06  0.21  0  0  0.40
 1  82.53  0.61  0  0  0.40
 2  90.98  1.00  1  2  0.70
 2  92.56  1.24  1  2  0.43
 2  78.06  1.37  1  2  0.91
 0  64.69  1.16  0  0  0.47
 3  82.53  0.61  1  2  0.53
 1  95.31  1.16  0  1  0.86
 0  73.90  0.71  0  0  0.56
 1  92.56  1.24  0  1  0.52
 0  72.67  1.11  0  0  0.60
 3  70.67  0.27  1  3  0.59
 2  89.33  1.30  1  2  0.57
 1  86.10  0.71  0  0  0.40
 1  87.33  1.11  0  1  0.42
 2  77.42  1.17  1  2  0.48
 1  89.33  0.27  0  1  0.67
 3  78.06  0.21  1  2  0.48
 2  70.67  1.30  1  3  0.57
 3  85.75  0.23  1  2  0.59
 1  95.31  0.42  0  1  0.45
 3  87.33  0.46  1  2  0.43
 2  99.70  0.84  1  2  0.57
 2  97.46  1.06  1  2  0.41
 3  74.25  0.23  1  3  0.52
 2  92.95  0.86  1  2  0.49
 2  82.53  0.96  1  2  0.58
 3  89.33  0.27  1  2  0.42
 1  82.58  1.17  0  0  1.41
 3  77.42  0.40  1  2  0.54
 1  97.46  1.06  0  1  0.56
 2  85.75  1.34  1  2  0.45
 0  74.25  0.23  0  0  0.68
 0  77.47  0.96  0  0  0.45
 0  77.42  0.40  0  0  0.43
 0  69.02  1.00  0  0  0.36
 1  92.56  0.33  0  1  0.54
 3  61.05  0.62  1  3  0.80
 0  67.44  0.33  0  0  0.46
 2  72.67  1.11  1  3  0.39
 2  90.98  0.57  1  2  0.54
 0  69.02  0.57  0  0  0.59
 1  85.75  0.23  0  0  0.74
 1  99.70  0.73  0  1  0.51
 3  61.05  0.95  1  3  0.51
 1  98.95  0.95  0  0  0.58
 0  67.05  0.86  0  0  0.51
 1  90.98  1.00  0  1  0.56
 1  99.70  0.84  0  1  0.49
 1  85.75  1.34  0  0  0.58
 2  98.95  0.62  1  3  0.48
 2  95.31  1.16  1  2  0.48
 2  98.95  0.95  1  2  0.41
 3  69.02  1.00  1  3  0.67
 0  62.54  1.06  0  0  0.36
 0  77.47  0.96  0  0  0.37
 0  74.25  0.23  0  0  0.50
 1  89.33  0.27  0  1  0.66
 2  77.42  1.17  1  1  0.97
 0  78.06  1.37  0  0  2.01
 0  67.05  0.86  0  0  0.48
 1  87.33  0.46  0  1  0.61
 0  62.54  0.51  0  0  0.38
 1  82.58  1.17  0  1  0.45
 0  73.90  0.71  0  0  0.58
 2  89.33  1.30  1  2  0.59
 2  99.70  0.84  1  2  0.45
 3  92.56  0.33  1  2  0.46
 3  77.47  0.61  1  3  0.56
 0  67.44  0.33  0  0  0.58
 1  92.95  0.71  0  0  0.68
 0  69.02  1.00  0  0  0.53
 3  81.94  0.21  1  2  0.55
 0  64.69  1.16  0  0  0.50
 3  77.42  0.40  1  3  1.02
 1  85.75  0.23  0  1  0.76
 0  61.05  0.95  0  0  0.52
 1  99.70  0.84  0  1  0.66
 1  98.95  0.95  0  1  0.47
 2  95.31  0.42  1  2  0.51
 1  82.53  0.61  0  1  0.37
 1  86.10  0.71  0  1  0.39
 3  85.75  0.23  1  2  0.45
 2  77.47  0.96  1  3  0.85
 2  67.44  1.24  1  3  0.63
 3  78.06  0.21  1  2  0.62
 2  78.06  1.37  1  2  0.84
 3  82.53  0.61  1  2  0.48
 1  97.46  1.06  0  1  0.68
 2  99.70  0.73  1  2  0.45
 1  95.31  1.16  0  1  0.49
 2  74.25  1.34  1  2  0.50
 1  81.94  1.37  0  1  0.45
 1  85.75  1.34  0  1  0.47
 1  90.98  0.57  0  1  0.55
 1  82.58  0.40  0  1  0.41
 0  70.67  1.30  0  1  0.50
 2  90.98  1.00  1  2  0.46
 3  67.05  0.71  1  3  0.49
 2  82.58  1.17  1  2  0.55
 0  61.05  0.62  0  0  0.63
 1  92.56  1.24  0  1  0.46
 0  60.30  0.73  0  0  0.48
 3  62.54  1.06  1  3  0.69
 0  64.69  0.42  0  0  0.54
 0  60.30  0.84  0  0  0.49
 1  99.70  0.73  0  1  0.50
 1  86.10  0.86  0  1  0.73
 2  98.95  0.95  1  2  0.60
 1  92.95  0.86  0  1  0.50
 2  86.10  0.71  1  2  0.48
 0  78.06  0.21  0  0  0.52
 2  97.46  0.51  1  2  0.43
 1  98.95  0.62  0  1  0.49
 3  61.05  0.62  1  3  0.45
 1  92.56  0.33  0  1  0.79
 0  77.42  0.40  0  1  0.63
 3  67.05  0.86  1  3  0.57
 0  77.47  0.61  0  1  0.50
 2  72.67  1.11  1  2  0.49
 1  82.53  0.96  0  0  0.58
 0  67.44  1.24  0  0  0.67
 3  64.69  0.42  1  3  0.81
 0  69.02  0.57  0  0  0.71
 3  74.25  0.23  1  0  0.72
 1  87.33  1.11  0  0  0.98
 3  89.33  0.27  1  2  0.63
 3  73.90  0.86  1  3  0.94
 3  70.67  0.27  1  3  0.56
 0  74.25  1.34  0  0  0.64
 3  69.02  0.57  1  3  0.59
 3  67.44  0.33  1  3  0.62
 1  95.31  0.42  0  0  0.68
 2  97.46  1.06  1  2  0.49
 3  73.90  0.71  1  3  0.65
 0  70.67  0.27  0  1  0.53
 2  81.94  1.37  1  2  0.62
 2  70.67  1.30  1  3  0.55
 2  92.95  0.71  1  2  0.42
 3  60.30  0.73  1  3  0.60
 1  90.98  1.00  0  1  0.72
 2  95.31  1.16  1  2  0.45
 2  90.98  0.57  1  2  0.46
 0  77.42  1.17  0  0  0.56
 0  72.67  1.11  0  0  0.50
 2  87.33  1.11  1  3  0.50
 1  97.46  0.51  0  1  0.71
 2  85.75  1.34  1  2  0.57
 1  81.94  0.21  0  0  0.77
 3  87.33  0.46  1  2  0.57
 2  82.53  0.96  1  3  0.80
 3  72.67  0.46  1  3  1.25
 3  82.58  0.40  1  2  0.77
 3  64.69  1.16  1  3  0.65
 3  62.54  0.51  1  3  1.03
 2  92.56  1.24  1  2  0.52
 2  92.95  0.86  1  2  0.43
 2  98.95  0.62  1  2  0.46
 0  67.05  0.71  0  0  0.56
 3  60.30  0.84  1  3  0.49
 2  86.10  0.86  1  2  0.43
 0  72.67  0.46  0  1  1.10
 3  61.05  0.95  1  3  0.58
 1  89.33  1.30  0  0  0.64
 0  73.90  0.86  0  1  0.59
 3  89.33  0.27  1  1  0.74
 1  95.31  0.42  0  1  0.42
 0  74.25  0.23  0  0  0.53
 2  92.95  0.71  1  2  0.40
 1  81.94  0.21  0  1  0.41
 1  95.31  1.16  0  1  0.52
 0  69.02  0.57  0  0  0.46
 3  61.05  0.62  1  2  0.53
 2  74.25  1.34  1  2  0.57
 0  78.06  1.37  0  1  0.56
 0  77.47  0.61  0  0  0.89
 0  67.44  1.24  0  0  0.53
 1  97.46  0.51  0  1  0.39
 0  64.69  1.16  0  0  0.52
 1  82.53  0.61  0  1  0.41
 2  78.06  1.37  1  2  0.55
 2  95.31  1.16  1  2  0.48
 3  73.90  0.86  1  2  0.56
 1  98.95  0.95  0  1  0.65
 3  87.33  0.46  1  2  0.57
 1  99.70  0.73  0  1  0.51
 2  77.47  0.96  1  2  0.84
 1  82.58  0.40  0  1  0.66
 0  61.05  0.62  0  0  0.61
 1  92.95  0.71  0  1  0.57
 0  62.54  0.51  0  0  0.62
 3  61.05  0.95  1  3  0.53
 1  82.53  0.96  0  0  0.54
 3  81.94  0.21  1  2  0.47
 1  92.95  0.86  0  1  0.42
 2  85.75  1.34  1  2  0.50
 3  78.06  0.21  1  2  0.38
 2  99.70  0.84  1  2  0.51
 1  98.95  0.62  0  0  0.51
 1  87.33  0.46  0  1  0.42
 2  81.94  1.37  1  2  0.79
 2  97.46  0.51  1  2  0.38
 0  70.67  1.30  0  1  0.44
 0  73.90  0.71  0  1  1.17
 0  77.47  0.96  0  1  0.82
 1  92.56  0.33  0  1  0.57
 3  85.75  0.23  1  2  0.45
 0  78.06  0.21  0  1  0.48
 3  67.05  0.71  1  3  0.99
 3  77.47  0.61  1  3  0.44
 0  67.05  0.86  0  0  0.63
 3  64.69  1.16  1  3  0.62
 2  90.98  1.00  1  2  0.50
 2  98.95  0.95  1  2  0.37
 0  77.42  1.17  0  0  0.64
 0  61.05  0.95  0  0  0.53
 0  62.54  1.06  0  0  0.55
 0  77.42  0.40  0  0  0.66
 0  74.25  1.34  0  0  0.47
 3  62.54  1.06  1  3  1.43
 2  98.95  0.62  1  2  0.40
 1  82.58  1.17  0  1  0.70
 3  82.53  0.61  1  2  0.44
 0  69.02  1.00  0  0  0.60
 1  92.56  1.24  0  1  0.53
 0  67.44  0.33  0  0  0.51
 3  92.56  0.33  1  2  0.44
 1  87.33  1.11  0  1  0.85
 3  64.69  0.42  1  3  0.72
 3  72.67  0.46  1  3  0.45
 0  70.67  0.27  0  0  0.61
 1  81.94  1.37  0  0  0.51
 2  97.46  1.06  1  2  0.54
 1  97.46  1.06  0  1  0.58
 3  69.02  1.00  1  3  0.48
 0  72.67  1.11  0  0  0.49
 2  92.95  0.86  1  2  0.55
 3  70.67  0.27  1  3  0.51
 3  62.54  0.51  1  3  0.58
 1  90.98  1.00  0  1  0.62
 0  60.30  0.84  0  0  0.56
 1  85.75  1.34  0  1  0.50
 1  86.10  0.71  0  1  0.65
 2  82.58  1.17  1  3  0.53
 3  77.42  0.40  1  2  0.50
 0  72.67  0.46  0  0  0.75
 1  90.98  0.57  0  1  0.50
 3  60.30  0.73  1  3  0.55
 2  77.42  1.17  1  3  0.43
 2  82.53  0.96  1  2  0.42
 2  89.33  1.30  1  2  0.46
 1  86.10  0.86  0  1  0.89
 2  99.70  0.73  1  2  0.51
 0  73.90  0.86  0  0  0.53
 2  86.10  0.86  1  1  1.13
 3  60.30  0.84  1  3  1.02
 2  95.31  0.42  1  2  0.37
 3  67.44  0.33  1  3  0.38
 2  72.67  1.11  1  3  0.40
 1  85.75  0.23  0  1  0.79
 0  64.69  0.42  0  0  0.47
 0  67.05  0.71  0  0  0.44
 2  70.67  1.30  1  3  0.56
 3  69.02  0.57  1  3  0.54
 2  87.33  1.11  1  3  0.57
 0  60.30  0.73  0  0  0.60
 2  86.10  0.71  1  2  0.55
 2  67.44  1.24  1  3  0.47
 3  67.05  0.86  1  3  0.71
 1  99.70  0.84  0  1  0.62
 1  89.33  1.30  0  1  0.63
 3  74.25  0.23  1  2  0.53
 2  90.98  0.57  1  2  0.48
 3  73.90  0.71  1  3  0.47
 1  89.33  0.27  0  0  0.57
 3  82.58  0.40  1  2  0.58
 2  92.56  1.24  1  2  0.57
