 0  77.42  0.40  0  0  3.40
 1  81.94  0.21  0  0  3.60
 2  77.42  1.17  1  1  2.20
 3  60.30  0.73  1  0  1.59
 3  73.90  0.71  1  2  1.69
 0  61.05  0.62  0  3  1.28
 2  90.98  1.00  1  1  1.87
 2  95.31  1.16  1  2  1.35
 0  69.02  0.57  0  0  0.94
 1  92.95  0.86  0  2  1.41
 2  98.95  0.95  1  3  0.96
 0  69.02  1.00  0  1  1.48
 0  72.67  0.46  0  0  1.09
 1  92.56  1.24  0  3  1.34
 0  67.05  0.71  0  2  1.60
 2  92.95  0.71  1  1  1.58
 3  67.05  0.71  1  2  1.37
 2  87.33  1.11  1  3  1.82
 3  74.25  0.23  1  1  1.58
 3  73.90  0.86  1  1  1.81
 2  97.46  0.51  1  0  1.37
 3  77.42  0.40  1  0  0.91
 2  74.25  1.34  1  2  1.45
 3  61.05  0.62  1  2  2.77
 3  69.02  1.00  1  3  1.42
 2  90.98  0.57  1  0  1.29
 2  85.75  1.34  1  2  1.98
 1  89.33  1.30  0  2  1.01
 1  85.75  1.34  0  3  0.78
 0  60.30  0.84  0  2  1.65
 2  95.31  0.42  1  1  1.47
 1  86.10  0.71  0  0  0.97
 1  82.58  0.40  0  3  0.66
 2  82.58  1.17  1  2  2.80
 1  97.46  0.51  0  1  1.66
 1  89.33  0.27  0  1  0.61
 3  85.75  0.23  1  1  1.00
 0  74.25  1.34  0  2  1.39
 3  72.67  0.46  1  0  2.60
 1  87.33  0.46  0  0  1.75
 2  72.67  1.11  1  2  0.89
 1  90.98  1.00  0  3  1.72
 2  92.95  0.86  1  1  1.95
 3  64.69  0.42  1  2  0.92
 1  90.98  0.57  0  0  1.65
 0  73.90  0.71  0  2  2.71
 3  61.05  0.95  1  2  0.86
 1  95.31  1.16  0  1  2.56
 2  82.53  0.96  1  3  1.77
 0  62.54  1.06  0  2  0.97
 0  78.06  1.37  0  3  1.70
 3  92.56  0.33  1  0  3.00
 1  82.53  0.96  0  1  3.56
 2  99.70  0.84  1  2  2.40
 0  64.69  0.42  0  0  7.88
 1  99.70  0.84  0  1  1.33
 3  60.30  0.84  1  0  5.21
 2  86.10  0.86  1  1  1.51
 0  77.47  0.96  0  3  7.00
 2  70.67  1.30  1  0  4.17
 0  67.44  1.24  0  2  1.00
 2  92.56  1.24  1  1  0.96
 0  67.44  0.33  0  0  2.93
 2  81.94  1.37  1  0  1.47
 3  64.69  1.16  1  3  4.04
 2  99.70  0.73  1  1  0.97
 3  87.33  0.46  1  2  0.90
 2  97.46  1.06  1  1  2.30
 1  81.94  1.37  0  3  1.80
 3  82.53  0.61  1  0  0.95
 0  62.54  0.51  0  2  1.96
 0  64.69  1.16  0  3  3.50
 3  77.47  0.61  1  0  0.69
 1  92.56  0.33  0  1  1.21
 3  62.54  1.06  1  2  3.60
 3  62.54  0.51  1  0  0.61
 2  89.33  1.30  1  3  1.47
 1  98.95  0.62  0  1  0.90
 1  95.31  0.42  0  1  0.68
 0  70.67  0.27  0  0  2.42
 3  82.58  0.40  1  0  0.85
 3  67.44  0.33  1  0  2.74
 3  89.33  0.27  1  0  1.09
 1  97.46  1.06  0  2  2.32
 0  74.25  0.23  0  3  1.61
 3  69.02  0.57  1  2  3.53
 1  86.10  0.86  0  0  4.26
 0  61.05  0.95  0  3  1.62
 1  82.58  1.17  0  2  0.77
 3  67.05  0.86  1  1  3.02
 2  98.95  0.62  1  1  0.72
 1  99.70  0.73  0  2  2.12
 3  78.06  0.21  1  0  2.48
 0  73.90  0.86  0  3  0.76
 1  87.33  1.11  0  2  3.86
 3  81.94  0.21  1  0  5.59
 0  77.42  1.17  0  2  2.69
 0  72.67  1.11  0  3  0.85
 0  67.05  0.86  0  1  0.68
 2  78.06  1.37  1  2  3.27
 2  77.47  0.96  1  3  1.36
 2  86.10  0.71  1  0  1.67
 3  70.67  0.27  1  2  1.20
 1  85.75  0.23  0  0  1.23
 0  60.30  0.73  0  2  0.94
 2  67.44  1.24  1  3  1.43
 1  82.53  0.61  0  1  0.78
 0  77.47  0.61  0  1  0.67
 0  78.06  0.21  0  0  1.56
 1  92.95  0.71  0  1  1.24
 0  70.67  1.30  0  1  2.85
 1  98.95  0.95  0  1  1.37
 1  90.98  0.57  0  0 22.65
 0  61.05  0.62  0  1  1.67
 0  69.02  1.00  0  2  3.09
 1  87.33  0.46  0  1  0.68
 3  92.56  0.33  1  1  0.61
 1  87.33  1.11  0  3  4.57
 1  81.94  0.21  0  0  1.60
 3  72.67  0.46  1  1  3.56
 1  86.10  0.71  0  2  1.84
 0  70.67  0.27  0  1  2.19
 1  89.33  0.27  0  1  6.04
 0  77.42  0.40  0  3  1.93
 1  85.75  1.34  0  0  1.22
 3  60.30  0.73  1  2  0.90
 1  89.33  1.30  0  1  1.62
 0  78.06  0.21  0  1  1.71
 3  64.69  1.16  1  1  0.84
 0  67.44  0.33  0  1  1.18
 2  82.53  0.96  1  0  1.63
 0  73.90  0.86  0  2  1.54
 1  82.53  0.96  0  3  0.78
 3  73.90  0.71  1  0  2.03
 1  92.95  0.71  0  1  0.73
 1  90.98  1.00  0  1  0.72
 0  72.67  0.46  0  2  7.20
 3  61.05  0.95  1  3  2.51
 0  67.05  0.86  0  2  5.20
 0  78.06  1.37  0  3  1.10
 0  64.69  1.16  0  3  0.95
 1  92.56  1.24  0  0  1.88
 2  97.46  1.06  1  1  1.04
 3  67.44  0.33  1  0  1.67
 1  99.70  0.84  0  1  0.77
 1  82.58  1.17  0  2  2.66
 2  89.33  1.30  1  0  1.51
 0  77.47  0.96  0  3  1.38
 2  72.67  1.11  1  1  1.15
 3  82.53  0.61  1  1  0.77
 3  61.05  0.62  1  3  3.75
 3  87.33  0.46  1  1  0.89
 3  89.33  0.27  1  1  0.77
 3  81.94  0.21  1  2 10.70
 2  90.98  0.57  1  1  0.99
 2  92.95  0.86  1  1  0.82
 2  70.67  1.30  1  0  9.92
 2  99.70  0.84  1  1  0.86
 0  74.25  1.34  0  3  4.74
 3  64.69  0.42  1  3  1.11
 1  98.95  0.95  0  1  3.23
 2  77.42  1.17  1  2  4.59
 1  95.31  0.42  0  1  1.41
 3  73.90  0.86  1  2  0.77
 3  77.42  0.40  1  0  0.78
 3  85.75  0.23  1  1  0.97
 3  69.02  0.57  1  0  0.91
 1  82.53  0.61  0  2  2.26
 0  73.90  0.71  0  1  1.52
 2  99.70  0.73  1  1  0.94
 3  67.05  0.71  1  3  0.69
 2  81.94  1.37  1  3  1.82
 3  67.05  0.86  1  2  4.01
 2  90.98  1.00  1  0  1.75
 1  98.95  0.62  0  1  1.01
 3  74.25  0.23  1  2  1.45
 2  77.47  0.96  1  0  4.29
 1  85.75  0.23  0  1  1.08
 1  92.56  0.33  0  1  0.80
 0  70.67  1.30  0  3  2.35
 3  77.47  0.61  1  1  2.03
 2  74.25  1.34  1  2  1.92
 1  82.58  0.40  0  0  2.80
 2  87.33  1.11  1  1  1.95
 2  97.46  0.51  1  1  1.31
 0  67.44  1.24  0  3  1.68
 0  60.30  0.84  0  2  3.14
 1  81.94  1.37  0  0  1.32
 0  62.54  0.51  0  1  2.00
 2  67.44  1.24  1  2  1.64
 1  86.10  0.86  0  0  1.50
 3  69.02  1.00  1  0  2.44
 3  62.54  1.06  1  2  0.71
 0  77.47  0.61  0  0  1.44
 0  61.05  0.95  0  3  0.98
 2  92.56  1.24  1  1  1.34
 0  62.54  1.06  0  3  1.01
 0  69.02  0.57  0  2  1.19
 2  86.10  0.71  1  0  2.14
 0  60.30  0.73  0  3  0.98
 2  82.58  1.17  1  2  1.11
 2  98.95  0.95  1  0  1.97
 2  95.31  1.16  1  1  0.86
 2  78.06  1.37  1  2  1.77
 3  60.30  0.84  1  0  3.02
 1  92.95  0.86  0  1  1.06
 2  92.95  0.71  1  1  0.83
 0  67.05  0.71  0  3  1.21
 2  95.31  0.42  1  1  1.23
 3  78.06  0.21  1  0  2.45
 0  74.25  0.23  0  2  2.79
 0  72.67  1.11  0  3  6.81
 1  97.46  1.06  0  1  2.74
 2  86.10  0.86  1  0  1.33
 1  97.46  0.51  0  1  0.75
 1  99.70  0.73  0  1  0.65
 2  85.75  1.34  1  0  4.83
 2  98.95  0.62  1  1  0.90
 1  95.31  1.16  0  2  4.01
 0  64.69  0.42  0  3  1.65
 3  70.67  0.27  1  3  0.80
 3  62.54  0.51  1  3  1.29
 0  77.42  1.17  0  2  2.63
 3  82.58  0.40  1  0  2.14
 1  87.33  1.11  0  2 10.81
 3  78.06  0.21  1  0  8.88
 1  90.98  1.00  0  3  2.46
 3  69.02  1.00  1  3  1.21
 0  67.44  1.24  0  1  4.37
 2  97.46  0.51  1  1  1.00
 3  60.30  0.73  1  3  1.39
 1  92.56  0.33  0  1  2.25
 3  61.05  0.95  1  3  1.19
 2  81.94  1.37  1  3  1.90
 2  97.46  1.06  1  1  1.21
 2  90.98  0.57  1  2  2.84
 2  77.47  0.96  1  2  2.54
 3  77.47  0.61  1  2  0.83
 1  85.75  0.23  0  0  2.63
 3  64.69  1.16  1  3  1.05
 2  89.33  1.30  1  2 12.54
 1  90.98  0.57  0  1  2.42
 2  82.53  0.96  1  2  1.14
 2  74.25  1.34  1  3  2.39
 2  92.95  0.86  1  2  1.36
 1  99.70  0.84  0  1  1.14
 0  64.69  1.16  0  0  1.50
 1  98.95  0.62  0  0  1.97
 1  81.94  1.37  0  0  1.32
 0  78.06  1.37  0  2  3.25
 2  90.98  1.00  1  0  4.33
 1  92.95  0.86  0  1  0.85
 0  73.90  0.71  0  2  3.04
 0  73.90  0.86  0  0  1.59
 2  95.31  1.16  1  3  2.66
 1  82.58  1.17  0  0  1.72
 3  61.05  0.62  1  3  2.13
 2  98.95  0.62  1  2  3.72
 3  74.25  0.23  1  3 10.01
 2  99.70  0.84  1  2  2.15
 2  85.75  1.34  1  3  2.45
 1  87.33  0.46  0  0  6.20
 1  82.58  0.40  0  1  0.75
 0  62.54  1.06  0  0  4.26
 0  69.02  1.00  0  0  0.94
 1  95.31  0.42  0  1  0.85
 1  92.56  1.24  0  1  2.14
 0  67.05  0.71  0  0  0.75
 3  62.54  0.51  1  3  2.86
 2  86.10  0.86  1  2  1.27
 0  69.02  0.57  0  0  2.04
 0  78.06  0.21  0  1  0.67
 0  67.44  0.33  0  0  0.94
 3  70.67  0.27  1  3  2.87
 1  97.46  0.51  0  1  4.54
 3  77.42  0.40  1  3  1.76
 3  62.54  1.06  1  2  1.08
 3  81.94  0.21  1  2  1.50
 2  86.10  0.71  1  2  3.29
 1  82.53  0.61  0  0  2.08
 3  67.05  0.86  1  3  0.83
 2  77.42  1.17  1  3  1.09
 3  60.30  0.84  1  3  0.98
 0  64.69  0.42  0  0  1.40
 2  95.31  0.42  1  2  1.83
 0  77.47  0.96  0  0  2.57
 0  72.67  0.46  0  0  0.77
 1  89.33  1.30  0  2 10.35
 3  89.33  0.27  1  2  4.54
 0  61.05  0.95  0  0  1.76
 2  98.95  0.95  1  2  2.35
 2  99.70  0.73  1  2  0.64
 3  69.02  0.57  1  3  0.77
 3  85.75  0.23  1  3  1.49
 0  74.25  0.23  0  1  3.72
 2  92.95  0.71  1  3  1.00
 3  87.33  0.46  1  2  0.88
 1  92.95  0.71  0  1  1.08
 1  85.75  1.34  0  0  1.01
 1  81.94  0.21  0  1  0.76
 2  87.33  1.11  1  2  2.51
 2  78.06  1.37  1  3  0.95
 0  74.25  1.34  0  0  1.18
 3  67.44  0.33  1  2  2.45
 1  82.53  0.96  0  1  2.06
 1  89.33  0.27  0  1  0.74
 3  73.90  0.86  1  3 12.63
 1  97.46  1.06  0  1  2.49
 2  70.67  1.30  1  2  1.66
 1  86.10  0.71  0  1  1.09
 1  98.95  0.95  0  1  0.77
 0  70.67  1.30  0  0  0.84
 0  77.42  1.17  0  0  1.61
 3  73.90  0.71  1  2  1.30
 0  70.67  0.27  0  1 16.62
 3  67.05  0.71  1  3  4.18
 3  82.58  0.40  1  2  1.78
 2  67.44  1.24  1  3  1.80
 2  92.56  1.24  1  2  2.48
 3  64.69  0.42  1  3  1.31
 0  72.67  1.11  0  0  1.33
 3  92.56  0.33  1  2  1.86
 2  72.67  1.11  1  3  0.82
 0  60.30  0.73  0  0  1.12
 2  82.58  1.17  1  3  3.26
 3  72.67  0.46  1  2  0.82
 3  82.53  0.61  1  2  1.45
 0  77.42  0.40  0  0  1.30
 0  77.47  0.61  0  0  0.74
 0  60.30  0.84  0  0  2.96
 1  95.31  1.16  0  1  1.99
 0  61.05  0.62  0  0  0.79
 1  86.10  0.86  0  1  0.78
 1  99.70  0.73  0  1  0.73
 0  62.54  0.51  0  0  0.74
 0  67.05  0.86  0  0  0.66
 3  73.90  0.86  1  3  4.08
 3  77.42  0.40  1  2  0.91
 1  82.53  0.61  0  1  1.38
 1  82.58  1.17  0  0 10.59
 3  72.67  0.46  1  2  1.89
 1  82.53  0.96  0  1  1.56
 0  61.05  0.62  0  0  0.87
 1  97.46  0.51  0  1  0.67
 3  60.30  0.73  1  3  1.19
 2  87.33  1.11  1  2  2.47
 1  81.94  0.21  0  1  3.13
 2  90.98  0.57  1  2  6.46
 3  64.69  1.16  1  3  0.72
 3  92.56  0.33  1  2  3.10
 2  97.46  0.51  1  2  0.98
 3  74.25  0.23  1  3  0.80
 0  72.67  1.11  0  0  1.22
 2  98.95  0.95  1  2  1.41
 1  95.31  0.42  0  1  2.97
 2  70.67  1.30  1  0  0.90
 3  61.05  0.62  1  3  2.60
 1  85.75  1.34  0  0 30.79
 2  86.10  0.71  1  2  1.82
 0  74.25  0.23  0  1  1.93
 2  72.67  1.11  1  3  0.92
 2  95.31  0.42  1  2  1.67
 3  69.02  0.57  1  3  0.73
 2  86.10  0.86  1  2  2.26
 0  62.54  1.06  0  0  2.23
 1  98.95  0.62  0  1  3.82
 2  99.70  0.84  1  2 10.08
 2  85.75  1.34  1  3  3.59
 3  82.53  0.61  1  2  0.76
 0  73.90  0.86  0  0  1.30
 0  77.42  1.17  0  0  0.76
 1  86.10  0.86  0  1  1.01
 1  81.94  1.37  0  0  1.09
 3  89.33  0.27  1  2  1.07
 3  62.54  0.51  1  3  0.67
 0  73.90  0.71  0  1  2.39
 1  87.33  0.46  0  0  1.01
 1  92.56  0.33  0  1  2.05
 2  97.46  1.06  1  2  1.08
 0  70.67  0.27  0  0  1.13
 2  92.95  0.71  1  2  1.61
 2  77.42  1.17  1  3  3.49
 1  92.95  0.71  0  1 12.56
 3  81.94  0.21  1  2  3.63
 0  70.67  1.30  0  0  0.87
 3  60.30  0.84  1  3  7.05
 3  70.67  0.27  1  2  2.90
 2  90.98  1.00  1  2  0.70
 3  85.75  0.23  1  2  0.77
 0  64.69  0.42  0  0  1.09
 0  74.25  1.34  0  0  1.36
 0  69.02  1.00  0  0  1.58
 3  87.33  0.46  1  2  4.59
 2  92.95  0.86  1  2  2.61
 0  67.44  0.33  0  0  0.98
 1  97.46  1.06  0  1  2.94
 3  67.44  0.33  1  3  1.47
 1  92.56  1.24  0  1  2.21
 2  98.95  0.62  1  2  1.30
 1  85.75  0.23  0  1  1.23
 1  98.95  0.95  0  1  7.07
 2  78.06  1.37  1  3  1.81
 2  95.31  1.16  1  2  1.14
 1  92.95  0.86  0  1  1.05
 3  78.06  0.21  1  2  1.59
 3  69.02  1.00  1  3  0.67
 3  82.58  0.40  1  2  1.27
 1  90.98  1.00  0  1  1.21
 3  67.05  0.86  1  3  1.10
 3  77.47  0.61  1  2  1.33
 3  61.05  0.95  1  3  0.71
 1  82.58  0.40  0  1  1.28
 2  77.47  0.96  1  3  1.28
 0  78.06  1.37  0  0  1.10
 2  67.44  1.24  1  0  0.80
 2  81.94  1.37  1  3  3.00
 1  89.33  1.30  0  1  1.89
 0  60.30  0.73  0  0  0.78
 2  89.33  1.30  1  2  1.05
 2  92.56  1.24  1  2  0.76
 0  62.54  0.51  0  0  0.99
 3  67.05  0.71  1  0  1.03
 0  72.67  0.46  0  0  6.49
 3  64.69  0.42  1  3  0.90
 0  61.05  0.95  0  0  1.51
 2  99.70  0.73  1  2  2.30
 0  77.42  0.40  0  1  6.59
 0  64.69  1.16  0  0  0.85
 0  67.05  0.86  0  0  0.81
 2  82.58  1.17  1  2  2.90
 0  67.05  0.71  0  0  0.82
 1  86.10  0.71  0  1  0.78
 0  78.06  0.21  0  1  1.06
 3  73.90  0.71  1  3  1.73
 1  89.33  0.27  0  1  0.84
 1  90.98  0.57  0  1  1.47
 1  87.33  1.11  0  1  1.06
 3  62.54  1.06  1  3  1.50
 1  99.70  0.73  0  1  0.85
 0  60.30  0.84  0  0  1.51
 1  95.31  1.16  0  1  7.95
 2  74.25  1.34  1  3  0.80
 1  99.70  0.84  0  1  0.71
 2  82.53  0.96  1  3  2.07
 0  67.44  1.24  0  0  0.71
 0  77.47  0.96  0  0  3.57
 0  77.47  0.61  0  1  1.43
 0  69.02  0.57  0  0  0.85
 3  77.47  0.61  1  2  7.13
 2  90.98  1.00  1  2  0.85
 3  67.05  0.71  1  3  0.79
 1  85.75  0.23  0  1  0.88
 1  82.53  0.61  0  1  0.93
 1  99.70  0.73  0  1  0.72
 1  97.46  1.06  0  1  0.71
 2  95.31  1.16  1  2  4.08
 1  90.98  0.57  0  1  1.05
 3  74.25  0.23  1  2  2.05
 3  61.05  0.95  1  3  0.61
 2  87.33  1.11  1  2  0.98
 2  97.46  1.06  1  2  1.03
 0  61.05  0.95  0  3  0.86
 2  98.95  0.95  1  2  0.96
 3  67.44  0.33  1  3  1.03
 2  90.98  0.57  1  2  0.77
 2  85.75  1.34  1  2  2.22
 3  62.54  0.51  1  3  0.71
 0  60.30  0.73  0  0  2.75
 3  78.06  0.21  1  2  0.79
 0  73.90  0.71  0  0  5.35
 0  72.67  1.11  0  0  0.80
 0  64.69  1.16  0  0  0.68
 0  72.67  0.46  0  0  1.57
 3  70.67  0.27  1  3  2.05
 2  78.06  1.37  1  3  1.71
 0  78.06  1.37  0  1  1.51
 2  92.95  0.86  1  2  0.82
 2  82.58  1.17  1  2  2.67
 0  69.02  0.57  0  0  4.02
 1  92.95  0.86  0  1  0.98
 0  73.90  0.86  0  0  0.89
 2  86.10  0.86  1  2  2.92
 1  92.56  1.24  0  1  1.11
 1  86.10  0.71  0  1 16.01
 1  99.70  0.84  0  1  0.99
 3  67.05  0.86  1  3  0.87
 2  81.94  1.37  1  3  1.02
 3  77.42  0.40  1  2  0.97
 2  89.33  1.30  1  2  0.84
 0  67.05  0.86  0  0  0.93
 0  77.42  0.40  0  1  6.29
 3  64.69  0.42  1  3  1.18
 1  82.58  0.40  0  1  1.47
 1  90.98  1.00  0  1  0.84
 0  60.30  0.84  0  0  0.83
 3  89.33  0.27  1  2  0.95
 3  62.54  1.06  1  3  0.97
 1  92.56  0.33  0  1  0.78
 1  87.33  0.46  0  1  0.76
 3  73.90  0.86  1  3  0.84
 0  74.25  1.34  0  0  1.76
 3  82.58  0.40  1  2  0.79
 2  92.56  1.24  1  2  0.97
 1  82.53  0.96  0  0  1.43
 0  67.05  0.71  0  0  2.77
 0  70.67  1.30  0  0  0.75
 3  69.02  1.00  1  3  3.08
 1  98.95  0.95  0  1  0.84
 1  81.94  1.37  0  0  4.36
 2  92.95  0.71  1  2  0.58
 2  77.42  1.17  1  3  0.83
 3  72.67  0.46  1  3  2.27
 2  97.46  0.51  1  2  0.62
 3  81.94  0.21  1  2  0.55
 0  77.42  1.17  0  0  1.29
 1  85.75  1.34  0  0  1.11
 3  61.05  0.62  1  3  0.89
 2  99.70  0.73  1  2  0.89
 3  64.69  1.16  1  3  1.68
 0  77.47  0.61  0  1  2.64
 0  70.67  0.27  0  0  0.96
 1  89.33  0.27  0  1  0.73
 0  64.69  0.42  0  0  2.37
 2  70.67  1.30  1  3  0.84
 3  82.53  0.61  1  2  0.63
 2  98.95  0.62  1  2  0.52
 2  86.10  0.71  1  3  0.73
 2  67.44  1.24  1  3  0.71
 0  69.02  1.00  0  0  0.93
 1  98.95  0.62  0  1  0.85
 1  95.31  0.42  0  1  1.16
 1  97.46  0.51  0  1  6.38
 1  81.94  0.21  0  0  1.93
 3  85.75  0.23  1  2  1.83
 1  95.31  1.16  0  1  0.77
 0  78.06  0.21  0  1  0.70
 3  73.90  0.71  1  3  1.94
 0  67.44  0.33  0  0  1.00
 3  69.02  0.57  1  3  2.20
 0  67.44  1.24  0  0  2.14
 2  82.53  0.96  1  2  6.68
 0  61.05  0.62  0  0  0.77
 3  60.30  0.73  1  3  1.17
 3  92.56  0.33  1  1  1.53
 3  60.30  0.84  1  3  0.95
 2  72.67  1.11  1  3  0.88
 1  92.95  0.71  0  1  1.08
 0  77.47  0.96  0  0  1.11
 2  95.31  0.42  1  2  1.50
 1  87.33  1.11  0  1  2.60
 1  89.33  1.30  0  1  1.36
 1  86.10  0.86  0  1  0.80
 0  62.54  1.06  0  0  0.72
 2  77.47  0.96  1  3  1.73
 0  62.54  0.51  0  0  1.28
 2  74.25  1.34  1  3  1.62
 1  82.58  1.17  0  0  3.56
 2  99.70  0.84  1  2  2.03
 0  74.25  0.23  0  1  0.89
 3  87.33  0.46  1  2  1.23
