 0  62.54  0.51  0  1  7.84
 1  62.54  0.51  1  0  1.60
 1  61.05  0.62  1  1  2.28
 1  81.94  0.21  0  0  1.31
 1  87.33  0.46  1  0  3.86
 1  97.46  1.06  0  0  5.77
 1  92.56  1.24  0  1  1.23
 0  82.53  0.96  1  1  1.24
 0  90.98  0.57  1  1 20.93
 0  81.94  1.37  1  1  3.53
 1  87.33  0.46  0  1  1.96
 1  82.53  0.61  1  0  0.82
 1  77.47  0.61  1  0  1.43
 0  90.98  1.00  1  1 11.73
 1  81.94  1.37  0  0  4.41
 1  90.98  0.57  0  0  2.48
 0  77.42  0.40  0  1  1.12
 0  74.25  1.34  1  1  1.86
 0  82.58  1.17  1  1 48.56
 0  70.67  0.27  0  1  1.57
 0  77.47  0.96  0  1  3.35
 0  89.33  1.30  1  1  1.29
 0  97.46  0.51  1  1  0.97
 0  78.06  0.21  0  0  0.58
 0  92.95  0.86  1  0  0.58
 0  86.10  0.71  1  0  0.54
 0  73.90  0.86  0  0  2.49
 1  81.94  0.21  1  1  3.34
 0  74.25  0.23  0  1  0.98
 0  95.31  0.42  1  0  1.11
 0  60.30  0.73  0  1  0.85
 0  70.67  1.30  0  0  1.58
 0  70.67  1.30  1  0  0.68
 0  64.69  1.16  0  0  1.06
 1  95.31  1.16  0  1  2.45
 1  85.75  0.23  1  0  2.08
 1  82.53  0.61  0  0  1.00
 1  82.58  0.40  1  1  0.87
 1  90.98  1.00  0  1  1.63
 1  92.95  0.71  0  1  3.23
 0  98.95  0.95  1  1  0.61
 0  74.25  1.34  0  1  2.09
 0  67.44  1.24  0  0  0.67
 1  98.95  0.95  0  0  5.64
 0  69.02  0.57  0  0  0.74
 1  61.05  0.95  1  0  0.81
 0  77.42  1.17  0  0  2.31
 0  85.75  1.34  1  1  3.53
 1  85.75  1.34  0  0  1.87
 1  69.02  1.00  1  0  1.02
 0  77.42  1.17  1  1  0.60
 1  82.58  0.40  0  1  0.98
 1  73.90  0.86  1  1  1.28
 0  60.30  0.84  0  1  2.58
 1  98.95  0.62  0  1  1.20
 0  97.46  1.06  1  1  3.38
 1  99.70  0.84  0  0  1.26
 1  85.75  0.23  0  0  5.71
 1  69.02  0.57  1  1  7.84
 0  72.67  1.11  1  0  4.10
 1  67.05  0.86  1  0  0.86
 0  61.05  0.95  0  0  0.98
 0  67.44  1.24  1  1  1.37
 0  67.05  0.86  0  0  1.87
 1  60.30  0.84  1  0  0.79
 1  89.33  1.30  0  1  1.28
 0  67.05  0.71  0  1  1.39
 0  64.69  0.42  0  0  2.58
 1  67.05  0.71  1  1  1.17
 1  82.53  0.96  0  1  3.01
 0  77.47  0.96  1  0  0.60
 0  95.31  1.16  1  0  7.59
 1  86.10  0.86  0  1  0.82
 0  69.02  1.00  0  1  4.23
 1  87.33  1.11  0  1  0.47
 1  74.25  0.23  1  0  1.08
 0  78.06  1.37  0  0  0.35
 1  77.42  0.40  1  0  6.52
 0  87.33  1.11  1  0  0.57
 0  78.06  1.37  1  1  1.51
 1  72.67  0.46  1  1  0.53
 1  89.33  0.27  1  1  7.98
 1  78.06  0.21  1  0  0.60
 1  89.33  0.27  0  0  3.12
 1  67.44  0.33  1  1  0.79
 0  99.70  0.73  1  0  3.30
 0  72.67  0.46  0  0  0.61
 0  62.54  1.06  0  1  3.09
 1  62.54  1.06  1  1  0.47
 1  60.30  0.73  1  0  2.27
 0  92.95  0.71  1  0  0.30
 1  99.70  0.73  0  1  2.40
 1  92.56  0.33  0  1  0.38
 0  67.44  0.33  0  0  1.65
 1  97.46  0.51  0  0  0.56
 0  72.67  1.11  0  0  1.37
 0  98.95  0.62  1  1  0.54
 0  73.90  0.71  0  1  0.91
 0  61.05  0.62  0  1  0.68
 0  77.47  0.61  0  0  1.05
 0  92.56  1.24  1  1  0.96
 1  70.67  0.27  1  1  6.93
 1  64.69  0.42  1  1  1.31
 1  95.31  0.42  0  0  0.76
 0  86.10  0.86  1  0  1.46
 1  92.95  0.86  0  0  0.46
 1  64.69  1.16  1  1  3.74
 0  99.70  0.84  1  0  5.70
 1  82.58  1.17  0  1  2.15
 1  73.90  0.71  1  0  1.86
 1  86.10  0.71  0  1  1.40
 1  92.56  0.33  1  1  1.77
 1  90.98  1.00  0  1  5.07
 0  61.05  0.95  0  0  1.16
 0  87.33  1.11  1  1  7.86
 0  82.53  0.96  1  0  0.84
 1  92.95  0.86  0  1  0.94
 1  64.69  0.42  1  0  2.44
 1  87.33  1.11  0  1  1.70
 0  61.05  0.62  0  1  0.68
 0  95.31  0.42  1  0  1.71
 0  67.05  0.86  0  1  2.86
 1  72.67  0.46  1  1  1.87
 0  60.30  0.73  0  0  5.91
 0  72.67  1.11  0  1  3.53
 1  60.30  0.73  1  1  1.67
 0  98.95  0.62  1  1  1.69
 1  92.56  0.33  1  0  3.03
 0  97.46  0.51  1  1  2.01
 0  97.46  1.06  1  1  5.25
 1  73.90  0.71  1  0 11.34
 1  67.05  0.86  1  0  5.00
 1  74.25  0.23  1  1  1.79
 1  89.33  0.27  0  0  0.96
 0  86.10  0.86  1  0  9.53
 1  82.53  0.61  0  0  2.97
 0  67.44  1.24  1  1  2.42
 1  73.90  0.86  1  0  1.08
 1  67.05  0.71  1  0  1.60
 1  98.95  0.62  0  1  2.25
 0  70.67  1.30  0  1  6.54
 0  77.47  0.96  1  1  1.38
 0  77.42  1.17  0  0  1.16
 0  74.25  0.23  0  1  1.77
 1  77.42  0.40  1  1  3.44
 0  67.44  0.33  0  0  1.60
 1  85.75  1.34  0  1  4.47
 1  87.33  0.46  0  0  1.83
 1  61.05  0.62  1  0  3.65
 1  90.98  0.57  0  1  0.98
 1  95.31  1.16  0  1  1.21
 0  89.33  1.30  1  0  1.05
 0  62.54  0.51  0  0  2.16
 1  85.75  0.23  0  1  7.73
 0  69.02  0.57  0  0  1.43
 0  82.58  1.17  1  0  1.60
 0  70.67  0.27  0  0  1.33
 1  64.69  1.16  1  1  1.75
 1  85.75  0.23  1  0  1.42
 1  81.94  0.21  1  1  0.78
 1  97.46  1.06  0  1  1.17
 0  78.06  0.21  0  1  2.42
 0  69.02  1.00  0  1  3.56
 1  86.10  0.71  0  1  1.09
 0  99.70  0.84  1  0  1.84
 0  81.94  1.37  1  0  2.41
 1  97.46  0.51  0  1  2.42
 1  82.53  0.61  1  0  1.73
 1  89.33  1.30  0  1  1.36
 1  61.05  0.95  1  1  2.34
 1  82.58  1.17  0  1  1.50
 0  90.98  1.00  1  0  1.57
 0  99.70  0.73  1  0  1.33
 0  73.90  0.86  0  0  4.46
 0  73.90  0.71  0  0  0.82
 0  78.06  1.37  0  1  1.48
 0  74.25  1.34  0  0  1.08
 0  90.98  0.57  1  0  1.36
 0  78.06  1.37  1  0  4.01
 0  72.67  0.46  0  0  4.52
 1  82.53  0.96  0  1  1.75
 0  64.69  0.42  0  0  2.18
 1  77.47  0.61  1  1  2.30
 1  81.94  0.21  0  1  1.60
 0  60.30  0.84  0  0  1.60
 0  62.54  1.06  0  0  2.19
 0  64.69  1.16  0  0  0.77
 1  99.70  0.84  0  1  0.82
 0  77.47  0.96  0  1  1.41
 1  99.70  0.73  0  1  0.85
 1  82.58  0.40  1  0  2.92
 1  62.54  0.51  1  1  2.33
 1  92.56  0.33  0  1  1.61
 0  77.47  0.61  0  0  7.71
 1  70.67  0.27  1  1  1.31
 1  62.54  1.06  1  1  3.37
 0  74.25  1.34  1  0  4.07
 1  92.56  1.24  0  1  1.02
 1  69.02  0.57  1  1  1.96
 0  86.10  0.71  1  0  1.32
 1  67.44  0.33  1  1  4.05
 0  77.42  1.17  1  0  5.66
 1  92.95  0.71  0  1  1.11
 1  82.58  0.40  0  0  1.98
 0  92.95  0.71  1  0  1.36
 0  67.44  1.24  0  0  3.14
 1  78.06  0.21  1  1  2.87
 1  87.33  0.46  1  0  1.19
 1  69.02  1.00  1  1  7.29
 0  85.75  1.34  1  0  7.25
 1  60.30  0.84  1  1  1.79
 1  86.10  0.86  0  1  1.74
 0  92.56  1.24  1  0 14.83
 1  89.33  0.27  1  1  2.06
 0  92.95  0.86  1  1  3.45
 0  77.42  0.40  0  1  1.48
 1  81.94  1.37  0  1  4.65
 0  95.31  1.16  1  0  2.27
 1  98.95  0.95  0  1  6.92
 0  72.67  1.11  1  1  3.35
 1  95.31  0.42  0  1  2.77
 0  67.05  0.71  0  0  3.99
 0  70.67  1.30  1  0  6.06
 0  98.95  0.95  1  0  1.49
 1  92.56  0.33  0  1  8.68
 0  87.33  1.11  1  0  2.55
 1  87.33  0.46  1  1  1.61
 1  95.31  1.16  0  1  5.14
 1  90.98  0.57  0  0  4.01
 1  77.47  0.61  1  1  2.97
 1  82.53  0.61  0  0  1.55
 0  86.10  0.86  1  0 19.13
 0  90.98  0.57  1  1  2.85
 0  67.44  1.24  0  0  2.10
 1  81.94  0.21  1  1  1.66
 0  77.47  0.96  0  0  8.91
 1  72.67  0.46  1  1  3.45
 1  81.94  1.37  0  1  2.39
 0  70.67  1.30  1  1  1.93
 1  77.42  0.40  1  1  5.11
 1  89.33  0.27  0  1  1.97
 0  95.31  0.42  1  0  3.35
 1  64.69  1.16  1  1  3.39
 0  61.05  0.95  0  0  5.75
 1  87.33  0.46  0  1  1.31
 1  90.98  1.00  0  1  1.81
 0  99.70  0.84  1  0  1.88
 0  77.42  1.17  1  0  7.28
 1  67.05  0.86  1  1  1.58
 1  61.05  0.95  1  1  4.00
 1  85.75  1.34  0  1  1.50
 1  87.33  1.11  0  1  6.51
 0  62.54  1.06  0  0  5.72
 0  69.02  1.00  0  0  1.08
 0  77.47  0.96  1  0  5.34
 1  89.33  1.30  0  1  1.02
 1  60.30  0.73  1  1  8.11
 0  77.47  0.61  0  1  1.62
 0  73.90  0.71  0  0  3.45
 0  97.46  0.51  1  0  1.15
 0  64.69  0.42  0  0  3.64
 1  97.46  1.06  0  1  0.85
 0  70.67  0.27  0  0  2.79
 0  67.44  0.33  0  0  3.36
 0  92.95  0.86  1  0  1.05
 1  61.05  0.62  1  1  2.81
 1  92.95  0.71  0  1  1.01
 1  67.05  0.71  1  0  6.13
 1  82.53  0.96  0  1  1.45
 0  77.42  1.17  0  1  3.11
 1  64.69  0.42  1  1  3.62
 1  78.06  0.21  1  0  1.75
 1  99.70  0.84  0  1  0.86
 0  64.69  1.16  0  1  2.91
 0  98.95  0.62  1  0  1.11
 1  74.25  0.23  1  0  4.35
 1  98.95  0.95  0  1  0.88
 0  61.05  0.62  0  0  3.92
 0  69.02  0.57  0  0  2.06
 1  70.67  0.27  1  1  2.18
 0  95.31  1.16  1  0  1.05
 0  60.30  0.73  0  0  3.42
 0  62.54  0.51  0  0  1.38
 0  97.46  1.06  1  0  2.75
 1  82.58  0.40  0  0  8.82
 0  74.25  0.23  0  0  1.94
 0  78.06  1.37  1  0  2.67
 1  99.70  0.73  0  1  0.96
 1  67.44  0.33  1  1  1.70
 0  73.90  0.86  0  0  2.06
 1  62.54  0.51  1  1  9.16
 1  73.90  0.71  1  1  6.84
 1  73.90  0.86  1  1  3.81
 0  67.05  0.86  0  0  1.67
 1  97.46  0.51  0  1  1.47
 0  99.70  0.73  1  0  0.87
 0  72.67  1.11  0  1  5.90
 1  69.02  1.00  1  1  1.67
 0  77.42  0.40  0  0  3.95
 0  74.25  1.34  0  1  1.76
 0  92.95  0.71  1  0  1.23
 0  60.30  0.84  0  1  1.38
 0  89.33  1.30  1  1  0.97
 1  98.95  0.62  0  1  0.90
 0  67.05  0.71  0  0  4.51
 0  98.95  0.95  1  0  0.99
 1  85.75  0.23  1  1  2.46
 1  62.54  1.06  1  1  1.75
 1  89.33  0.27  1  1  2.20
 0  78.06  0.21  0  0  2.59
 1  85.75  0.23  0  0  1.75
 1  86.10  0.71  0  1  2.01
 1  81.94  0.21  0  1  1.32
 0  67.44  1.24  1  1 11.26
 0  70.67  1.30  0  1  1.38
 1  82.58  0.40  1  0  8.22
 1  82.58  1.17  0  1  2.27
 0  78.06  1.37  0  0  1.59
 1  92.95  0.86  0  1  1.20
 1  92.56  0.33  1  0  3.39
 1  69.02  0.57  1  1 46.31
 0  92.56  1.24  1  0  1.13
 0  82.53  0.96  1  1  4.80
 0  72.67  1.11  1  1  1.52
 0  74.25  1.34  1  0  2.39
 0  90.98  1.00  1  0  1.16
 0  72.67  0.46  0  0  2.78
 0  81.94  1.37  1  0  2.42
 0  86.10  0.71  1  0  2.59
 1  82.53  0.61  1  0  0.87
 0  82.58  1.17  1  0  3.12
 1  95.31  0.42  0  1  2.24
 1  60.30  0.84  1  1  2.39
 1  86.10  0.86  0  0  2.08
 0  85.75  1.34  1  0  3.04
 1  92.56  1.24  0  1  1.38
 0  74.25  0.23  0  0  3.76
 1  97.46  1.06  0  1  0.93
 1  98.95  0.95  0  1  1.01
 1  67.44  0.33  1  1  1.94
 1  62.54  1.06  1  1  1.19
 0  97.46  1.06  1  0  1.00
 1  92.56  0.33  0  1  1.42
 1  81.94  1.37  0  1  2.77
 1  69.02  0.57  1  0  2.28
 1  92.56  0.33  1  0  1.29
 1  60.30  0.73  1  1  3.39
 1  89.33  0.27  0  1  1.28
 0  60.30  0.84  0  0  1.59
 0  77.47  0.96  1  0  6.09
 1  85.75  1.34  0  1  1.79
 1  78.06  0.21  1  1  3.03
 1  95.31  0.42  0  1  0.94
 1  67.05  0.86  1  0  3.43
 0  62.54  1.06  0  0  1.94
 0  97.46  0.51  1  0  1.14
 1  92.95  0.86  0  1  1.22
 1  90.98  1.00  0  1  1.77
 1  77.42  0.40  1  1  3.24
 0  98.95  0.95  1  0  0.97
 1  92.56  1.24  0  1  1.14
 0  69.02  1.00  0  0  5.11
 0  72.67  1.11  0  0  2.23
 0  92.95  0.71  1  0  1.11
 1  82.53  0.61  0  1 11.31
 1  64.69  1.16  1  0  8.52
 0  99.70  0.84  1  0  1.19
 0  87.33  1.11  1  0  2.99
 0  78.06  0.21  0  0  3.72
 0  82.53  0.96  1  0  1.99
 1  95.31  1.16  0  1  2.26
 1  82.53  0.61  1  0 17.44
 1  85.75  0.23  0  0  9.40
 1  90.98  0.57  0  1  0.89
 1  70.67  0.27  1  0  4.53
 0  72.67  0.46  0  1  1.63
 1  99.70  0.84  0  1  0.97
 1  81.94  0.21  0  1  2.86
 0  77.47  0.61  0  1  1.04
 0  98.95  0.62  1  1  0.77
 0  74.25  1.34  1  0  3.05
 0  60.30  0.73  0  1  1.34
 0  70.67  0.27  0  1  2.87
 0  92.56  1.24  1  0  1.20
 1  98.95  0.62  0  1  1.33
 1  64.69  0.42  1  1  3.27
 0  77.42  1.17  0  1 11.94
 1  85.75  0.23  1  0 29.01
 1  92.95  0.71  0  1  1.00
 1  86.10  0.86  0  1  1.17
 1  60.30  0.84  1  1  1.66
 0  67.44  1.24  0  0  6.49
 0  67.05  0.86  0  0  5.74
 1  77.47  0.61  1  0  1.33
 0  85.75  1.34  1  0  2.98
 0  70.67  1.30  0  0  3.60
 0  81.94  1.37  1  0  4.22
 1  74.25  0.23  1  1 12.63
 0  67.05  0.71  0  0  2.89
 1  61.05  0.62  1  1  1.94
 0  73.90  0.86  0  1  1.96
 0  62.54  0.51  0  0  1.85
 0  74.25  1.34  0  1  2.31
 0  77.47  0.96  0  1  1.67
 0  89.33  1.30  1  0  1.06
 1  73.90  0.86  1  0 10.25
 1  89.33  0.27  1  0  6.16
 1  87.33  0.46  1  1  3.30
 0  69.02  0.57  0  0  1.73
 1  87.33  1.11  0  1  1.15
 1  99.70  0.73  0  1  1.13
 0  77.42  0.40  0  0  1.36
 0  61.05  0.95  0  0  1.07
 1  82.58  0.40  0  0  1.90
 0  70.67  1.30  1  0  5.04
 1  62.54  0.51  1  1  1.52
 1  69.02  1.00  1  0  6.14
 1  82.58  0.40  1  0  1.59
 0  78.06  1.37  1  0  2.11
 1  72.67  0.46  1  1  9.86
 0  77.42  1.17  1  1  5.96
 0  99.70  0.73  1  0  1.45
 1  89.33  1.30  0  1  2.47
 0  95.31  0.42  1  1  3.11
 1  61.05  0.95  1  1  2.02
 0  86.10  0.71  1  0  1.45
 1  73.90  0.71  1  1  1.37
 0  86.10  0.86  1  0  1.39
 1  97.46  0.51  0  1  1.29
 1  81.94  0.21  1  1  3.41
 0  90.98  0.57  1  0  1.47
 0  92.95  0.86  1  0  2.10
 1  82.58  1.17  0  1  1.82
 0  64.69  0.42  0  1  1.67
 0  95.31  1.16  1  0  1.18
 0  82.58  1.17  1  1  2.69
 0  90.98  1.00  1  0  1.95
 0  64.69  1.16  0  0  1.78
 0  67.44  0.33  0  0  8.63
 0  78.06  1.37  0  1  3.24
 1  86.10  0.71  0  1  1.32
 1  82.53  0.96  0  0  3.72
 1  67.05  0.71  1  1  4.71
 0  67.44  1.24  1  1  4.89
 1  87.33  0.46  0  1  2.33
 0  73.90  0.71  0  0  1.80
 0  61.05  0.62  0  0  1.28
 0  72.67  1.11  1  0  6.02
 1  97.46  1.06  0  1  1.40
 0  78.06  0.21  0  0  1.96
 1  86.10  0.86  0  1  2.09
 0  70.67  0.27  0  0  2.15
 0  99.70  0.73  1  0  1.08
 1  86.10  0.71  0  1  1.13
 0  77.47  0.96  0  0  5.79
 1  81.94  1.37  0  1  1.71
 1  64.69  0.42  1  1  1.51
 1  73.90  0.86  1  1  5.59
 0  74.25  1.34  0  1  2.61
 1  82.58  0.40  1  0  3.04
 0  92.95  0.71  1  0  1.14
 0  89.33  1.30  1  0  2.27
 0  92.95  0.86  1  0  7.50
 0  82.58  1.17  1  1  6.29
 0  69.02  1.00  0  0  1.76
 0  78.06  1.37  0  0  2.31
 1  87.33  0.46  1  0  2.37
 0  95.31  0.42  1  0  3.22
 0  87.33  1.11  1  0  2.44
 0  74.25  1.34  1  0  4.43
 1  67.05  0.86  1  1  1.78
 0  70.67  1.30  1  1  1.89
 1  62.54  1.06  1  1  1.38
 1  77.47  0.61  1  1  8.61
 1  74.25  0.23  1  1  2.14
 0  61.05  0.95  0  0  1.60
 0  78.06  1.37  1  0  3.31
 0  67.05  0.71  0  0  1.62
 1  90.98  0.57  0  1  0.91
 0  61.05  0.62  0  0  1.51
 1  67.05  0.71  1  1  2.00
 1  60.30  0.84  1  1  1.69
 1  97.46  0.51  0  1  1.05
 1  60.30  0.73  1  1  4.94
 0  77.47  0.61  0  1  1.57
 0  64.69  1.16  0  0  2.61
 1  85.75  0.23  1  1  2.39
 1  69.02  1.00  1  1  4.36
 0  77.42  1.17  0  1  2.28
 0  72.67  1.11  1  1  2.51
 0  95.31  1.16  1  0  1.15
 1  98.95  0.95  0  1  1.03
 1  92.56  1.24  0  1  1.24
 1  90.98  1.00  0  1  0.98
 0  74.25  0.23  0  0  1.74
 1  82.58  0.40  0  1  2.34
 1  87.33  0.46  0  1  4.11
 1  82.53  0.61  1  0  1.48
 1  81.94  0.21  0  1  3.81
 0  70.67  1.30  0  1  4.59
 0  67.44  0.33  0  0  2.46
 0  73.90  0.71  0  0  5.90
 0  72.67  1.11  0  1  2.22
 1  85.75  0.23  0  0  2.52
 1  89.33  1.30  0  1  1.23
 1  73.90  0.71  1  1  4.13
 1  95.31  1.16  0  1  0.97
 1  61.05  0.62  1  1  1.69
 1  99.70  0.73  0  1  0.83
 0  67.44  1.24  0  0  5.21
 0  77.42  1.17  1  0  2.03
 1  92.95  0.86  0  1  1.16
 1  82.53  0.96  0  1  2.79
 0  60.30  0.84  0  0  1.59
 0  77.42  0.40  0  0 14.68
 1  92.95  0.71  0  1  1.04
 1  81.94  0.21  1  1  5.22
 1  99.70  0.84  0  1  0.88
 1  89.33  0.27  1  1  4.62
 0  69.02  0.57  0  0  2.80
 1  89.33  0.27  0  1  3.79
 1  82.53  0.61  0  1  1.73
 1  95.31  0.42  0  1  1.13
 0  97.46  1.06  1  0  1.02
 0  62.54  1.06  0  0  2.42
 1  78.06  0.21  1  0  2.32
 0  97.46  0.51  1  0  1.02
 1  92.56  0.33  1  0  2.11
 0  64.69  0.42  0  0  1.88
 0  72.67  0.46  0  0  1.80
 0  98.95  0.95  1  0  1.02
 1  87.33  1.11  0  1  1.29
 0  85.75  1.34  1  0  1.27
 1  72.67  0.46  1  0  4.87
 0  90.98  0.57  1  0  4.58
 1  67.44  0.33  1  1 16.10
 1  77.42  0.40  1  0  1.60
 1  92.56  0.33  0  1  1.00
 0  67.44  1.24  1  1 10.22
 1  69.02  0.57  1  1  2.41
 0  60.30  0.73  0  0  1.70
 0  73.90  0.86  0  1  4.22
 0  86.10  0.71  1  0  1.20
 1  64.69  1.16  1  1  4.67
 0  62.54  0.51  0  0  3.56
 0  90.98  1.00  1  0  0.98
 1  62.54  0.51  1  1 12.22
 0  67.05  0.86  0  1  1.47
 0  81.94  1.37  1  0  1.10
 0  92.56  1.24  1  0  1.64
 0  99.70  0.84  1  0  1.33
 1  61.05  0.95  1  1  1.92
 0  82.53  0.96  1  0  6.31
 1  82.58  1.17  0  1  1.45
 1  70.67  0.27  1  1  3.63
 1  85.75  1.34  0  1  1.12
 0  98.95  0.62  1  0  0.96
 0  77.47  0.96  1  0 11.75
 0  86.10  0.86  1  0  0.90
 1  98.95  0.62  0  1  0.91
