 1  92.95  0.71  0  3  3.02
 3  81.94  0.21  1  2  1.49
 2  86.10  0.71  1  1  0.98
 3  85.75  0.23  1  0  0.53
 2  89.33  1.30  1  3  0.64
 2  74.25  1.34  1  2  0.27
 1  98.95  0.95  0  2  0.96
 3  64.69  1.16  1  1  0.69
 2  95.31  0.42  1  0  0.97
 1  99.70  0.84  0  2  0.58
 2  86.10  0.86  1  3  0.41
 3  74.25  0.23  1  2  0.48
 0  77.42  1.17  0  1  0.28
 0  61.05  0.62  0  2  0.75
 2  90.98  1.00  1  3  1.23
 0  67.44  0.33  0  2  0.54
 0  73.90  0.71  0  1  0.64
 0  72.67  1.11  0  0  0.29
 3  62.54  1.06  1  2  0.61
 1  82.53  0.61  0  3  1.21
 2  92.95  0.71  1  1  0.80
 3  69.02  1.00  1  2  0.62
 3  67.05  0.71  1  0  0.37
 2  77.47  0.96  1  1  0.32
 3  72.67  0.46  1  2  0.33
 3  78.06  0.21  1  3  0.25
 0  72.67  0.46  0  1  3.51
 3  61.05  0.95  1  2  0.92
 1  95.31  0.42  0  3  0.51
 0  77.42  0.40  0  0  0.41
 1  92.56  1.24  0  1  0.89
 2  97.46  1.06  1  2  1.02
 2  82.53  0.96  1  3  0.44
 2  82.58  1.17  1  1  0.42
 1  92.95  0.86  0  0  0.55
 1  99.70  0.73  0  1  0.56
 3  70.67  0.27  1  3  1.40
 0  74.25  0.23  0  0  1.15
 0  78.06  1.37  0  1  1.05
 1  82.53  0.96  0  0  0.80
 1  86.10  0.86  0  1  0.53
 1  90.98  0.57  0  1  0.67
 3  92.56  0.33  1  2  0.95
 1  89.33  1.30  0  0  1.03
 1  98.95  0.62  0  1  0.51
 3  62.54  0.51  1  3  1.03
 1  87.33  0.46  0  1  2.52
 0  77.47  0.96  0  0  0.90
 0  67.05  0.86  0  0  0.76
 2  67.44  1.24  1  2  1.46
 3  64.69  0.42  1  2  0.63
 2  95.31  1.16  1  3  0.53
 0  64.69  0.42  0  1  0.88
 1  95.31  1.16  0  1  0.73
 0  61.05  0.95  0  0  0.95
 0  62.54  0.51  0  0  0.48
 1  92.56  0.33  0  2  1.50
 1  82.58  0.40  0  3  0.45
 2  92.56  1.24  1  3  2.31
 3  67.44  0.33  1  3  1.16
 0  70.67  1.30  0  0  0.64
 1  85.75  0.23  0  2  1.11
 2  92.95  0.86  1  1  0.64
 2  85.75  1.34  1  0  0.69
 1  97.46  1.06  0  3  1.08
 2  90.98  0.57  1  1  0.79
 0  78.06  0.21  0  1  0.79
 0  67.44  1.24  0  0  0.67
 3  60.30  0.73  1  3  0.41
 0  67.05  0.71  0  0  1.37
 3  60.30  0.84  1  3  0.43
 3  87.33  0.46  1  2  1.65
 2  78.06  1.37  1  3  1.67
 1  90.98  1.00  0  1  0.84
 2  98.95  0.95  1  1  2.02
 1  87.33  1.11  0  1  1.86
 3  89.33  0.27  1  2  0.99
 0  73.90  0.86  0  1  1.04
 3  73.90  0.86  1  3  0.83
 3  82.58  0.40  1  2  1.63
 1  85.75  1.34  0  1  0.84
 3  73.90  0.71  1  3  0.63
 0  62.54  1.06  0  0  1.37
 0  74.25  1.34  0  0  0.77
 2  77.42  1.17  1  3  1.95
 0  60.30  0.84  0  0  0.67
 3  77.47  0.61  1  2  1.20
 2  87.33  1.11  1  3  0.76
 3  61.05  0.62  1  3  0.79
 2  97.46  0.51  1  1  0.95
 3  77.42  0.40  1  0  0.55
 3  82.53  0.61  1  2  0.54
 1  82.58  1.17  0  1  1.47
 0  69.02  0.57  0  0  1.14
 2  72.67  1.11  1  3  1.12
 0  69.02  1.00  0  0  0.78
 2  99.70  0.73  1  0  0.79
 2  81.94  1.37  1  3  3.35
 3  67.05  0.86  1  3  0.82
 2  70.67  1.30  1  3  0.57
 3  69.02  0.57  1  3  0.80
 0  70.67  0.27  0  0  1.26
 1  81.94  1.37  0  1  1.41
 1  86.10  0.71  0  1  0.63
 1  89.33  0.27  0  1  2.15
 0  77.47  0.61  0  1  0.79
 2  99.70  0.84  1  3  3.01
 1  97.46  0.51  0  1  1.04
 1  81.94  0.21  0  1  0.50
 2  98.95  0.62  1  2  2.04
 0  64.69  1.16  0  0  1.05
 0  60.30  0.73  0  0  0.69
 3  92.56  0.33  1  2  1.68
 0  70.67  0.27  0  1  0.96
 1  97.46  1.06  0  1  0.64
 2  82.58  1.17  1  3  2.83
 3  72.67  0.46  1  3  0.73
 3  85.75  0.23  1  2  0.96
 3  61.05  0.95  1  3  1.07
 1  92.95  0.71  0  1  1.03
 1  81.94  1.37  0  0  0.60
 3  69.02  1.00  1  3  1.36
 2  97.46  1.06  1  2  1.12
 1  95.31  0.42  0  1  0.95
 2  92.95  0.71  1  2  2.22
 2  99.70  0.84  1  2  0.61
 2  82.53  0.96  1  2  0.95
 3  87.33  0.46  1  2  0.64
 3  64.69  1.16  1  3  0.66
 1  85.75  0.23  0  1  0.88
 3  78.06  0.21  1  2  1.31
 0  67.44  1.24  0  3  0.56
 3  74.25  0.23  1  3  1.05
 2  98.95  0.62  1  2  1.09
 2  95.31  1.16  1  2  1.06
 2  95.31  0.42  1  2  0.61
 3  62.54  1.06  1  3  0.58
 3  62.54  0.51  1  3  0.56
 0  61.05  0.95  0  0  1.01
 1  92.56  0.33  0  1  0.59
 1  82.53  0.61  0  1  2.58
 2  86.10  0.71  1  2  0.87
 1  85.75  1.34  0  1  0.84
 1  99.70  0.84  0  1  0.70
 3  70.67  0.27  1  3  0.82
 2  81.94  1.37  1  2  1.50
 3  81.94  0.21  1  2  1.13
 1  98.95  0.95  0  1  1.05
 3  73.90  0.71  1  3  0.78
 2  92.56  1.24  1  1  0.97
 3  69.02  0.57  1  3  4.14
 0  73.90  0.71  0  1  0.75
 3  73.90  0.86  1  3  4.32
 2  74.25  1.34  1  3  0.56
 3  67.05  0.71  1  3  0.57
 1  86.10  0.86  0  1  1.74
 1  82.53  0.96  0  1  0.65
 3  60.30  0.84  1  3  2.69
 0  77.47  0.61  0  1  0.74
 1  98.95  0.62  0  1  0.65
 0  67.05  0.86  0  1  2.14
 2  99.70  0.73  1  2  1.48
 2  86.10  0.86  1  2  0.92
 2  70.67  1.30  1  3  0.62
 2  72.67  1.11  1  3  0.51
 3  67.44  0.33  1  3  0.76
 2  77.42  1.17  1  2  0.64
 2  77.47  0.96  1  2  0.64
 3  64.69  0.42  1  3  1.15
 1  82.58  1.17  0  1  1.18
 3  82.53  0.61  1  1  0.58
 0  62.54  1.06  0  0  0.90
 2  78.06  1.37  1  2  1.17
 1  99.70  0.73  0  1  0.89
 2  85.75  1.34  1  2  1.05
 3  77.42  0.40  1  3  0.94
 2  89.33  1.30  1  2  0.92
 0  60.30  0.84  0  0  1.72
 0  61.05  0.62  0  0  0.88
 2  87.33  1.11  1  2  3.16
 0  72.67  1.11  0  0  1.75
 0  69.02  0.57  0  0  0.85
 0  64.69  0.42  0  0  0.70
 1  92.95  0.86  0  1  1.40
 3  89.33  0.27  1  2  1.51
 1  86.10  0.71  0  1  0.84
 3  77.47  0.61  1  3  1.10
 2  92.95  0.86  1  1  1.86
 1  95.31  1.16  0  1  0.77
 3  61.05  0.62  1  0  2.68
 0  77.42  1.17  0  0  0.79
 1  82.58  0.40  0  1  1.64
 1  87.33  0.46  0  1  0.72
 2  90.98  1.00  1  2  1.25
 0  69.02  1.00  0  0  2.04
 0  72.67  0.46  0  0  0.84
 0  77.42  0.40  0  0  1.06
 0  64.69  1.16  0  0  0.50
 0  73.90  0.86  0  0  0.63
 3  82.58  0.40  1  2  2.09
 0  78.06  0.21  0  1  2.79
 0  67.05  0.71  0  0  0.55
 2  97.46  0.51  1  2  3.15
 3  60.30  0.73  1  0  0.63
 2  67.44  1.24  1  3  0.52
 1  97.46  0.51  0  1  0.97
 0  74.25  0.23  0  2  1.06
 0  74.25  1.34  0  3  0.50
 1  92.56  1.24  0  1  0.86
 1  89.33  0.27  0  1  0.64
 0  77.47  0.96  0  1  0.51
 2  90.98  0.57  1  2  1.30
 0  62.54  0.51  0  3  0.65
 1  89.33  1.30  0  1  0.71
 0  78.06  1.37  0  1  1.13
 0  70.67  1.30  0  0  0.85
 1  90.98  1.00  0  1  0.81
 0  60.30  0.73  0  0  0.85
 2  98.95  0.95  1  2  0.94
 1  90.98  0.57  0  1  1.80
 1  81.94  0.21  0  1  1.03
 3  67.05  0.86  1  3  1.42
 1  87.33  1.11  0  1  0.80
 0  67.44  0.33  0  0  1.36
 0  67.44  1.24  0  0  4.18
 3  64.69  0.42  1  3  0.61
 2  70.67  1.30  1  0  0.60
 2  89.33  1.30  1  2  0.80
 2  98.95  0.62  1  2  0.84
 3  69.02  0.57  1  3  0.77
 3  82.53  0.61  1  3  0.60
 1  92.95  0.86  0  1  0.78
 3  69.02  1.00  1  3  1.01
 2  95.31  0.42  1  2  3.13
 1  85.75  1.34  0  1  1.09
 3  64.69  1.16  1  3  0.62
 3  67.05  0.71  1  3  1.76
 1  99.70  0.84  0  1  0.68
 3  77.47  0.61  1  3  1.50
 2  95.31  1.16  1  2  0.53
 0  73.90  0.71  0  0  1.30
 3  67.44  0.33  1  3  0.60
 2  77.42  1.17  1  0  1.23
 3  81.94  0.21  1  3  0.74
 2  78.06  1.37  1  3  0.70
 0  67.44  0.33  0  0  1.05
 1  82.58  1.17  0  1  2.67
 3  72.67  0.46  1  3  0.81
 2  77.47  0.96  1  2  0.54
 0  74.25  0.23  0  0  0.97
 0  67.05  0.86  0  0  1.02
 0  62.54  0.51  0  0  0.59
 0  62.54  1.06  0  0  0.59
 2  90.98  0.57  1  2  2.88
 2  74.25  1.34  1  3  0.88
 0  73.90  0.86  0  0  1.42
 0  70.67  0.27  0  0  1.83
 2  99.70  0.73  1  2  1.22
 1  89.33  0.27  0  1  0.93
 3  82.58  0.40  1  2  0.76
 1  82.53  0.61  0  1  0.68
 1  89.33  1.30  0  1  0.62
 1  87.33  1.11  0  1  0.56
 1  92.56  1.24  0  1  0.46
 2  82.53  0.96  1  2  2.98
 0  69.02  0.57  0  0  2.07
 2  98.95  0.95  1  2  2.46
 0  60.30  0.73  0  0  0.99
 1  86.10  0.86  0  1  1.20
 3  62.54  1.06  1  3  2.58
 0  77.47  0.61  0  0  3.47
 2  97.46  1.06  1  2  3.90
 2  86.10  0.86  1  2  0.74
 1  81.94  1.37  0  1  2.39
 3  85.75  0.23  1  2  0.82
 2  86.10  0.71  1  1  1.28
 0  77.47  0.96  0  1  1.02
 2  82.58  1.17  1  3  0.88
 3  61.05  0.62  1  3  0.55
 2  72.67  1.11  1  2  1.92
 3  67.05  0.86  1  3  0.83
 1  87.33  0.46  0  1  0.73
 1  86.10  0.71  0  1  1.36
 1  92.95  0.71  0  1  0.48
 2  87.33  1.11  1  2  1.15
 0  64.69  0.42  0  3  0.90
 0  77.42  0.40  0  0  1.06
 2  92.95  0.71  1  2  2.03
 3  77.42  0.40  1  2  0.89
 3  62.54  0.51  1  3  0.62
 0  67.05  0.71  0  0  0.87
 0  61.05  0.62  0  0  0.59
 3  60.30  0.73  1  3  2.49
 0  77.42  1.17  0  1  1.64
 1  95.31  0.42  0  1  0.70
 3  87.33  0.46  1  2  1.22
 3  73.90  0.71  1  3  0.50
 3  70.67  0.27  1  3  0.50
 1  98.95  0.62  0  1  0.99
 0  70.67  1.30  0  0  0.70
 2  92.95  0.86  1  2  2.52
 1  81.94  0.21  0  0  5.34
 0  72.67  0.46  0  1  0.62
 3  74.25  0.23  1  3  0.70
 2  67.44  1.24  1  3  1.41
 1  90.98  0.57  0  1  0.98
 3  89.33  0.27  1  3  0.89
 1  97.46  0.51  0  1  1.13
 3  92.56  0.33  1  2  1.20
 1  92.56  0.33  0  1  0.87
 0  69.02  1.00  0  3  0.72
 1  85.75  0.23  0  3  0.89
 0  72.67  1.11  0  3  0.69
 3  73.90  0.86  1  3  0.90
 3  61.05  0.95  1  3  0.60
 1  82.53  0.96  0  1  1.34
 0  78.06  1.37  0  1  1.49
 1  82.58  0.40  0  0  0.91
 1  99.70  0.73  0  1  0.55
 1  95.31  1.16  0  1  0.70
 2  97.46  0.51  1  2  0.86
 2  99.70  0.84  1  2  0.57
 1  90.98  1.00  0  1  0.74
 1  98.95  0.95  0  1  0.71
 2  85.75  1.34  1  2  2.63
 1  97.46  1.06  0  1  0.67
 0  78.06  0.21  0  1  2.05
 0  64.69  1.16  0  0  0.43
 3  78.06  0.21  1  3  1.15
 0  60.30  0.84  0  0  0.83
 0  74.25  1.34  0  0  1.79
 0  61.05  0.95  0  0  1.30
 2  81.94  1.37  1  3  1.71
 3  60.30  0.84  1  3  0.53
 2  90.98  1.00  1  2  1.36
 2  92.56  1.24  1  2  0.58
 3  61.05  0.95  1  3  3.04
 1  82.53  0.96  0  0  1.62
 0  77.42  0.40  0  1  1.12
 0  70.67  0.27  0  0  0.55
 3  64.69  0.42  1  3  0.85
 2  82.53  0.96  1  2  1.70
 0  64.69  1.16  0  0  3.11
 3  73.90  0.71  1  2  2.93
 2  92.95  0.86  1  2  0.72
 3  67.05  0.86  1  3  1.00
 3  77.47  0.61  1  2  2.43
 3  89.33  0.27  1  2  0.87
 3  81.94  0.21  1  3  0.43
 0  61.05  0.62  0  0  1.36
 3  67.44  0.33  1  3  1.03
 1  90.98  0.57  0  1  0.94
 3  92.56  0.33  1  2  1.60
 3  61.05  0.62  1  3  0.57
 3  69.02  1.00  1  3  0.96
 3  60.30  0.73  1  3  1.21
 1  89.33  1.30  0  1  1.28
 1  87.33  1.11  0  1  0.76
 0  73.90  0.71  0  1  0.61
 0  62.54  1.06  0  0  0.79
 1  82.53  0.61  0  1  0.87
 3  78.06  0.21  1  3  3.17
 2  72.67  1.11  1  3  0.69
 1  97.46  1.06  0  2  0.70
 2  86.10  0.86  1  2  0.98
 3  87.33  0.46  1  3  1.53
 0  77.42  1.17  0  1  1.22
 0  70.67  1.30  0  0  0.62
 1  98.95  0.95  0  0  1.08
 0  62.54  0.51  0  0  0.65
 1  85.75  1.34  0  1  0.63
 2  85.75  1.34  1  2  0.86
 3  60.30  0.84  1  3  0.47
 2  95.31  1.16  1  2  1.33
 2  92.56  1.24  1  2  2.90
 3  72.67  0.46  1  3  1.09
 1  92.95  0.86  0  1  1.37
 0  67.05  0.71  0  0  2.32
 2  78.06  1.37  1  0  1.05
 1  98.95  0.62  0  1  0.98
 0  78.06  1.37  0  0  3.49
 2  97.46  1.06  1  2  1.23
 0  72.67  0.46  0  2  2.49
 0  69.02  0.57  0  3  0.56
 3  82.58  0.40  1  2  2.41
 1  99.70  0.73  0  1  0.76
 0  72.67  1.11  0  0  1.83
 1  95.31  0.42  0  1  0.62
 2  97.46  0.51  1  2  1.40
 1  92.56  1.24  0  1  1.12
 0  74.25  1.34  0  3  0.66
 0  77.47  0.61  0  0  2.35
 2  89.33  1.30  1  3  1.59
 3  73.90  0.86  1  3  0.68
 3  62.54  1.06  1  3  0.77
 0  73.90  0.86  0  0  0.96
 2  77.47  0.96  1  3  1.34
 2  98.95  0.62  1  2  0.68
 2  81.94  1.37  1  2  0.77
 2  67.44  1.24  1  3  1.24
 2  86.10  0.71  1  3  1.25
 0  61.05  0.95  0  0  0.66
 1  82.58  1.17  0  0  1.29
 1  99.70  0.84  0  1  0.63
 2  70.67  1.30  1  3  0.89
 3  62.54  0.51  1  3  0.55
 1  89.33  0.27  0  0  5.81
 2  77.42  1.17  1  3  0.92
 3  82.53  0.61  1  2  0.85
 3  67.05  0.71  1  3  0.62
 1  97.46  0.51  0  1  0.72
 3  85.75  0.23  1  2  2.54
 1  87.33  0.46  0  1  0.73
 2  87.33  1.11  1  2  2.02
 2  98.95  0.95  1  2  0.94
 1  86.10  0.86  0  1  0.98
 3  70.67  0.27  1  3  5.57
 2  99.70  0.84  1  2  2.46
 1  90.98  1.00  0  1  1.17
 1  85.75  0.23  0  1  0.61
 0  69.02  1.00  0  0  0.92
 1  92.56  0.33  0  1  0.97
 0  77.47  0.96  0  0  2.36
 1  81.94  1.37  0  0  0.69
 2  90.98  1.00  1  3  1.82
 0  67.05  0.86  0  0  1.14
 0  64.69  0.42  0  0  0.71
 1  86.10  0.71  0  1  0.96
 2  74.25  1.34  1  3  3.32
 1  81.94  0.21  0  3  2.17
 3  69.02  0.57  1  2  0.74
 2  95.31  0.42  1  2  1.14
 3  64.69  1.16  1  3  1.73
 3  77.42  0.40  1  2  1.01
 1  92.95  0.71  0  1  0.87
 2  90.98  0.57  1  2  0.99
 0  60.30  0.73  0  3  0.48
 2  82.58  1.17  1  3  1.19
 0  67.44  1.24  0  0  0.49
 3  74.25  0.23  1  3  2.84
 0  60.30  0.84  0  0  1.20
 0  78.06  0.21  0  1  1.44
 0  74.25  0.23  0  0  0.97
 2  92.95  0.71  1  2  0.89
 1  82.58  0.40  0  1  3.69
 2  99.70  0.73  1  2  0.57
 0  67.44  0.33  0  3  0.69
 1  95.31  1.16  0  1  1.28
 2  86.10  0.86  1  2  2.01
 3  64.69  0.42  1  3  1.54
 0  60.30  0.84  0  0  0.90
 2  95.31  0.42  1  2  1.50
 2  85.75  1.34  1  2  1.74
 0  77.47  0.96  0  1  1.83
 2  99.70  0.73  1  2  0.72
 0  61.05  0.95  0  0  0.67
 0  62.54  0.51  0  0  1.65
 3  77.47  0.61  1  2  2.62
 2  78.06  1.37  1  2  1.19
 2  67.44  1.24  1  3  0.68
 3  69.02  1.00  1  3  0.45
 3  62.54  1.06  1  3  1.23
 3  87.33  0.46  1  2  1.13
 0  72.67  1.11  0  1  2.23
 3  73.90  0.71  1  3  1.01
 0  64.69  1.16  0  0  0.49
 0  78.06  1.37  0  2  1.55
 2  97.46  0.51  1  1  0.91
 3  78.06  0.21  1  2  0.69
 0  60.30  0.73  0  3  0.50
 0  73.90  0.71  0  1  1.03
 0  67.44  0.33  0  0  0.41
 1  81.94  1.37  0  1  0.75
 0  78.06  0.21  0  1  0.86
 0  67.44  1.24  0  0  1.35
 0  77.42  0.40  0  1  1.17
 2  77.42  1.17  1  3  0.76
 0  74.25  0.23  0  1  0.80
 1  95.31  1.16  0  1  0.58
 1  86.10  0.86  0  1  0.92
 1  98.95  0.62  0  1  1.32
 3  67.05  0.86  1  3  0.76
 3  64.69  1.16  1  3  0.82
 2  92.95  0.71  1  2  1.17
 3  60.30  0.73  1  3  0.97
 0  77.42  1.17  0  0  1.08
 2  82.58  1.17  1  2  1.02
 2  86.10  0.71  1  2  2.23
 3  61.05  0.95  1  3  0.61
 0  72.67  0.46  0  0  1.04
 3  61.05  0.62  1  3  0.97
 1  85.75  1.34  0  1  2.13
 2  81.94  1.37  1  3  5.39
 1  82.58  1.17  0  0  1.10
 3  69.02  0.57  1  3  0.92
 1  82.53  0.96  0  1  0.87
 1  97.46  1.06  0  1  0.70
 1  90.98  1.00  0  1  1.57
 1  92.95  0.86  0  1  1.04
 3  62.54  0.51  1  3  0.77
 3  82.58  0.40  1  2  0.85
 1  99.70  0.84  0  1  0.64
 0  64.69  0.42  0  0  0.98
 1  98.95  0.95  0  1  0.63
 2  72.67  1.11  1  3  0.60
 0  62.54  1.06  0  0  0.65
 1  95.31  0.42  0  1  0.66
 0  73.90  0.86  0  1  1.08
 3  85.75  0.23  1  3  0.72
 2  99.70  0.84  1  2  2.08
 2  90.98  0.57  1  2  0.55
 1  87.33  0.46  0  2  0.48
 2  89.33  1.30  1  2  0.85
 0  70.67  1.30  0  0  0.96
 0  69.02  1.00  0  0  0.77
 2  70.67  1.30  1  3  0.60
 1  81.94  0.21  0  1  0.73
 0  74.25  1.34  0  0  1.35
 1  92.56  1.24  0  1  0.59
 3  67.44  0.33  1  3  1.03
 2  92.95  0.86  1  2  1.14
 3  77.42  0.40  1  3  0.76
 0  67.05  0.71  0  0  0.91
 0  70.67  0.27  0  1  0.88
 0  67.05  0.86  0  0  0.64
 3  74.25  0.23  1  3  0.99
 2  90.98  1.00  1  2  0.88
 2  82.53  0.96  1  2  1.10
 1  85.75  0.23  0  1  0.67
 1  89.33  0.27  0  1  0.52
 1  99.70  0.73  0  1  0.58
 1  92.56  0.33  0  1  0.49
 2  92.56  1.24  1  2  0.97
 3  89.33  0.27  1  2  0.55
 0  61.05  0.62  0  0  0.68
 1  82.53  0.61  0  1  1.39
 3  67.05  0.71  1  3  1.51
 1  97.46  0.51  0  1  0.65
 3  70.67  0.27  1  3  1.95
 1  92.95  0.71  0  1  0.65
 1  82.58  0.40  0  1  0.66
 2  87.33  1.11  1  2  1.57
 3  81.94  0.21  1  2  4.17
 2  98.95  0.95  1  3  0.35
 2  74.25  1.34  1  3  0.61
 3  92.56  0.33  1  2  0.99
 2  98.95  0.62  1  2  0.89
 2  77.47  0.96  1  3  0.77
 0  77.47  0.61  0  0  0.96
 1  86.10  0.71  0  1  1.24
 2  95.31  1.16  1  2  1.03
 1  87.33  1.11  0  1  1.17
 3  60.30  0.84  1  3  0.92
 0  69.02  0.57  0  0  0.72
 1  90.98  0.57  0  1  0.90
 3  73.90  0.86  1  2  0.91
 1  89.33  1.30  0  1  0.76
 3  82.53  0.61  1  2  0.73
 2  97.46  1.06  1  2  0.76
 3  72.67  0.46  1  3  0.61
