 0  74.25  0.23  1  0  3.93
 1  82.53  0.61  1  1  2.61
 1  78.06  1.37  0  0  4.54
 0  82.58  0.40  1  0  2.84
 0  60.30  0.73  1  1  1.61
 0  92.56  0.33  1  0  3.68
 1  78.06  1.37  1  0  7.87
 0  62.54  1.06  1  1  2.62
 1  77.47  0.61  0  0  3.63
 1  92.95  0.86  1  1  5.39
 0  61.05  0.95  1  1  4.60
 1  92.95  0.71  1  1  3.48
 0  87.33  0.46  1  0  1.83
 1  98.95  0.95  0  1  2.32
 1  86.10  0.86  1  0  6.07
 1  77.47  0.96  0  1  2.61
 1  92.95  0.71  0  1  1.84
 0  62.54  1.06  0  1  6.90
 1  89.33  1.30  0  0  4.31
 1  72.67  1.11  1  1  3.56
 0  64.69  0.42  1  0  1.65
 1  99.70  0.84  1  1  2.34
 1  74.25  1.34  1  0  2.66
 0  69.02  0.57  1  0  3.89
 0  69.02  1.00  0  1  2.39
 0  62.54  0.51  0  0  1.45
 0  64.69  1.16  1  1  6.98
 0  87.33  0.46  0  0  4.22
 0  81.94  0.21  1  0  1.35
 0  97.46  0.51  0  0  2.60
 1  82.53  0.96  1  1  1.61
 1  77.47  0.61  1  0  1.60
 1  98.95  0.62  1  1  4.65
 0  64.69  0.42  0  0  1.29
 1  87.33  1.11  0  1  3.23
 0  95.31  0.42  1  0  6.28
 1  74.25  1.34  0  0  7.02
 1  98.95  0.62  0  1  4.03
 1  81.94  1.37  1  1  1.80
 1  89.33  1.30  1  1  2.10
 0  61.05  0.62  0  0  4.24
 1  90.98  0.57  0  0  3.12
 0  60.30  0.84  1  1  1.29
 1  81.94  1.37  0  1  2.07
 0  67.44  1.24  0  1  7.22
 0  67.05  0.71  1  1  1.71
 0  95.31  0.42  0  0  1.69
 0  67.05  0.86  0  1  4.08
 0  70.67  0.27  1  0  1.36
 1  82.53  0.96  0  1  1.80
 1  90.98  1.00  0  1  1.78
 0  60.30  0.73  0  0  2.55
 1  86.10  0.71  0  0  2.11
 0  70.67  1.30  0  1 48.98
 0  60.30  0.84  0  1  1.96
 1  90.98  0.57  1  0  1.24
 0  89.33  0.27  1  0  0.98
 1  92.56  1.24  0  1  4.85
 1  77.42  1.17  0  1  4.19
 0  89.33  0.27  0  0  1.19
 1  92.95  0.86  0  1  1.26
 0  67.44  0.33  1  0  0.99
 0  81.94  0.21  0  0  1.16
 1  73.90  0.86  0  1  1.26
 0  67.44  0.33  0  0  0.91
 1  77.47  0.96  1  1  1.57
 1  87.33  1.11  1  1  1.79
 1  97.46  1.06  0  1  4.11
 0  85.75  0.23  0  0  0.79
 0  70.67  1.30  1  1  2.19
 0  61.05  0.62  1  0  2.43
 1  73.90  0.71  1  0 12.07
 0  64.69  1.16  0  1  1.82
 1  73.90  0.86  1  1  1.47
 0  82.58  0.40  0  0  0.85
 0  61.05  0.95  0  1  3.36
 1  99.70  0.73  0  0  7.34
 1  86.10  0.71  1  1  1.40
 1  95.31  1.16  0  1  2.38
 0  67.05  0.71  0  1 23.92
 1  92.56  1.24  1  1  1.64
 1  85.75  1.34  0  1  2.14
 1  82.58  1.17  0  1  1.49
 1  82.58  1.17  1  1  1.08
 0  69.02  1.00  1  1  1.44
 0  72.67  0.46  0  0  0.96
 0  97.46  0.51  1  0  1.59
 0  92.56  0.33  0  0  0.91
 0  74.25  0.23  0  0  1.06
 1  82.53  0.61  0  0  5.46
 1  77.42  1.17  1  1  1.41
 0  62.54  0.51  1  0  1.54
 0  70.67  0.27  0  0  0.91
 1  95.31  1.16  1  1  1.62
 0  78.06  0.21  1  0  0.99
 1  73.90  0.71  0  1  4.83
 0  77.42  0.40  1  0  0.83
 0  67.05  0.86  1  1  1.14
 1  98.95  0.95  1  1  1.30
 0  72.67  0.46  1  0  2.89
 0  69.02  0.57  0  0  3.99
 0  85.75  0.23  1  0  1.00
 1  99.70  0.73  1  1  1.55
 1  99.70  0.84  0  1  1.04
 1  86.10  0.86  0  1  1.42
 1  90.98  1.00  1  1  1.88
 1  85.75  1.34  1  0  1.74
 1  72.67  1.11  0  1  1.87
 0  78.06  0.21  0  0  0.86
 0  77.42  0.40  0  0  1.03
 0  67.44  1.24  1  1  2.60
 1  97.46  1.06  1  1  3.01
 0  67.44  0.33  1  0  2.75
 1  86.10  0.86  0  1  1.33
 0  67.05  0.86  1  1  2.10
 1  72.67  1.11  1  1  1.57
 1  82.53  0.96  0  1  1.34
 0  60.30  0.73  1  1  4.64
 1  77.47  0.61  0  0  1.28
 0  74.25  0.23  1  0  0.82
 1  86.10  0.71  1  1  1.64
 0  97.46  0.51  0  0  3.00
 1  92.95  0.86  1  1  1.06
 0  77.42  0.40  0  0  1.71
 0  60.30  0.73  0  0  2.20
 1  92.56  1.24  0  1  1.40
 1  77.47  0.61  1  0  2.01
 0  95.31  0.42  1  0  1.65
 0  69.02  1.00  0  1  0.89
 1  97.46  1.06  1  1  1.38
 0  69.02  1.00  1  1  8.33
 1  74.25  1.34  0  1  1.84
 1  92.56  1.24  1  1  3.04
 0  87.33  0.46  1  0  1.02
 0  67.05  0.71  1  0  1.80
 0  62.54  1.06  1  1  1.65
 1  98.95  0.95  0  1  1.18
 1  90.98  1.00  1  1  1.66
 1  90.98  0.57  1  0  1.37
 1  82.53  0.61  1  0  5.75
 1  98.95  0.62  0  1  2.00
 1  85.75  1.34  0  1  1.43
 0  82.58  0.40  1  1  2.19
 0  62.54  0.51  0  0  1.74
 0  60.30  0.84  1  0  1.77
 1  87.33  1.11  1  1  1.09
 1  77.47  0.96  0  1  2.34
 0  70.67  1.30  1  1  3.64
 0  89.33  0.27  1  0  1.84
 1  82.58  1.17  1  1  1.38
 0  81.94  0.21  0  0  1.19
 0  78.06  0.21  0  0  1.02
 1  86.10  0.86  1  0  4.16
 0  62.54  0.51  1  0  1.72
 1  99.70  0.73  0  0  7.79
 1  92.95  0.86  0  1  1.27
 0  70.67  0.27  1  0  0.99
 1  99.70  0.84  1  1  1.35
 1  82.53  0.96  1  1  1.58
 0  61.05  0.95  0  1  3.98
 1  72.67  1.11  0  1  1.59
 0  67.44  0.33  0  0  0.92
 1  89.33  1.30  1  1  2.74
 0  67.05  0.86  0  1  3.23
 1  81.94  1.37  0  1  1.54
 1  90.98  1.00  0  1  1.94
 1  78.06  1.37  1  1  1.30
 0  60.30  0.84  0  1  3.54
 0  64.69  1.16  0  1  1.07
 0  74.25  0.23  0  0  0.82
 1  77.42  1.17  0  1  1.43
 1  77.47  0.96  1  1  3.86
 0  77.42  0.40  1  0  0.75
 0  85.75  0.23  0  0  0.69
 1  73.90  0.71  1  1  5.17
 1  97.46  1.06  0  1  1.36
 1  89.33  1.30  0  1  1.71
 1  73.90  0.86  1  1  1.44
 0  64.69  0.42  0  0  1.64
 1  92.95  0.71  1  1  2.90
 0  78.06  0.21  1  0  0.75
 0  64.69  0.42  1  0  8.82
 0  92.56  0.33  0  0  2.00
 1  98.95  0.95  1  1  1.35
 1  98.95  0.62  1  1  4.07
 1  77.42  1.17  1  1  0.83
 1  85.75  1.34  1  1  0.94
 0  69.02  0.57  0  1  4.73
 1  82.53  0.61  0  1  2.74
 0  61.05  0.62  1  0  3.95
 1  82.58  1.17  0  1  0.94
 0  67.44  1.24  0  1  0.69
 0  81.94  0.21  1  0  0.87
 1  81.94  1.37  1  0  3.01
 1  90.98  0.57  0  1  4.23
 0  61.05  0.62  0  1 18.75
 0  70.67  0.27  0  0  0.97
 0  64.69  1.16  1  1  0.92
 1  86.10  0.71  0  1  1.04
 1  78.06  1.37  0  1  1.06
 1  99.70  0.73  1  1  1.09
 1  73.90  0.71  0  1  1.70
 0  67.44  1.24  1  1  0.93
 0  72.67  0.46  1  0  2.97
 1  73.90  0.86  0  1  1.86
 1  92.95  0.71  0  1  1.31
 0  61.05  0.95  1  1  2.28
 1  95.31  1.16  1  1  0.93
 0  89.33  0.27  0  0  0.92
 1  99.70  0.84  0  1  0.87
 0  82.58  0.40  0  0  3.18
 0  62.54  1.06  0  1  0.97
 1  87.33  1.11  0  1  1.03
 0  95.31  0.42  0  1  5.77
 0  69.02  0.57  1  0  1.02
 0  85.75  0.23  1  0  0.82
 0  67.05  0.71  0  1  3.06
 0  72.67  0.46  0  0  1.45
 0  70.67  1.30  0  1  0.87
 0  97.46  0.51  1  0  2.03
 0  87.33  0.46  0  0  1.75
 0  92.56  0.33  1  0  0.75
 1  74.25  1.34  1  1  0.98
 1  95.31  1.16  0  1  0.99
 0  62.54  1.06  0  1  2.08
 0  74.25  0.23  0  0  2.26
 1  92.95  0.71  0  1  3.46
 0  60.30  0.84  1  1  1.16
 1  86.10  0.71  1  1  1.45
 0  61.05  0.95  0  1  1.95
 0  64.69  1.16  1  1  2.08
 0  70.67  0.27  1  0  1.01
 1  90.98  0.57  1  0  4.47
 0  67.44  0.33  1  0  1.97
 1  97.46  1.06  0  1  1.14
 0  85.75  0.23  0  0  2.79
 0  67.44  1.24  0  1  0.94
 0  82.58  0.40  0  0  2.67
 1  99.70  0.73  0  1  1.31
 1  77.42  1.17  1  1  1.86
 1  77.47  0.61  1  1  1.11
 1  99.70  0.84  1  1  1.22
 0  82.58  0.40  1  0  0.80
 0  89.33  0.27  1  0  1.26
 1  92.56  1.24  1  1  1.59
 0  95.31  0.42  0  0  4.45
 0  64.69  1.16  0  1  2.36
 1  74.25  1.34  0  1  1.46
 0  60.30  0.73  1  0  3.09
 0  81.94  0.21  0  0  0.87
 1  77.42  1.17  0  1  1.84
 1  92.95  0.86  1  1  1.05
 1  90.98  0.57  0  0  2.10
 1  78.06  1.37  1  1  3.97
 1  82.53  0.96  0  1  0.97
 0  74.25  0.23  1  0  0.76
 1  98.95  0.62  0  1 10.53
 1  82.53  0.96  1  1  0.98
 1  81.94  1.37  0  0  9.81
 1  74.25  1.34  1  1  0.89
 0  92.56  0.33  1  0  3.35
 0  77.42  0.40  0  0  0.96
 1  77.47  0.96  1  1  0.61
 0  69.02  0.57  0  0  0.81
 0  69.02  1.00  1  1  0.89
 1  92.95  0.86  0  1  1.62
 1  87.33  1.11  0  1  0.96
 0  70.67  0.27  0  0  1.60
 0  61.05  0.62  1  1  2.39
 0  95.31  0.42  1  0  3.16
 1  97.46  1.06  1  1  0.90
 0  67.44  1.24  1  1  1.16
 0  92.56  0.33  0  0  1.84
 1  99.70  0.73  1  0  1.49
 1  95.31  1.16  0  1  0.70
 0  60.30  0.73  0  1  2.66
 1  72.67  1.11  1  1  0.74
 1  89.33  1.30  1  1  1.18
 1  92.56  1.24  0  1  1.00
 0  69.02  1.00  0  1  1.83
 1  73.90  0.71  0  1  1.24
 0  62.54  0.51  1  1  1.45
 0  64.69  0.42  1  0  0.81
 1  86.10  0.86  1  1  1.24
 1  98.95  0.62  1  1  1.58
 0  78.06  0.21  1  0  0.90
 0  62.54  1.06  1  1  2.68
 1  81.94  1.37  1  1  1.22
 0  87.33  0.46  0  0  4.02
 1  98.95  0.95  0  1  1.06
 1  72.67  1.11  0  1  1.49
 0  72.67  0.46  0  0  1.36
 0  67.05  0.86  1  1  1.66
 1  82.58  1.17  1  1  0.94
 0  67.05  0.86  0  0  2.80
 1  85.75  1.34  1  1  2.34
 1  92.95  0.71  1  0  1.32
 1  77.47  0.96  0  1  2.08
 1  95.31  1.16  1  1  1.10
 0  64.69  0.42  0  0  1.80
 0  87.33  0.46  1  0  2.24
 1  73.90  0.86  1  0  1.72
 1  87.33  1.11  1  1  0.74
 1  82.53  0.61  1  0  1.58
 0  89.33  0.27  0  0  0.86
 0  61.05  0.62  0  0  1.19
 1  73.90  0.86  0  1  0.82
 0  97.46  0.51  0  0  0.73
 1  77.47  0.61  0  0  0.72
 1  78.06  1.37  0  1  1.57
 0  62.54  0.51  0  0  1.12
 0  61.05  0.95  1  1  1.54
 1  82.53  0.61  0  0  0.63
 1  89.33  1.30  0  1  3.87
 1  86.10  0.86  0  1  0.87
 1  90.98  1.00  0  1  1.10
 1  90.98  1.00  1  1  1.25
 1  86.10  0.71  0  0  0.71
 0  77.42  0.40  1  0  0.82
 1  98.95  0.95  1  1  0.78
 0  60.30  0.84  0  0  1.08
 1  85.75  1.34  0  1  2.01
 1  99.70  0.84  0  1  1.81
 0  70.67  1.30  1  1  1.16
 1  82.58  1.17  0  1  0.90
 0  78.06  0.21  0  0  0.86
 0  69.02  0.57  1  0  1.32
 0  81.94  0.21  1  0  2.25
 0  97.46  0.51  1  1  6.11
 1  73.90  0.71  1  1  1.31
 0  67.05  0.71  0  1  4.66
 0  70.67  1.30  0  1  0.76
 0  67.44  0.33  0  0  0.72
 0  67.05  0.71  1  0  1.13
 0  72.67  0.46  1  0  0.62
 0  85.75  0.23  1  0  0.71
 0  70.67  0.27  1  0  1.78
 1  73.90  0.71  0  1  1.08
 0  82.58  0.40  0  0  0.92
 1  92.95  0.86  1  1  0.79
 0  97.46  0.51  1  0  1.88
 1  89.33  1.30  0  1  5.04
 1  77.42  1.17  0  1  3.18
 0  85.75  0.23  0  0  0.70
 1  95.31  1.16  1  1  1.22
 1  99.70  0.84  0  1  1.92
 0  62.54  1.06  0  0  2.84
 1  86.10  0.71  1  1  1.48
 0  67.44  1.24  0  0  2.21
 0  62.54  0.51  1  1  1.67
 0  64.69  1.16  0  0  1.22
 0  61.05  0.95  0  1  2.99
 1  92.95  0.71  0  1  0.97
 0  78.06  0.21  0  0  1.09
 0  78.06  0.21  1  0  0.69
 1  86.10  0.86  1  1  2.18
 0  85.75  0.23  1  0  0.74
 1  97.46  1.06  0  1  0.77
 0  95.31  0.42  0  0  1.68
 1  99.70  0.73  1  1  1.84
 0  81.94  0.21  0  0  0.61
 0  87.33  0.46  0  0  3.17
 0  60.30  0.73  1  1  2.86
 0  82.58  0.40  1  0  1.80
 1  72.67  1.11  0  1  0.92
 1  92.95  0.86  0  1  1.16
 1  73.90  0.86  0  1  0.71
 0  69.02  0.57  0  0  2.01
 0  87.33  0.46  1  0  1.10
 0  69.02  1.00  0  1  0.82
 1  74.25  1.34  1  1  1.87
 0  60.30  0.84  1  0  1.90
 0  61.05  0.62  1  0  1.43
 0  61.05  0.95  1  0  0.78
 1  77.47  0.96  0  1  0.96
 0  70.67  1.30  0  0  0.68
 1  90.98  0.57  1  1  1.32
 1  77.42  1.17  1  1  1.69
 1  77.47  0.61  1  1  0.99
 1  77.47  0.61  0  1  1.00
 1  81.94  1.37  0  1  1.39
 1  90.98  1.00  1  1  0.79
 1  78.06  1.37  0  1  1.63
 0  89.33  0.27  1  0  1.19
 1  98.95  0.62  1  1  1.64
 0  97.46  0.51  0  1  2.33
 0  70.67  1.30  1  1  2.22
 1  86.10  0.86  0  1  0.87
 1  99.70  0.73  0  1  1.07
 1  98.95  0.95  0  1  0.92
 0  67.44  0.33  1  0 12.27
 0  64.69  0.42  1  0  1.00
 1  86.10  0.71  0  1  1.29
 0  61.05  0.62  0  0  0.97
 0  74.25  0.23  1  0  0.71
 0  62.54  0.51  0  0  0.83
 1  98.95  0.95  1  1  0.69
 1  97.46  1.06  1  1  0.92
 1  78.06  1.37  1  1  2.54
 0  67.05  0.86  0  0  1.43
 1  74.25  1.34  0  0  0.66
 0  77.42  0.40  0  1  4.39
 0  60.30  0.84  0  0  1.15
 0  89.33  0.27  0  1  1.21
 1  85.75  1.34  0  1  0.97
 1  72.67  1.11  1  1  1.08
 1  81.94  1.37  1  1  0.85
 1  82.53  0.61  0  1  0.99
 1  90.98  0.57  0  1  1.19
 0  74.25  0.23  0  0  0.75
 1  92.56  1.24  0  1  0.86
 1  98.95  0.62  0  1  1.30
 1  89.33  1.30  1  1  1.93
 0  92.56  0.33  1  1  4.32
 1  73.90  0.71  1  1  0.77
 1  90.98  1.00  0  1  0.72
 1  82.53  0.96  0  1  1.01
 0  64.69  0.42  0  0  2.51
 1  82.58  1.17  0  1  0.59
 0  72.67  0.46  1  0  1.08
 1  85.75  1.34  1  1  0.78
 1  77.47  0.96  1  1  0.97
 0  69.02  0.57  1  0  1.41
 0  69.02  1.00  1  1  0.78
 1  73.90  0.86  1  1  1.05
 0  77.42  0.40  1  0  0.61
 0  60.30  0.73  0  0  1.09
 0  67.44  1.24  1  1  0.64
 0  81.94  0.21  1  0  0.76
 1  82.58  1.17  1  1  0.74
 1  87.33  1.11  1  1  1.03
 0  67.05  0.86  1  0  2.45
 1  99.70  0.84  1  1  2.78
 0  64.69  1.16  1  1  0.95
 0  62.54  1.06  1  0  0.64
 0  92.56  0.33  0  1  0.80
 0  67.05  0.71  0  0  1.63
 0  67.05  0.71  1  0  1.00
 1  92.95  0.71  1  0  2.09
 1  82.53  0.61  1  1  0.85
 1  87.33  1.11  0  1  1.00
 0  70.67  0.27  0  0  1.00
 1  92.56  1.24  1  1  0.76
 1  82.53  0.96  1  1  0.88
 0  67.44  0.33  0  0  1.58
 1  95.31  1.16  0  1  0.98
 0  95.31  0.42  1  0  4.19
 0  72.67  0.46  0  0  1.44
 0  61.05  0.62  1  0  3.88
 1  82.53  0.96  1  1  0.67
 0  69.02  0.57  0  0  1.04
 1  87.33  1.11  0  1  0.65
 1  85.75  1.34  0  1  0.95
 1  78.06  1.37  0  1  0.66
 1  92.95  0.86  0  1  4.74
 0  60.30  0.84  1  1  2.18
 0  69.02  1.00  1  0  0.99
 1  99.70  0.73  1  0  1.33
 1  72.67  1.11  0  1  0.84
 1  92.56  1.24  1  1  0.73
 0  77.42  0.40  0  0  0.67
 1  89.33  1.30  1  1  0.81
 1  92.95  0.86  1  1  0.64
 1  73.90  0.86  0  0  2.47
 0  64.69  1.16  1  1  0.65
 1  90.98  1.00  1  1  1.09
 0  72.67  0.46  1  0  4.87
 0  69.02  0.57  1  0  6.60
 0  81.94  0.21  1  0  0.59
 0  67.05  0.71  1  0  1.51
 0  67.44  1.24  0  1  1.09
 0  64.69  0.42  0  0  1.38
 1  86.10  0.71  1  1  2.33
 1  92.95  0.71  1  1  0.78
 1  77.42  1.17  0  1  1.27
 1  81.94  1.37  0  1  0.77
 1  86.10  0.86  0  1  1.17
 0  70.67  1.30  0  0  1.77
 0  62.54  0.51  0  0  1.06
 0  60.30  0.73  0  0  1.48
 1  99.70  0.73  0  1  1.41
 0  82.58  0.40  1  0  0.75
 0  78.06  0.21  0  0  0.59
 0  74.25  0.23  1  0  0.63
 0  67.05  0.71  0  0  1.35
 0  67.05  0.86  1  1  0.82
 1  90.98  1.00  0  1  0.78
 1  92.56  1.24  0  1  0.64
 1  95.31  1.16  0  1  1.09
 0  92.56  0.33  1  0  0.63
 0  92.56  0.33  0  0  0.98
 1  85.75  1.34  1  1  0.81
 1  87.33  1.11  1  1  1.17
 0  69.02  1.00  0  1  0.95
 0  67.44  0.33  1  0  1.26
 0  67.44  1.24  1  1  1.12
 0  60.30  0.84  0  0  0.95
 0  89.33  0.27  0  0  1.05
 0  78.06  0.21  1  0  0.97
 0  97.46  0.51  0  0  2.01
 1  98.95  0.62  0  0  1.05
 0  70.67  0.27  0  0  1.19
 1  82.58  1.17  0  1  0.72
 1  78.06  1.37  1  1  0.71
 1  77.47  0.96  1  1  0.98
 0  64.69  0.42  1  0  0.90
 1  86.10  0.71  0  0  2.44
 0  67.44  0.33  0  0  0.58
 0  97.46  0.51  1  0  2.15
 1  73.90  0.71  0  0  1.34
 0  61.05  0.95  1  0  2.39
 0  61.05  0.95  0  0  0.84
 1  74.25  1.34  0  1  1.29
 0  64.69  1.16  0  0  1.04
 1  98.95  0.95  1  1  1.05
 0  95.31  0.42  0  0  0.72
 1  81.94  1.37  1  1  1.17
 1  92.95  0.71  0  0  1.50
 0  85.75  0.23  0  0  0.68
 0  62.54  0.51  1  0  1.29
 0  89.33  0.27  1  0  1.14
 1  99.70  0.84  0  1  1.26
 1  86.10  0.86  1  1  0.96
 1  98.95  0.62  1  0  1.52
 1  99.70  0.84  1  1  0.66
 1  82.53  0.61  1  0  1.41
 1  73.90  0.86  1  1  0.61
 0  82.58  0.40  0  0  1.04
 0  61.05  0.62  0  0  2.02
 1  77.47  0.61  0  0  1.43
 0  60.30  0.73  1  0  1.51
 1  77.47  0.96  0  1  0.72
 1  82.58  1.17  1  1  0.99
 1  89.33  1.30  0  1  0.96
 0  95.31  0.42  1  0  1.26
 0  62.54  1.06  0  0  1.21
 1  97.46  1.06  1  1  1.20
 0  87.33  0.46  1  0  1.17
 0  87.33  0.46  0  0  1.23
 0  70.67  1.30  1  1  2.28
 1  82.53  0.96  0  1  0.74
 1  90.98  0.57  0  0  1.52
 1  77.47  0.61  1  1  1.14
 1  98.95  0.95  0  1  0.65
 0  62.54  1.06  1  0  0.94
 1  95.31  1.16  1  1  1.21
 1  82.53  0.61  0  1  3.82
 1  90.98  0.57  1  1  0.77
 0  81.94  0.21  0  0  0.72
 0  67.05  0.86  0  0  1.04
 0  74.25  0.23  0  0  1.52
 1  72.67  1.11  1  1  0.71
 1  73.90  0.71  1  1  1.71
 1  74.25  1.34  1  1  1.64
 1  97.46  1.06  0  1  0.71
 0  70.67  0.27  1  0  0.70
 0  85.75  0.23  1  0  1.06
 0  72.67  0.46  0  1  3.33
 1  77.42  1.17  1  1  1.26
 0  77.42  0.40  1  0  1.34
