 0  99.70  0.84  1  1  1.08
 0  70.67  0.27  0  1  0.89
 1  82.53  0.96  0  0  1.49
 1  87.33  1.11  0  1  0.51
 1  70.67  0.27  1  0  0.57
 1  64.69  0.42  1  1  1.06
 1  62.54  0.51  1  1  0.71
 0  97.46  0.51  0  1  1.55
 1  60.30  0.73  1  0  1.10
 1  97.46  0.51  1  0  0.87
 0  67.44  0.33  0  1  0.68
 0  90.98  1.00  1  1  1.23
 0  74.25  1.34  1  1  0.70
 0  98.95  0.95  1  1  0.65
 0  99.70  0.73  1  1  1.68
 1  67.05  0.71  1  1  0.83
 1  87.33  0.46  1  0  0.62
 0  77.47  0.61  1  0  1.25
 1  69.02  0.57  1  1  1.29
 1  90.98  1.00  0  0  0.75
 0  72.67  0.46  0  1  2.23
 1  98.95  0.95  0  0  1.08
 0  67.05  0.71  0  1  1.23
 0  67.05  0.86  0  1  0.96
 1  62.54  1.06  1  1  0.75
 0  85.75  0.23  0  1  1.42
 1  78.06  0.21  1  0  1.72
 1  70.67  1.30  1  1  1.44
 0  82.58  0.40  0  0  2.40
 0  86.10  0.71  1  1  2.14
 0  92.56  1.24  1  0  1.57
 1  72.67  0.46  1  0  1.67
 1  61.05  0.95  1  1  0.72
 0  86.10  0.86  1  0  0.63
 0  95.31  0.42  0  0  1.11
 0  67.44  1.24  0  0  1.54
 1  81.94  1.37  0  0  0.74
 1  77.47  0.96  0  0  0.59
 1  99.70  0.84  0  0  0.56
 0  60.30  0.73  0  1  0.75
 0  62.54  0.51  0  1  0.64
 1  74.25  1.34  0  1  0.73
 1  82.58  1.17  0  1  1.50
 0  82.58  1.17  1  1  0.78
 1  81.94  0.21  1  0  0.60
 1  99.70  0.73  0  0  0.54
 0  97.46  1.06  1  1  1.18
 0  81.94  0.21  0  0  1.39
 1  92.95  0.86  0  0  3.12
 1  64.69  1.16  1  1  1.48
 1  89.33  0.27  1  0  1.39
 0  64.69  1.16  0  1  0.57
 0  77.42  0.40  0  1  2.86
 1  92.56  1.24  0  0  0.80
 0  69.02  1.00  0  1  1.37
 1  69.02  1.00  1  0  3.56
 0  90.98  0.57  1  0  1.19
 1  61.05  0.62  1  1  1.73
 0  78.06  0.21  0  0  1.39
 0  78.06  1.37  1  1  0.74
 1  77.42  0.40  1  0  2.39
 0  73.90  0.86  1  0  2.14
 1  90.98  0.57  0  0  1.26
 1  73.90  0.86  0  1  1.70
 1  97.46  1.06  0  0  0.88
 0  92.95  0.71  1  1  2.20
 0  77.42  1.17  1  0  1.13
 0  74.25  0.23  0  0  1.18
 0  70.67  1.30  0  1  1.87
 1  74.25  0.23  1  0  2.24
 0  61.05  0.62  0  1  1.83
 1  67.05  0.86  1  1  1.12
 1  82.53  0.61  0  0  1.20
 1  77.47  0.61  0  1  1.14
 0  89.33  1.30  1  0  2.67
 1  60.30  0.84  1  1  1.12
 0  64.69  0.42  0  1  0.59
 1  92.56  0.33  1  0  0.76
 1  78.06  1.37  0  0  2.11
 0  87.33  0.46  0  1  1.51
 1  73.90  0.71  0  1  1.78
 1  67.44  1.24  1  1  2.94
 0  89.33  0.27  0  0  1.79
 1  72.67  1.11  0  1  1.45
 1  95.31  1.16  0  1  0.79
 0  87.33  1.11  1  1  0.48
 0  60.30  0.84  0  1  0.93
 1  89.33  1.30  0  1  0.74
 1  82.58  0.40  1  1  1.76
 0  85.75  1.34  1  0  0.93
 0  92.56  0.33  0  0  1.49
 0  92.95  0.86  1  1  1.29
 0  62.54  1.06  0  1  1.40
 1  67.44  0.33  1  1  2.22
 1  92.95  0.71  0  1  1.24
 1  85.75  0.23  1  0  0.78
 0  72.67  1.11  1  1  0.92
 0  69.02  0.57  0  1  1.04
 1  98.95  0.62  0  1  1.31
 1  86.10  0.86  0  1  1.23
 0  61.05  0.95  0  0  2.25
 1  95.31  0.42  1  1  1.61
 0  82.53  0.61  1  0  1.23
 0  77.47  0.96  1  0  1.73
 0  98.95  0.62  1  1  0.68
 1  85.75  1.34  0  0  1.66
 1  86.10  0.71  0  1  1.68
 0  81.94  1.37  1  0  2.19
 0  95.31  1.16  1  1  2.02
 0  73.90  0.71  1  1  0.89
 1  77.42  1.17  0  0  0.47
 0  82.53  0.96  1  1  2.17
 0  82.53  0.96  1  0  1.97
 0  78.06  0.21  0  1  0.65
 1  98.95  0.62  0  1  1.65
 0  86.10  0.86  1  1  1.25
 0  89.33  1.30  1  1  0.75
 1  86.10  0.71  0  1  0.75
 1  90.98  1.00  0  0  0.79
 0  67.05  0.86  0  0  0.77
 1  90.98  0.57  0  1  0.84
 1  70.67  0.27  1  0  1.29
 1  62.54  1.06  1  0  0.72
 0  89.33  0.27  0  1  1.71
 0  61.05  0.62  0  0  0.95
 1  87.33  1.11  0  1  0.78
 0  62.54  1.06  0  0  0.90
 0  64.69  0.42  0  0  0.51
 0  67.44  0.33  0  0  0.48
 1  60.30  0.84  1  1  1.05
 0  82.58  1.17  1  1  0.78
 0  77.47  0.96  1  1  1.81
 0  86.10  0.71  1  1  1.02
 1  69.02  0.57  1  0  1.28
 1  77.42  1.17  0  1  1.73
 0  95.31  0.42  0  0  1.59
 1  99.70  0.84  0  1  1.28
 0  81.94  1.37  1  1  3.25
 0  60.30  0.84  0  0  1.26
 0  92.56  1.24  1  1  1.43
 0  99.70  0.84  1  0  1.26
 1  92.95  0.71  0  0  0.67
 0  90.98  0.57  1  0  0.54
 0  74.25  0.23  0  0  2.63
 0  97.46  1.06  1  0  1.95
 1  81.94  0.21  1  1  1.20
 1  77.47  0.96  0  1  1.59
 0  72.67  0.46  0  1  1.50
 1  89.33  0.27  1  1  1.77
 0  69.02  0.57  0  0  1.28
 1  89.33  1.30  0  0  1.81
 0  97.46  0.51  0  0  1.05
 1  78.06  0.21  1  1  1.21
 0  92.95  0.71  1  0  0.96
 1  95.31  1.16  0  0  0.58
 1  98.95  0.95  0  0  0.83
 0  82.58  0.40  0  1  1.37
 1  72.67  1.11  0  1  1.66
 1  67.05  0.71  1  1  1.47
 0  64.69  1.16  0  0  0.89
 0  90.98  1.00  1  0  1.52
 1  73.90  0.71  0  1  2.06
 1  60.30  0.73  1  0  0.99
 1  82.53  0.61  0  0  2.12
 1  82.53  0.96  0  1  1.38
 1  99.70  0.73  0  0  0.75
 0  85.75  1.34  1  1  1.47
 0  85.75  0.23  0  0  0.95
 1  77.47  0.61  0  1  1.21
 0  77.42  1.17  1  0  2.20
 1  82.58  1.17  0  0  0.97
 0  78.06  1.37  1  1  0.73
 0  87.33  0.46  0  0  0.94
 1  73.90  0.86  0  1  1.66
 1  74.25  0.23  1  0  2.21
 0  73.90  0.86  1  1  1.35
 1  72.67  0.46  1  0  0.58
 0  82.53  0.61  1  1  1.22
 1  97.46  1.06  0  0  0.76
 0  61.05  0.95  0  1  1.87
 1  81.94  1.37  0  1  1.09
 0  67.44  1.24  0  0  1.12
 1  70.67  1.30  1  0  0.67
 1  77.42  0.40  1  1  0.94
 1  86.10  0.86  0  0  1.33
 0  73.90  0.71  1  1  0.57
 1  85.75  1.34  0  1  1.33
 1  67.44  0.33  1  0  1.17
 1  61.05  0.95  1  1  1.07
 0  87.33  1.11  1  1  2.20
 1  92.56  1.24  0  0  0.96
 0  72.67  1.11  1  0  1.46
 1  87.33  0.46  1  1  3.93
 1  82.58  0.40  1  1  1.22
 0  99.70  0.73  1  0  1.01
 0  98.95  0.62  1  0  0.73
 1  97.46  0.51  1  0  0.56
 0  62.54  0.51  0  0  0.99
 0  60.30  0.73  0  0  0.56
 1  85.75  0.23  1  1  1.71
 0  74.25  1.34  1  1  1.18
 1  61.05  0.62  1  0  1.05
 1  92.56  0.33  1  0  0.67
 1  67.05  0.86  1  0  0.58
 0  70.67  0.27  0  1  0.74
 0  95.31  1.16  1  1  1.92
 0  67.05  0.71  0  1  1.65
 0  70.67  1.30  0  0  1.32
 0  77.47  0.61  1  0  1.35
 1  67.44  1.24  1  0  1.20
 0  92.95  0.86  1  0  1.28
 1  95.31  0.42  1  0  2.55
 0  81.94  0.21  0  1  1.72
 1  62.54  0.51  1  0  1.05
 0  92.56  0.33  0  0  0.69
 1  64.69  0.42  1  1  1.37
 0  98.95  0.95  1  0  1.15
 1  78.06  1.37  0  1  3.58
 1  64.69  1.16  1  0  1.26
 1  74.25  1.34  0  1  1.45
 1  92.95  0.86  0  0  2.30
 1  69.02  1.00  1  0  0.97
 0  69.02  1.00  0  1  0.69
 0  77.42  0.40  0  1  1.05
 0  73.90  0.86  1  0  1.08
 1  92.95  0.86  0  0  1.04
 1  99.70  0.84  0  0  0.74
 1  67.44  1.24  1  0  0.65
 1  95.31  1.16  0  0  0.55
 0  82.53  0.96  1  1  1.14
 1  77.42  1.17  0  0  0.65
 1  86.10  0.86  0  0  0.77
 1  92.95  0.71  0  0  0.36
 0  86.10  0.71  1  1  0.41
 1  73.90  0.86  0  0  1.52
 0  99.70  0.73  1  1  0.95
 0  60.30  0.84  0  0  1.95
 0  82.58  0.40  0  0  2.09
 0  81.94  1.37  1  0  2.74
 0  92.95  0.86  1  1  1.53
 0  97.46  0.51  0  1  0.88
 1  82.58  0.40  1  0  1.01
 0  74.25  0.23  0  0  0.37
 0  67.05  0.86  0  1  1.64
 1  72.67  0.46  1  1  0.54
 0  87.33  0.46  0  1  1.09
 1  74.25  1.34  0  0  0.41
 1  60.30  0.84  1  1  0.21
 0  64.69  0.42  0  0  1.27
 0  86.10  0.86  1  0  1.29
 0  77.42  1.17  1  0  0.97
 1  85.75  0.23  1  1  2.26
 0  95.31  0.42  0  1  1.99
 1  61.05  0.95  1  0  1.10
 0  78.06  0.21  0  0  1.76
 1  64.69  0.42  1  0  1.22
 1  67.05  0.71  1  0  1.44
 1  82.53  0.61  0  1  1.00
 0  70.67  0.27  0  0  1.56
 0  97.46  1.06  1  0  1.41
 0  90.98  0.57  1  1  1.01
 0  90.98  1.00  1  0  1.24
 1  90.98  1.00  0  0  0.75
 0  60.30  0.73  0  0  0.92
 0  69.02  1.00  0  0  0.66
 0  98.95  0.62  1  0  1.69
 1  77.42  0.40  1  1  0.83
 1  67.44  0.33  1  1  1.11
 1  77.47  0.96  0  0  2.62
 1  87.33  0.46  1  0  1.50
 1  90.98  0.57  0  0  0.88
 1  69.02  0.57  1  0  0.97
 0  85.75  0.23  0  0  2.50
 0  70.67  1.30  0  0  0.93
 0  64.69  1.16  0  0  0.76
 1  82.53  0.96  0  1  2.10
 0  77.42  0.40  0  1  1.90
 1  89.33  1.30  0  0  2.22
 1  86.10  0.71  0  0  1.36
 1  78.06  1.37  0  0  0.62
 0  73.90  0.71  1  0  0.49
 0  77.47  0.96  1  1  0.62
 1  97.46  1.06  0  1  0.45
 1  78.06  0.21  1  0  2.39
 0  62.54  1.06  0  0  1.41
 1  82.58  1.17  0  1  1.51
 0  74.25  1.34  1  1  1.57
 0  81.94  0.21  0  0  2.00
 0  62.54  0.51  0  1  1.58
 1  73.90  0.71  0  1  0.89
 0  95.31  1.16  1  0  1.60
 1  81.94  1.37  0  1  2.31
 1  74.25  0.23  1  1  1.71
 1  61.05  0.62  1  0  1.04
 0  99.70  0.84  1  0  0.83
 0  98.95  0.95  1  0  0.69
 0  72.67  1.11  1  1  1.04
 1  62.54  0.51  1  0  1.20
 1  70.67  1.30  1  1  1.08
 0  69.02  0.57  0  1  1.15
 1  77.47  0.61  0  1  0.85
 1  67.05  0.86  1  1  1.25
 1  70.67  0.27  1  0  1.61
 0  85.75  1.34  1  0  0.96
 0  67.44  0.33  0  0  2.56
 0  87.33  1.11  1  1  1.09
 0  89.33  1.30  1  1  0.91
 0  67.44  1.24  0  0  0.51
 1  92.56  1.24  0  0  0.54
 1  81.94  0.21  1  0  1.45
 1  92.56  0.33  1  1  0.78
 0  82.53  0.61  1  1  0.88
 1  95.31  0.42  1  1  1.24
 1  72.67  1.11  0  0  1.65
 1  85.75  1.34  0  0  0.88
 1  89.33  0.27  1  0  1.76
 0  92.56  0.33  0  0  1.27
 0  92.95  0.71  1  1  2.55
 1  99.70  0.73  0  0  1.10
 0  82.58  1.17  1  0  1.46
 1  69.02  1.00  1  0  1.62
 0  92.56  1.24  1  0  1.07
 1  64.69  1.16  1  1  1.34
 0  61.05  0.95  0  1  0.83
 0  67.05  0.71  0  1  1.24
 0  61.05  0.62  0  0  0.36
 1  98.95  0.95  0  0  1.67
 0  78.06  1.37  1  0  0.74
 1  62.54  1.06  1  0  1.22
 1  87.33  1.11  0  0  0.80
 1  98.95  0.62  0  1  0.41
 0  89.33  0.27  0  0  0.93
 0  72.67  0.46  0  0  0.78
 1  60.30  0.73  1  1  1.66
 0  77.47  0.61  1  1  2.25
 1  97.46  0.51  1  0  1.26
 0  77.42  1.17  1  0  0.80
 0  67.44  1.24  0  0  0.50
 0  97.46  0.51  0  1  1.58
 1  70.67  1.30  1  0  0.67
 1  82.58  0.40  1  0  1.56
 1  67.05  0.86  1  0  0.23
 0  92.95  0.86  1  0  0.09
 0  82.58  1.17  1  0  0.60
 1  92.95  0.71  0  1  1.06
 0  82.53  0.96  1  0  1.51
 0  78.06  1.37  1  1  1.24
 1  92.56  0.33  1  1  1.52
 0  90.98  0.57  1  0  0.81
 1  99.70  0.73  0  0  0.69
 1  73.90  0.86  0  0  0.95
 1  78.06  1.37  0  0  0.25
 0  81.94  0.21  0  1  0.28
 1  70.67  0.27  1  1  0.03
 1  81.94  1.37  0  0  1.13
 0  62.54  1.06  0  0  0.84
 1  77.47  0.96  0  1  0.54
 1  85.75  1.34  0  0  0.77
 0  67.05  0.86  0  1  0.47
 1  97.46  0.51  1  1  0.99
 0  64.69  0.42  0  0  0.98
 1  82.58  1.17  0  0  1.52
 0  98.95  0.95  1  0  0.90
 0  77.47  0.96  1  1  0.60
 1  62.54  0.51  1  0  0.36
 1  74.25  1.34  0  1  0.37
 0  82.53  0.61  1  1  0.91
 1  61.05  0.62  1  0  0.52
 1  86.10  0.71  0  0  0.47
 0  64.69  1.16  0  0  0.96
 1  92.95  0.86  0  1  0.52
 0  61.05  0.62  0  1  1.06
 0  67.44  0.33  0  0  0.43
 1  87.33  0.46  1  0  0.35
 1  99.70  0.84  0  1  0.32
 1  98.95  0.95  0  1  1.04
 0  95.31  0.42  0  0  0.64
 1  92.56  1.24  0  0  0.80
 0  60.30  0.84  0  1  1.23
 0  86.10  0.71  1  1  0.45
 0  87.33  0.46  0  0  0.46
 1  77.47  0.61  0  0  0.43
 1  74.25  0.23  1  0  0.56
 0  70.67  0.27  0  1  0.75
 1  89.33  0.27  1  1  0.37
 0  73.90  0.71  1  1  0.46
 0  90.98  1.00  1  1  0.43
 0  87.33  1.11  1  1  1.04
 1  90.98  0.57  0  1  1.71
 1  69.02  1.00  1  1  0.74
 1  77.42  0.40  1  0  0.88
 0  61.05  0.95  0  1  0.82
 1  78.06  0.21  1  1  0.74
 0  69.02  1.00  0  1  1.66
 0  82.58  0.40  0  1  1.03
 1  89.33  1.30  0  0  3.69
 0  73.90  0.86  1  0  0.90
 0  89.33  0.27  0  1  0.78
 0  70.67  1.30  0  1  5.73
 0  92.56  0.33  0  0  0.52
 1  62.54  1.06  1  0  1.40
 0  86.10  0.86  1  0  0.54
 0  77.47  0.61  1  0  0.39
 1  77.42  1.17  0  0  1.88
 0  85.75  0.23  0  1  0.89
 0  92.95  0.71  1  1  0.60
 0  92.56  1.24  1  0  1.32
 1  73.90  0.71  0  1  2.37
 1  69.02  0.57  1  0 11.49
 1  67.05  0.71  1  0  0.77
 1  82.53  0.96  0  1  3.31
 0  89.33  1.30  1  0  1.35
 0  77.42  0.40  0  0  2.07
 1  95.31  0.42  1  1  1.02
 0  60.30  0.73  0  0  6.18
 0  95.31  1.16  1  1  0.76
 0  99.70  0.73  1  1  1.49
 0  67.05  0.71  0  1  3.59
 1  97.46  1.06  0  1  1.00
 1  72.67  0.46  1  0  6.52
 0  74.25  0.23  0  1  0.32
 0  85.75  1.34  1  0  0.22
 0  74.25  1.34  1  0  0.38
 1  82.53  0.61  0  1  0.36
 1  67.44  0.33  1  1  0.45
 1  95.31  1.16  0  0  0.41
 1  64.69  1.16  1  0  2.05
 1  98.95  0.62  0  0  1.40
 0  72.67  0.46  0  0  0.51
 1  60.30  0.73  1  1  1.28
 0  69.02  0.57  0  1  0.56
 0  98.95  0.62  1  0  1.85
 1  60.30  0.84  1  0  3.93
 0  72.67  1.11  1  0  1.53
 1  81.94  0.21  1  0  2.97
 1  61.05  0.95  1  0  1.05
 0  62.54  0.51  0  1  0.38
 1  72.67  1.11  0  1  0.35
 0  78.06  0.21  0  1  0.28
 1  90.98  1.00  0  1  0.26
 0  99.70  0.84  1  1  0.50
 1  67.44  1.24  1  1  0.27
 1  86.10  0.86  0  1  0.30
 0  97.46  1.06  1  0  1.87
 0  81.94  1.37  1  1  3.52
 1  87.33  1.11  0  0  3.29
 1  64.69  0.42  1  1  0.41
 1  85.75  0.23  1  1  0.27
 0  82.58  0.40  0  1  0.50
 1  62.54  1.06  1  0  0.29
 0  97.46  0.51  0  0  0.26
 1  95.31  1.16  0  1  0.96
 1  85.75  1.34  0  1  1.97
 1  78.06  0.21  1  0  0.50
 0  82.53  0.61  1  1  4.22
 1  67.05  0.71  1  0  3.44
 0  61.05  0.62  0  1  0.86
 1  74.25  0.23  1  1  6.31
 1  99.70  0.84  0  0  1.42
 0  90.98  1.00  1  0  5.50
 0  98.95  0.62  1  0  0.63
 1  60.30  0.73  1  1  0.81
 0  92.95  0.86  1  1  4.45
 1  61.05  0.62  1  0  0.50
 0  69.02  1.00  0  1  0.20
 1  98.95  0.95  0  0  0.20
 1  64.69  0.42  1  0  0.12
 0  67.05  0.71  0  0  0.27
 0  73.90  0.86  1  0  0.79
 0  87.33  1.11  1  1  0.88
 1  90.98  1.00  0  0  4.29
 0  61.05  0.95  0  1  3.28
 0  92.56  1.24  1  0  5.46
 0  62.54  0.51  0  1  3.40
 0  60.30  0.73  0  1  5.23
 0  62.54  1.06  0  0  0.72
 1  85.75  0.23  1  0  0.60
 0  81.94  1.37  1  1  1.47
 1  92.56  1.24  0  1  5.29
 0  77.47  0.96  1  1  6.14
 1  90.98  0.57  0  0  0.20
 1  70.67  1.30  1  1  1.31
 0  87.33  0.46  0  1  3.75
 1  82.53  0.61  0  0  2.66
 1  67.44  0.33  1  0  0.17
 1  73.90  0.86  0  1  5.69
 0  97.46  1.06  1  0  4.32
 0  72.67  1.11  1  1  4.27
 0  85.75  1.34  1  0  0.63
 1  82.53  0.96  0  1  0.30
 1  82.58  0.40  1  0  0.40
 1  62.54  0.51  1  0  0.23
 1  77.47  0.61  0  0  0.59
 0  78.06  0.21  0  1  0.23
 1  64.69  1.16  1  0  0.67
 0  72.67  0.46  0  0  0.77
 0  86.10  0.71  1  0  1.29
 0  86.10  0.86  1  0  0.68
 1  97.46  1.06  0  1  1.17
 0  90.98  0.57  1  1  0.82
 1  78.06  1.37  0  1  1.18
 1  81.94  0.21  1  0  0.76
 0  74.25  0.23  0  0  3.60
 0  95.31  1.16  1  0  0.46
 1  89.33  1.30  0  0  3.79
 1  61.05  0.95  1  1  0.46
 1  72.67  1.11  0  1  2.66
 0  77.42  1.17  1  0  0.59
 0  78.06  1.37  1  1  2.34
 1  77.42  0.40  1  0  0.44
 1  82.58  1.17  0  0  0.05
 0  77.42  0.40  0  1  0.73
 0  89.33  0.27  0  1  0.56
 1  97.46  0.51  1  1  0.62
 0  74.25  1.34  1  0  0.82
 1  81.94  1.37  0  0  2.30
 0  67.05  0.86  0  1  2.96
 1  86.10  0.71  0  0  0.66
 0  77.47  0.61  1  0  0.41
 1  69.02  1.00  1  0  0.75
 0  92.95  0.71  1  0  0.77
 0  95.31  0.42  0  1  0.80
 1  95.31  0.42  1  0 13.91
 0  67.44  0.33  0  0  3.54
 0  92.56  0.33  0  0  2.86
 1  92.56  0.33  1  0  7.62
 0  99.70  0.73  1  0  3.25
 1  72.67  0.46  1  0  8.20
 1  87.33  0.46  1  0  0.28
 0  98.95  0.95  1  0  3.90
 0  81.94  0.21  0  0  4.20
 1  67.44  1.24  1  0  0.32
 1  89.33  0.27  1  0  0.26
 1  67.05  0.86  1  1  0.31
 1  99.70  0.73  0  0  6.69
 1  92.95  0.86  0  0  1.15
 0  82.58  1.17  1  0  0.20
 0  73.90  0.71  1  1  0.68
 0  67.44  1.24  0  1  3.23
 0  70.67  0.27  0  0  3.92
 0  99.70  0.84  1  0  1.90
 1  73.90  0.71  0  0  2.04
 0  64.69  1.16  0  0  3.48
 1  92.95  0.71  0  1 12.55
 0  89.33  1.30  1  0  2.92
 1  87.33  1.11  0  1  5.83
 1  69.02  0.57  1  0  0.08
 0  85.75  0.23  0  1  0.55
 0  60.30  0.84  0  0  0.81
 1  60.30  0.84  1  1  4.12
 1  86.10  0.86  0  1  0.45
 0  69.02  0.57  0  0  1.56
 1  77.42  1.17  0  1  1.62
 0  70.67  1.30  0  0  7.53
 1  70.67  0.27  1  0  1.53
 0  82.53  0.96  1  0  8.08
 1  77.47  0.96  0  0  5.66
 1  98.95  0.62  0  0  3.87
 1  74.25  1.34  0  0  6.36
 0  64.69  0.42  0  0  2.29
