 1  85.75  1.34  0  0  0.89
 0  77.47  0.96  1  1  1.24
 1  69.02  1.00  1  0  0.69
 1  87.33  0.46  1  1  1.67
 1  60.30  0.73  1  1  1.49
 0  95.31  0.42  0  0  1.44
 0  77.47  0.61  1  1  1.08
 1  87.33  1.11  0  1  5.75
 1  97.46  0.51  1  0  1.75
 0  92.95  0.86  1  1  2.08
 1  64.69  1.16  1  0  1.53
 1  89.33  0.27  1  1  0.94
 1  72.67  1.11  0  0  1.49
 1  86.10  0.71  0  1  1.02
 0  73.90  0.71  1  1  1.37
 0  62.54  0.51  0  1  1.35
 0  97.46  0.51  0  1  9.10
 0  97.46  1.06  1  1  3.59
 1  70.67  0.27  1  1  0.81
 0  61.05  0.62  0  1  5.12
 1  74.25  1.34  0  0  3.68
 1  67.05  0.86  1  0  2.57
 1  97.46  1.06  0  0  5.13
 0  89.33  1.30  1  1  0.85
 1  82.53  0.96  0  1  2.48
 0  73.90  0.86  1  1  2.86
 0  95.31  1.16  1  0  2.26
 0  85.75  1.34  1  0  0.69
 1  92.95  0.86  0  1  1.82
 0  77.42  0.40  0  1  0.71
 0  67.44  0.33  0  0  1.66
 1  67.05  0.71  1  1  1.96
 0  86.10  0.71  1  0  2.80
 1  85.75  0.23  1  0  0.75
 0  74.25  1.34  1  0  2.34
 1  82.58  0.40  1  1  2.43
 1  92.56  1.24  0  0  0.82
 0  78.06  1.37  1  0  1.03
 1  60.30  0.84  1  1  1.47
 1  98.95  0.62  0  0  1.05
 0  92.56  1.24  1  1  1.05
 0  74.25  0.23  0  0  1.25
 0  92.95  0.71  1  1  2.86
 1  62.54  1.06  1  1  5.26
 1  64.69  0.42  1  1  0.85
 0  81.94  0.21  0  0  2.56
 0  64.69  1.16  0  0  1.40
 0  69.02  0.57  0  1  5.42
 0  64.69  0.42  0  0  0.81
 0  67.44  1.24  0  0  1.46
 0  61.05  0.95  0  0  0.96
 1  61.05  0.62  1  1  4.28
 0  82.58  0.40  0  1  6.43
 0  98.95  0.62  1  1  2.70
 1  90.98  1.00  0  1  2.27
 0  72.67  0.46  0  1  3.55
 0  78.06  0.21  0  0  1.31
 0  89.33  0.27  0  0  0.88
 1  78.06  1.37  0  0  0.82
 0  82.53  0.96  1  1  3.18
 0  70.67  0.27  0  0  1.54
 1  78.06  0.21  1  0  0.73
 0  60.30  0.73  0  0  2.85
 1  95.31  1.16  0  0  3.51
 0  87.33  0.46  0  0  1.33
 0  62.54  1.06  0  1  5.38
 1  62.54  0.51  1  1  0.84
 1  73.90  0.71  0  0  6.81
 1  73.90  0.86  0  1  0.71
 1  81.94  1.37  0  1  1.28
 1  77.47  0.61  0  1  2.62
 0  90.98  1.00  1  0  1.77
 1  74.25  0.23  1  0  1.22
 0  87.33  1.11  1  0  1.34
 0  69.02  1.00  0  0  2.23
 1  98.95  0.95  0  0  6.83
 1  81.94  0.21  1  1  2.39
 0  82.58  1.17  1  1  0.74
 0  90.98  0.57  1  0  1.89
 0  92.56  0.33  0  1  2.58
 0  60.30  0.84  0  0  5.74
 1  99.70  0.73  0  1  4.46
 1  95.31  0.42  1  0  3.84
 1  92.95  0.71  0  1  0.73
 1  90.98  0.57  0  1  0.51
 1  70.67  1.30  1  1  2.10
 1  77.42  0.40  1  1  1.17
 0  77.42  1.17  1  1  0.71
 1  92.56  0.33  1  1  1.30
 0  72.67  1.11  1  1  1.66
 1  77.47  0.96  0  0  1.17
 1  69.02  0.57  1  1  1.71
 0  99.70  0.73  1  1  1.05
 1  67.44  1.24  1  1  1.16
 0  67.05  0.71  0  0  1.59
 0  70.67  1.30  0  1  2.48
 0  86.10  0.86  1  1  2.36
 1  67.44  0.33  1  1  1.79
 0  81.94  1.37  1  0  3.00
 1  99.70  0.84  0  0  2.59
 1  61.05  0.95  1  0  3.01
 1  72.67  0.46  1  1  2.22
 0  99.70  0.84  1  1  0.90
 1  77.42  1.17  0  1  1.40
 0  67.05  0.86  0  0  1.45
 1  89.33  1.30  0  0  3.27
 1  82.53  0.61  0  1  2.60
 0  82.53  0.61  1  1  0.83
 1  86.10  0.86  0  1  1.31
 0  85.75  0.23  0  0  1.84
 1  82.58  1.17  0  1  3.50
 0  98.95  0.95  1  0  3.11
 0  61.05  0.95  0  0  4.28
 0  70.67  1.30  0  0  5.46
 0  77.47  0.96  1  1  3.96
 1  98.95  0.95  0  1  2.00
 0  72.67  1.11  1  0  2.16
 1  82.58  0.40  1  1  2.88
 0  85.75  1.34  1  1  1.26
 1  77.47  0.61  0  1  5.03
 1  92.95  0.71  0  1  0.84
 1  60.30  0.73  1  1  4.77
 1  62.54  1.06  1  1  1.71
 0  60.30  0.84  0  0  1.51
 1  61.05  0.62  1  1  2.79
 0  95.31  1.16  1  0  2.14
 0  70.67  0.27  0  1 13.46
 1  61.05  0.95  1  1  2.66
 0  97.46  1.06  1  0  1.50
 1  97.46  0.51  1  0  1.22
 1  70.67  0.27  1  0  2.38
 0  67.44  1.24  0  0  6.07
 0  64.69  0.42  0  0  1.87
 0  73.90  0.86  1  0 13.84
 1  82.58  1.17  0  1  8.77
 0  89.33  0.27  0  0  3.38
 1  62.54  0.51  1  1  2.42
 0  92.95  0.86  1  0  6.48
 0  89.33  1.30  1  1  3.33
 0  62.54  0.51  0  0  1.39
 0  69.02  1.00  0  0  0.86
 1  78.06  0.21  1  0  3.68
 1  89.33  1.30  0  1  1.29
 1  78.06  1.37  0  1  1.23
 0  90.98  0.57  1  0  2.04
 0  95.31  0.42  0  0  0.86
 1  90.98  1.00  0  1  1.58
 0  77.42  1.17  1  0  8.18
 1  73.90  0.86  0  0  5.28
 1  85.75  0.23  1  1 10.71
 1  85.75  1.34  0  0 10.30
 1  67.05  0.71  1  1  1.68
 1  69.02  1.00  1  1  1.54
 0  99.70  0.73  1  0  4.57
 1  95.31  1.16  0  1  1.51
 1  67.44  1.24  1  1  3.19
 1  69.02  0.57  1  1  4.25
 1  72.67  1.11  0  0  2.16
 1  99.70  0.73  0  1  1.78
 1  97.46  1.06  0  1  0.87
 0  82.58  0.40  0  1  1.44
 0  81.94  0.21  0  0  2.58
 1  81.94  1.37  0  0  3.23
 0  92.56  1.24  1  0 17.12
 0  82.53  0.61  1  0  2.12
 1  74.25  1.34  0  1  7.06
 1  72.67  0.46  1  0  8.15
 0  98.95  0.95  1  0  1.67
 1  95.31  0.42  1  0  3.34
 0  92.95  0.71  1  0  1.16
 0  69.02  0.57  0  0  1.42
 1  60.30  0.84  1  1  1.49
 0  87.33  1.11  1  0  1.95
 0  78.06  0.21  0  0  8.88
 1  92.95  0.86  0  1  3.13
 1  86.10  0.71  0  1  1.63
 0  99.70  0.84  1  0  5.52
 0  87.33  0.46  0  1  8.52
 1  86.10  0.86  0  1  1.76
 0  85.75  0.23  0  0  3.42
 0  82.58  1.17  1  0 10.15
 1  64.69  0.42  1  1  7.43
 1  77.42  1.17  0  0  3.35
 0  73.90  0.71  1  1  6.19
 0  86.10  0.71  1  0  3.58
 1  92.56  0.33  1  0  2.98
 0  78.06  1.37  1  0 11.51
 0  98.95  0.62  1  0  3.53
 0  61.05  0.62  0  0  1.51
 0  62.54  1.06  0  0  0.98
 0  86.10  0.86  1  0  5.10
 0  81.94  1.37  1  1  2.10
 1  87.33  0.46  1  0  2.15
 0  90.98  1.00  1  0  2.84
 1  90.98  0.57  0  1  2.70
 1  77.42  0.40  1  0  4.55
 0  64.69  1.16  0  0  2.14
 0  77.47  0.61  1  0  1.68
 1  74.25  0.23  1  1  2.21
 0  82.53  0.96  1  0  1.40
 1  77.47  0.96  0  1  2.00
 0  77.42  0.40  0  0 10.98
 1  98.95  0.62  0  1  3.86
 1  99.70  0.84  0  1  1.12
 1  81.94  0.21  1  1  9.90
 0  72.67  0.46  0  0  3.05
 1  87.33  1.11  0  1  2.60
 1  67.05  0.86  1  1  2.10
 1  82.53  0.96  0  1  5.53
 0  74.25  0.23  0  0  4.26
 1  89.33  0.27  1  1 19.64
 1  67.44  0.33  1  1  4.37
 0  67.05  0.86  0  0  1.20
 0  67.44  0.33  0  0  1.80
 1  73.90  0.71  0  0  1.37
 1  92.56  1.24  0  1  3.41
 1  82.53  0.61  0  1  3.07
 0  92.56  0.33  0  0  3.95
 1  70.67  1.30  1  1  4.87
 0  60.30  0.73  0  0  1.13
 0  74.25  1.34  1  1  5.13
 0  97.46  0.51  0  1  2.43
 1  64.69  1.16  1  1  4.30
 0  67.05  0.71  0  0  1.43
 0  72.67  0.46  0  0 12.60
 1  74.25  0.23  1  1  1.45
 0  67.44  0.33  0  0  4.85
 0  61.05  0.62  0  0  2.15
 1  73.90  0.86  0  0  2.33
 0  95.31  1.16  1  0  2.28
 1  82.58  0.40  1  1  8.32
 1  81.94  1.37  0  1  4.73
 0  82.58  1.17  1  0  2.65
 0  82.58  0.40  0  0  7.99
 0  97.46  0.51  0  0  1.16
 1  60.30  0.73  1  1  2.00
 1  67.44  0.33  1  1  4.61
 0  97.46  1.06  1  0  1.93
 1  92.95  0.71  0  1  6.40
 0  64.69  1.16  0  0  0.86
 0  99.70  0.73  1  0  2.86
 1  85.75  1.34  0  1  8.22
 0  61.05  0.95  0  0  3.35
 0  92.95  0.71  1  0 10.95
 0  67.44  1.24  0  0  3.97
 0  98.95  0.95  1  0  1.06
 1  82.53  0.96  0  1  1.03
 0  67.05  0.86  0  0  1.06
 0  92.56  1.24  1  0  2.59
 0  60.30  0.84  0  0  2.55
 1  67.05  0.71  1  1  0.75
 1  97.46  1.06  0  1  2.40
 1  89.33  0.27  1  1  3.83
 0  86.10  0.71  1  0  3.07
 1  77.47  0.61  0  1  4.13
 0  70.67  0.27  0  0 18.99
 0  73.90  0.71  1  1  2.05
 1  90.98  1.00  0  1  1.52
 0  77.47  0.61  1  0  6.03
 1  98.95  0.95  0  1  1.39
 1  70.67  0.27  1  1  5.56
 0  70.67  1.30  0  0  3.01
 1  86.10  0.86  0  1  1.54
 1  69.02  1.00  1  1  1.84
 1  77.47  0.96  0  1  3.51
 0  89.33  0.27  0  0  4.81
 0  90.98  0.57  1  1  6.51
 1  77.42  1.17  0  1  6.98
 0  69.02  1.00  0  0  3.77
 0  90.98  1.00  1  0  1.88
 0  74.25  0.23  0  0  5.08
 1  72.67  0.46  1  0  5.85
 0  60.30  0.73  0  0  1.21
 0  89.33  1.30  1  0  3.49
 0  92.56  0.33  0  0  8.44
 0  62.54  0.51  0  0  0.93
 0  77.47  0.96  1  0  2.16
 1  82.53  0.61  0  1  3.88
 1  62.54  0.51  1  1  1.47
 1  62.54  1.06  1  1 14.70
 1  90.98  0.57  0  1  3.68
 0  95.31  0.42  0  1  2.02
 0  64.69  0.42  0  0  1.22
 0  77.42  1.17  1  0  4.35
 0  98.95  0.62  1  0  3.18
 1  61.05  0.95  1  1  1.33
 1  92.56  0.33  1  0  2.60
 1  73.90  0.71  0  1  2.93
 0  72.67  1.11  1  0  8.75
 1  98.95  0.62  0  1  4.78
 1  85.75  0.23  1  1  7.29
 1  82.58  1.17  0  1  4.38
 1  61.05  0.62  1  1  2.26
 0  81.94  1.37  1  0  2.82
 0  82.53  0.61  1  0  1.55
 0  73.90  0.86  1  0  2.10
 1  67.05  0.86  1  1  5.49
 1  70.67  1.30  1  1  2.17
 0  92.95  0.86  1  0  1.32
 0  67.05  0.71  0  0  0.89
 1  78.06  0.21  1  1  8.39
 0  85.75  1.34  1  0  4.43
 1  95.31  0.42  1  0  4.50
 0  82.53  0.96  1  0  2.41
 1  72.67  1.11  0  1  6.08
 0  86.10  0.86  1  0  1.42
 1  89.33  1.30  0  1  1.39
 1  92.56  1.24  0  1  0.74
 1  67.44  1.24  1  0  3.47
 0  78.06  0.21  0  0  9.15
 1  77.42  0.40  1  1  9.39
 0  87.33  0.46  0  1  3.03
 1  92.95  0.86  0  1  2.11
 1  86.10  0.71  0  1  0.86
 1  95.31  1.16  0  1  1.25
 1  74.25  1.34  0  1  2.78
 0  81.94  0.21  0  0  2.36
 0  62.54  1.06  0  0  1.91
 1  69.02  0.57  1  1  2.99
 1  81.94  0.21  1  1  5.73
 1  97.46  0.51  1  1  3.52
 1  64.69  1.16  1  1  1.88
 1  78.06  1.37  0  1  1.32
 1  87.33  1.11  0  1  0.96
 0  69.02  0.57  0  0  3.45
 1  87.33  0.46  1  0  1.26
 1  60.30  0.84  1  1  3.22
 1  64.69  0.42  1  1  0.88
 0  85.75  0.23  0  0  5.70
 0  77.42  0.40  0  0  2.24
 1  99.70  0.84  0  1  1.36
 0  78.06  1.37  1  0  4.37
 0  87.33  1.11  1  0  1.15
 1  99.70  0.73  0  1  2.35
 0  74.25  1.34  1  0  3.67
 0  99.70  0.84  1  0  5.26
 0  90.98  0.57  1  0 19.69
 1  85.75  0.23  1  1  1.96
 1  72.67  0.46  1  0  2.00
 1  92.56  0.33  1  1  3.87
 1  73.90  0.86  0  1  3.18
 0  85.75  1.34  1  0  2.08
 1  67.05  0.86  1  1  1.28
 0  74.25  0.23  0  0  4.25
 1  77.42  0.40  1  1  5.88
 1  95.31  0.42  1  1  3.83
 0  62.54  1.06  0  0  1.47
 0  78.06  0.21  0  0  4.11
 1  60.30  0.73  1  1  1.11
 1  82.53  0.61  0  1  2.98
 0  77.47  0.96  1  0  5.42
 0  89.33  1.30  1  0  4.62
 1  86.10  0.86  0  1  1.47
 1  86.10  0.71  0  1  1.13
 1  72.67  1.11  0  1  2.17
 1  81.94  0.21  1  1  2.49
 0  64.69  1.16  0  0  0.88
 1  82.53  0.96  0  1  1.22
 0  97.46  1.06  1  0  3.43
 0  89.33  0.27  0  0  6.00
 0  72.67  0.46  0  0  3.70
 0  77.42  0.40  0  0  1.20
 0  69.02  1.00  0  1  2.19
 0  77.47  0.61  1  0  7.99
 0  78.06  1.37  1  0  1.02
 1  92.56  1.24  0  1  1.29
 1  87.33  0.46  1  1  3.40
 1  82.58  0.40  1  1  1.10
 0  92.95  0.86  1  0  1.64
 1  77.42  1.17  0  1  1.08
 0  81.94  1.37  1  0  1.28
 0  67.44  0.33  0  0  5.08
 1  87.33  1.11  0  1  2.23
 0  82.53  0.96  1  0  3.12
 0  95.31  0.42  0  0  5.54
 1  61.05  0.62  1  1  1.24
 1  61.05  0.95  1  1  0.73
 0  86.10  0.71  1  0  2.71
 1  77.47  0.61  0  1  1.43
 0  60.30  0.84  0  0  0.85
 0  82.53  0.61  1  0  1.17
 1  67.44  1.24  1  1  6.61
 0  87.33  0.46  0  0  4.09
 0  98.95  0.95  1  0  1.79
 0  67.05  0.86  0  0  2.20
 1  67.44  0.33  1  1  2.75
 0  69.02  0.57  0  0  1.06
 1  70.67  0.27  1  1  2.61
 0  82.58  1.17  1  0  2.05
 1  92.95  0.86  0  1  1.24
 1  97.46  1.06  0  1  1.10
 0  70.67  0.27  0  0  3.31
 1  89.33  0.27  1  1  3.89
 1  62.54  0.51  1  1  1.62
 0  99.70  0.84  1  0  2.01
 0  99.70  0.73  1  0  1.12
 1  64.69  1.16  1  1  1.70
 0  67.44  1.24  0  0  1.76
 0  98.95  0.62  1  0  2.22
 1  78.06  1.37  0  1  8.67
 1  67.05  0.71  1  1  4.55
 0  67.05  0.71  0  0  1.83
 0  87.33  1.11  1  0  2.05
 0  82.58  0.40  0  0  4.09
 0  72.67  1.11  1  1  3.63
 1  98.95  0.62  0  1  4.22
 0  60.30  0.73  0  0  0.99
 1  69.02  1.00  1  1  1.40
 0  62.54  0.51  0  0  1.28
 1  74.25  1.34  0  0  1.04
 1  85.75  1.34  0  1  2.39
 0  77.42  1.17  1  0  3.55
 1  60.30  0.84  1  1  8.39
 0  92.56  0.33  0  0  3.45
 1  70.67  1.30  1  1  4.29
 0  86.10  0.86  1  0  1.21
 0  70.67  1.30  0  0  2.35
 0  92.56  1.24  1  0  1.74
 1  78.06  0.21  1  1  3.32
 0  73.90  0.86  1  0  2.05
 0  95.31  1.16  1  0  1.06
 0  73.90  0.71  1  0  1.87
 1  77.47  0.96  0  1  1.26
 1  90.98  1.00  0  1  1.09
 1  99.70  0.84  0  1  0.64
 1  95.31  1.16  0  1  0.67
 1  62.54  1.06  1  1  2.15
 0  61.05  0.95  0  0  1.37
 0  85.75  0.23  0  0  1.67
 1  81.94  1.37  0  1  1.78
 0  81.94  0.21  0  0  1.08
 0  74.25  1.34  1  0  4.11
 1  89.33  1.30  0  1  2.96
 1  74.25  0.23  1  1  2.40
 1  82.58  1.17  0  1  1.32
 1  69.02  0.57  1  0  2.07
 1  90.98  0.57  0  1  6.86
 1  73.90  0.71  0  1  2.49
 0  92.95  0.71  1  0  2.66
 0  64.69  0.42  0  0  1.51
 1  92.95  0.71  0  1  1.52
 1  99.70  0.73  0  1  1.38
 0  97.46  0.51  0  0  2.21
 1  98.95  0.95  0  1  0.80
 0  90.98  1.00  1  0  1.77
 0  61.05  0.62  0  0  0.82
 1  64.69  0.42  1  1  0.93
 1  97.46  0.51  1  1  3.89
 0  85.75  1.34  1  0  1.57
 0  61.05  0.95  0  0  1.00
 1  82.53  0.96  0  1  3.48
 0  60.30  0.73  0  0  1.18
 0  98.95  0.62  1  0 12.68
 1  95.31  1.16  0  1  1.36
 0  82.58  0.40  0  0  3.62
 1  86.10  0.71  0  1  1.73
 0  92.95  0.71  1  0  2.06
 0  97.46  1.06  1  0  1.80
 1  78.06  0.21  1  1  2.70
 1  60.30  0.73  1  1  1.59
 0  70.67  1.30  0  0  3.39
 0  61.05  0.62  0  0  0.70
 1  89.33  1.30  0  1  0.88
 1  70.67  0.27  1  0  4.05
 0  86.10  0.86  1  0  1.28
 0  90.98  1.00  1  0  1.14
 0  70.67  0.27  0  0  4.31
 1  73.90  0.86  0  1  1.28
 1  81.94  1.37  0  1  0.79
 0  77.42  0.40  0  0  1.38
 0  89.33  0.27  0  0  1.18
 0  62.54  1.06  0  0  0.88
 0  64.69  0.42  0  0  1.81
 1  92.95  0.71  0  1  3.20
 1  98.95  0.95  0  1  1.00
 0  90.98  0.57  1  0  3.96
 0  67.44  1.24  0  0  1.19
 0  74.25  0.23  0  0  2.74
 0  87.33  1.11  1  0  4.06
 1  62.54  1.06  1  1  0.97
 1  72.67  1.11  0  1  3.18
 0  89.33  1.30  1  0  2.23
 0  86.10  0.71  1  0  2.49
 1  74.25  0.23  1  1  2.55
 1  97.46  0.51  1  1  4.80
 0  97.46  0.51  0  0  3.46
 1  98.95  0.62  0  1  4.45
 1  67.44  0.33  1  1  8.84
 1  82.53  0.61  0  1  2.68
 1  97.46  1.06  0  1  0.91
 1  90.98  0.57  0  1  1.19
 1  92.56  0.33  1  1  1.88
 0  77.47  0.96  1  0  1.72
 1  99.70  0.84  0  1  1.55
 0  73.90  0.86  1  0  4.36
 0  87.33  0.46  0  0  4.94
 1  61.05  0.62  1  1  1.26
 1  99.70  0.73  0  1 12.16
 1  60.30  0.84  1  1  4.10
 1  81.94  0.21  1  1  1.90
 0  77.42  1.17  1  0  1.18
 1  69.02  0.57  1  0  3.18
 0  95.31  1.16  1  0  9.20
 0  62.54  0.51  0  0  5.27
 0  81.94  0.21  0  0  2.15
 0  60.30  0.84  0  0  0.67
 1  77.42  0.40  1  1  2.69
 1  67.05  0.71  1  1  3.52
 0  73.90  0.71  1  0  2.25
 1  82.58  1.17  0  1  1.77
 1  67.05  0.86  1  1  4.18
 0  92.56  0.33  0  0  2.90
 1  89.33  0.27  1  1  3.17
 1  77.47  0.96  0  1  1.23
 1  67.44  1.24  1  1  1.39
 1  85.75  1.34  0  1  0.95
 1  62.54  0.51  1  1  1.22
 1  69.02  1.00  1  1  2.02
 0  85.75  0.23  0  0  2.30
 0  99.70  0.84  1  0  2.11
 0  98.95  0.95  1  0  0.86
 1  64.69  1.16  1  1  1.07
 0  72.67  0.46  0  1  1.67
 0  78.06  1.37  1  0  4.50
 0  92.95  0.86  1  0  1.05
 1  74.25  1.34  0  1  1.46
 0  69.02  0.57  0  1  2.73
 0  78.06  0.21  0  0  5.12
 1  92.95  0.86  0  1  2.04
 1  64.69  0.42  1  1  1.37
 1  90.98  1.00  0  1  2.34
 0  95.31  0.42  0  0  2.70
 1  77.42  1.17  0  1  2.18
 0  81.94  1.37  1  0  3.33
 1  61.05  0.95  1  1  1.21
 0  67.05  0.86  0  1  1.66
 1  77.47  0.61  0  1  1.63
 0  92.56  1.24  1  0  4.42
 1  82.58  0.40  1  1  4.93
 0  82.53  0.61  1  0  6.31
 0  82.58  1.17  1  0  0.94
 1  87.33  1.11  0  1  0.94
 1  85.75  0.23  1  1  2.68
 0  99.70  0.73  1  0  1.46
 1  73.90  0.71  0  1  1.38
 0  82.53  0.96  1  0  0.96
 1  86.10  0.86  0  1  1.02
 1  70.67  1.30  1  1  5.40
 0  67.44  0.33  0  0  1.81
 1  87.33  0.46  1  1  2.52
 0  74.25  1.34  1  0  2.19
 1  92.56  1.24  0  1  2.23
 1  78.06  1.37  0  1  1.02
 0  72.67  1.11  1  1  3.87
 0  77.47  0.61  1  0  4.27
 0  64.69  1.16  0  0  1.16
 1  72.67  0.46  1  0  5.48
 0  67.05  0.71  0  0  1.00
 0  69.02  1.00  0  0  0.89
 1  95.31  0.42  1  1  4.54
