 1  72.67  0.46  0  0  2.39
 0  81.94  1.37  1  0  1.19
 1  81.94  0.21  0  1  0.56
 0  77.47  0.61  0  1  0.42
 1  62.54  1.06  1  0  3.96
 0  99.70  0.73  0  0  2.25
 1  64.69  0.42  0  0  0.79
 0  87.33  1.11  1  0  2.03
 0  98.95  0.95  1  0  2.44
 0  92.95  0.86  1  0  1.44
 0  82.53  0.96  0  1  0.55
 0  85.75  1.34  1  0  9.42
 0  90.98  1.00  1  0  3.99
 0  82.58  1.17  1  0  4.64
 1  78.06  0.21  1  0  4.59
 0  72.67  1.11  1  0  6.71
 0  82.58  1.17  0  1  2.34
 1  67.44  1.24  0  1  3.18
 1  97.46  0.51  0  0  0.94
 0  77.47  0.61  1  0  5.56
 0  73.90  0.86  0  0  2.74
 1  69.02  1.00  1  1  4.15
 0  92.56  1.24  0  0  3.46
 0  98.95  0.62  1  0  3.20
 0  99.70  0.84  0  1  3.69
 0  98.95  0.62  0  0  0.84
 0  92.56  1.24  1  1 12.99
 1  61.05  0.95  1  1  0.75
 1  60.30  0.73  1  1  0.57
 1  85.75  0.23  0  0  1.26
 0  77.42  1.17  1  0  0.62
 1  69.02  1.00  0  1  0.87
 0  77.42  1.17  0  1  0.76
 0  90.98  0.57  0  0  1.11
 1  69.02  0.57  1  1  2.02
 1  78.06  0.21  0  1  0.72
 1  92.56  0.33  1  0  0.51
 1  61.05  0.62  0  0  0.72
 1  77.42  0.40  0  1  0.59
 0  90.98  1.00  0  0  0.71
 1  70.67  0.27  0  1  0.66
 1  92.56  0.33  0  0  0.68
 0  74.25  1.34  1  0  1.19
 0  73.90  0.71  0  1  0.65
 1  67.44  0.33  0  0  0.78
 1  72.67  0.46  1  0  1.02
 1  95.31  0.42  1  0  1.26
 0  77.47  0.96  1  0  0.90
 1  97.46  0.51  1  0  0.55
 0  73.90  0.71  1  1  1.50
 0  73.90  0.86  1  0  0.83
 1  82.58  0.40  0  1  1.28
 1  77.42  0.40  1  1  0.82
 0  86.10  0.86  0  0  0.89
 0  86.10  0.71  0  0  0.72
 1  67.44  1.24  1  1  0.82
 0  78.06  1.37  1  0  1.40
 0  81.94  1.37  0  1  0.82
 1  87.33  0.46  1  0  1.04
 1  67.05  0.86  1  1  2.05
 0  86.10  0.71  1  0  0.78
 1  61.05  0.62  1  1  0.80
 1  67.05  0.71  1  1  3.86
 1  74.25  0.23  0  0  0.78
 0  95.31  1.16  1  0  0.38
 1  60.30  0.84  1  1  0.78
 1  74.25  0.23  1  1  1.15
 1  70.67  0.27  1  1  0.85
 1  64.69  1.16  1  1  1.66
 0  98.95  0.95  0  0  0.67
 1  70.67  1.30  0  1  0.91
 0  74.25  1.34  0  1  0.72
 0  90.98  0.57  1  0  0.68
 1  67.44  0.33  1  1  0.73
 0  78.06  1.37  0  0  1.04
 1  61.05  0.95  0  1  0.60
 0  97.46  1.06  1  0  0.60
 1  62.54  0.51  1  1  0.64
 1  70.67  1.30  1  0  1.00
 1  64.69  0.42  1  1  2.08
 1  87.33  0.46  0  1  5.02
 0  92.95  0.86  0  1  0.74
 0  99.70  0.84  1  0  0.61
 1  85.75  0.23  1  0  0.62
 0  97.46  1.06  0  0  0.78
 0  95.31  1.16  0  1  0.78
 1  67.05  0.86  0  1  0.81
 1  89.33  0.27  1  0  0.71
 0  82.53  0.96  1  0  0.80
 0  99.70  0.73  1  0  0.79
 0  89.33  1.30  0  1  0.84
 1  95.31  0.42  0  1  2.06
 1  64.69  1.16  0  1  0.74
 0  92.95  0.71  0  0  0.74
 1  89.33  0.27  0  0  1.40
 1  67.05  0.71  0  1  0.87
 1  60.30  0.73  0  1  0.70
 1  81.94  0.21  1  0  3.64
 0  82.53  0.61  1  0  0.81
 1  69.02  0.57  0  1  2.40
 1  62.54  1.06  0  1  0.63
 1  62.54  0.51  0  1  0.73
 0  86.10  0.86  1  0  0.53
 0  85.75  1.34  0  0  1.33
 0  87.33  1.11  0  0  1.33
 1  82.58  0.40  1  0  1.19
 0  72.67  1.11  0  1  0.64
 0  89.33  1.30  1  0  0.41
 1  60.30  0.84  0  0  0.50
 0  82.53  0.61  0  0  0.90
 0  77.47  0.96  0  1  0.99
 0  92.95  0.71  1  0  1.17
 0  92.56  1.24  0  0  2.97
 0  82.53  0.96  0  1  1.42
 1  67.44  0.33  0  1  0.68
 1  61.05  0.62  1  1  0.91
 1  77.42  0.40  0  1  1.76
 0  86.10  0.86  0  0  0.76
 0  78.06  1.37  1  1  3.01
 0  73.90  0.71  1  0  0.94
 0  95.31  1.16  1  0  0.67
 0  82.53  0.61  1  0  2.93
 0  73.90  0.86  0  1  1.29
 0  81.94  1.37  0  0  0.50
 0  99.70  0.84  1  0  0.81
 0  82.53  0.61  0  0  2.96
 1  95.31  0.42  0  0  1.47
 0  72.67  1.11  0  0  0.52
 0  92.95  0.86  0  0  0.67
 0  74.25  1.34  1  1  0.73
 0  77.47  0.61  0  0  0.31
 0  90.98  1.00  0  0  0.46
 0  92.56  1.24  1  0  0.29
 1  87.33  0.46  1  0  0.39
 0  77.47  0.96  0  1  0.27
 1  67.05  0.86  0  0  0.59
 0  90.98  0.57  0  0  0.66
 0  82.58  1.17  0  1  0.54
 0  97.46  1.06  0  0  0.30
 0  98.95  0.62  0  0  0.55
 1  95.31  0.42  1  0  0.49
 1  61.05  0.95  0  1  0.59
 1  97.46  0.51  1  0  0.46
 0  72.67  1.11  1  1  0.82
 1  70.67  1.30  0  1  0.91
 0  77.47  0.96  1  1  1.09
 0  86.10  0.71  0  0  0.76
 1  85.75  0.23  0  0  0.62
 1  92.56  0.33  0  0  0.25
 1  62.54  1.06  1  1  0.66
 1  92.56  0.33  1  0  0.92
 0  98.95  0.62  1  1  0.45
 1  60.30  0.84  1  1  0.63
 1  85.75  0.23  1  0  0.89
 1  61.05  0.95  1  1  0.63
 1  81.94  0.21  0  1  0.57
 0  99.70  0.73  0  0  0.68
 0  86.10  0.71  1  1  0.71
 1  60.30  0.84  0  1  0.62
 0  73.90  0.71  0  1  0.87
 1  67.05  0.86  1  1  0.70
 0  90.98  1.00  1  0  0.38
 1  78.06  0.21  0  0  1.40
 0  98.95  0.95  0  0  0.48
 1  69.02  1.00  1  1  0.55
 0  87.33  1.11  0  1  0.79
 1  69.02  0.57  0  1  0.63
 1  89.33  0.27  1  0  0.81
 1  67.44  0.33  1  1  0.73
 0  77.42  1.17  1  0  0.26
 1  74.25  0.23  1  1  0.65
 1  61.05  0.62  0  1  0.58
 1  70.67  0.27  1  1  0.77
 1  78.06  0.21  1  1  0.65
 1  64.69  1.16  1  1  0.55
 0  98.95  0.95  1  0  0.52
 1  70.67  1.30  1  1  0.47
 0  86.10  0.86  1  0  0.89
 1  70.67  0.27  0  1  0.76
 1  82.58  0.40  0  1  0.80
 1  67.44  1.24  0  1  0.88
 1  89.33  0.27  0  0  0.87
 1  67.05  0.71  1  1  0.90
 0  78.06  1.37  0  1  0.37
 1  77.42  0.40  1  1  0.60
 0  87.33  1.11  1  0  0.51
 1  60.30  0.73  0  1  0.61
 0  89.33  1.30  1  0  0.44
 1  69.02  0.57  1  1  0.61
 1  82.58  0.40  1  0  0.38
 0  77.42  1.17  0  1  0.55
 1  64.69  1.16  0  0  0.44
 0  82.53  0.96  1  0  0.59
 0  74.25  1.34  0  1  0.55
 0  95.31  1.16  0  0  0.77
 0  97.46  1.06  1  0  0.51
 0  77.47  0.61  1  1  0.62
 1  69.02  1.00  0  1  0.71
 0  99.70  0.84  0  0  0.55
 1  62.54  1.06  0  1  0.44
 1  67.44  1.24  1  1  0.55
 1  87.33  0.46  0  0  0.73
 1  72.67  0.46  0  1  0.76
 0  85.75  1.34  1  0  3.47
 0  90.98  0.57  1  0  1.32
 1  72.67  0.46  1  1  6.46
 1  62.54  0.51  0  1  0.82
 0  81.94  1.37  1  1  4.31
 0  92.95  0.71  0  0  0.57
 1  81.94  0.21  1  0  1.32
 1  97.46  0.51  0  0  0.73
 0  92.95  0.86  1  0  1.09
 1  60.30  0.73  1  0  0.60
 0  85.75  1.34  0  1  0.79
 1  62.54  0.51  1  1  5.61
 1  67.05  0.71  0  1  0.64
 0  92.95  0.71  1  0  0.51
 0  99.70  0.73  1  0  0.47
 1  64.69  0.42  0  1  0.51
 1  74.25  0.23  0  1  0.53
 0  73.90  0.86  1  0  0.69
 1  64.69  0.42  1  0  0.48
 0  82.58  1.17  1  0  0.49
 0  89.33  1.30  0  0  1.07
 1  72.67  0.46  0  1  4.57
 0  77.42  1.17  1  0  0.68
 1  62.54  1.06  0  1  0.54
 1  67.05  0.86  0  1  0.59
 1  67.44  0.33  0  1  0.45
 1  60.30  0.84  1  1  0.55
 1  95.31  0.42  0  0  0.61
 0  86.10  0.71  1  0  0.56
 1  74.25  0.23  1  1  0.78
 0  82.53  0.61  0  1  3.35
 0  86.10  0.86  1  0  0.75
 0  77.47  0.96  0  1  1.25
 0  95.31  1.16  1  0  0.70
 0  82.58  1.17  0  1  1.28
 0  95.31  1.16  0  1  1.81
 1  78.06  0.21  1  1  1.14
 0  99.70  0.73  0  0  0.77
 0  72.67  1.11  0  1  0.67
 0  87.33  1.11  0  1  0.55
 0  97.46  1.06  0  0  3.78
 1  64.69  0.42  0  1  2.70
 0  78.06  1.37  1  1  1.87
 0  89.33  1.30  1  0  3.97
 0  82.53  0.96  0  1  2.47
 0  97.46  1.06  1  1  1.62
 1  89.33  0.27  1  1  0.77
 0  99.70  0.84  1  0  0.98
 0  99.70  0.73  1  1  0.57
 1  70.67  1.30  1  1  0.49
 1  81.94  0.21  1  0  0.98
 0  81.94  1.37  1  0  0.79
 1  64.69  1.16  1  1  0.47
 0  98.95  0.62  0  0  0.78
 0  92.56  1.24  0  1  0.50
 1  97.46  0.51  1  0  0.54
 1  70.67  1.30  0  0  0.25
 1  62.54  0.51  0  1  0.31
 0  82.53  0.61  1  0  0.51
 1  69.02  1.00  0  1  0.49
 0  89.33  1.30  0  0  0.64
 1  70.67  0.27  0  1  0.56
 1  87.33  0.46  0  0  1.05
 1  67.44  0.33  1  1  0.59
 1  61.05  0.62  1  1  0.44
 0  90.98  1.00  1  0  0.72
 0  90.98  0.57  1  0  0.53
 1  60.30  0.84  0  1  0.35
 1  97.46  0.51  0  0  0.63
 0  78.06  1.37  0  1  0.57
 1  60.30  0.73  0  0  0.37
 0  90.98  1.00  0  0  0.75
 0  85.75  1.34  1  0  0.87
 0  86.10  0.86  0  1  0.29
 1  77.42  0.40  1  1  1.32
 0  73.90  0.86  0  1  0.55
 1  62.54  0.51  1  1  1.56
 0  87.33  1.11  1  0  0.53
 0  77.47  0.61  1  1  0.70
 1  61.05  0.95  1  1  0.65
 0  86.10  0.71  0  0  1.13
 1  67.05  0.71  1  1  0.60
 0  74.25  1.34  0  1  0.63
 0  98.95  0.62  1  0  0.82
 0  90.98  0.57  0  1  4.49
 1  77.42  0.40  0  1  1.87
 0  99.70  0.84  0  0  0.93
 1  82.58  0.40  1  0  2.50
 1  67.44  1.24  1  1  1.28
 0  82.58  1.17  1  0  2.53
 1  67.05  0.86  1  1  0.55
 1  70.67  0.27  1  1  0.60
 1  60.30  0.73  1  1  0.50
 1  64.69  1.16  0  1  0.89
 0  92.95  0.86  0  0  1.17
 0  81.94  1.37  0  1  0.49
 0  77.47  0.61  0  1  1.39
 1  67.05  0.71  0  1  4.01
 1  69.02  1.00  1  1  2.66
 0  92.95  0.71  1  0  6.04
 1  72.67  0.46  1  1  1.46
 0  77.42  1.17  0  1  1.38
 1  64.69  0.42  1  1  0.66
 0  82.53  0.96  1  1  0.82
 1  61.05  0.95  0  1  0.46
 0  92.95  0.86  1  0  2.43
 0  85.75  1.34  0  1  0.41
 1  62.54  1.06  1  1  0.62
 1  89.33  0.27  0  0  2.00
 1  61.05  0.62  0  1  0.43
 1  81.94  0.21  0  1  0.67
 0  77.47  0.96  1  1  0.82
 1  74.25  0.23  0  1  0.54
 0  92.56  1.24  1  0  1.06
 0  72.67  1.11  1  0  0.80
 1  85.75  0.23  0  1  1.17
 1  69.02  0.57  0  1  0.72
 0  98.95  0.95  1  0  0.90
 0  98.95  0.95  0  1  1.39
 0  73.90  0.71  0  1  0.57
 1  95.31  0.42  1  0  1.16
 1  85.75  0.23  1  1  1.60
 1  67.44  1.24  0  1  1.59
 0  74.25  1.34  1  1  0.43
 0  92.95  0.71  0  1  0.46
 0  73.90  0.71  1  1  0.43
 1  82.58  0.40  0  1  0.62
 0  73.90  0.86  1  1  0.64
 1  92.56  0.33  1  1  0.46
 1  78.06  0.21  0  1  0.94
 1  92.56  0.33  0  0  1.61
 1  69.02  0.57  1  1  0.45
 1  87.33  0.46  1  1  0.90
 0  74.25  1.34  1  1  1.59
 1  70.67  1.30  0  1  0.71
 0  95.31  1.16  1  0  1.14
 1  77.42  0.40  1  1  0.66
 0  90.98  0.57  1  0  0.80
 0  86.10  0.71  1  0  0.80
 1  67.44  0.33  1  1  0.64
 1  67.05  0.71  0  1  1.12
 1  60.30  0.84  0  1  0.69
 0  85.75  1.34  1  0  0.57
 0  86.10  0.71  0  1  0.65
 1  78.06  0.21  1  1  1.63
 0  77.42  1.17  0  1  1.38
 1  67.44  1.24  1  1  6.24
 0  92.56  1.24  0  0  3.74
 0  92.95  0.86  1  0  0.71
 0  98.95  0.95  1  0  1.13
 0  99.70  0.73  0  0  0.61
 0  77.47  0.61  0  1  0.51
 1  62.54  0.51  0  1  0.64
 1  62.54  1.06  0  1  0.98
 1  82.58  0.40  1  1  1.26
 0  97.46  1.06  0  0  0.97
 0  73.90  0.86  0  1  0.70
 0  78.06  1.37  0  0  1.30
 0  82.53  0.96  0  0  0.85
 1  64.69  1.16  1  1  0.52
 0  86.10  0.86  0  1  0.66
 1  61.05  0.95  0  1  0.49
 1  62.54  1.06  1  1  0.55
 1  67.05  0.86  0  1  0.58
 1  67.44  0.33  0  1  0.47
 1  70.67  0.27  1  1  1.83
 0  82.53  0.61  0  0  2.18
 0  99.70  0.73  1  0  1.22
 0  99.70  0.84  0  0  0.65
 1  69.02  0.57  1  1  0.73
 1  67.05  0.86  1  1  0.60
 0  72.67  1.11  1  1  0.59
 0  73.90  0.71  1  1  0.60
 1  87.33  0.46  0  0  0.45
 1  81.94  0.21  0  1  0.53
 1  74.25  0.23  0  1  0.54
 1  81.94  0.21  1  1  0.47
 1  61.05  0.62  1  1  0.48
 0  89.33  1.30  1  0  0.92
 1  97.46  0.51  1  0  0.79
 0  98.95  0.95  0  1  0.55
 1  61.05  0.95  1  1  0.98
 0  78.06  1.37  1  1  0.48
 1  60.30  0.73  0  1  0.52
 1  64.69  1.16  0  1  0.69
 0  90.98  0.57  0  0  2.48
 0  77.47  0.96  0  1  0.61
 1  82.58  0.40  0  0  3.56
 0  81.94  1.37  0  1  0.55
 0  77.42  1.17  1  1  1.53
 1  69.02  1.00  1  1  0.46
 0  90.98  1.00  0  0  0.73
 1  78.06  0.21  0  1  0.48
 1  64.69  0.42  0  1  0.56
 0  92.95  0.71  0  0  0.65
 1  67.44  1.24  0  1  0.95
 1  95.31  0.42  0  0  0.77
 0  92.95  0.86  0  1  0.43
 1  85.75  0.23  1  0  0.56
 0  77.47  0.96  1  1  0.37
 0  82.58  1.17  1  1  0.33
 0  73.90  0.71  0  1  0.24
 1  97.46  0.51  0  0  0.40
 1  89.33  0.27  1  1  0.44
 0  72.67  1.11  0  1  0.61
 0  77.47  0.61  1  1  2.33
 0  97.46  1.06  1  0  2.53
 1  92.56  0.33  0  0  0.69
 0  82.53  0.61  1  1  0.49
 0  87.33  1.11  1  0  0.36
 1  67.05  0.71  1  1  0.63
 1  64.69  0.42  1  1  0.47
 1  62.54  0.51  1  1  0.34
 0  73.90  0.86  1  1  0.39
 1  77.42  0.40  0  0  0.23
 1  87.33  0.46  1  1  0.56
 0  74.25  1.34  0  1  0.80
 0  99.70  0.84  1  0  0.43
 1  74.25  0.23  1  1  0.71
 1  60.30  0.84  1  1  0.62
 1  69.02  0.57  0  1  0.62
 1  85.75  0.23  0  1  1.46
 1  72.67  0.46  0  0  2.29
 0  86.10  0.86  1  0  0.56
 0  92.95  0.71  1  0  0.53
 1  72.67  0.46  1  1  0.67
 1  89.33  0.27  0  1  0.78
 1  69.02  1.00  0  1  0.47
 1  61.05  0.62  0  1  0.49
 0  98.95  0.62  0  1  0.32
 0  82.58  1.17  0  0  0.39
 1  95.31  0.42  1  0  0.25
 0  98.95  0.62  1  1  0.24
 0  89.33  1.30  0  1  0.53
 0  82.53  0.96  1  0  0.69
 0  85.75  1.34  0  1  0.77
 0  87.33  1.11  0  1  0.85
 0  92.56  1.24  1  1  0.79
 0  90.98  1.00  1  0  0.56
 1  70.67  0.27  0  1  0.65
 1  70.67  1.30  1  1  0.65
 1  60.30  0.73  1  1  0.96
 0  81.94  1.37  1  1  0.35
 1  92.56  0.33  1  1  0.44
 0  95.31  1.16  0  1  0.76
 0  77.47  0.96  0  1  1.54
 1  67.44  1.24  1  1  4.79
 1  69.02  0.57  1  1  0.71
 1  67.05  0.71  1  1  0.70
 0  90.98  1.00  0  0  0.55
 0  92.95  0.71  0  0  0.64
 0  95.31  1.16  0  0  0.67
 0  85.75  1.34  1  0  0.51
 1  70.67  1.30  1  1  0.86
 1  97.46  0.51  1  0  0.52
 1  62.54  0.51  1  1  0.49
 1  74.25  0.23  1  1  1.53
 1  92.56  0.33  1  0  2.81
 1  78.06  0.21  0  1  2.89
 1  67.44  0.33  0  1  1.03
 0  81.94  1.37  1  0  1.36
 0  82.58  1.17  1  1  0.82
 0  73.90  0.86  1  1  2.43
 1  60.30  0.84  1  1  1.51
 1  61.05  0.62  1  1  0.58
 0  72.67  1.11  0  1  0.33
 1  61.05  0.95  1  1  0.73
 0  89.33  1.30  0  1  7.94
 0  98.95  0.95  1  1  0.72
 0  82.58  1.17  0  1  0.45
 0  77.47  0.96  1  0  1.21
 1  97.46  0.51  0  0  0.65
 1  74.25  0.23  0  1  0.49
 1  69.02  0.57  0  1  0.43
 1  60.30  0.73  1  1  0.46
 0  95.31  1.16  1  0  0.65
 0  77.42  1.17  1  1  0.52
 0  82.53  0.96  0  1  0.39
 1  81.94  0.21  1  1  0.55
 1  60.30  0.84  0  1  0.61
 0  77.42  1.17  0  1  0.73
 0  89.33  1.30  1  0  0.68
 1  78.06  0.21  1  1  0.63
 0  82.53  0.96  1  0  0.66
 0  73.90  0.71  1  1  0.41
 1  77.42  0.40  1  0  0.35
 1  77.42  0.40  0  1  0.55
 1  82.58  0.40  1  1  0.54
 0  86.10  0.71  0  1  0.60
 0  74.25  1.34  0  1  0.55
 0  86.10  0.86  1  1  0.53
 0  98.95  0.62  0  0  0.38
 1  61.05  0.62  0  1  0.52
 1  64.69  0.42  0  1  0.63
 0  92.56  1.24  0  0  0.62
 0  99.70  0.84  1  0  0.65
 0  97.46  1.06  1  0  0.54
 1  69.02  1.00  0  1  0.49
 0  99.70  0.73  0  0  0.70
 0  98.95  0.62  1  1  0.64
 1  60.30  0.73  0  1  0.62
 1  62.54  0.51  0  1  0.62
 0  92.95  0.86  1  0  0.55
 1  85.75  0.23  0  1  1.06
 0  87.33  1.11  1  0  0.88
 1  67.05  0.86  0  1  0.73
 1  70.67  1.30  0  0  0.69
 1  92.56  0.33  0  0  0.51
 0  90.98  1.00  1  0  0.36
 1  87.33  0.46  0  1  0.66
 0  85.75  1.34  0  0  0.75
 0  74.25  1.34  1  0  0.63
 0  99.70  0.73  1  1  0.45
 1  62.54  1.06  1  0  0.25
 1  70.67  0.27  0  0  0.86
 1  62.54  1.06  0  1  0.41
 0  99.70  0.84  0  0  0.49
 0  92.95  0.86  0  0  0.75
 1  82.58  0.40  0  1  0.63
 0  92.95  0.71  1  0  0.69
 0  73.90  0.86  0  1  0.78
 1  85.75  0.23  1  0  0.39
 1  69.02  1.00  1  1  0.51
 0  77.47  0.61  0  1  1.19
 0  86.10  0.71  1  0  0.51
 0  81.94  1.37  0  1  0.60
 0  90.98  0.57  0  1  0.28
 0  92.56  1.24  1  0  0.43
 0  98.95  0.95  0  0  0.51
 1  67.44  0.33  1  1  0.58
 1  61.05  0.95  0  1  0.85
 1  67.44  1.24  0  1  0.42
 1  81.94  0.21  0  0  0.48
 0  82.53  0.61  0  1  0.53
 1  67.05  0.86  1  1  5.39
 1  89.33  0.27  0  0  1.56
 1  95.31  0.42  1  0  1.82
 0  90.98  0.57  1  0  1.09
 0  82.53  0.61  1  1  0.53
 1  87.33  0.46  1  1  0.77
 1  67.05  0.71  0  1  0.71
 1  64.69  1.16  1  1  0.40
 1  64.69  1.16  0  1  0.50
 0  73.90  0.71  0  1  0.36
 1  95.31  0.42  0  0  0.33
 1  89.33  0.27  1  0  1.14
 0  77.47  0.61  1  0  0.48
 0  97.46  1.06  0  1  0.57
 0  78.06  1.37  0  1  0.63
 1  72.67  0.46  1  1  0.65
 0  86.10  0.86  0  0  0.32
 0  72.67  1.11  1  1  0.48
 1  64.69  0.42  1  1  0.73
 1  72.67  0.46  0  0  0.83
 0  87.33  1.11  0  0  0.71
 1  70.67  0.27  1  0  1.14
 0  78.06  1.37  1  0  0.59
