 1  67.05  0.71  1  0  5.09
 0  74.25  1.34  0  0  1.57
 0  74.25  1.34  1  1  3.00
 0  99.70  0.84  1  1 10.78
 1  70.67  0.27  1  0  1.85
 0  92.95  0.86  0  0  3.55
 1  67.05  0.86  1  0  2.75
 0  73.90  0.86  1  1  2.10
 0  77.42  1.17  0  0  1.48
 0  72.67  1.11  1  1  1.47
 0  99.70  0.73  0  0  1.38
 1  69.02  0.57  0  0  1.10
 1  60.30  0.84  0  1  1.10
 0  86.10  0.86  1  1  1.60
 1  60.30  0.84  1  1  0.83
 0  78.06  1.37  1  1  3.36
 1  67.44  1.24  1  0  1.91
 0  82.58  1.17  0  0  1.07
 0  82.58  1.17  1  0  1.09
 0  77.47  0.96  1  1  2.40
 1  69.02  0.57  1  0  2.24
 1  92.56  0.33  1  0  0.93
 0  77.47  0.61  0  0  1.57
 1  67.05  0.86  0  0  0.54
 0  90.98  1.00  1  1  2.33
 1  87.33  0.46  1  0  2.79
 0  97.46  1.06  0  0  1.67
 1  70.67  0.27  0  0  2.25
 0  98.95  0.62  1  0  3.06
 0  85.75  1.34  1  1  2.21
 0  86.10  0.71  1  0  1.74
 1  69.02  1.00  1  0  2.27
 0  89.33  1.30  0  0  1.49
 0  87.33  1.11  1  1  2.61
 1  97.46  0.51  0  0  1.29
 0  73.90  0.86  0  0  2.38
 0  92.56  1.24  1  1  1.00
 0  81.94  1.37  1  1  4.45
 0  82.53  0.61  0  0  1.30
 0  82.53  0.96  1  0  1.88
 1  87.33  0.46  0  1  2.00
 1  81.94  0.21  0  1  1.69
 1  95.31  0.42  1  1  2.58
 0  92.95  0.86  1  1  1.34
 1  70.67  1.30  0  0  2.87
 1  61.05  0.62  1  1  2.19
 1  61.05  0.95  0  1  0.85
 0  78.06  1.37  0  1  2.48
 0  97.46  1.06  1  1  2.40
 1  85.75  0.23  1  1  2.58
 0  77.42  1.17  1  0  0.61
 0  99.70  0.73  1  1  1.97
 1  62.54  0.51  0  1  2.05
 1  67.05  0.71  0  1  1.18
 1  69.02  1.00  0  1  0.75
 0  90.98  1.00  0  0  1.16
 1  89.33  0.27  0  0  1.77
 1  95.31  0.42  0  1  0.83
 1  60.30  0.73  0  1  5.36
 1  89.33  0.27  1  1  4.71
 0  95.31  1.16  1  1  1.64
 1  82.58  0.40  0  1  1.65
 1  61.05  0.62  0  1  3.12
 0  85.75  1.34  0  1  3.41
 1  64.69  1.16  0  1  0.89
 0  87.33  1.11  0  0  3.77
 1  60.30  0.73  1  1  2.47
 1  61.05  0.95  1  1  0.72
 0  86.10  0.86  0  1  1.96
 0  77.47  0.61  1  1  1.37
 0  92.56  1.24  0  0  1.27
 1  64.69  0.42  0  1  1.50
 1  64.69  0.42  1  1  0.56
 1  62.54  1.06  0  1  0.60
 1  72.67  0.46  0  0  1.76
 0  82.53  0.96  0  1  1.47
 1  74.25  0.23  0  0  1.52
 1  78.06  0.21  0  0  0.84
 1  97.46  0.51  1  1  0.90
 0  81.94  1.37  0  1  0.96
 0  90.98  0.57  0  1  2.07
 1  85.75  0.23  0  0  0.89
 1  62.54  0.51  1  1  0.66
 0  82.53  0.61  1  1  3.12
 1  67.44  1.24  0  1  2.18
 0  95.31  1.16  0  1  3.04
 0  89.33  1.30  1  0  1.28
 0  72.67  1.11  0  0  1.31
 1  67.44  0.33  0  1  0.65
 1  64.69  1.16  1  1  0.44
 1  62.54  1.06  1  1  0.47
 0  77.47  0.96  0  1  3.70
 1  74.25  0.23  1  0  0.82
 0  73.90  0.71  0  0  1.81
 0  98.95  0.95  0  0  0.94
 0  90.98  0.57  1  0  1.07
 0  86.10  0.71  0  0  1.35
 0  98.95  0.62  0  0  0.86
 0  73.90  0.71  1  0  3.48
 1  77.42  0.40  0  0  0.91
 1  92.56  0.33  0  0  1.75
 1  82.58  0.40  1  0  2.22
 0  92.95  0.71  0  1  0.77
 1  70.67  1.30  1  1  0.71
 0  92.95  0.71  1  1  2.68
 1  72.67  0.46  1  1  0.90
 1  81.94  0.21  1  1  0.95
 0  98.95  0.95  1  0  0.75
 1  77.42  0.40  1  0  1.50
 1  67.44  0.33  1  1  0.99
 0  99.70  0.84  0  0  1.70
 1  78.06  0.21  1  1  1.00
 1  77.42  0.40  1  0  5.25
 0  99.70  0.73  0  0  1.17
 0  73.90  0.86  0  1  1.20
 0  77.47  0.61  1  1  0.98
 1  69.02  1.00  1  1  0.82
 0  82.53  0.96  1  1  5.82
 0  77.47  0.96  1  0  1.10
 0  98.95  0.62  0  0  1.03
 1  72.67  0.46  1  0  1.80
 1  89.33  0.27  0  0  0.86
 0  85.75  1.34  1  1  3.55
 1  81.94  0.21  1  0  1.17
 0  95.31  1.16  0  0  1.90
 1  60.30  0.73  0  1  0.59
 0  92.56  1.24  1  1  2.97
 1  87.33  0.46  0  0  2.56
 0  77.47  0.61  0  1  1.59
 0  92.95  0.71  1  1  0.55
 0  85.75  1.34  0  0  1.34
 0  98.95  0.95  1  1  1.33
 1  82.58  0.40  0  0  1.62
 1  85.75  0.23  0  1  2.00
 1  70.67  0.27  0  1  0.74
 1  74.25  0.23  0  1  0.66
 1  62.54  1.06  0  1  0.59
 0  72.67  1.11  0  1  0.55
 0  89.33  1.30  0  0  0.99
 1  60.30  0.84  0  1  0.66
 0  90.98  0.57  1  0  2.66
 1  92.56  0.33  1  0  0.67
 0  87.33  1.11  1  0  1.06
 1  62.54  1.06  1  1  0.60
 1  74.25  0.23  1  1  2.91
 0  72.67  1.11  1  1  1.96
 0  90.98  0.57  0  0  2.82
 0  73.90  0.71  0  1  2.68
 1  85.75  0.23  1  0  2.73
 0  74.25  1.34  0  1  0.79
 1  81.94  0.21  0  0  4.13
 0  87.33  1.11  0  0  3.22
 1  69.02  1.00  0  0  2.02
 0  78.06  1.37  0  0  1.27
 0  99.70  0.84  1  1  0.60
 1  78.06  0.21  0  0  2.31
 0  92.95  0.86  1  0  1.96
 0  78.06  1.37  1  0  1.32
 1  64.69  1.16  0  1  0.80
 0  90.98  1.00  1  1  1.45
 1  67.05  0.86  1  1  0.65
 0  86.10  0.71  0  0  1.35
 0  82.53  0.61  0  0  1.20
 1  70.67  1.30  0  1  0.93
 0  77.47  0.96  0  0  1.34
 1  70.67  0.27  1  0  2.03
 1  62.54  0.51  0  1  0.65
 1  61.05  0.95  0  1  0.54
 1  67.44  0.33  1  1  1.86
 1  82.58  0.40  1  1  2.12
 0  82.53  0.96  0  0  1.29
 1  77.42  0.40  0  0  1.02
 0  97.46  1.06  0  0  1.60
 0  92.56  1.24  0  0  1.04
 0  98.95  0.62  1  0  1.05
 1  92.56  0.33  0  0  0.87
 1  60.30  0.84  1  1  0.72
 0  73.90  0.71  1  0  1.43
 1  67.44  1.24  0  1  0.72
 0  95.31  1.16  1  0  2.62
 0  73.90  0.86  1  0  3.06
 1  97.46  0.51  1  1  0.98
 1  64.69  1.16  1  1  0.83
 1  87.33  0.46  1  0  1.20
 1  62.54  0.51  1  1  0.56
 1  78.06  0.21  1  0  2.77
 0  90.98  1.00  0  0  1.31
 0  86.10  0.86  1  0  2.21
 0  99.70  0.84  0  1  1.97
 0  81.94  1.37  0  0  2.61
 1  95.31  0.42  0  1  1.22
 0  92.95  0.71  0  1  0.80
 1  60.30  0.73  1  1  0.72
 1  89.33  0.27  1  0  1.08
 1  67.05  0.86  0  1  0.65
 1  64.69  0.42  1  1  0.98
 1  97.46  0.51  0  0  1.91
 0  89.33  1.30  1  0  1.13
 1  67.44  1.24  1  1  0.61
 0  97.46  1.06  1  0  2.16
 1  95.31  0.42  1  0  0.74
 1  61.05  0.95  1  1  0.57
 0  81.94  1.37  1  0  1.08
 0  99.70  0.73  1  1  2.04
 0  98.95  0.95  0  1  1.81
 0  82.58  1.17  1  0  1.76
 1  72.67  0.46  0  1  2.14
 1  67.05  0.71  1  1  0.60
 0  74.25  1.34  1  0  1.19
 1  70.67  1.30  1  0  0.68
 1  69.02  0.57  0  1  2.28
 1  67.05  0.71  0  1  0.97
 0  92.95  0.86  0  0  2.26
 1  69.02  0.57  1  0  1.19
 1  61.05  0.62  0  1  0.66
 0  86.10  0.71  1  0  1.39
 1  67.44  0.33  0  1  1.25
 0  82.58  1.17  0  0  1.84
 1  64.69  0.42  0  1  0.81
 0  77.42  1.17  1  0  1.17
 0  86.10  0.86  0  0  2.86
 0  77.42  1.17  0  0  0.71
 0  82.53  0.61  1  0  1.97
 1  61.05  0.62  1  1  0.70
 0  82.58  1.17  1  0  1.91
 0  87.33  1.11  0  1  3.14
 1  92.56  0.33  0  1  2.35
 0  92.95  0.71  1  0 28.27
 1  95.31  0.42  0  0  4.35
 1  62.54  1.06  0  1  1.23
 1  69.02  0.57  1  1  0.96
 0  74.25  1.34  0  0  1.86
 1  82.58  0.40  0  0  0.80
 1  62.54  1.06  1  1  0.77
 0  90.98  0.57  0  1  1.95
 0  86.10  0.86  0  1  2.76
 1  64.69  1.16  1  1  0.71
 0  97.46  1.06  1  1  5.15
 1  72.67  0.46  0  0  1.34
 0  98.95  0.95  0  1  2.06
 1  81.94  0.21  0  0  0.96
 0  74.25  1.34  1  1  2.50
 1  67.44  0.33  0  1  2.10
 1  64.69  0.42  0  1  0.80
 0  77.42  1.17  1  0  6.55
 0  89.33  1.30  1  0  0.91
 1  69.02  1.00  1  1  0.83
 0  82.53  0.61  1  0  1.35
 1  60.30  0.73  0  1  0.52
 0  92.56  1.24  1  0  1.04
 1  70.67  1.30  1  1  0.69
 0  92.95  0.86  1  0  1.24
 1  61.05  0.62  0  1  0.55
 0  73.90  0.86  1  1  3.55
 0  90.98  1.00  1  0  0.85
 0  77.47  0.96  0  0  2.25
 0  97.46  1.06  0  0  1.60
 1  60.30  0.84  1  1  0.69
 1  61.05  0.95  0  1  0.44
 1  97.46  0.51  1  0  1.57
 0  85.75  1.34  1  0  1.02
 1  81.94  0.21  1  1  0.94
 0  82.53  0.96  1  0  1.31
 1  64.69  0.42  1  1  0.56
 1  61.05  0.95  1  1  1.23
 1  85.75  0.23  1  1  1.51
 0  92.95  0.71  0  0  1.04
 1  67.44  1.24  0  1  0.64
 1  77.42  0.40  1  0  4.22
 1  82.58  0.40  1  1  0.77
 0  98.95  0.95  1  0  1.28
 0  95.31  1.16  1  0  0.87
 1  69.02  1.00  0  1  1.08
 1  97.46  0.51  0  0  2.55
 0  87.33  1.11  1  0  1.01
 1  61.05  0.62  1  1  0.61
 0  82.53  0.61  0  1  2.92
 0  78.06  1.37  1  1  0.60
 0  72.67  1.11  1  1  1.15
 0  99.70  0.73  1  1  2.52
 1  67.05  0.71  1  1  0.81
 1  60.30  0.73  1  1  0.64
 0  82.53  0.96  0  0  1.61
 1  67.44  0.33  1  1  1.72
 0  95.31  1.16  0  0  0.97
 1  67.05  0.71  0  1  2.25
 1  87.33  0.46  0  0  1.01
 1  74.25  0.23  0  1  2.45
 1  95.31  0.42  1  1  1.48
 1  70.67  0.27  0  1  2.28
 1  60.30  0.84  0  1  0.55
 1  67.05  0.86  0  1  2.53
 1  69.02  0.57  0  1  3.97
 1  70.67  0.27  1  1  1.58
 1  77.42  0.40  0  0  1.47
 1  87.33  0.46  1  0  0.83
 0  82.58  1.17  0  0  1.08
 1  62.54  0.51  0  1  0.58
 1  67.05  0.86  1  1  0.67
 1  89.33  0.27  1  0  1.29
 0  89.33  1.30  0  0  2.83
 0  92.95  0.86  0  0  1.77
 0  99.70  0.84  0  0  0.89
 0  86.10  0.71  0  0  0.73
 1  62.54  0.51  1  1  0.60
 0  90.98  1.00  0  0  0.89
 0  77.42  1.17  0  0  1.63
 0  73.90  0.71  1  0  1.95
 0  98.95  0.62  1  0  1.53
 0  85.75  1.34  0  0  1.35
 0  73.90  0.71  0  0  0.93
 0  86.10  0.86  1  0  0.76
 1  72.67  0.46  1  0  0.83
 0  77.47  0.96  1  1  1.66
 0  72.67  1.11  0  0  1.22
 1  89.33  0.27  0  1  1.54
 0  98.95  0.62  0  0  0.89
 1  70.67  1.30  0  1  0.53
 0  86.10  0.71  1  0  1.07
 0  99.70  0.73  0  0  1.09
 0  77.47  0.61  0  0  1.14
 1  92.56  0.33  1  0  1.18
 1  67.44  1.24  1  1  0.52
 1  85.75  0.23  0  1  1.08
 1  78.06  0.21  0  1  0.83
 1  74.25  0.23  1  1  1.90
 0  99.70  0.84  1  0  0.82
 1  78.06  0.21  1  1  1.76
 0  77.47  0.61  1  0  1.29
 0  78.06  1.37  0  0  1.40
 0  81.94  1.37  0  0  0.72
 0  92.56  1.24  0  0  0.74
 0  73.90  0.86  0  0  0.55
 1  64.69  1.16  0  1  0.65
 0  81.94  1.37  1  0  0.89
 0  90.98  0.57  1  0  0.87
 1  97.46  0.51  0  1  5.32
 0  74.25  1.34  0  0  1.30
 0  73.90  0.86  1  0  0.88
 1  60.30  0.73  0  1  0.60
 0  82.53  0.96  0  0  0.80
 0  92.95  0.86  0  0  1.60
 1  67.05  0.71  0  0  1.18
 0  92.95  0.71  1  0  1.49
 1  67.44  1.24  0  0  1.09
 0  98.95  0.62  0  0  0.70
 0  90.98  1.00  0  0  0.86
 0  98.95  0.62  1  0  3.99
 1  78.06  0.21  0  1  0.66
 1  67.44  0.33  0  1  1.78
 1  64.69  1.16  0  1  1.13
 1  67.05  0.86  1  0  1.03
 1  70.67  1.30  0  1  0.68
 1  70.67  0.27  1  1  2.20
 1  61.05  0.95  0  1  1.61
 0  82.53  0.96  1  0  1.00
 0  92.56  1.24  0  0  1.17
 0  77.42  1.17  1  0  1.14
 0  92.95  0.71  0  1  1.61
 1  82.58  0.40  1  0  2.62
 1  67.44  0.33  1  1  3.33
 0  89.33  1.30  0  0  0.82
 1  64.69  0.42  0  1  2.06
 1  82.58  0.40  0  0  1.29
 1  92.56  0.33  0  1  2.64
 0  82.58  1.17  1  0  0.78
 1  67.05  0.71  1  0  2.69
 1  61.05  0.62  0  1  1.49
 0  72.67  1.11  0  0  3.67
 1  72.67  0.46  1  0  4.69
 1  62.54  0.51  1  1  2.26
 0  86.10  0.86  0  0  1.87
 1  89.33  0.27  1  1  3.48
 0  90.98  0.57  1  0  1.35
 1  85.75  0.23  0  1  2.58
 1  67.44  1.24  1  1  2.73
 0  90.98  0.57  0  0  5.21
 0  81.94  1.37  1  0  1.56
 0  89.33  1.30  1  0  0.89
 1  69.02  1.00  0  1  3.95
 1  60.30  0.84  1  1  0.91
 0  97.46  1.06  0  0  1.20
 0  82.53  0.61  1  0  0.96
 0  77.47  0.96  1  0  0.93
 0  98.95  0.95  0  0  2.25
 0  72.67  1.11  1  0  2.24
 0  95.31  1.16  0  0  0.65
 0  99.70  0.73  0  0  0.64
 0  73.90  0.86  0  0  0.76
 0  78.06  1.37  0  0  1.00
 0  86.10  0.71  1  0  0.78
 1  70.67  1.30  1  0  0.94
 0  99.70  0.84  1  0  0.56
 1  69.02  0.57  0  0  3.18
 0  77.42  1.17  0  0  0.88
 1  69.02  0.57  1  0  0.90
 1  89.33  0.27  0  0  0.82
 1  60.30  0.73  1  1  0.84
 0  97.46  1.06  1  0  0.63
 1  61.05  0.62  1  1  0.63
 0  98.95  0.95  1  0  0.58
 1  81.94  0.21  0  1  0.72
 1  87.33  0.46  0  0  2.19
 1  77.42  0.40  1  1  1.17
 0  78.06  1.37  1  0  0.68
 0  92.56  1.24  1  0  0.59
 1  62.54  1.06  1  1  0.63
 0  95.31  1.16  1  0  0.88
 1  77.42  0.40  0  1  3.44
 1  87.33  0.46  1  1  1.77
 0  99.70  0.73  1  0  0.75
 1  97.46  0.51  1  0  0.77
 1  61.05  0.95  1  1  0.77
 0  87.33  1.11  1  0  0.71
 0  74.25  1.34  1  0  1.99
 1  69.02  1.00  1  0  0.91
 1  62.54  0.51  0  1  1.25
 1  64.69  0.42  1  1  1.31
 1  74.25  0.23  0  1  1.02
 1  95.31  0.42  1  0  1.54
 0  73.90  0.71  0  0  1.53
 1  85.75  0.23  1  1  0.67
 0  86.10  0.86  1  0  0.76
 0  92.95  0.86  1  0  0.65
 1  92.56  0.33  1  1  1.35
 0  82.58  1.17  0  0  0.71
 0  90.98  1.00  1  0  0.95
 0  73.90  0.71  1  0  0.67
 0  81.94  1.37  0  0  0.56
 0  86.10  0.71  0  0  0.71
 1  70.67  0.27  0  1  0.60
 1  60.30  0.84  0  1  1.49
 1  64.69  1.16  1  1  0.59
 0  85.75  1.34  0  0  0.99
 1  81.94  0.21  1  1  0.74
 0  77.47  0.61  0  0  1.70
 0  77.47  0.61  1  0  1.42
 0  87.33  1.11  0  0  0.64
 1  67.05  0.86  0  1  2.19
 0  99.70  0.84  0  0  1.44
 1  95.31  0.42  0  0  1.75
 1  72.67  0.46  0  0  1.99
 0  85.75  1.34  1  0  0.72
 1  62.54  1.06  0  1  0.78
 0  77.47  0.96  0  0  1.63
 1  74.25  0.23  1  1  0.74
 1  78.06  0.21  1  1  1.61
 0  82.53  0.61  0  0  1.64
 1  87.33  0.46  1  0  1.97
 1  62.54  0.51  1  1  0.59
 0  98.95  0.62  1  0 22.88
 0  82.53  0.61  1  0  1.81
 1  74.25  0.23  1  1  0.78
 1  69.02  0.57  0  1  1.03
 0  99.70  0.84  0  0  1.88
 0  92.95  0.71  0  0  2.14
 0  86.10  0.86  0  0  0.61
 1  72.67  0.46  1  1  2.44
 0  99.70  0.73  0  0  0.72
 0  77.47  0.61  1  0  1.60
 1  78.06  0.21  0  1  0.84
 0  86.10  0.71  1  0  1.37
 1  67.05  0.86  0  1  2.14
 0  90.98  0.57  0  0  0.90
 0  77.42  1.17  1  0  1.02
 0  77.47  0.96  0  0  0.67
 1  87.33  0.46  0  0  0.71
 0  77.42  1.17  0  0  0.80
 1  85.75  0.23  1  1  1.15
 1  61.05  0.62  1  1  0.76
 1  97.46  0.51  1  0  0.73
 0  89.33  1.30  1  0  0.76
 1  70.67  1.30  1  0  1.77
 1  89.33  0.27  1  0  1.73
 1  81.94  0.21  1  1  0.96
 1  67.05  0.71  1  0  1.00
 1  82.58  0.40  0  0  1.46
 0  82.53  0.96  1  0  0.82
 1  60.30  0.84  0  1  0.61
 1  61.05  0.95  0  1  0.58
 0  73.90  0.71  1  0  3.36
 1  67.44  0.33  1  1  1.06
 1  95.31  0.42  0  0  0.74
 0  74.25  1.34  0  0  0.82
 1  61.05  0.62  0  1  0.56
 1  62.54  1.06  1  1  0.55
 0  77.47  0.61  0  0  0.97
 1  69.02  1.00  0  0  0.79
 1  64.69  1.16  1  1  0.55
 0  74.25  1.34  1  0  1.03
 0  99.70  0.84  1  0  0.98
 1  77.42  0.40  0  1  0.69
 1  82.58  0.40  1  1  1.44
 1  67.05  0.86  1  1  1.62
 0  82.58  1.17  1  0  0.74
 0  87.33  1.11  1  0  0.74
 0  78.06  1.37  1  0  1.01
 1  61.05  0.95  1  1  0.59
 1  70.67  0.27  1  1  0.84
 0  98.95  0.95  0  0  0.60
 1  81.94  0.21  0  1  0.76
 0  90.98  1.00  0  0  0.68
 0  85.75  1.34  0  0  1.03
 0  82.58  1.17  0  0  0.84
 0  92.56  1.24  1  0  0.60
 0  92.95  0.71  1  0  0.69
 1  77.42  0.40  1  1  1.43
 1  72.67  0.46  0  1  0.69
 0  73.90  0.86  1  0  1.37
 1  60.30  0.73  0  1  0.90
 0  98.95  0.62  0  0  1.13
 1  64.69  0.42  1  1  0.63
 0  72.67  1.11  0  0  0.59
 1  78.06  0.21  1  1  0.69
 1  64.69  1.16  0  1  1.13
 0  98.95  0.95  1  0  0.75
 0  82.53  0.61  0  0  0.98
 1  67.44  1.24  1  1  1.09
 1  60.30  0.73  1  1  0.54
 0  99.70  0.73  1  0  1.03
 0  86.10  0.86  1  0  0.97
 1  92.56  0.33  1  1  1.07
 0  97.46  1.06  0  0  0.55
 1  67.44  1.24  0  1  0.83
 0  78.06  1.37  0  0  0.81
 1  67.05  0.71  0  1  0.69
 0  86.10  0.71  0  0  0.81
 1  70.67  1.30  0  0  0.97
 0  81.94  1.37  0  0  0.84
 1  97.46  0.51  0  0  1.11
 0  97.46  1.06  1  0  0.67
 0  82.53  0.96  0  0  2.84
 0  81.94  1.37  1  0  0.69
 0  92.95  0.86  1  0  0.67
 1  70.67  0.27  0  1  0.52
 0  77.47  0.96  1  0  0.63
 1  62.54  0.51  0  1  0.59
 1  69.02  1.00  1  1  1.46
 1  85.75  0.23  0  1  0.69
 1  89.33  0.27  0  1  0.47
 1  62.54  1.06  0  1  0.94
 1  95.31  0.42  1  1  1.42
 0  87.33  1.11  0  0  0.63
 1  69.02  0.57  1  1  1.25
 0  90.98  1.00  1  0  0.76
 1  67.44  0.33  0  1  0.98
 0  73.90  0.71  0  1  0.99
 0  92.56  1.24  0  0  0.51
 0  95.31  1.16  1  0  0.68
 1  92.56  0.33  0  1  0.86
 0  85.75  1.34  1  0  0.73
 0  89.33  1.30  0  0  1.95
 1  64.69  0.42  0  1  0.95
 1  60.30  0.84  1  1  0.87
 0  92.95  0.86  0  0  1.14
 0  90.98  0.57  1  1  1.86
 0  95.31  1.16  0  0  0.53
 0  73.90  0.86  0  0  0.99
 0  72.67  1.11  1  0  1.14
 1  74.25  0.23  0  1  0.66
