 0  72.67  0.46  0  1  1.20
 0  60.30  0.84  1  1  1.15
 0  70.67  0.27  1  0  0.96
 1  98.95  0.95  1  0  1.18
 1  90.98  0.57  0  0  1.16
 1  81.94  1.37  1  0  1.01
 1  77.47  0.61  1  1  1.00
 1  99.70  0.73  1  0  0.77
 0  67.44  1.24  0  1  1.04
 0  78.06  0.21  1  1  1.62
 1  97.46  1.06  0  1  0.75
 1  90.98  1.00  1  0  0.92
 0  95.31  0.42  1  1  1.68
 1  77.47  0.96  0  1  0.80
 1  77.42  1.17  1  1  0.72
 0  69.02  0.57  0  1  0.97
 1  82.58  1.17  1  1  0.83
 1  82.53  0.61  0  0  0.56
 0  85.75  0.23  0  0  0.78
 0  61.05  0.95  0  1  1.25
 0  64.69  0.42  0  1  0.80
 0  61.05  0.62  0  0  0.82
 0  89.33  0.27  1  0  1.07
 1  92.56  1.24  1  1  0.56
 1  89.33  1.30  0  1  1.07
 0  67.05  0.86  0  0  0.72
 1  73.90  0.86  0  0  0.80
 1  82.53  0.96  0  1  0.82
 0  85.75  0.23  1  0  4.34
 0  70.67  0.27  0  0  1.72
 1  89.33  1.30  1  1  0.76
 0  77.42  0.40  0  0  0.64
 1  87.33  1.11  1  1  0.79
 0  64.69  1.16  0  1  1.09
 1  92.95  0.86  1  0  1.24
 1  99.70  0.73  0  1  0.79
 0  62.54  1.06  1  1  1.03
 0  69.02  1.00  0  0  1.34
 1  77.42  1.17  0  0  0.74
 0  81.94  0.21  0  1  0.75
 0  67.44  1.24  1  1  0.77
 0  92.56  0.33  1  0  1.43
 0  61.05  0.95  1  1  0.71
 1  74.25  1.34  0  0  0.73
 1  78.06  1.37  0  0  1.09
 0  69.02  1.00  1  1  0.71
 0  87.33  0.46  0  1  0.63
 1  97.46  1.06  1  0  0.75
 0  92.56  0.33  0  1  1.02
 0  67.44  0.33  1  0  0.31
 0  60.30  0.84  0  1  1.02
 1  73.90  0.71  0  1  0.88
 1  86.10  0.71  1  0  1.16
 1  86.10  0.86  1  1  0.87
 1  77.47  0.96  1  1  0.88
 1  82.53  0.96  1  1  0.57
 1  87.33  1.11  0  1  0.57
 1  82.58  1.17  0  1  0.47
 1  86.10  0.86  0  1  0.46
 1  99.70  0.84  0  0  0.83
 0  67.05  0.71  0  1  1.11
 1  86.10  0.71  0  0  1.62
 1  92.56  1.24  0  1  0.42
 0  89.33  0.27  0  0  0.73
 0  69.02  0.57  1  1  0.73
 0  97.46  0.51  1  0  0.92
 0  95.31  0.42  0  0  0.54
 0  74.25  0.23  0  1  0.79
 0  78.06  0.21  0  0  0.83
 0  72.67  0.46  1  1  0.76
 1  98.95  0.62  1  0  0.76
 1  90.98  1.00  0  1  0.95
 1  85.75  1.34  0  0  1.74
 0  70.67  1.30  1  1  0.67
 1  98.95  0.95  0  0  0.64
 0  64.69  0.42  1  1  0.60
 1  72.67  1.11  0  0  0.73
 1  92.95  0.86  0  1  1.24
 1  72.67  1.11  1  1  0.84
 1  95.31  1.16  1  1  0.99
 0  60.30  0.73  1  1  0.94
 0  82.58  0.40  1  0  0.61
 1  98.95  0.62  0  0  1.23
 0  77.42  0.40  1  0  1.05
 1  92.95  0.71  0  0  0.61
 0  62.54  0.51  1  0  1.03
 0  67.05  0.86  1  0  0.63
 1  78.06  1.37  1  1  1.62
 1  77.47  0.61  0  0  0.70
 0  87.33  0.46  1  1  0.34
 0  82.58  0.40  0  1  1.70
 1  81.94  1.37  0  0  0.93
 0  67.44  0.33  0  1  0.51
 1  85.75  1.34  1  0  2.11
 0  67.05  0.71  1  1  0.51
 0  62.54  0.51  0  0  0.50
 1  92.95  0.71  1  0  0.73
 1  95.31  1.16  0  1  0.35
 0  61.05  0.62  1  0  0.58
 1  99.70  0.84  1  0  0.57
 0  62.54  1.06  0  1  0.38
 0  81.94  0.21  1  0  0.56
 0  60.30  0.73  0  0  0.77
 0  70.67  1.30  0  1  0.69
 1  73.90  0.86  1  0  0.41
 1  90.98  0.57  1  0 17.05
 1  82.53  0.61  1  1  0.60
 0  74.25  0.23  1  0  0.78
 1  74.25  1.34  1  1  1.10
 1  73.90  0.71  1  0  0.43
 0  64.69  1.16  1  1  0.41
 0  97.46  0.51  0  0  0.62
 1  89.33  1.30  0  1  0.92
 1  82.53  0.61  1  0  0.75
 0  78.06  0.21  0  0  0.76
 1  81.94  1.37  1  1  0.78
 0  89.33  0.27  0  0  0.64
 0  61.05  0.62  0  0  0.60
 0  77.42  0.40  0  0  0.56
 0  67.44  1.24  0  1  0.58
 0  67.05  0.86  1  0  1.00
 1  92.95  0.86  1  1  1.64
 0  70.67  1.30  0  0  1.37
 1  99.70  0.84  1  1  0.70
 1  99.70  0.84  0  1  0.78
 0  97.46  0.51  0  0  0.83
 1  99.70  0.73  1  0  0.74
 1  98.95  0.95  1  1  0.85
 1  89.33  1.30  1  0  1.94
 1  98.95  0.95  0  1  0.72
 0  67.05  0.71  0  1  1.96
 0  69.02  1.00  0  1  1.10
 1  92.95  0.71  1  0  0.67
 0  92.56  0.33  0  1  0.56
 1  87.33  1.11  1  1  0.94
 1  98.95  0.62  0  0  1.13
 1  74.25  1.34  1  1  0.42
 1  74.25  1.34  0  1  0.63
 0  81.94  0.21  0  0  0.57
 0  60.30  0.84  0  1  0.64
 0  74.25  0.23  1  0  0.63
 0  87.33  0.46  1  0  0.64
 0  82.58  0.40  0  0  0.66
 1  86.10  0.86  1  0  1.19
 1  92.56  1.24  0  1  0.56
 0  60.30  0.73  0  1  0.85
 0  70.67  0.27  0  0  0.57
 1  73.90  0.71  1  0  0.67
 1  90.98  0.57  1  0  0.89
 1  82.53  0.61  0  1  0.41
 1  81.94  1.37  0  0  0.95
 0  62.54  0.51  1  0  1.34
 1  92.95  0.86  0  1  0.82
 0  67.44  0.33  1  0  0.72
 0  64.69  0.42  0  0  0.76
 1  85.75  1.34  0  1  0.66
 0  72.67  0.46  0  0  0.66
 1  77.47  0.61  0  0  0.57
 1  72.67  1.11  0  1  0.49
 0  62.54  1.06  1  1  0.60
 1  72.67  1.11  1  0  0.57
 1  78.06  1.37  0  1  0.74
 1  86.10  0.71  0  0  0.75
 1  77.47  0.61  1  1  0.55
 0  67.44  1.24  1  1  0.65
 0  67.05  0.71  1  0  0.92
 1  92.56  1.24  1  1  0.78
 0  61.05  0.95  1  0  0.78
 1  95.31  1.16  0  1  0.77
 0  85.75  0.23  1  0  0.84
 1  82.58  1.17  0  1  0.62
 1  77.47  0.96  1  1  0.63
 1  73.90  0.86  1  1  0.58
 1  85.75  1.34  1  0  0.90
 0  61.05  0.62  1  0  0.96
 0  62.54  1.06  0  1  0.62
 0  72.67  0.46  1  0  0.59
 0  67.44  0.33  0  0  0.55
 0  70.67  1.30  1  1  0.67
 0  60.30  0.73  1  1  0.60
 0  61.05  0.95  0  0  0.93
 0  95.31  0.42  1  0  0.72
 0  78.06  0.21  1  0  0.76
 0  87.33  0.46  0  0  0.76
 0  69.02  0.57  0  0  0.72
 0  81.94  0.21  1  0  0.60
 1  90.98  0.57  0  0  1.21
 0  92.56  0.33  1  1  1.23
 0  85.75  0.23  0  0  0.56
 1  86.10  0.86  0  1  0.63
 0  82.58  0.40  1  1  0.59
 1  82.58  1.17  1  1  0.64
 1  77.42  1.17  1  1  0.58
 0  69.02  0.57  1  1  0.56
 1  77.47  0.96  0  1  0.54
 1  98.95  0.62  1  0  0.85
 0  95.31  0.42  0  1  1.50
 0  70.67  0.27  1  0  0.60
 0  89.33  0.27  1  0  0.47
 0  60.30  0.84  1  1  0.78
 1  92.95  0.71  0  1  1.11
 0  74.25  0.23  0  0  0.56
 1  99.70  0.73  0  1  0.91
 0  64.69  1.16  1  1  0.60
 0  67.05  0.86  0  0  0.41
 1  97.46  1.06  1  1  0.56
 1  82.53  0.96  1  1  0.57
 0  64.69  1.16  0  1  0.55
 0  97.46  0.51  1  0  1.14
 0  62.54  0.51  0  0  1.04
 0  69.02  1.00  1  1  0.66
 1  77.42  1.17  0  0  0.42
 0  77.42  0.40  1  1  0.48
 1  73.90  0.86  0  0  0.53
 0  64.69  0.42  1  1  0.34
 1  90.98  1.00  0  1  0.55
 1  97.46  1.06  0  1  0.50
 1  95.31  1.16  1  1  0.49
 1  90.98  1.00  1  1  0.42
 1  78.06  1.37  1  1  0.70
 1  82.53  0.96  0  1  0.44
 1  87.33  1.11  0  1  0.42
 1  86.10  0.71  1  1  0.39
 1  73.90  0.71  0  1  0.53
 1  86.10  0.71  0  1  1.25
 0  70.67  1.30  0  1  0.68
 1  87.33  1.11  0  1  0.64
 0  67.44  0.33  1  0  0.63
 1  97.46  1.06  1  1  0.45
 0  61.05  0.62  0  1  0.54
 1  82.53  0.61  0  0  0.82
 1  85.75  1.34  0  1  0.49
 0  70.67  0.27  1  0  0.76
 1  92.95  0.86  0  1  0.46
 0  77.42  0.40  0  0  1.54
 0  64.69  0.42  0  0  0.62
 0  97.46  0.51  0  1  0.87
 0  67.05  0.71  1  1  0.56
 1  86.10  0.86  1  1  0.79
 0  67.44  0.33  0  0  0.53
 1  90.98  1.00  1  1  0.62
 0  72.67  0.46  1  0  0.74
 1  82.58  1.17  1  1  0.59
 1  87.33  1.11  1  1  0.51
 1  99.70  0.73  1  0  0.89
 1  89.33  1.30  0  1  0.46
 0  61.05  0.95  0  1  0.81
 1  92.95  0.71  0  1  0.79
 1  92.56  1.24  1  1  0.74
 0  62.54  0.51  0  0  0.73
 1  78.06  1.37  1  1  0.64
 0  60.30  0.84  0  1  0.47
 1  97.46  1.06  0  1  0.55
 0  87.33  0.46  1  0  0.53
 0  64.69  1.16  1  1  0.55
 1  74.25  1.34  1  0  0.99
 0  62.54  1.06  0  0  1.21
 0  67.05  0.86  0  1  1.07
 1  90.98  0.57  0  1  1.72
 1  85.75  1.34  1  0  0.93
 1  95.31  1.16  1  1  0.47
 1  92.56  1.24  0  1  0.44
 0  78.06  0.21  0  0  0.64
 0  89.33  0.27  1  0  0.47
 0  82.58  0.40  0  0  0.47
 1  77.47  0.96  0  1  1.39
 1  99.70  0.73  0  1  0.71
 1  72.67  1.11  0  1  0.78
 1  73.90  0.86  1  1  0.46
 0  61.05  0.95  1  1  0.79
 0  81.94  0.21  0  0  0.53
 0  69.02  1.00  1  1  0.98
 0  87.33  0.46  0  1  0.79
 0  69.02  0.57  1  0  0.77
 1  77.42  1.17  0  1  0.68
 1  73.90  0.71  1  1  0.60
 1  98.95  0.95  1  1  0.54
 1  99.70  0.84  0  1  0.56
 1  73.90  0.71  0  1  0.40
 1  73.90  0.86  0  1  0.38
 1  92.95  0.71  1  1  0.47
 1  72.67  1.11  1  1  0.39
 0  70.67  0.27  0  0  0.49
 0  85.75  0.23  1  0  0.47
 1  82.53  0.96  0  1  0.48
 0  60.30  0.73  1  1  0.53
 1  82.53  0.61  1  1  0.72
 0  81.94  0.21  1  0  0.46
 0  62.54  0.51  1  0  0.85
 0  69.02  1.00  0  1  0.65
 0  67.05  0.71  0  0  1.09
 1  77.42  1.17  1  1  0.75
 0  78.06  0.21  1  0  0.63
 0  62.54  1.06  1  0  1.20
 1  82.58  1.17  0  1  0.55
 0  72.67  0.46  0  0  0.62
 0  92.56  0.33  0  0  0.70
 0  85.75  0.23  0  0  0.62
 1  90.98  0.57  1  0  0.67
 1  92.95  0.86  1  1  0.65
 0  67.44  1.24  1  0  1.04
 1  77.47  0.96  1  1  0.54
 0  77.42  0.40  1  0  0.49
 0  70.67  1.30  1  1  0.79
 0  67.44  1.24  0  0  0.58
 0  74.25  0.23  1  1  0.65
 1  90.98  1.00  0  1  0.87
 0  89.33  0.27  0  0  1.24
 0  95.31  0.42  0  0  0.51
 0  64.69  0.42  1  0  0.92
 1  95.31  1.16  0  1  0.65
 0  61.05  0.62  1  0  0.80
 0  60.30  0.73  0  0  0.51
 1  82.53  0.96  1  1  0.52
 0  69.02  0.57  0  1  0.94
 1  78.06  1.37  0  0  2.05
 1  81.94  1.37  0  1  0.44
 1  86.10  0.71  1  1  0.58
 0  67.05  0.86  1  0  0.56
 0  97.46  0.51  1  1  0.99
 0  95.31  0.42  1  0  0.59
 1  99.70  0.84  1  0  0.54
 1  77.47  0.61  0  1  0.55
 1  98.95  0.95  0  1  0.87
 1  74.25  1.34  0  0  0.62
 0  60.30  0.84  1  0  0.86
 1  98.95  0.62  1  1  0.53
 0  74.25  0.23  0  0  0.69
 1  98.95  0.62  0  0  0.79
 0  92.56  0.33  1  1  0.76
 1  77.47  0.61  1  1  0.78
 0  64.69  1.16  0  0  0.59
 0  82.58  0.40  1  1  0.96
 1  81.94  1.37  1  1  1.00
 1  89.33  1.30  1  1  0.86
 1  86.10  0.86  0  1  0.50
 1  78.06  1.37  0  1  1.42
 1  95.31  1.16  1  1  0.58
 1  77.42  1.17  0  0  0.49
 1  92.95  0.71  1  1  0.55
 0  89.33  0.27  1  0  0.56
 0  64.69  1.16  0  1  0.62
 0  67.44  0.33  0  0  0.49
 0  82.58  0.40  0  0  0.54
 1  81.94  1.37  1  1  0.49
 0  64.69  0.42  0  1  0.45
 0  82.58  0.40  1  0  0.93
 0  81.94  0.21  1  0  0.56
 0  61.05  0.62  0  0  0.93
 0  62.54  1.06  1  0  0.95
 1  77.47  0.96  1  1  0.59
 0  95.31  0.42  1  0  0.79
 1  77.47  0.96  0  1  0.52
 1  90.98  1.00  1  1  0.54
 1  92.95  0.86  0  1  0.48
 1  73.90  0.71  1  0  0.63
 0  70.67  0.27  0  1  1.29
 1  82.53  0.61  0  0  0.81
 0  60.30  0.84  0  1  0.49
 0  62.54  0.51  0  0  0.63
 0  64.69  0.42  1  0  0.56
 1  73.90  0.86  0  1  0.63
 0  74.25  0.23  0  0  0.57
 1  98.95  0.62  0  1  0.55
 0  97.46  0.51  0  1  0.55
 0  92.56  0.33  1  0  0.62
 0  67.44  1.24  0  1  0.52
 0  67.05  0.71  0  0  0.63
 1  72.67  1.11  1  1  0.71
 1  87.33  1.11  1  1  0.42
 1  90.98  1.00  0  1  0.39
 1  86.10  0.71  1  1  0.46
 1  92.95  0.71  0  1  0.40
 0  69.02  0.57  0  0  0.66
 0  61.05  0.62  1  0  0.47
 0  78.06  0.21  1  1  0.59
 1  92.95  0.86  1  1  0.53
 0  67.44  0.33  1  0  0.43
 0  97.46  0.51  1  1  0.51
 0  67.05  0.86  0  1  0.99
 1  99.70  0.84  1  1  0.90
 0  70.67  0.27  1  0  0.49
 0  87.33  0.46  0  1  0.67
 0  62.54  1.06  0  1  0.96
 1  98.95  0.95  0  1  0.64
 0  85.75  0.23  1  0  0.60
 1  72.67  1.11  0  1  0.56
 1  97.46  1.06  0  1  0.46
 1  97.46  1.06  1  1  0.57
 0  95.31  0.42  0  0  0.75
 1  77.47  0.61  1  0  0.88
 0  74.25  0.23  1  0  0.59
 1  86.10  0.71  0  1  0.75
 1  89.33  1.30  0  0  0.61
 0  62.54  0.51  1  1  0.29
 0  60.30  0.73  1  0  0.93
 0  60.30  0.73  0  0  0.52
 0  77.42  0.40  1  0  0.62
 1  78.06  1.37  1  1  0.65
 0  87.33  0.46  1  0  0.56
 1  99.70  0.73  0  1  0.45
 1  86.10  0.86  1  1  0.62
 1  99.70  0.73  1  1  0.48
 1  87.33  1.11  0  1  0.44
 0  70.67  1.30  0  1  0.52
 0  61.05  0.95  0  0  1.08
 0  67.05  0.71  1  0  0.49
 1  85.75  1.34  1  1  0.52
 0  69.02  1.00  1  1  0.45
 1  74.25  1.34  1  1  0.93
 0  72.67  0.46  0  0  0.59
 0  67.44  1.24  1  0  0.95
 1  82.53  0.96  1  1  0.73
 0  64.69  1.16  1  1  0.50
 0  60.30  0.84  1  0  0.49
 0  78.06  0.21  0  0  0.66
 0  92.56  0.33  0  0  0.86
 0  67.05  0.86  1  1  1.20
 0  70.67  1.30  1  0  0.74
 1  99.70  0.84  0  1  0.83
 1  82.58  1.17  1  1  0.90
 1  77.42  1.17  1  1  0.46
 1  92.56  1.24  1  1  0.68
 0  77.42  0.40  0  0  0.49
 1  82.53  0.61  1  1  0.70
 1  86.10  0.86  0  1  0.42
 1  98.95  0.62  1  1  0.49
 0  89.33  0.27  0  0  0.71
 0  85.75  0.23  0  0  0.47
 1  73.90  0.86  1  1  0.84
 1  81.94  1.37  0  0  0.80
 1  90.98  0.57  0  1  0.60
 1  92.56  1.24  0  1  0.60
 1  89.33  1.30  1  1  0.48
 1  98.95  0.95  1  1  0.50
 0  81.94  0.21  0  0  0.47
 1  82.58  1.17  0  1  0.62
 1  82.53  0.96  0  1  0.37
 1  90.98  0.57  1  0  0.57
 0  69.02  1.00  0  1  0.31
 1  77.47  0.61  0  1  0.65
 1  95.31  1.16  0  1  0.50
 1  85.75  1.34  0  1  0.55
 0  69.02  0.57  1  0  1.63
 0  61.05  0.95  1  0  0.94
 0  72.67  0.46  1  0  1.34
 1  73.90  0.71  0  0  0.54
 1  74.25  1.34  0  1  0.57
 1  90.98  0.57  1  0  1.47
 1  89.33  1.30  0  1  0.52
 1  99.70  0.84  0  1  0.63
 0  92.56  0.33  0  0  0.61
 1  92.56  1.24  1  1  0.53
 1  77.42  1.17  1  1  0.47
 0  74.25  0.23  0  0  0.56
 1  92.95  0.71  1  1  0.45
 0  70.67  0.27  1  0  0.55
 1  73.90  0.86  0  1  0.48
 0  74.25  0.23  1  0  0.53
 0  97.46  0.51  1  1  0.49
 0  69.02  0.57  1  1  0.60
 0  92.56  0.33  1  0  0.99
 0  82.58  0.40  1  0  0.45
 1  82.53  0.61  0  1  0.89
 1  99.70  0.73  1  1  0.45
 0  61.05  0.62  1  0  0.72
 1  97.46  1.06  0  1  0.59
 0  95.31  0.42  1  0  0.47
 0  67.44  1.24  0  1  0.47
 1  77.47  0.61  1  1  0.72
 0  70.67  0.27  0  0  0.89
 1  90.98  1.00  0  1  0.47
 0  64.69  1.16  1  0  0.86
 0  67.05  0.86  0  0  0.66
 0  61.05  0.95  1  0  0.48
 0  62.54  0.51  0  0  0.79
 0  78.06  0.21  0  0  0.93
 0  78.06  0.21  1  0  0.73
 0  64.69  0.42  1  0  0.90
 1  82.58  1.17  1  1  0.72
 0  67.44  1.24  1  1  0.64
 1  87.33  1.11  0  1  0.71
 1  82.53  0.61  1  0  0.73
 0  61.05  0.62  0  0  0.88
 1  89.33  1.30  1  1  0.49
 0  67.05  0.71  0  0  0.66
 0  62.54  0.51  1  0  0.65
 1  95.31  1.16  1  1  0.58
 0  89.33  0.27  1  0  0.53
 0  95.31  0.42  0  0  0.58
 1  82.53  0.96  1  1  0.85
 0  72.67  0.46  1  0  0.92
 1  98.95  0.62  1  1  0.49
 1  74.25  1.34  1  0  0.76
 1  78.06  1.37  0  1  0.71
 0  89.33  0.27  0  1  0.89
 1  92.95  0.86  0  1  0.56
 1  99.70  0.73  0  1  0.51
 0  67.05  0.86  1  0  0.75
 0  81.94  0.21  0  0  0.64
 0  69.02  1.00  1  0  0.89
 0  62.54  1.06  0  0  0.71
 1  74.25  1.34  0  1  0.82
 1  92.95  0.71  0  1  0.90
 1  77.47  0.61  0  1  1.05
 1  73.90  0.71  0  1  0.50
 1  81.94  1.37  1  1  1.10
 0  64.69  0.42  0  0  0.59
 0  70.67  1.30  0  1  0.74
 1  82.53  0.96  0  1  0.63
 0  85.75  0.23  1  0  0.53
 1  85.75  1.34  1  1  0.61
 0  60.30  0.73  0  0  0.61
 0  61.05  0.95  0  0  0.49
 1  73.90  0.71  1  0  0.62
 0  67.05  0.71  1  0  0.61
 1  72.67  1.11  0  1  0.49
 0  67.44  0.33  0  0  1.50
 1  73.90  0.86  1  0  0.86
 1  86.10  0.86  1  1  0.49
 1  98.95  0.95  0  1  0.48
 0  77.42  0.40  1  0  0.72
 0  70.67  1.30  1  1  0.52
 0  60.30  0.84  0  0  0.58
 0  81.94  0.21  1  0  0.68
 0  85.75  0.23  0  0  0.48
 1  90.98  0.57  0  0  0.49
 1  97.46  1.06  1  1  0.65
 1  78.06  1.37  1  1  0.53
 1  98.95  0.95  1  1  0.77
 0  60.30  0.84  1  1  1.36
 1  92.56  1.24  0  1  0.61
 0  87.33  0.46  0  1  1.15
 1  86.10  0.71  0  1  0.54
 0  82.58  0.40  0  1  0.91
 1  77.47  0.96  0  1  0.62
 1  92.95  0.86  1  1  0.43
 1  90.98  1.00  1  1  0.40
 1  99.70  0.84  1  1  0.42
 1  95.31  1.16  0  1  0.44
 0  67.44  0.33  1  0  0.56
 1  77.47  0.96  1  1  0.60
 0  60.30  0.73  1  0  0.63
 0  69.02  1.00  0  1  0.55
 1  86.10  0.86  0  1  0.46
 0  69.02  0.57  0  0  0.47
 0  87.33  0.46  1  1  0.88
 0  62.54  1.06  1  1  0.50
 1  86.10  0.71  1  1  0.66
 1  81.94  1.37  0  1  0.68
 1  85.75  1.34  0  1  0.51
 0  64.69  1.16  0  0  0.66
 1  77.42  1.17  0  1  1.19
 1  72.67  1.11  1  0  0.99
 1  82.58  1.17  0  1  0.59
 0  97.46  0.51  0  1  0.97
 0  72.67  0.46  0  1  0.87
 1  87.33  1.11  1  1  0.69
 0  77.42  0.40  0  0  0.82
 1  98.95  0.62  0  1  0.57
