 0  99.70  0.84  1  0  3.12
 0  82.53  0.96  1  0  2.18
 1  67.05  0.71  1  0  0.72
 0  92.95  0.86  1  0  0.83
 0  74.25  0.23  0  1  1.72
 1  97.46  1.06  0  1  1.35
 1  69.02  1.00  1  1  1.55
 1  95.31  0.42  1  0  0.63
 1  90.98  1.00  0  1  2.35
 1  62.54  1.06  1  1  1.54
 0  82.53  0.61  1  0  0.99
 1  64.69  1.16  1  1  0.68
 0  87.33  0.46  0  1  1.60
 0  62.54  0.51  0  1  0.67
 1  87.33  0.46  1  1  1.63
 0  60.30  0.73  0  0  0.47
 1  60.30  0.84  1  1  0.41
 1  99.70  0.84  0  0  0.52
 0  69.02  0.57  0  0  1.54
 1  82.53  0.61  0  0  1.09
 1  81.94  0.21  1  1  2.60
 1  92.56  1.24  0  0  1.04
 1  67.44  0.33  1  1  0.59
 1  86.10  0.71  0  0  0.97
 1  86.10  0.86  0  0  0.99
 1  97.46  0.51  1  1  0.82
 1  62.54  0.51  1  1  0.62
 1  67.44  1.24  1  1  0.74
 1  70.67  1.30  1  1  0.63
 0  95.31  1.16  1  0  2.12
 1  99.70  0.73  0  1  2.34
 0  73.90  0.71  1  1  1.64
 0  81.94  1.37  1  1  0.69
 0  82.58  1.17  1  0  0.53
 1  85.75  0.23  1  1  0.88
 1  77.47  0.96  0  1  1.09
 1  77.42  1.17  0  1  1.29
 1  61.05  0.62  1  0  1.34
 1  87.33  1.11  0  1  1.58
 1  82.58  0.40  1  0  0.87
 1  77.42  0.40  1  0  1.25
 1  85.75  1.34  0  0  1.27
 1  78.06  1.37  0  1  0.44
 1  73.90  0.86  0  1  0.36
 1  61.05  0.95  1  1  0.29
 0  77.47  0.61  1  1  0.88
 0  89.33  0.27  0  1  0.29
 0  61.05  0.62  0  1  1.09
 0  64.69  1.16  0  0  0.33
 0  86.10  0.86  1  0  0.32
 0  87.33  1.11  1  0  0.41
 0  85.75  1.34  1  1  0.75
 1  78.06  0.21  1  0  0.85
 0  92.56  1.24  1  0  1.48
 1  67.05  0.86  1  0  0.57
 1  81.94  1.37  0  1  0.98
 0  73.90  0.86  1  1  0.58
 0  64.69  0.42  0  1  0.69
 1  72.67  0.46  1  0  0.28
 0  98.95  0.95  1  1  0.37
 0  81.94  0.21  0  1  0.69
 1  89.33  1.30  0  0  0.74
 0  67.44  1.24  0  1  0.77
 0  67.44  0.33  0  1  1.07
 0  69.02  1.00  0  0  0.68
 1  70.67  0.27  1  0  0.45
 0  97.46  1.06  1  1  0.68
 1  77.47  0.61  0  0  0.52
 1  82.53  0.96  0  1  1.08
 0  70.67  1.30  0  1  0.77
 0  70.67  0.27  0  0  0.97
 1  89.33  0.27  1  0  1.26
 0  82.58  0.40  0  0  1.57
 1  92.95  0.71  0  1  2.34
 1  74.25  1.34  0  0  2.52
 0  72.67  1.11  1  0 19.74
 0  61.05  0.95  0  1  0.71
 0  77.42  1.17  1  0  0.85
 0  72.67  0.46  0  1  0.84
 0  85.75  0.23  0  0  0.52
 0  60.30  0.84  0  0  0.59
 0  99.70  0.73  1  0  0.48
 0  97.46  0.51  0  0  0.70
 0  90.98  1.00  1  1  1.02
 1  98.95  0.62  0  0  0.93
 1  92.56  0.33  1  0  1.67
 1  90.98  0.57  0  1  0.41
 0  62.54  1.06  0  1  0.73
 0  92.95  0.71  1  1  2.12
 0  74.25  1.34  1  0  1.41
 0  77.42  0.40  0  0  1.50
 1  69.02  0.57  1  1  1.85
 0  78.06  1.37  1  1  2.40
 0  67.05  0.71  0  0  1.63
 1  92.95  0.86  0  0  0.74
 0  67.05  0.86  0  0  0.35
 1  74.25  0.23  1  0  0.53
 0  89.33  1.30  1  1  0.45
 0  86.10  0.71  1  0  0.86
 0  98.95  0.62  1  0  0.45
 0  77.47  0.96  1  0  0.49
 1  73.90  0.71  0  0  0.29
 1  60.30  0.73  1  0  0.24
 0  95.31  0.42  0  0  0.84
 0  90.98  0.57  1  0  0.30
 0  78.06  0.21  0  0  0.39
 0  92.56  0.33  0  0  2.18
 1  82.58  1.17  0  1  1.63
 1  95.31  1.16  0  1  1.06
 1  64.69  0.42  1  1  1.02
 1  98.95  0.95  0  0  1.20
 1  72.67  1.11  0  1  1.66
 0  78.06  1.37  1  0  4.96
 1  89.33  1.30  0  0  1.36
 1  70.67  1.30  1  0  4.32
 0  92.56  1.24  1  1  0.59
 1  77.42  0.40  1  1  3.02
 1  87.33  1.11  0  0  1.02
 0  61.05  0.95  0  1  0.83
 1  69.02  1.00  1  0  1.38
 1  92.95  0.71  0  0  0.49
 1  92.95  0.86  0  1  1.18
 1  67.44  0.33  1  1  0.97
 0  82.53  0.96  1  0  1.49
 1  73.90  0.71  0  0  0.64
 1  85.75  1.34  0  1  0.41
 1  90.98  1.00  0  1  0.44
 0  86.10  0.86  1  1  0.82
 0  73.90  0.86  1  0  0.62
 0  72.67  0.46  0  0  0.11
 1  89.33  0.27  1  0  0.52
 1  81.94  1.37  0  1  0.84
 1  86.10  0.86  0  0  0.62
 1  92.56  0.33  1  1  0.72
 1  61.05  0.62  1  0  0.70
 0  61.05  0.62  0  1  0.52
 1  67.05  0.71  1  0  0.73
 1  85.75  0.23  1  1  0.68
 0  92.56  0.33  0  0  0.59
 0  67.05  0.86  0  1  1.13
 0  89.33  1.30  1  0  1.43
 0  62.54  1.06  0  0  0.31
 0  70.67  1.30  0  0  0.89
 0  97.46  1.06  1  1  1.15
 0  92.95  0.71  1  1  0.75
 0  85.75  1.34  1  1  0.57
 0  67.44  1.24  0  1  0.53
 0  64.69  1.16  0  0  0.73
 1  92.56  1.24  0  0  0.30
 1  77.42  1.17  0  1  0.61
 1  60.30  0.84  1  1  0.75
 1  86.10  0.71  0  1  2.04
 1  61.05  0.95  1  1  1.88
 0  90.98  0.57  1  0  2.81
 0  90.98  1.00  1  1  1.47
 0  99.70  0.84  1  0  1.40
 0  77.47  0.61  1  0  1.35
 1  95.31  1.16  0  0  0.52
 1  77.47  0.96  0  0  3.16
 1  67.44  1.24  1  0  5.87
 1  81.94  0.21  1  1  2.96
 1  62.54  1.06  1  0  0.38
 0  73.90  0.71  1  1  1.20
 1  97.46  1.06  0  0  0.35
 0  62.54  0.51  0  0  0.09
 1  78.06  1.37  0  0  0.34
 0  97.46  0.51  0  1  0.25
 0  98.95  0.95  1  0  0.55
 0  82.58  1.17  1  0  0.62
 0  85.75  0.23  0  0  0.75
 0  74.25  1.34  1  1  0.25
 1  62.54  0.51  1  0  0.05
 0  67.44  0.33  0  0  0.09
 0  95.31  1.16  1  0  0.24
 1  72.67  1.11  0  0  0.01
 1  64.69  0.42  1  1  0.01
 1  98.95  0.62  0  1  0.19
 0  82.58  0.40  0  1  0.89
 0  77.42  0.40  0  0  0.33
 1  77.47  0.61  0  0  0.60
 0  87.33  1.11  1  0  0.50
 0  67.05  0.71  0  0  1.60
 1  82.58  0.40  1  0  2.39
 1  95.31  0.42  1  1  0.17
 1  97.46  0.51  1  0  1.46
 0  87.33  0.46  0  1  0.76
 1  82.58  1.17  0  0  1.47
 1  67.05  0.86  1  1  0.81
 0  72.67  1.11  1  0  0.26
 1  70.67  0.27  1  1  0.52
 0  95.31  0.42  0  0  1.46
 0  77.47  0.96  1  1  0.66
 0  86.10  0.71  1  0  0.69
 0  82.53  0.61  1  1  0.70
 0  78.06  0.21  0  1  0.36
 1  73.90  0.86  0  0  0.46
 0  81.94  1.37  1  0  0.55
 1  64.69  1.16  1  0  0.32
 1  74.25  0.23  1  0  1.75
 1  72.67  0.46  1  1  1.07
 1  60.30  0.73  1  1  0.38
 1  82.53  0.96  0  1  1.36
 0  77.42  1.17  1  0  3.80
 1  87.33  0.46  1  0  3.01
 0  70.67  0.27  0  1  4.59
 1  74.25  1.34  0  0  9.49
 0  69.02  1.00  0  1  0.81
 0  98.95  0.62  1  0  0.60
 0  89.33  0.27  0  1  0.76
 0  74.25  0.23  0  1  1.43
 0  60.30  0.73  0  1  1.75
 0  81.94  0.21  0  0  1.00
 1  99.70  0.73  0  0  4.27
 1  69.02  0.57  1  1  0.46
 1  82.53  0.61  0  1  0.17
 0  64.69  0.42  0  1  0.28
 1  98.95  0.95  0  1  2.08
 1  90.98  0.57  0  1  1.49
 0  92.95  0.86  1  0  1.33
 1  99.70  0.84  0  0  1.43
 0  69.02  0.57  0  1  0.40
 0  99.70  0.73  1  0  0.70
 1  78.06  0.21  1  0  0.46
 0  60.30  0.84  0  1  0.32
 1  86.10  0.71  0  0  3.19
 0  73.90  0.86  1  1  0.70
 1  67.44  0.33  1  1  0.82
 1  98.95  0.95  0  0  0.29
 1  60.30  0.73  1  1  2.13
 0  67.05  0.86  0  0  0.98
 1  70.67  0.27  1  1  1.34
 0  97.46  0.51  0  0  1.53
 0  82.58  1.17  1  0  0.63
 0  64.69  1.16  0  0  0.29
 1  67.44  1.24  1  0  1.79
 1  74.25  1.34  0  1  1.34
 0  81.94  0.21  0  1  0.75
 0  82.53  0.96  1  1  4.99
 0  73.90  0.71  1  1  2.96
 0  86.10  0.71  1  0  0.38
 1  77.42  0.40  1  1  0.27
 1  64.69  0.42  1  1  1.00
 0  72.67  0.46  0  0  0.74
 1  82.58  0.40  1  0  0.62
 1  92.56  1.24  0  1  0.37
 1  69.02  0.57  1  0  1.49
 1  82.53  0.61  0  1  1.71
 1  95.31  1.16  0  1  0.89
 0  67.44  1.24  0  0  1.55
 1  92.95  0.86  0  1  0.55
 0  78.06  0.21  0  1  0.64
 0  89.33  0.27  0  0  0.55
 1  78.06  0.21  1  0  0.72
 0  74.25  0.23  0  1  0.75
 1  73.90  0.71  0  0  1.04
 0  77.42  1.17  1  1  0.10
 1  78.06  1.37  0  0  0.90
 1  92.56  0.33  1  1  0.32
 0  89.33  1.30  1  0  1.00
 0  85.75  0.23  0  0  0.42
 1  77.47  0.96  0  0  0.80
 1  72.67  0.46  1  0  0.61
 1  87.33  1.11  0  1  2.71
 1  81.94  1.37  0  1  0.76
 1  64.69  1.16  1  0  2.59
 0  95.31  0.42  0  1  0.96
 0  92.95  0.86  1  1  4.32
 0  95.31  1.16  1  1  1.73
 0  60.30  0.84  0  0  2.05
 0  98.95  0.95  1  1  5.99
 0  69.02  1.00  0  1  3.81
 1  82.53  0.96  0  1  8.70
 1  72.67  1.11  0  1  3.89
 1  89.33  0.27  1  0  7.82
 0  82.53  0.61  1  1  6.71
 0  87.33  1.11  1  0  2.61
 1  95.31  0.42  1  0  2.64
 0  69.02  0.57  0  0 14.53
 1  61.05  0.62  1  1  0.68
 1  99.70  0.73  0  0 15.00
 0  98.95  0.62  1  0 53.38
 0  62.54  1.06  0  1  2.13
 0  99.70  0.73  1  0  2.23
 0  67.44  0.33  0  0  0.03
 0  90.98  1.00  1  1  8.97
 1  69.02  1.00  1  0  0.53
 0  77.42  0.40  0  1  0.41
 1  82.58  1.17  0  0  0.31
 1  67.05  0.71  1  1  1.01
 0  86.10  0.86  1  0  0.42
 1  62.54  0.51  1  0  0.39
 0  72.67  1.11  1  1  0.36
 1  92.95  0.71  0  0  0.25
 1  97.46  0.51  1  1  0.41
 0  77.47  0.61  1  0 13.58
 0  81.94  1.37  1  0  1.26
 1  62.54  1.06  1  1  0.62
 1  81.94  0.21  1  1  1.04
 0  92.95  0.71  1  0  0.85
 0  61.05  0.62  0  1  1.31
 0  87.33  0.46  0  0  0.90
 0  70.67  0.27  0  1  0.93
 0  77.47  0.96  1  0  0.89
 0  70.67  1.30  0  0  1.13
 1  90.98  0.57  0  0  0.71
 0  60.30  0.73  0  1  0.51
 1  61.05  0.95  1  0  0.38
 1  67.05  0.86  1  1  0.26
 1  74.25  0.23  1  1  0.12
 0  99.70  0.84  1  1  0.05
 1  98.95  0.62  0  0  0.32
 1  97.46  1.06  0  1  0.16
 1  70.67  1.30  1  1  0.03
 1  73.90  0.86  0  0  0.25
 0  61.05  0.95  0  1  0.37
 0  78.06  1.37  1  0  0.26
 1  77.47  0.61  0  1  0.26
 0  67.05  0.71  0  0  0.60
 0  64.69  0.42  0  1  0.22
 1  85.75  0.23  1  0  0.27
 1  86.10  0.86  0  1  0.28
 0  85.75  1.34  1  0  0.11
 0  92.56  1.24  1  1  0.31
 1  90.98  1.00  0  0  0.26
 0  90.98  0.57  1  1  0.45
 1  60.30  0.84  1  0  0.13
 1  77.42  1.17  0  1  0.59
 0  97.46  1.06  1  1  0.27
 0  82.58  0.40  0  0  0.98
 0  74.25  1.34  1  1  1.01
 0  92.56  0.33  0  0  0.75
 1  85.75  1.34  0  0  0.41
 1  99.70  0.84  0  0  0.51
 0  62.54  0.51  0  1  0.55
 1  87.33  0.46  1  0  0.24
 1  89.33  1.30  0  1  2.87
 0  70.67  1.30  0  0  6.10
 1  90.98  0.57  0  1  0.46
 1  67.44  1.24  1  1  0.39
 0  61.05  0.62  0  0  0.49
 1  67.05  0.71  1  0  0.36
 1  77.47  0.61  0  0  0.28
 0  62.54  1.06  0  1  0.22
 0  99.70  0.84  1  1  0.24
 0  85.75  1.34  1  0  0.17
 1  92.95  0.86  0  0  0.23
 0  73.90  0.71  1  0  0.45
 1  92.56  1.24  0  0  0.34
 0  81.94  1.37  1  0  0.59
 0  60.30  0.73  0  0  0.43
 0  90.98  0.57  1  0  0.50
 0  77.47  0.96  1  0  0.29
 0  97.46  0.51  0  0  0.23
 0  67.05  0.86  0  0  0.40
 0  95.31  1.16  1  0  0.26
 1  99.70  0.73  0  0  0.30
 1  67.44  0.33  1  1  0.35
 0  67.44  1.24  0  0  0.86
 1  82.58  0.40  1  1  0.67
 0  78.06  1.37  1  1  0.73
 1  95.31  0.42  1  0  0.60
 0  92.56  1.24  1  0  0.70
 0  99.70  0.73  1  1  0.48
 1  85.75  0.23  1  1  0.57
 0  89.33  1.30  1  1  0.36
 0  98.95  0.62  1  0  0.37
 0  81.94  0.21  0  0  0.29
 1  86.10  0.86  0  0  0.51
 0  82.53  0.96  1  0  0.53
 1  73.90  0.71  0  1  5.23
 0  64.69  0.42  0  0  0.46
 1  98.95  0.95  0  1  0.24
 1  74.25  1.34  0  0  0.18
 0  72.67  0.46  0  0  0.41
 1  72.67  0.46  1  0  0.17
 0  92.95  0.86  1  0  0.15
 0  70.67  0.27  0  0  0.25
 1  87.33  0.46  1  0  0.02
 1  61.05  0.62  1  0  0.16
 1  67.05  0.86  1  1  0.10
 0  87.33  0.46  0  1  0.12
 1  72.67  1.11  0  1  0.93
 0  87.33  1.11  1  0  0.02
 1  70.67  1.30  1  1  0.15
 0  92.95  0.71  1  1  1.46
 1  78.06  1.37  0  0  0.15
 1  62.54  1.06  1  0  1.89
 1  77.47  0.96  0  0  0.10
 1  90.98  1.00  0  1  0.23
 0  98.95  0.95  1  1  4.35
 0  60.30  0.84  0  1  0.36
 0  89.33  0.27  0  0  0.79
 1  82.53  0.61  0  0  0.02
 1  81.94  0.21  1  0  0.02
 1  60.30  0.73  1  1  0.76
 1  92.56  0.33  1  1  0.30
 1  82.53  0.96  0  0  4.74
 1  62.54  0.51  1  1  0.07
 0  61.05  0.95  0  1  1.83
 0  64.69  1.16  0  1  1.74
 1  64.69  1.16  1  1  1.20
 1  77.42  0.40  1  0  2.69
 1  85.75  1.34  0  1  2.63
 0  86.10  0.71  1  0  2.08
 0  97.46  1.06  1  1  1.06
 1  89.33  1.30  0  0  1.49
 0  77.42  1.17  1  1  0.14
 1  95.31  1.16  0  0  6.38
 1  69.02  0.57  1  1  0.27
 1  97.46  1.06  0  0  4.55
 0  92.56  0.33  0  1  0.83
 1  77.42  1.17  0  0 14.35
 1  78.06  0.21  1  0  4.58
 0  67.05  0.71  0  0  6.81
 1  92.95  0.71  0  0  0.81
 0  62.54  0.51  0  1  8.22
 1  97.46  0.51  1  1  4.71
 0  85.75  0.23  0  1  0.85
 1  74.25  0.23  1  0  1.19
 0  90.98  1.00  1  0  1.16
 0  69.02  1.00  0  0 12.85
 1  98.95  0.62  0  1  5.78
 1  64.69  0.42  1  0  2.66
 1  86.10  0.71  0  0  6.71
 0  69.02  0.57  0  0  4.74
 1  69.02  1.00  1  0 13.92
 0  73.90  0.86  1  1  1.31
 1  82.58  1.17  0  1  0.95
 0  72.67  1.11  1  1  1.24
 0  77.42  0.40  0  1  2.11
 0  82.58  0.40  0  0  0.36
 0  74.25  0.23  0  0  0.56
 1  60.30  0.84  1  0  2.54
 1  89.33  0.27  1  0  0.92
 0  86.10  0.86  1  0  1.43
 1  87.33  1.11  0  1  6.48
 1  81.94  1.37  0  1  1.18
 0  67.44  0.33  0  1  1.63
 0  82.53  0.61  1  0  0.24
 0  95.31  0.42  0  1  2.28
 0  82.58  1.17  1  0  1.99
 1  70.67  0.27  1  0  0.84
 0  74.25  1.34  1  0  2.23
 0  77.47  0.61  1  0  0.53
 1  61.05  0.95  1  0  5.73
 0  78.06  0.21  0  1  1.42
 1  99.70  0.84  0  1  0.84
 1  73.90  0.86  0  1  0.09
 0  92.95  0.86  1  1  2.04
 0  67.05  0.71  0  1  1.72
 0  92.56  0.33  0  1  1.32
 1  97.46  1.06  0  1  0.05
 1  69.02  1.00  1  1  0.71
 0  77.47  0.61  1  0  2.48
 1  73.90  0.86  0  0  0.02
 0  81.94  1.37  1  1  1.24
 1  87.33  1.11  0  0  5.33
 0  98.95  0.95  1  1  6.28
 1  64.69  1.16  1  0  0.54
 1  92.56  1.24  0  1  0.30
 1  60.30  0.84  1  0  0.25
 1  77.47  0.61  0  0  0.27
 0  98.95  0.62  1  0  1.89
 0  82.58  0.40  0  0  0.88
 0  95.31  1.16  1  0  4.02
 1  67.44  0.33  1  1  1.70
 0  89.33  0.27  0  0  0.05
 1  77.42  1.17  0  1  1.54
 1  90.98  1.00  0  0  0.64
 1  72.67  1.11  0  1  5.69
 1  78.06  0.21  1  0  0.91
 1  81.94  1.37  0  1  0.14
 1  67.05  0.71  1  1  2.20
 1  92.95  0.86  0  0  2.23
 0  92.56  1.24  1  1  9.65
 0  61.05  0.62  0  0  0.34
 0  82.53  0.96  1  0  0.58
 0  70.67  1.30  0  0  0.68
 1  99.70  0.84  0  0  0.47
 0  69.02  0.57  0  1  1.68
 1  60.30  0.73  1  1  0.84
 1  70.67  1.30  1  0  0.52
 0  77.42  1.17  1  0  3.78
 1  67.44  1.24  1  1  2.56
 0  90.98  1.00  1  0  1.73
 0  78.06  1.37  1  1  0.91
 0  87.33  0.46  0  0  0.70
 1  97.46  0.51  1  0  0.50
 0  70.67  0.27  0  0  1.44
 0  95.31  0.42  0  0  0.91
 0  64.69  1.16  0  0  0.78
 1  62.54  1.06  1  1  2.30
 0  87.33  1.11  1  1  1.52
 0  69.02  1.00  0  0  0.28
 0  86.10  0.71  1  0  0.11
 1  82.53  0.61  0  0  2.11
 1  70.67  0.27  1  0  0.22
 1  73.90  0.71  0  1  9.10
 1  62.54  0.51  1  1  0.05
 1  95.31  0.42  1  1  2.35
 0  72.67  1.11  1  0  2.32
 1  92.56  0.33  1  0  1.82
 0  86.10  0.86  1  1  0.62
 0  77.47  0.96  1  1  0.42
 0  67.05  0.86  0  1  0.36
 1  95.31  1.16  0  0  0.26
 1  72.67  0.46  1  1  0.17
 1  78.06  1.37  0  1  0.77
 1  87.33  0.46  1  1  1.76
 1  92.95  0.71  0  0  1.01
 0  81.94  0.21  0  0  0.55
 0  77.42  0.40  0  1  4.48
 0  62.54  1.06  0  0  0.17
 1  99.70  0.73  0  1  1.84
 0  99.70  0.84  1  0  1.26
 0  67.44  0.33  0  1  1.77
 0  61.05  0.95  0  0  2.40
 0  73.90  0.86  1  1  1.00
 0  72.67  0.46  0  1  0.27
 0  85.75  1.34  1  1  0.10
 1  77.47  0.96  0  0  2.08
 1  74.25  1.34  0  0  0.35
 0  78.06  0.21  0  1  0.58
 1  89.33  1.30  0  0  1.59
 1  77.42  0.40  1  1  3.44
 0  64.69  0.42  0  0  6.58
 0  60.30  0.73  0  1  0.35
 1  67.05  0.86  1  1  0.80
 1  69.02  0.57  1  0  0.35
 1  82.58  1.17  0  1  0.27
 1  98.95  0.62  0  1  0.27
 0  67.44  1.24  0  1  0.31
 1  98.95  0.95  0  0  0.35
 0  90.98  0.57  1  0  0.10
 0  97.46  1.06  1  0  0.79
 1  85.75  0.23  1  0  0.27
 1  64.69  0.42  1  1  0.36
 0  74.25  0.23  0  1  0.34
 0  99.70  0.73  1  0  0.11
 1  61.05  0.62  1  0  0.25
 1  82.53  0.96  0  0  0.15
 1  86.10  0.86  0  0  0.25
 0  82.53  0.61  1  1  0.48
 0  92.95  0.71  1  0  0.21
 1  90.98  0.57  0  0  0.26
 0  60.30  0.84  0  1  0.25
 1  85.75  1.34  0  1  0.39
 0  97.46  0.51  0  0  0.13
 0  74.25  1.34  1  1  0.36
 0  89.33  1.30  1  0  0.17
 1  86.10  0.71  0  0  4.66
 1  89.33  0.27  1  1  0.56
 0  62.54  0.51  0  1  0.34
 1  74.25  0.23  1  1  0.03
 1  61.05  0.95  1  1  0.46
 0  82.58  1.17  1  0  0.58
 1  82.58  0.40  1  1  1.29
 0  73.90  0.71  1  0  1.75
 1  81.94  0.21  1  0  0.47
 0  85.75  0.23  0  1  0.70
