 1  60.30  0.73  1  0  1.61
 0  90.98  1.00  0  0  1.07
 0  77.47  0.61  1  1  0.80
 0  82.58  1.17  0  1  1.23
 0  73.90  0.86  0  0  2.93
 0  78.06  1.37  0  1  1.42
 0  92.95  0.86  0  0  3.78
 1  69.02  1.00  0  1  0.94
 1  74.25  0.23  0  0  1.01
 0  86.10  0.71  1  0  1.09
 1  61.05  0.62  1  1  0.74
 1  64.69  0.42  0  1  1.02
 1  82.58  0.40  0  0  0.66
 0  87.33  1.11  0  0  0.76
 1  74.25  0.23  1  1  1.85
 1  70.67  0.27  0  1  1.41
 1  62.54  1.06  1  0  0.75
 1  85.75  0.23  1  1  0.66
 0  89.33  1.30  1  1  1.20
 0  86.10  0.71  0  0  0.62
 0  90.98  1.00  1  0  0.55
 1  60.30  0.73  0  1  0.84
 1  72.67  0.46  0  0  0.70
 0  73.90  0.71  0  0  0.99
 0  99.70  0.73  1  0  0.73
 1  67.05  0.71  0  1  0.51
 0  78.06  1.37  1  0  1.15
 1  89.33  0.27  1  0  0.88
 0  77.47  0.96  1  0  0.97
 0  72.67  1.11  1  1  0.70
 0  90.98  0.57  0  1  0.63
 1  64.69  0.42  1  0  4.77
 1  97.46  0.51  1  0  0.34
 0  82.53  0.61  0  0  1.23
 0  85.75  1.34  1  1  0.74
 1  69.02  1.00  1  0  0.89
 0  81.94  1.37  1  0  0.42
 0  77.42  1.17  0  1  0.73
 1  89.33  0.27  0  0  9.37
 0  92.95  0.86  1  0  0.60
 0  82.58  1.17  1  1  1.30
 1  67.44  0.33  0  1  0.80
 0  99.70  0.84  1  0  0.71
 1  70.67  1.30  0  1  1.09
 1  64.69  1.16  0  1  0.45
 1  92.56  0.33  0  1  0.57
 0  98.95  0.62  1  0  0.48
 0  92.95  0.71  1  0  0.35
 1  67.44  1.24  0  1  0.41
 0  82.53  0.96  0  1  0.62
 1  61.05  0.62  0  1  0.70
 0  77.47  0.61  0  1  1.07
 1  70.67  1.30  1  1  1.49
 0  73.90  0.86  1  0  0.76
 1  97.46  0.51  0  0  0.82
 1  62.54  0.51  1  1  0.64
 0  97.46  1.06  0  1  0.76
 1  87.33  0.46  1  0  0.51
 0  82.53  0.61  1  1  0.64
 1  70.67  0.27  1  1  0.63
 1  67.05  0.71  1  1  0.60
 1  62.54  0.51  0  1  0.69
 1  85.75  0.23  0  1  1.55
 0  89.33  1.30  0  0  0.40
 1  77.42  0.40  1  1  0.95
 0  98.95  0.95  1  0  0.58
 0  99.70  0.84  0  0  0.69
 0  77.47  0.96  0  1  1.03
 1  81.94  0.21  0  1  0.82
 1  81.94  0.21  1  1  0.67
 0  98.95  0.95  0  0  0.76
 1  67.44  1.24  1  1  0.73
 0  99.70  0.73  0  0  0.62
 0  92.56  1.24  0  1  0.74
 0  74.25  1.34  0  0  0.42
 1  78.06  0.21  1  1  0.59
 1  64.69  1.16  1  1  0.71
 1  72.67  0.46  1  0  0.63
 0  90.98  0.57  1  0  0.36
 1  60.30  0.84  0  1  0.84
 1  67.44  0.33  1  1  2.52
 0  86.10  0.86  0  0  0.44
 0  92.56  1.24  1  0  0.64
 0  72.67  1.11  0  1  1.29
 0  77.42  1.17  1  1  0.68
 0  82.53  0.96  1  0  0.54
 1  61.05  0.95  1  1  0.65
 0  74.25  1.34  1  1  0.83
 1  61.05  0.95  0  1  0.64
 1  60.30  0.84  1  1  0.72
 1  82.58  0.40  1  0  1.89
 1  92.56  0.33  1  0  1.20
 0  98.95  0.62  0  1  0.58
 1  77.42  0.40  0  1  1.52
 1  78.06  0.21  0  1  1.45
 1  62.54  1.06  0  1  5.27
 1  95.31  0.42  1  0  0.69
 0  87.33  1.11  1  0  4.74
 0  95.31  1.16  0  0  0.53
 1  69.02  0.57  0  1  5.44
 1  67.05  0.86  0  1  0.68
 0  85.75  1.34  0  0  6.68
 0  95.31  1.16  1  0  0.52
 1  95.31  0.42  0  1  0.67
 1  69.02  0.57  1  1  0.63
 0  92.95  0.71  0  0  0.66
 1  87.33  0.46  0  0  0.51
 0  81.94  1.37  0  1  0.69
 0  97.46  1.06  1  0  1.13
 0  73.90  0.71  1  1  0.57
 1  67.05  0.86  1  1  0.55
 0  86.10  0.86  1  0  3.45
 0  92.95  0.71  0  0  2.48
 0  98.95  0.62  1  0  0.51
 0  74.25  1.34  0  1  0.48
 0  98.95  0.95  0  0  0.55
 0  97.46  1.06  0  0  0.46
 1  87.33  0.46  1  0  1.70
 0  77.47  0.61  1  1  0.57
 0  73.90  0.71  0  0  1.01
 1  95.31  0.42  1  0  0.55
 1  70.67  0.27  1  0  1.16
 1  67.44  0.33  1  1  0.76
 0  90.98  0.57  1  0  0.90
 0  86.10  0.71  1  1  1.09
 0  78.06  1.37  1  1  0.75
 1  60.30  0.84  0  1  0.73
 0  74.25  1.34  1  0  1.26
 0  89.33  1.30  0  0  0.62
 1  69.02  0.57  0  1  1.39
 1  61.05  0.95  0  1  0.70
 1  64.69  1.16  0  1  0.63
 0  97.46  1.06  1  0  0.63
 0  95.31  1.16  0  0  0.56
 1  67.05  0.71  0  1  0.65
 0  77.42  1.17  1  0  2.02
 0  81.94  1.37  0  1  0.89
 1  78.06  0.21  1  1  1.26
 1  61.05  0.95  1  1  1.58
 1  92.56  0.33  0  1  1.14
 1  89.33  0.27  1  1  0.57
 1  67.44  0.33  0  1  2.03
 0  85.75  1.34  0  0  0.61
 0  72.67  1.11  0  0  1.11
 1  60.30  0.73  1  1  0.73
 1  81.94  0.21  1  1  0.80
 0  82.58  1.17  0  0  0.73
 0  95.31  1.16  1  0  0.48
 1  82.58  0.40  1  1  0.87
 1  67.44  1.24  1  0  0.66
 1  92.56  0.33  1  1  0.72
 0  82.53  0.96  1  0  1.22
 0  98.95  0.62  0  1  0.76
 1  64.69  0.42  0  1  0.61
 0  92.56  1.24  0  0  1.32
 1  74.25  0.23  0  1  0.54
 1  67.05  0.86  0  0  0.68
 0  82.53  0.61  0  0  0.54
 1  62.54  0.51  1  1  2.09
 0  89.33  1.30  1  0  0.93
 0  92.95  0.71  1  1  0.89
 0  77.47  0.61  0  1  0.73
 1  67.05  0.71  1  1  0.72
 0  99.70  0.73  1  0  2.14
 1  89.33  0.27  0  0  1.23
 1  61.05  0.62  1  1  1.18
 1  95.31  0.42  0  0  1.56
 1  85.75  0.23  1  1 13.25
 0  81.94  1.37  1  0  0.64
 0  92.95  0.86  1  0  0.96
 1  67.05  0.86  1  0  1.87
 0  99.70  0.84  1  0  0.72
 1  77.42  0.40  1  1  1.46
 1  62.54  1.06  0  0  0.73
 1  70.67  1.30  1  0  0.53
 1  64.69  0.42  1  0  1.20
 1  78.06  0.21  0  1  2.38
 1  60.30  0.73  0  0  3.21
 1  61.05  0.62  0  1  0.61
 0  86.10  0.86  0  1  1.95
 1  69.02  1.00  1  0  1.51
 1  82.58  0.40  0  1  0.64
 0  73.90  0.86  0  0  0.66
 0  82.58  1.17  1  0  0.85
 1  97.46  0.51  0  1  0.97
 0  77.47  0.96  0  0  0.64
 0  78.06  1.37  0  0  1.28
 1  87.33  0.46  0  1  3.91
 0  90.98  0.57  0  1  0.91
 0  82.53  0.61  1  0  0.63
 0  73.90  0.71  1  0  0.91
 0  72.67  1.11  1  0  0.53
 0  98.95  0.95  1  0  0.63
 0  77.47  0.96  1  0  0.46
 1  97.46  0.51  1  0  0.72
 0  73.90  0.86  1  0  0.57
 0  86.10  0.86  1  0  0.64
 1  69.02  0.57  1  1  0.87
 0  90.98  1.00  0  0  0.59
 1  81.94  0.21  0  1  0.71
 1  69.02  1.00  0  0  0.63
 1  72.67  0.46  1  0  0.62
 0  86.10  0.71  0  0  0.80
 1  60.30  0.84  1  1  0.74
 1  70.67  1.30  0  1  0.94
 0  90.98  1.00  1  0  1.55
 1  77.42  0.40  0  1  0.93
 1  70.67  0.27  0  1  0.59
 0  92.95  0.86  0  0  0.60
 1  62.54  0.51  0  1  0.71
 0  99.70  0.73  0  1  1.38
 0  77.42  1.17  0  0  1.03
 0  87.33  1.11  0  0  0.49
 0  85.75  1.34  1  0  0.47
 0  92.56  1.24  1  0  0.55
 1  74.25  0.23  1  1  0.68
 0  87.33  1.11  1  0  0.53
 1  62.54  1.06  1  1  1.03
 0  99.70  0.84  0  0  0.87
 1  64.69  1.16  1  1  1.81
 1  85.75  0.23  0  1  0.89
 1  72.67  0.46  0  1  0.51
 0  82.53  0.96  0  0  0.52
 1  67.44  1.24  0  0  0.84
 0  78.06  1.37  0  0 15.21
 1  60.30  0.84  0  1  0.69
 0  86.10  0.86  0  0  0.51
 1  64.69  0.42  0  1  0.58
 1  82.58  0.40  1  1  0.94
 1  67.44  0.33  0  1  0.37
 0  98.95  0.62  1  0  0.51
 0  82.53  0.96  0  0  0.41
 0  77.42  1.17  1  0  0.62
 1  70.67  1.30  0  0  1.01
 0  95.31  1.16  1  0  0.50
 1  64.69  1.16  0  1  0.66
 1  87.33  0.46  0  0  0.56
 0  81.94  1.37  0  0  0.43
 0  72.67  1.11  0  1  0.65
 1  69.02  0.57  1  1  0.81
 0  99.70  0.84  0  0  0.55
 0  74.25  1.34  1  1  2.86
 0  86.10  0.71  0  1  0.67
 0  82.58  1.17  1  0  0.66
 0  98.95  0.95  0  0  0.46
 0  82.53  0.61  1  0  0.66
 1  85.75  0.23  1  1  0.79
 1  69.02  1.00  1  1  0.96
 1  72.67  0.46  1  0  1.73
 0  87.33  1.11  0  0  0.75
 1  64.69  0.42  1  0  2.87
 0  77.47  0.96  1  0  0.66
 1  61.05  0.95  0  1  1.27
 1  70.67  0.27  1  1  1.32
 1  95.31  0.42  0  0  2.46
 1  61.05  0.95  1  0  0.99
 1  72.67  0.46  0  0  0.66
 0  86.10  0.86  1  0  0.63
 0  98.95  0.62  0  1  0.85
 1  81.94  0.21  0  1  0.66
 0  90.98  0.57  0  1  0.80
 0  92.95  0.86  1  0  1.36
 1  70.67  1.30  1  0  0.68
 0  97.46  1.06  0  0  0.54
 1  67.05  0.71  0  1  0.48
 1  62.54  0.51  1  1  0.64
 0  86.10  0.71  1  0  1.14
 1  69.02  0.57  0  0  1.12
 0  77.47  0.61  1  1  0.33
 0  90.98  0.57  1  0  1.00
 0  82.58  1.17  0  1  1.33
 1  67.05  0.86  1  0  0.53
 1  60.30  0.84  1  1  0.66
 0  77.42  1.17  0  0  0.65
 0  89.33  1.30  0  1  0.58
 0  72.67  1.11  1  0  0.54
 0  82.53  0.61  0  1  0.74
 0  99.70  0.73  1  1  1.50
 1  77.42  0.40  0  0  0.58
 1  74.25  0.23  0  1  1.26
 0  90.98  1.00  1  0  1.46
 1  61.05  0.62  0  1  0.72
 0  73.90  0.71  1  0  0.98
 0  73.90  0.86  0  0  1.12
 0  99.70  0.84  1  1  0.68
 0  81.94  1.37  1  0  1.49
 1  92.56  0.33  1  1  4.05
 0  77.47  0.96  0  0 23.55
 1  67.44  1.24  1  0  0.65
 0  92.56  1.24  0  0  0.49
 1  85.75  0.23  0  1 10.34
 0  92.95  0.71  1  0  0.68
 0  82.53  0.96  1  1  5.92
 1  78.06  0.21  1  1  0.70
 0  97.46  1.06  1  0  0.55
 1  67.05  0.71  1  0 13.69
 0  99.70  0.73  0  0  1.31
 1  89.33  0.27  0  1  0.64
 1  62.54  0.51  0  1  7.30
 1  69.02  1.00  0  1  2.73
 1  95.31  0.42  1  1  6.78
 1  77.42  0.40  1  1 13.48
 1  97.46  0.51  1  0  1.20
 1  70.67  0.27  0  0  7.84
 0  77.47  0.61  0  1  4.57
 0  85.75  1.34  0  0  0.97
 0  87.33  1.11  1  0  0.50
 0  98.95  0.95  1  0  0.59
 0  90.98  1.00  0  0  0.52
 1  67.44  1.24  0  0 16.36
 0  92.95  0.86  0  0  0.63
 0  85.75  1.34  1  1  0.62
 0  74.25  1.34  0  1  0.75
 1  64.69  1.16  1  0  0.47
 1  60.30  0.73  0  1 10.08
 1  87.33  0.46  1  0  0.93
 1  62.54  1.06  1  1  1.00
 1  67.05  0.86  0  0  1.50
 1  60.30  0.73  1  1  4.32
 1  97.46  0.51  0  0  0.85
 1  82.58  0.40  0  1  5.34
 0  78.06  1.37  1  1  2.18
 0  73.90  0.71  0  0  2.24
 1  62.54  1.06  0  0 20.83
 1  74.25  0.23  1  1  1.37
 1  61.05  0.62  1  1  1.39
 0  89.33  1.30  1  0  1.25
 0  92.95  0.71  0  1  0.97
 1  92.56  0.33  0  1  7.34
 1  89.33  0.27  1  1  0.73
 1  81.94  0.21  1  1  1.62
 1  78.06  0.21  0  1  0.68
 0  92.56  1.24  1  0  0.68
 0  73.90  0.86  1  0  1.28
 1  67.44  0.33  1  1  0.60
 0  95.31  1.16  0  0  0.94
 1  70.67  0.27  0  1  2.93
 0  82.53  0.96  0  0  1.08
 1  89.33  0.27  1  1  0.63
 0  78.06  1.37  0  0  1.63
 1  60.30  0.73  1  1  0.77
 1  61.05  0.62  0  1  0.60
 1  62.54  1.06  1  1  0.69
 1  97.46  0.51  1  0  2.10
 1  62.54  1.06  0  1  0.58
 1  95.31  0.42  1  1  0.94
 1  67.44  1.24  1  1  0.60
 1  77.42  0.40  0  1  0.81
 1  78.06  0.21  0  1  1.87
 1  69.02  1.00  1  0  7.66
 1  85.75  0.23  0  1  0.81
 0  90.98  1.00  1  0  1.28
 1  67.05  0.86  1  1  0.80
 0  92.56  1.24  0  0  0.63
 0  72.67  1.11  0  1  0.62
 0  99.70  0.84  1  0  1.59
 1  72.67  0.46  0  1  1.23
 1  70.67  1.30  0  0  0.68
 0  82.53  0.61  0  1  1.02
 0  81.94  1.37  0  0  0.65
 0  90.98  0.57  1  1  0.83
 0  98.95  0.62  1  0  0.66
 0  78.06  1.37  1  0  1.04
 0  74.25  1.34  0  0  0.63
 0  92.95  0.86  1  0  0.68
 1  67.05  0.71  1  1 10.90
 1  67.44  0.33  0  1  0.88
 1  87.33  0.46  1  1  2.26
 1  77.42  0.40  1  1  0.75
 0  97.46  1.06  0  1  0.85
 1  97.46  0.51  0  0  1.43
 0  77.47  0.96  0  0 10.49
 0  87.33  1.11  1  0  0.92
 0  77.47  0.96  1  0  0.49
 0  77.42  1.17  1  0  0.50
 1  81.94  0.21  1  1  0.53
 1  64.69  1.16  1  0  1.00
 0  74.25  1.34  1  0  0.53
 0  97.46  1.06  1  1  0.56
 0  99.70  0.84  0  0  1.31
 1  87.33  0.46  0  0  1.48
 1  72.67  0.46  1  1  0.94
 1  61.05  0.95  1  1  7.96
 0  86.10  0.86  1  1  0.81
 0  98.95  0.95  0  0  6.73
 1  67.44  0.33  1  1  0.48
 0  92.95  0.71  0  0  0.93
 1  67.05  0.86  0  1  8.61
 1  62.54  0.51  0  1  0.58
 0  82.53  0.61  1  0  0.82
 1  92.56  0.33  0  1  7.17
 0  85.75  1.34  0  0  0.53
 1  89.33  0.27  0  1  0.54
 0  92.95  0.86  0  0  0.48
 0  92.95  0.71  1  0 21.04
 0  99.70  0.73  1  0  0.60
 1  60.30  0.84  0  1  0.61
 0  73.90  0.71  0  1  2.14
 1  61.05  0.62  1  1  1.76
 1  82.58  0.40  0  0  0.73
 1  78.06  0.21  1  1  6.52
 0  98.95  0.62  0  0  0.97
 1  64.69  0.42  1  1 16.82
 0  89.33  1.30  0  0  0.57
 1  82.58  0.40  1  1  0.89
 1  60.30  0.84  1  1  0.66
 1  64.69  1.16  0  1  0.58
 1  92.56  0.33  1  1  0.60
 0  89.33  1.30  1  0  1.22
 0  99.70  0.73  0  0  3.67
 1  69.02  0.57  1  1  0.50
 0  85.75  1.34  1  0  0.48
 0  95.31  1.16  1  0  0.37
 0  86.10  0.71  1  1  1.18
 0  77.42  1.17  0  0  0.77
 1  61.05  0.95  0  0  0.56
 0  73.90  0.86  1  0  1.36
 1  95.31  0.42  0  0  1.55
 1  64.69  0.42  0  1  1.10
 1  60.30  0.73  0  1  0.50
 0  92.56  1.24  1  0  0.58
 1  69.02  1.00  0  0 19.64
 0  72.67  1.11  1  1  0.60
 0  73.90  0.86  0  0  1.28
 0  82.58  1.17  0  1  0.71
 0  87.33  1.11  0  0  0.45
 1  67.44  1.24  0  0  0.97
 0  81.94  1.37  1  1  0.90
 1  74.25  0.23  0  1  1.04
 0  90.98  1.00  0  0 16.87
 0  98.95  0.95  1  0  0.63
 1  67.05  0.71  0  0  2.72
 1  69.02  0.57  0  1  1.13
 1  62.54  0.51  1  0 19.17
 1  74.25  0.23  1  1  0.58
 0  86.10  0.86  0  0  0.69
 1  70.67  1.30  1  0  0.62
 0  95.31  1.16  0  0  0.62
 0  82.58  1.17  1  0  0.49
 1  81.94  0.21  0  1  8.11
 0  90.98  0.57  0  0  0.77
 0  86.10  0.71  0  0  0.51
 1  85.75  0.23  1  0  0.52
 0  77.47  0.61  0  1 17.55
 0  82.53  0.96  1  0  0.61
 0  73.90  0.71  1  1  0.75
 0  77.47  0.61  1  0  0.59
 1  70.67  0.27  1  1  0.68
 1  62.54  0.51  1  1  1.56
 1  74.25  0.23  0  1  0.87
 1  67.44  0.33  1  1  0.56
 1  89.33  0.27  0  1  0.78
 0  86.10  0.86  0  0  0.94
 1  67.05  0.86  1  1  0.88
 0  82.53  0.96  0  0 26.16
 1  60.30  0.73  1  1  2.98
 1  85.75  0.23  0  1  0.73
 1  72.67  0.46  0  1  0.73
 0  98.95  0.95  0  0  0.63
 0  98.95  0.62  0  0 23.36
 1  92.56  0.33  1  0  0.83
 1  61.05  0.95  0  1  0.95
 0  81.94  1.37  0  0 22.88
 0  77.42  1.17  0  0  0.63
 1  70.67  0.27  0  1  1.46
 1  92.56  0.33  0  1 33.16
 0  99.70  0.84  1  0  0.80
 1  69.02  1.00  1  1  0.61
 0  73.90  0.86  1  1 34.78
 0  90.98  1.00  0  0  1.11
 1  60.30  0.73  0  1  0.77
 0  85.75  1.34  0  0  0.88
 0  98.95  0.95  1  1  1.26
 0  86.10  0.71  1  0  0.29
 0  85.75  1.34  1  1  0.58
 0  78.06  1.37  0  0  0.42
 0  77.47  0.61  0  1  0.68
 1  81.94  0.21  1  1  0.61
 0  92.95  0.86  1  0  1.32
 1  62.54  1.06  0  1  1.29
 0  90.98  0.57  1  1  0.90
 1  95.31  0.42  1  0  0.57
 1  67.44  1.24  0  1  0.67
 1  97.46  0.51  0  0  5.17
 0  92.95  0.71  0  1  2.31
 0  74.25  1.34  1  1  2.48
 0  73.90  0.86  0  0  0.39
 0  77.47  0.96  1  0  0.52
 0  77.47  0.61  1  1  0.54
 0  87.33  1.11  0  0  0.49
 0  72.67  1.11  1  0  1.32
 0  98.95  0.62  1  0  4.01
 1  67.05  0.71  0  0  2.55
 1  70.67  1.30  1  1  0.77
 1  64.69  0.42  0  0  0.69
 0  89.33  1.30  0  0  0.65
 1  69.02  0.57  0  1  0.83
 0  92.56  1.24  1  0  0.48
 1  97.46  0.51  1  1  0.73
 1  81.94  0.21  0  1  1.44
 0  86.10  0.71  0  0  0.64
 0  95.31  1.16  0  0  3.82
 0  77.42  1.17  1  0  7.21
 0  82.53  0.61  0  1  0.95
 1  95.31  0.42  0  1  0.70
 1  89.33  0.27  1  1  0.52
 1  82.58  0.40  1  1  0.59
 0  82.53  0.61  1  1  0.34
 0  72.67  1.11  0  0  1.31
 1  64.69  1.16  1  1  1.23
 0  74.25  1.34  0  0  0.83
 1  87.33  0.46  1  0  1.05
 0  78.06  1.37  1  0  1.29
 0  82.58  1.17  0  1  0.81
 0  99.70  0.73  1  0  0.53
 1  69.02  0.57  1  0  2.14
 1  78.06  0.21  1  0  0.45
 0  86.10  0.86  1  0  0.53
 1  62.54  1.06  1  1  1.32
 1  61.05  0.62  1  1  1.54
 1  82.58  0.40  0  0  0.66
 0  89.33  1.30  1  0  0.43
 1  85.75  0.23  1  1  0.66
 1  78.06  0.21  0  1  1.82
 1  60.30  0.84  0  1  2.92
 1  67.05  0.86  0  1  0.70
 0  82.58  1.17  1  1 10.33
 1  64.69  0.42  1  1  3.56
 0  73.90  0.71  0  1  5.30
 0  87.33  1.11  1  0  0.54
 1  72.67  0.46  1  0  1.07
 0  92.95  0.86  0  0  0.30
 1  67.05  0.71  1  1  0.54
 0  92.95  0.71  1  0  0.58
 0  95.31  1.16  1  0  0.56
 0  77.47  0.96  0  0  0.58
 0  97.46  1.06  1  0  0.68
 1  61.05  0.95  1  0 15.48
 1  67.44  1.24  1  0  0.63
 1  70.67  1.30  0  0  1.16
 0  99.70  0.84  0  0  1.16
 0  99.70  0.73  0  0  1.06
 0  97.46  1.06  0  0  0.43
 0  73.90  0.71  1  1  0.92
 1  77.42  0.40  0  0  0.47
 1  74.25  0.23  1  0  0.38
 0  90.98  0.57  0  0  0.80
 1  87.33  0.46  0  0  0.63
 1  77.42  0.40  1  1  0.44
 0  90.98  1.00  1  0  0.53
 0  92.56  1.24  0  0  0.46
 1  69.02  1.00  0  1  1.14
 1  64.69  1.16  0  1  0.50
 1  67.44  0.33  0  1  0.96
 1  62.54  0.51  0  1  0.88
 0  82.53  0.96  1  1  1.60
 1  70.67  0.27  1  0  0.71
 1  61.05  0.62  0  1  2.45
 0  81.94  1.37  1  0  0.56
 1  60.30  0.84  1  1  0.60
