 0  92.56  1.24  0  0  1.04
 1  92.56  0.33  0  1  0.68
 0  92.56  0.33  1  1  2.11
 1  73.90  0.86  1  0  1.07
 1  97.46  1.06  1  0  1.17
 0  99.70  0.84  0  0  0.91
 1  86.10  0.71  1  1  0.78
 0  98.95  0.62  0  0  1.25
 0  67.05  0.86  1  1  0.93
 1  95.31  0.42  0  0  2.34
 1  67.05  0.86  0  0  1.01
 1  92.95  0.86  1  0  1.47
 1  81.94  0.21  0  0  5.82
 0  82.58  0.40  1  1  2.95
 1  78.06  0.21  0  0  2.25
 1  86.10  0.86  1  1  1.68
 0  92.95  0.71  0  1  5.77
 1  92.95  0.71  1  0  4.44
 1  64.69  1.16  0  0  1.11
 1  67.44  1.24  0  1  5.88
 1  98.95  0.95  1  0  2.00
 0  77.47  0.96  0  1  1.76
 1  97.46  0.51  0  0  4.24
 1  73.90  0.71  1  0  2.46
 0  81.94  1.37  0  1  2.29
 1  92.56  1.24  1  0  3.91
 1  60.30  0.84  0  0  2.81
 0  85.75  1.34  0  0  2.54
 1  98.95  0.62  1  0  1.16
 1  77.42  1.17  1  1  1.45
 0  61.05  0.62  1  0  1.01
 0  67.44  0.33  1  0  1.43
 1  82.58  0.40  0  1  1.74
 0  82.53  0.61  0  1  8.05
 0  73.90  0.71  0  1  3.17
 1  81.94  1.37  1  1  1.41
 1  72.67  1.11  1  0  1.62
 1  95.31  1.16  1  1  1.46
 0  62.54  0.51  1  0  0.86
 0  82.58  1.17  0  1  1.45
 0  90.98  0.57  0  1  1.96
 1  82.53  0.61  1  0  1.06
 0  99.70  0.73  0  1  2.21
 0  74.25  0.23  1  0  9.14
 1  77.47  0.96  1  0  1.48
 1  78.06  1.37  1  0  2.26
 1  74.25  1.34  1  0  1.76
 0  78.06  0.21  1  0  1.78
 0  97.46  0.51  1  1  1.63
 0  72.67  1.11  0  0  2.62
 0  87.33  0.46  1  0  2.93
 1  85.75  0.23  0  1  2.26
 1  67.44  0.33  0  0  1.24
 1  67.05  0.71  0  1  1.24
 1  77.47  0.61  1  0  4.44
 0  72.67  0.46  1  1  1.15
 1  99.70  0.84  1  1  2.16
 1  99.70  0.73  1  1  2.60
 0  81.94  0.21  1  1  1.08
 1  82.58  1.17  1  1  1.66
 0  69.02  1.00  1  0  1.51
 0  77.42  1.17  0  0  1.01
 0  92.95  0.86  0  1  1.54
 1  87.33  1.11  1  1  5.34
 1  70.67  0.27  0  0  1.31
 1  61.05  0.95  0  1  1.66
 0  89.33  0.27  1  0  6.19
 0  95.31  1.16  0  0  2.13
 0  86.10  0.86  0  1  2.49
 1  60.30  0.73  0  1  1.00
 1  69.02  1.00  0  1  0.87
 0  77.47  0.61  0  1  1.55
 0  97.46  1.06  0  0  2.14
 1  90.98  1.00  1  1  1.18
 1  64.69  0.42  0  1  2.35
 1  90.98  0.57  1  0  0.98
 0  64.69  1.16  1  1  0.86
 0  74.25  1.34  0  1  3.68
 0  82.53  0.96  0  0  1.27
 0  87.33  1.11  0  0  2.82
 0  77.42  0.40  1  1  2.77
 0  62.54  1.06  1  1  0.94
 0  98.95  0.95  0  1  3.14
 1  74.25  0.23  0  1  1.24
 0  60.30  0.84  1  1  1.83
 1  89.33  1.30  1  1  5.92
 0  67.05  0.71  1  0  1.26
 0  61.05  0.95  1  0  1.05
 0  89.33  1.30  0  1  3.09
 1  61.05  0.62  0  0  1.17
 1  70.67  1.30  0  1  0.88
 1  62.54  1.06  0  1  1.41
 1  77.42  0.40  0  1  1.32
 0  60.30  0.73  1  1  1.32
 0  70.67  1.30  1  1 10.04
 1  89.33  0.27  0  0  2.12
 0  90.98  1.00  0  0  1.79
 1  62.54  0.51  0  1  0.89
 0  95.31  0.42  1  0  5.36
 1  85.75  1.34  1  0  0.84
 0  67.44  1.24  1  1  3.71
 0  85.75  0.23  1  1  5.80
 0  70.67  0.27  1  1  0.81
 1  82.53  0.96  1  0  7.28
 0  73.90  0.86  0  1  7.99
 0  78.06  1.37  0  1  3.80
 0  69.02  0.57  1  0  2.17
 1  69.02  0.57  0  1 12.32
 0  64.69  0.42  1  1  1.25
 1  72.67  0.46  0  1  1.26
 0  86.10  0.71  0  1  0.96
 1  87.33  0.46  0  0  4.21
 1  87.33  0.46  0  0  6.35
 1  67.05  0.71  0  0  1.02
 1  99.70  0.73  1  0  6.34
 0  81.94  1.37  0  1  1.75
 0  69.02  0.57  1  0  5.37
 0  61.05  0.95  1  0  1.09
 1  78.06  1.37  1  0  1.30
 1  72.67  1.11  1  1  6.24
 1  73.90  0.71  1  0  1.35
 0  62.54  0.51  1  1  2.38
 1  90.98  1.00  1  0  4.21
 1  92.95  0.71  1  1  1.31
 1  82.58  1.17  1  1  3.95
 0  74.25  1.34  0  0  1.48
 1  82.58  0.40  0  1  1.01
 0  78.06  0.21  1  1  2.20
 0  98.95  0.62  0  0  1.24
 1  82.53  0.96  1  0  1.19
 0  77.42  0.40  1  1  0.97
 0  62.54  1.06  1  0  1.60
 0  67.05  0.86  1  0  1.00
 0  87.33  1.11  0  1  0.67
 1  82.53  0.61  1  1  3.00
 0  72.67  1.11  0  1  1.36
 0  70.67  0.27  1  0  1.56
 0  92.95  0.71  0  1  1.64
 1  74.25  0.23  0  0  2.73
 1  62.54  1.06  0  1  2.72
 0  60.30  0.73  1  1  1.36
 1  70.67  1.30  0  1  4.51
 1  70.67  0.27  0  0  1.34
 0  90.98  0.57  0  0  1.20
 0  98.95  0.95  0  0  1.91
 0  70.67  1.30  1  0  3.53
 0  64.69  1.16  1  0  1.54
 0  78.06  1.37  0  0  2.47
 1  95.31  1.16  1  1  2.89
 1  69.02  1.00  0  0  1.26
 1  98.95  0.62  1  0  3.19
 0  82.58  0.40  1  1  1.34
 0  77.42  1.17  0  1  3.26
 0  86.10  0.71  0  1  1.82
 1  92.56  1.24  1  0  0.99
 1  67.44  0.33  0  0 11.25
 0  92.56  1.24  0  0  1.85
 1  86.10  0.86  1  0  1.55
 0  97.46  0.51  1  0  4.22
 0  95.31  0.42  1  0  1.89
 1  73.90  0.86  1  1  2.13
 0  60.30  0.84  1  1  1.19
 1  85.75  0.23  0  0  2.22
 0  99.70  0.84  0  0  1.38
 1  74.25  1.34  1  1  1.77
 0  61.05  0.62  1  1  1.02
 0  95.31  1.16  0  0  1.01
 0  81.94  0.21  1  0  2.44
 1  95.31  0.42  0  0  1.18
 1  62.54  0.51  0  1  0.92
 1  97.46  1.06  1  0  1.27
 1  78.06  0.21  0  1  4.24
 0  90.98  1.00  0  0  1.18
 0  72.67  0.46  1  1  1.42
 0  74.25  0.23  1  0  2.08
 0  82.53  0.61  0  0  3.23
 1  77.42  1.17  1  0  3.59
 1  89.33  0.27  0  0  1.62
 0  85.75  0.23  1  1  0.87
 1  85.75  1.34  1  0 10.00
 1  77.47  0.96  1  1  0.90
 0  89.33  0.27  1  0  2.18
 1  67.05  0.86  0  1  0.77
 1  72.67  0.46  0  1  2.84
 1  64.69  1.16  0  1  0.93
 0  77.47  0.61  0  1  2.43
 0  86.10  0.86  0  0  1.33
 0  85.75  1.34  0  0  0.69
 0  97.46  1.06  0  0  0.54
 1  77.47  0.61  1  0  1.34
 0  69.02  1.00  1  1  0.89
 1  98.95  0.95  1  0  1.17
 0  73.90  0.86  0  1  2.83
 0  92.95  0.86  0  1  2.61
 1  60.30  0.84  0  1  0.95
 1  67.44  1.24  0  1  0.71
 0  77.47  0.96  0  0  2.39
 0  64.69  0.42  1  1  7.11
 1  86.10  0.71  1  1  1.54
 0  89.33  1.30  0  1  3.24
 1  81.94  0.21  0  0  3.89
 0  82.58  1.17  0  0  2.65
 0  92.56  0.33  1  0  4.05
 1  87.33  1.11  1  0  1.19
 0  87.33  0.46  1  1 11.13
 1  97.46  0.51  0  0  3.79
 0  67.05  0.71  1  1  0.99
 1  92.56  0.33  0  0 10.16
 1  61.05  0.62  0  1  1.31
 1  60.30  0.73  0  1  0.66
 1  99.70  0.84  1  0  1.56
 1  81.94  1.37  1  1  0.96
 0  73.90  0.71  0  1  0.63
 1  92.95  0.86  1  1 11.66
 1  61.05  0.95  0  1  0.90
 1  89.33  1.30  1  1  1.70
 0  67.44  0.33  1  1  1.00
 0  99.70  0.73  0  0  2.86
 0  82.53  0.96  0  1  2.05
 1  77.42  0.40  0  0  2.71
 1  69.02  0.57  0  1 18.81
 1  90.98  0.57  1  0  5.04
 1  64.69  0.42  0  1  0.95
 0  67.44  1.24  1  1  0.84
 0  60.30  0.73  1  1  6.47
 1  82.58  0.40  0  0 22.09
 0  86.10  0.86  0  0  1.00
 1  67.44  0.33  0  1  1.15
 1  98.95  0.62  1  0  4.53
 1  81.94  1.37  1  0  2.20
 0  92.95  0.71  0  0  5.24
 1  61.05  0.62  0  1  0.95
 0  69.02  1.00  1  0  8.07
 1  67.05  0.71  0  1  1.01
 1  95.31  1.16  1  0  6.48
 1  62.54  0.51  0  1  1.07
 1  60.30  0.73  0  1  0.79
 1  77.47  0.61  1  0  4.16
 1  64.69  1.16  0  1  0.77
 0  99.70  0.84  0  0  3.34
 1  90.98  0.57  1  0  2.92
 1  73.90  0.86  1  1  1.02
 1  92.56  0.33  0  0  2.77
 0  67.05  0.86  1  1  1.38
 0  77.42  1.17  0  1  3.01
 0  98.95  0.95  0  0  5.71
 0  85.75  0.23  1  0  1.90
 0  90.98  1.00  0  0  1.56
 0  81.94  1.37  0  1  1.76
 1  89.33  0.27  0  0  2.04
 1  99.70  0.73  1  0  2.12
 0  87.33  0.46  1  0 14.06
 0  82.58  0.40  1  1 10.59
 0  69.02  0.57  1  1  1.62
 0  67.44  1.24  1  1 19.97
 0  95.31  0.42  1  0  3.93
 1  87.33  0.46  0  0  1.98
 0  72.67  1.11  0  1  1.66
 1  81.94  0.21  0  1  5.13
 1  78.06  0.21  0  1  1.22
 1  69.02  1.00  0  1  2.56
 1  82.53  0.96  1  0  2.95
 1  69.02  0.57  0  1  1.43
 1  64.69  0.42  0  1  0.88
 0  82.58  1.17  0  1  1.27
 0  89.33  1.30  0  0  2.00
 0  81.94  0.21  1  0  5.92
 0  70.67  0.27  1  0  1.35
 0  60.30  0.84  1  1  0.82
 0  64.69  0.42  1  0  3.55
 1  89.33  1.30  1  1  4.48
 0  78.06  1.37  0  1  3.17
 1  72.67  1.11  1  0  1.94
 1  82.53  0.61  1  1  2.35
 0  77.47  0.61  0  1  5.94
 0  89.33  0.27  1  1  2.87
 0  61.05  0.62  1  1  0.96
 1  87.33  1.11  1  0  1.00
 0  86.10  0.71  0  0 10.94
 1  97.46  1.06  1  0  1.13
 0  73.90  0.71  0  0  6.00
 1  78.06  1.37  1  1  1.10
 1  67.05  0.86  0  0  0.77
 0  73.90  0.86  0  0  4.05
 0  64.69  1.16  1  1  1.25
 1  61.05  0.95  0  1  4.44
 0  61.05  0.95  1  1  1.41
 0  78.06  0.21  1  0  4.18
 0  97.46  1.06  0  0  1.73
 1  95.31  0.42  0  0  3.43
 1  77.42  1.17  1  1  4.34
 1  98.95  0.95  1  0  2.45
 1  73.90  0.71  1  0  1.35
 1  74.25  1.34  1  1  3.29
 1  67.44  1.24  0  1  1.42
 0  99.70  0.73  0  1  2.20
 1  85.75  0.23  0  0  2.11
 0  77.42  0.40  1  1  1.54
 1  62.54  1.06  0  1  1.20
 0  62.54  0.51  1  1  3.40
 0  92.56  1.24  0  0  2.06
 0  74.25  1.34  0  0  6.87
 1  99.70  0.84  1  1  5.62
 0  82.53  0.61  0  1  0.95
 0  92.95  0.86  0  1  3.65
 1  82.58  1.17  1  1  0.66
 1  97.46  0.51  0  0  1.00
 1  74.25  0.23  0  1  0.92
 1  85.75  1.34  1  1  3.33
 1  86.10  0.71  1  0  1.35
 0  98.95  0.62  0  1  1.08
 1  92.56  1.24  1  0  3.66
 0  82.53  0.96  0  1  2.42
 0  74.25  0.23  1  0  1.39
 1  77.47  0.96  1  0  2.03
 0  92.56  0.33  1  0  1.90
 0  67.44  0.33  1  1  1.43
 0  77.47  0.96  0  0  3.62
 0  67.05  0.71  1  0  5.51
 0  85.75  1.34  0  0  2.82
 0  72.67  0.46  1  0  1.31
 1  77.42  0.40  0  1  1.40
 0  87.33  1.11  0  1  0.96
 1  86.10  0.86  1  0  2.43
 1  70.67  1.30  0  1  7.02
 1  72.67  0.46  0  1  0.87
 1  92.95  0.86  1  0  1.79
 1  70.67  0.27  0  1  2.08
 1  90.98  1.00  1  1  3.09
 0  90.98  0.57  0  0  3.39
 1  92.95  0.71  1  0  4.85
 1  60.30  0.84  0  1  0.75
 0  62.54  1.06  1  1  0.73
 0  70.67  1.30  1  0  5.88
 0  97.46  0.51  1  0  3.91
 0  95.31  1.16  0  0  1.95
 0  72.67  0.46  1  1  3.05
 0  69.02  1.00  1  1  1.78
 1  99.70  0.84  1  1  3.40
 1  64.69  0.42  0  0  1.33
 0  99.70  0.84  0  0  1.49
 0  85.75  0.23  1  1  3.43
 0  82.58  0.40  1  0  1.21
 1  97.46  0.51  0  0  1.65
 1  77.42  1.17  1  1  2.97
 1  69.02  1.00  0  1  6.69
 1  67.44  1.24  0  1  2.17
 1  70.67  1.30  0  1  1.36
 1  97.46  1.06  1  0  2.08
 1  86.10  0.71  1  1  1.59
 1  60.30  0.73  0  1  0.69
 0  77.47  0.96  0  1  1.27
 0  81.94  0.21  1  0  2.56
 0  77.42  1.17  0  0  1.96
 1  87.33  0.46  0  0  1.54
 0  82.53  0.61  0  1  2.46
 0  95.31  0.42  1  1  4.59
 1  85.75  1.34  1  1  2.23
 0  82.58  1.17  0  1  1.45
 1  89.33  1.30  1  0  3.77
 1  81.94  1.37  1  0  2.29
 0  97.46  0.51  1  0  1.31
 0  98.95  0.62  0  0  1.46
 0  97.46  1.06  0  0  1.66
 0  86.10  0.71  0  0  1.45
 0  92.95  0.71  0  0  2.57
 1  72.67  1.11  1  0  2.79
 0  98.95  0.95  0  0  1.43
 0  82.53  0.96  0  0  1.37
 0  72.67  1.11  0  1  1.13
 1  73.90  0.71  1  1  3.16
 0  61.05  0.62  1  1  1.43
 1  92.56  1.24  1  0  1.83
 1  82.53  0.96  1  1  2.07
 0  87.33  1.11  0  0  1.54
 1  98.95  0.62  1  0  1.34
 1  67.44  0.33  0  1  1.50
 0  64.69  0.42  1  1  4.60
 1  87.33  1.11  1  0  1.89
 1  81.94  0.21  0  0  2.97
 1  90.98  0.57  1  0  2.40
 1  90.98  1.00  1  1  0.66
 0  92.56  0.33  1  1  0.93
 0  89.33  1.30  0  0  2.58
 0  73.90  0.86  0  0  1.19
 0  78.06  0.21  1  0  2.16
 1  74.25  0.23  0  1  1.78
 0  62.54  1.06  1  1  1.45
 1  89.33  0.27  0  0  1.98
 0  67.05  0.71  1  1  1.77
 0  64.69  1.16  1  1  4.18
 1  70.67  0.27  0  1  1.28
 1  92.95  0.71  1  0  4.52
 1  67.05  0.71  0  1  2.45
 1  64.69  1.16  0  1  1.02
 0  90.98  1.00  0  0  0.92
 1  92.95  0.86  1  0  1.19
 1  77.47  0.61  1  1  2.55
 1  82.58  1.17  1  1  2.49
 1  82.53  0.61  1  0  2.38
 0  60.30  0.84  1  1  1.02
 0  78.06  1.37  0  0  1.77
 0  77.47  0.61  0  0  2.17
 1  72.67  0.46  0  1  0.94
 1  98.95  0.95  1  0  1.51
 0  81.94  1.37  0  1  0.81
 0  67.44  0.33  1  0 23.44
 0  95.31  1.16  0  0  1.99
 1  77.47  0.96  1  1  1.96
 0  74.25  1.34  0  1  2.11
 1  85.75  0.23  0  0  1.63
 1  78.06  1.37  1  1  3.01
 1  95.31  0.42  0  1  4.94
 1  95.31  1.16  1  1  3.58
 0  85.75  1.34  0  1  1.57
 0  67.44  1.24  1  0  2.22
 1  61.05  0.62  0  1  0.98
 0  87.33  0.46  1  0  1.11
 1  60.30  0.84  0  1  0.63
 1  62.54  1.06  0  1  0.83
 0  70.67  0.27  1  0  0.95
 1  74.25  1.34  1  0  0.86
 1  78.06  0.21  0  1  1.13
 1  67.05  0.86  0  1  0.65
 0  92.56  1.24  0  1  2.86
 1  62.54  0.51  0  1  0.98
 0  99.70  0.73  0  0  2.67
 0  69.02  0.57  1  0  1.50
 0  67.05  0.86  1  0  1.76
 0  60.30  0.73  1  0  1.88
 0  92.95  0.86  0  1  1.66
 0  61.05  0.95  1  1  4.58
 1  73.90  0.86  1  0  1.50
 0  86.10  0.86  0  1  1.58
 1  77.42  0.40  0  0  1.09
 1  69.02  0.57  0  1  2.10
 1  82.58  0.40  0  1  0.98
 0  62.54  0.51  1  0  1.25
 1  86.10  0.86  1  0  1.64
 0  89.33  0.27  1  0  1.92
 0  74.25  0.23  1  0  1.10
 0  90.98  0.57  0  1  1.01
 0  70.67  1.30  1  0  4.48
 1  92.56  0.33  0  1  1.31
 0  77.42  0.40  1  0  2.37
 1  99.70  0.73  1  1  0.71
 1  61.05  0.95  0  1  0.95
 0  73.90  0.71  0  1  1.74
 1  69.02  1.00  0  1  2.39
 1  61.05  0.95  0  1  0.75
 0  81.94  1.37  0  1  1.26
 1  69.02  0.57  0  1  0.71
 1  98.95  0.62  1  0  0.79
 0  78.06  0.21  1  1  0.70
 1  87.33  1.11  1  0  0.70
 1  82.58  1.17  1  1  0.49
 0  97.46  1.06  0  1  0.90
 1  70.67  0.27  0  0  0.95
 0  77.47  0.61  0  1  1.41
 0  85.75  0.23  1  0  0.71
 0  73.90  0.86  0  1  0.79
 1  64.69  0.42  0  1  1.28
 1  67.44  1.24  0  1  1.27
 1  72.67  0.46  0  1  1.12
 1  72.67  1.11  1  0  0.86
 1  97.46  0.51  0  0  2.36
 0  92.95  0.86  0  1  1.04
 1  89.33  1.30  1  1  1.47
 0  77.42  0.40  1  0  1.52
 1  98.95  0.95  1  0  3.04
 1  73.90  0.86  1  0  2.54
 0  64.69  0.42  1  1  1.91
 1  64.69  1.16  0  1  0.81
 1  99.70  0.73  1  0  1.37
 1  85.75  1.34  1  1  0.93
 0  73.90  0.71  0  1  3.91
 0  92.95  0.71  0  0  1.35
 0  82.58  1.17  0  1  1.24
 1  99.70  0.84  1  0  0.82
 1  87.33  0.46  0  1  0.87
 1  77.47  0.61  1  1  0.77
 1  78.06  1.37  1  1  0.68
 0  90.98  1.00  0  0  1.49
 0  81.94  0.21  1  0  1.28
 0  62.54  1.06  1  1  2.91
 0  67.44  0.33  1  0  0.85
 1  67.05  0.71  0  1  2.13
 0  74.25  0.23  1  0  0.90
 1  82.53  0.61  1  1  2.71
 0  67.44  1.24  1  0  2.21
 1  77.42  1.17  1  1  1.19
 1  89.33  0.27  0  0  1.95
 0  92.56  0.33  1  0  4.80
 0  99.70  0.84  0  1  1.69
 1  61.05  0.62  0  1  1.33
 1  97.46  1.06  1  0  5.68
 1  95.31  0.42  0  0  3.80
 1  73.90  0.71  1  1  1.05
 0  98.95  0.62  0  0  3.88
 0  61.05  0.62  1  0  7.12
 1  70.67  1.30  0  0  4.63
 1  86.10  0.71  1  1  4.49
 1  90.98  1.00  1  1  4.50
 0  89.33  1.30  0  1  1.02
 1  60.30  0.84  0  1  1.21
 0  82.58  0.40  1  0  5.01
 1  62.54  0.51  0  1  0.94
 0  97.46  0.51  1  0  2.82
 0  74.25  1.34  0  1  4.85
 0  62.54  0.51  1  1  2.12
 0  95.31  1.16  0  0  3.88
 0  60.30  0.73  1  1  4.60
 0  72.67  0.46  1  0  2.46
 0  67.05  0.71  1  0  3.79
 0  67.05  0.86  1  1  5.16
 1  85.75  0.23  0  1  5.15
 1  77.47  0.96  1  1 11.42
 0  60.30  0.84  1  1  1.56
 0  87.33  0.46  1  0  6.30
 0  98.95  0.95  0  1  4.14
 0  95.31  0.42  1  0  4.27
 1  82.58  0.40  0  1  6.94
 1  82.53  0.96  1  0  1.89
 0  85.75  1.34  0  1  5.12
 0  99.70  0.73  0  0  4.04
 0  78.06  1.37  0  1  2.03
 0  87.33  1.11  0  0  3.65
 0  77.47  0.96  0  0  3.88
 0  69.02  0.57  1  1  4.64
 0  86.10  0.71  0  0  3.46
 1  92.56  1.24  1  1  4.59
 0  82.53  0.61  0  0  2.86
 1  92.95  0.71  1  0  2.93
 0  86.10  0.86  0  1  4.22
 0  61.05  0.95  1  1  1.97
 0  82.53  0.96  0  0  3.41
 0  90.98  0.57  0  0  1.94
 0  89.33  0.27  1  1  8.44
 1  74.25  0.23  0  0  4.40
 1  67.44  0.33  0  1  2.35
 0  72.67  1.11  0  0  4.07
 1  62.54  1.06  0  0  2.56
 1  60.30  0.73  0  1  3.40
 1  92.56  0.33  0  0  7.89
 0  77.42  1.17  0  1  3.92
 1  78.06  0.21  0  0  1.30
 0  92.56  1.24  0  1  2.84
 1  92.95  0.86  1  0  1.45
 1  81.94  1.37  1  1  1.58
 1  90.98  0.57  1  1  0.94
 1  67.05  0.86  0  1  1.99
 0  69.02  1.00  1  1  1.36
 0  70.67  1.30  1  0  1.48
 1  77.42  0.40  0  1  1.38
 1  81.94  0.21  0  1  1.46
 0  64.69  1.16  1  0  1.61
 0  70.67  0.27  1  1  2.26
 1  95.31  1.16  1  0  1.96
 1  86.10  0.86  1  1  0.93
 1  74.25  1.34  1  1  0.78
