 3  90.98  1.00  0  0  1.62
 1  61.05  0.95  1  1  3.53
 1  77.47  0.96  1  3  2.55
 0  70.67  0.27  1  0  4.00
 3  92.95  0.86  0  3  2.97
 2  81.94  0.21  0  0  1.76
 0  67.05  0.71  1  0  0.88
 2  86.10  0.71  0  1  3.30
 2  92.56  0.33  1  0  1.30
 0  72.67  0.46  1  0  1.42
 1  77.42  1.17  0  3  1.58
 1  74.25  1.34  1  3  1.56
 3  81.94  1.37  1  1  1.83
 3  86.10  0.86  0  2  2.03
 0  78.06  0.21  0  2  2.23
 3  92.95  0.86  1  1  2.08
 1  69.02  1.00  1  0  1.67
 3  87.33  1.11  1  1  2.33
 3  85.75  1.34  1  3  1.21
 0  61.05  0.62  0  0  0.97
 2  85.75  0.23  0  2  2.11
 0  73.90  0.71  1  0  1.01
 2  87.33  0.46  0  1  1.82
 1  67.05  0.86  0  0  0.77
 2  90.98  0.57  1  2  2.81
 3  95.31  1.16  1  0  2.19
 1  67.44  1.24  0  0  0.77
 1  62.54  1.06  1  1  1.32
 2  82.53  0.61  1  0  2.09
 3  82.53  0.96  0  0  2.06
 3  99.70  0.84  1  2  1.18
 3  95.31  1.16  0  3  1.72
 0  61.05  0.62  1  1  2.38
 1  77.42  1.17  1  1  1.94
 0  77.42  0.40  0  1  2.14
 1  62.54  1.06  0  0  0.67
 2  90.98  0.57  0  2  2.55
 1  67.44  1.24  1  0  0.98
 3  85.75  1.34  0  1  2.25
 1  73.90  0.86  0  1  3.44
 3  98.95  0.95  1  2  1.78
 1  70.67  1.30  1  0  1.07
 3  92.56  1.24  0  2  3.35
 0  77.42  0.40  1  2  1.43
 3  98.95  0.95  0  3  0.80
 2  92.95  0.71  0  2  2.81
 1  72.67  1.11  1  0  1.04
 1  77.47  0.96  0  0  1.80
 2  89.33  0.27  1  2  2.29
 2  89.33  0.27  0  2  1.42
 1  60.30  0.84  0  0  1.93
 3  87.33  1.11  0  3  2.73
 0  69.02  0.57  1  0  1.28
 0  64.69  0.42  0  0  0.98
 0  62.54  0.51  1  0  0.64
 2  86.10  0.71  1  2  1.43
 0  72.67  0.46  0  1  1.72
 2  98.95  0.62  0  2  1.12
 0  77.47  0.61  1  0  1.10
 0  77.47  0.61  0  0  1.20
 0  60.30  0.73  1  1  1.04
 1  74.25  1.34  0  1  1.80
 1  78.06  1.37  1  1  1.83
 1  60.30  0.84  1  0  1.09
 2  95.31  0.42  0  2  1.46
 0  73.90  0.71  0  0  2.58
 3  92.56  1.24  1  2  1.33
 2  82.58  0.40  0  2  1.09
 3  99.70  0.84  0  3  0.67
 0  67.05  0.71  0  0  1.06
 1  69.02  1.00  0  0  1.48
 2  85.75  0.23  1  2  1.24
 0  64.69  0.42  1  0  3.08
 3  82.53  0.96  1  0  4.12
 0  74.25  0.23  1  1  1.45
 0  60.30  0.73  0  1  1.61
 0  69.02  0.57  0  0  2.07
 3  82.58  1.17  1  3  1.44
 2  99.70  0.73  0  2  1.34
 3  81.94  1.37  0  3  1.56
 1  72.67  1.11  0  2  3.51
 3  86.10  0.86  1  2  1.48
 1  61.05  0.95  0  0  1.00
 1  64.69  1.16  1  1  1.44
 0  74.25  0.23  0  2  2.11
 3  97.46  1.06  1  3  2.49
 2  92.95  0.71  1  2  1.34
 2  81.94  0.21  1  0  0.98
 2  82.58  0.40  1  2  2.72
 1  73.90  0.86  1  1  1.42
 0  78.06  0.21  1  2  1.59
 3  90.98  1.00  1  3  2.33
 3  97.46  1.06  0  3  0.64
 2  82.53  0.61  0  3  1.39
 3  82.58  1.17  0  3  1.33
 0  70.67  0.27  0  0  0.99
 1  64.69  1.16  0  0  2.88
 0  67.44  0.33  1  0  0.81
 2  95.31  0.42  1  2  1.14
 3  89.33  1.30  0  3  1.04
 1  67.05  0.86  1  0  1.42
 1  78.06  1.37  0  1  3.50
 0  67.44  0.33  0  0  3.59
 2  87.33  0.46  1  2  1.09
 2  92.56  0.33  0  2  1.09
 3  89.33  1.30  1  3  1.48
 2  99.70  0.73  1  2  0.78
 1  70.67  1.30  0  1  1.46
 2  97.46  0.51  1  2  1.41
 2  97.46  0.51  0  2  1.35
 0  62.54  0.51  0  0  1.50
 2  98.95  0.62  1  2  1.22
 3  87.33  1.11  1  3  2.92
 1  60.30  0.84  0  1  2.17
 2  86.10  0.71  1  2  1.95
 0  77.47  0.61  1  1  1.53
 1  64.69  1.16  0  1  1.18
 1  67.44  1.24  1  1  1.55
 0  77.47  0.61  0  0  1.77
 2  92.95  0.71  0  2  1.31
 2  89.33  0.27  1  2  1.08
 2  81.94  0.21  0  2  0.78
 3  92.95  0.86  1  2  1.57
 2  92.56  0.33  1  2  0.69
 2  98.95  0.62  0  2  1.61
 0  64.69  0.42  0  0  1.56
 1  77.47  0.96  1  1  1.06
 0  60.30  0.73  0  1  1.76
 1  78.06  1.37  0  1  2.14
 3  89.33  1.30  1  3  1.04
 1  61.05  0.95  0  1  1.24
 2  95.31  0.42  1  2  1.02
 2  82.58  0.40  1  2  0.77
 0  78.06  0.21  0  2  1.64
 1  73.90  0.86  1  0  2.98
 2  99.70  0.73  1  2  1.88
 3  81.94  1.37  1  1  1.50
 3  86.10  0.86  0  2  1.07
 1  77.47  0.96  0  3  2.28
 1  70.67  1.30  0  1  1.62
 1  73.90  0.86  0  1  2.25
 1  62.54  1.06  1  1  1.46
 1  61.05  0.95  1  1  1.79
 1  67.44  1.24  0  3  2.83
 3  82.53  0.96  0  3  1.66
 2  92.56  0.33  0  2  0.93
 1  64.69  1.16  1  1  1.16
 1  74.25  1.34  0  1  2.09
 2  81.94  0.21  1  2  1.40
 2  90.98  0.57  0  2  1.38
 3  81.94  1.37  0  3  3.04
 0  72.67  0.46  0  2  1.61
 3  82.58  1.17  1  3  1.98
 0  67.05  0.71  0  1  2.25
 3  95.31  1.16  0  3  0.85
 1  72.67  1.11  0  0  0.51
 3  99.70  0.84  0  3  2.10
 3  82.58  1.17  0  1  1.16
 0  77.42  0.40  1  2  2.63
 0  61.05  0.62  0  0  4.86
 0  77.42  0.40  0  2  1.46
 2  82.53  0.61  1  2  1.55
 3  82.53  0.96  1  3  0.75
 3  97.46  1.06  0  3  0.71
 0  78.06  0.21  1  0  2.31
 3  98.95  0.95  0  3  1.51
 2  97.46  0.51  1  2  1.04
 2  86.10  0.71  0  2  1.06
 2  99.70  0.73  0  2  1.54
 1  67.05  0.86  1  1  1.88
 3  86.10  0.86  1  2  2.23
 0  62.54  0.51  0  0  2.13
 0  62.54  0.51  1  0  0.90
 2  98.95  0.62  1  2  1.21
 3  87.33  1.11  0  3  1.04
 1  78.06  1.37  1  3  1.54
 0  67.44  0.33  0  0  1.13
 0  67.44  0.33  1  0  1.90
 2  90.98  0.57  1  2  1.25
 2  89.33  0.27  0  2  1.32
 3  90.98  1.00  1  3  0.74
 2  95.31  0.42  0  2  0.96
 3  89.33  1.30  0  3  1.51
 1  69.02  1.00  0  1  1.11
 3  85.75  1.34  1  3  1.50
 0  61.05  0.62  1  0  1.73
 1  70.67  1.30  1  1  2.87
 2  85.75  0.23  0  2  2.13
 0  73.90  0.71  0  1  2.58
 3  92.95  0.86  0  3  1.77
 0  73.90  0.71  1  1  2.31
 0  72.67  0.46  1  1  1.16
 2  87.33  0.46  0  2  1.27
 2  85.75  0.23  1  2  2.05
 2  97.46  0.51  0  2  2.58
 0  69.02  0.57  1  0  1.82
 2  82.53  0.61  0  2  2.37
 1  62.54  1.06  0  1  1.48
 0  70.67  0.27  0  0  1.07
 0  74.25  0.23  1  0  0.89
 1  69.02  1.00  1  1  0.92
 1  67.05  0.86  0  1  2.41
 0  64.69  0.42  1  0  1.17
 2  92.95  0.71  1  2  1.90
 1  72.67  1.11  1  1  1.04
 0  60.30  0.73  1  1  1.10
 3  98.95  0.95  1  3  1.37
 3  85.75  1.34  0  3  1.24
 0  70.67  0.27  1  0  2.33
 1  60.30  0.84  1  1  1.84
 2  82.58  0.40  0  2  1.90
 0  69.02  0.57  0  1  1.52
 1  77.42  1.17  1  2  2.15
 0  67.05  0.71  1  1  1.17
 0  74.25  0.23  0  2  1.65
 3  92.56  1.24  0  3  1.26
 2  87.33  0.46  1  2  1.01
 3  97.46  1.06  1  3  1.56
 3  90.98  1.00  0  3  0.97
 3  95.31  1.16  1  3  0.66
 1  77.42  1.17  0  1  2.12
 1  74.25  1.34  1  1  0.89
 3  99.70  0.84  1  2  1.91
 3  92.56  1.24  1  3  0.96
 0  77.47  0.61  0  2  4.67
 1  67.05  0.86  0  1  1.11
 2  85.75  0.23  1  2  1.54
 3  95.31  1.16  0  3  0.90
 2  87.33  0.46  0  2  0.92
 2  97.46  0.51  1  2  1.41
 3  99.70  0.84  1  3  1.94
 1  67.44  1.24  1  1  1.99
 0  61.05  0.62  0  0  1.42
 2  95.31  0.42  1  2  2.19
 0  60.30  0.73  0  1  2.49
 1  67.44  1.24  0  1  1.08
 2  86.10  0.71  0  3  1.84
 3  86.10  0.86  1  2  1.17
 2  99.70  0.73  0  2  1.11
 1  78.06  1.37  1  1  1.49
 1  74.25  1.34  1  1  1.01
 3  92.56  1.24  0  3  1.51
 3  87.33  1.11  0  3  1.77
 2  92.56  0.33  0  2  1.21
 0  67.05  0.71  1  1  1.27
 0  70.67  0.27  1  0  0.71
 2  92.95  0.71  0  2  1.77
 3  98.95  0.95  0  3  0.92
 2  95.31  0.42  0  2  0.83
 3  97.46  1.06  0  3  0.81
 1  61.05  0.95  0  1  2.72
 0  62.54  0.51  1  0  0.84
 1  64.69  1.16  1  1  0.81
 3  81.94  1.37  1  1  1.29
 3  92.56  1.24  1  3  0.89
 0  77.42  0.40  0  0  1.55
 0  78.06  0.21  0  0  1.09
 2  82.53  0.61  0  2  1.33
 2  98.95  0.62  0  2  0.92
 1  70.67  1.30  1  1  1.07
 0  77.42  0.40  1  0  1.25
 3  89.33  1.30  1  3  1.71
 3  87.33  1.11  1  3  1.61
 1  77.42  1.17  1  1  2.51
 2  92.56  0.33  1  2  2.10
 2  90.98  0.57  0  2  1.44
 1  77.42  1.17  0  1  1.03
 3  99.70  0.84  0  3  1.67
 3  92.95  0.86  0  3  0.91
 2  82.53  0.61  1  1  2.76
 3  90.98  1.00  0  3  1.25
 2  87.33  0.46  1  2  1.75
 0  69.02  0.57  0  0  1.68
 0  61.05  0.62  1  0  1.46
 0  69.02  0.57  1  0  1.15
 0  67.44  0.33  0  0  0.81
 2  99.70  0.73  1  2  1.15
 3  82.58  1.17  1  3  1.18
 1  64.69  1.16  0  1  1.42
 2  82.58  0.40  1  2  1.36
 0  73.90  0.71  1  1  1.57
 0  73.90  0.71  0  0  0.97
 3  97.46  1.06  1  3  1.12
 2  97.46  0.51  0  2  1.27
 3  86.10  0.86  0  3  1.25
 1  74.25  1.34  0  1  1.23
 3  82.58  1.17  0  3  4.05
 2  98.95  0.62  1  2  0.99
 1  62.54  1.06  1  1  1.05
 0  67.44  0.33  1  0  0.89
 1  60.30  0.84  1  1  1.73
 1  61.05  0.95  1  1  0.85
 0  70.67  0.27  0  0  0.88
 1  77.47  0.96  0  3  3.16
 3  92.95  0.86  1  3  1.40
 3  89.33  1.30  0  3  1.30
 2  82.58  0.40  0  2  0.74
 1  62.54  1.06  0  1  1.17
 2  89.33  0.27  0  2  1.02
 0  64.69  0.42  0  1  0.95
 1  73.90  0.86  0  1  1.05
 1  72.67  1.11  0  1  2.36
 3  82.53  0.96  1  3  1.77
 3  85.75  1.34  1  3  0.95
 1  69.02  1.00  1  1  2.75
 0  60.30  0.73  1  1  2.11
 2  89.33  0.27  1  2  1.83
 1  73.90  0.86  1  1  2.36
 3  82.53  0.96  0  3  4.54
 1  60.30  0.84  0  1  1.69
 0  72.67  0.46  1  0  1.31
 3  81.94  1.37  0  3  2.08
 3  90.98  1.00  1  3  2.58
 2  86.10  0.71  1  2  1.31
 0  77.47  0.61  1  0  3.74
 1  78.06  1.37  0  1  1.21
 3  98.95  0.95  1  3  3.28
 0  67.05  0.71  0  1  5.77
 3  85.75  1.34  0  1  1.52
 0  72.67  0.46  0  0  2.16
 2  90.98  0.57  1  2  1.35
 0  64.69  0.42  1  0  1.47
 0  74.25  0.23  1  0  0.88
 1  69.02  1.00  0  1  1.20
 1  77.47  0.96  1  1  2.35
 1  67.05  0.86  1  1  1.24
 2  92.95  0.71  1  2  1.56
 0  62.54  0.51  0  0  1.88
 3  95.31  1.16  1  3  1.96
 2  81.94  0.21  1  0  2.08
 0  74.25  0.23  0  2  0.90
 2  85.75  0.23  0  2  0.90
 2  81.94  0.21  0  2  1.02
 0  78.06  0.21  1  2  0.81
 1  70.67  1.30  0  1  1.99
 1  72.67  1.11  1  1  1.94
 1  77.47  0.96  0  1  1.78
 0  77.47  0.61  1  2  2.94
 2  89.33  0.27  0  2  0.95
 1  61.05  0.95  0  1  1.03
 2  81.94  0.21  1  2  1.00
 3  98.95  0.95  1  3  1.03
 2  82.53  0.61  0  2  4.46
 3  97.46  1.06  1  3  0.82
 2  90.98  0.57  0  2  0.90
 1  69.02  1.00  1  1  1.73
 2  87.33  0.46  0  2  1.19
 3  82.58  1.17  0  3  3.89
 3  97.46  1.06  0  3  1.31
 3  81.94  1.37  1  3  1.53
 3  85.75  1.34  0  3  1.11
 1  77.42  1.17  0  1  1.29
 1  64.69  1.16  1  1  1.23
 2  95.31  0.42  0  2  1.07
 1  73.90  0.86  1  1  0.97
 1  72.67  1.11  0  1  1.74
 2  89.33  0.27  1  2  1.62
 2  97.46  0.51  1  2  0.81
 2  99.70  0.73  1  2  1.75
 0  62.54  0.51  1  0  0.90
 3  92.95  0.86  0  3  2.41
 3  95.31  1.16  1  3  2.05
 3  87.33  1.11  0  3  1.40
 2  86.10  0.71  0  2  1.06
 2  97.46  0.51  0  2  2.22
 0  72.67  0.46  0  0  1.72
 1  64.69  1.16  0  1  2.36
 3  99.70  0.84  0  3  3.05
 2  86.10  0.71  1  3  2.23
 0  70.67  0.27  0  0  1.51
 1  74.25  1.34  1  1  1.21
 2  95.31  0.42  1  2  1.28
 0  67.44  0.33  0  0  2.34
 0  74.25  0.23  0  0  0.75
 3  92.56  1.24  1  3  1.38
 1  78.06  1.37  1  1  1.86
 2  81.94  0.21  0  2  1.45
 1  70.67  1.30  1  1  2.70
 0  60.30  0.73  0  0  1.52
 2  98.95  0.62  0  2  2.14
 2  99.70  0.73  0  3  1.40
 2  92.56  0.33  1  2  0.87
 3  87.33  1.11  1  3  1.03
 1  67.05  0.86  0  1  1.42
 0  78.06  0.21  1  0  1.26
 0  61.05  0.62  1  0  1.44
 3  92.56  1.24  0  3  1.34
 3  89.33  1.30  1  3  0.74
 0  64.69  0.42  1  0  0.86
 1  61.05  0.95  1  1  0.85
 1  78.06  1.37  0  1  1.29
 1  69.02  1.00  0  1  1.60
 3  82.53  0.96  1  3  1.83
 0  77.42  0.40  0  2  1.65
 2  85.75  0.23  1  2  1.44
 1  77.47  0.96  1  1  2.65
 0  78.06  0.21  0  0  1.11
 0  67.44  0.33  1  0  1.08
 0  74.25  0.23  1  0  0.81
 3  81.94  1.37  0  1  1.67
 3  89.33  1.30  0  3  1.32
 3  92.95  0.86  1  2  1.74
 2  85.75  0.23  0  2  0.85
 1  67.05  0.86  1  1  3.94
 1  74.25  1.34  0  1  1.13
 1  62.54  1.06  1  1  1.04
 3  98.95  0.95  0  3  1.79
 0  77.47  0.61  0  2  2.46
 0  67.05  0.71  1  1  2.14
 3  86.10  0.86  1  3  3.54
 0  64.69  0.42  0  0  0.95
 3  99.70  0.84  1  3  2.44
 1  67.44  1.24  0  1  1.07
 2  82.58  0.40  1  2  2.49
 2  87.33  0.46  1  2  0.97
 3  86.10  0.86  0  3  1.02
 3  95.31  1.16  0  3  0.72
 0  73.90  0.71  1  1  1.98
 3  82.53  0.96  0  1  2.70
 3  85.75  1.34  1  3  1.87
 2  92.95  0.71  1  2  1.71
 2  92.56  0.33  0  2  1.06
 1  73.90  0.86  0  1  1.27
 1  60.30  0.84  0  0  1.98
 1  72.67  1.11  1  1  0.90
 2  82.58  0.40  0  2  2.10
 0  69.02  0.57  0  0  2.77
 1  77.42  1.17  1  1  1.52
 2  98.95  0.62  1  2  2.09
 0  67.05  0.71  0  0  2.91
 1  62.54  1.06  0  1  1.29
 0  69.02  0.57  1  0  2.17
 0  72.67  0.46  1  0  1.61
 2  92.95  0.71  0  2  1.64
 2  90.98  0.57  1  2  1.01
 1  67.44  1.24  1  1  0.94
 0  70.67  0.27  1  0  1.03
 0  77.42  0.40  1  0  1.98
 3  90.98  1.00  1  3  1.75
 1  70.67  1.30  0  1  1.76
 3  82.58  1.17  1  1  1.78
 0  61.05  0.62  0  0  1.61
 3  90.98  1.00  0  3  2.69
 0  73.90  0.71  0  1  2.27
 2  82.53  0.61  1  0  1.35
 0  62.54  0.51  0  0  1.32
 1  60.30  0.84  1  1  1.78
 0  60.30  0.73  1  1  2.02
 1  61.05  0.95  0  1  3.19
 3  92.95  0.86  1  3  1.48
 0  61.05  0.62  0  0  1.06
 3  86.10  0.86  1  3  1.77
 0  67.44  0.33  1  0  0.83
 3  97.46  1.06  0  3  0.97
 1  64.69  1.16  0  1  1.19
 1  78.06  1.37  0  1  0.99
 3  98.95  0.95  0  3  1.29
 3  81.94  1.37  1  1  2.45
 1  77.47  0.96  1  1  1.47
 3  92.95  0.86  0  2  1.11
 0  77.42  0.40  0  2  1.87
 1  78.06  1.37  1  1  1.35
 1  67.05  0.86  1  0  2.79
 3  87.33  1.11  1  3  3.64
 2  85.75  0.23  1  2  1.43
 1  64.69  1.16  1  1  1.51
 2  82.53  0.61  0  2  1.54
 2  92.95  0.71  1  3  1.09
 1  62.54  1.06  1  1  1.13
 3  82.58  1.17  1  3  2.62
 1  67.44  1.24  0  1  0.92
 1  69.02  1.00  1  1  2.33
 0  77.47  0.61  1  0  2.37
 2  99.70  0.73  0  2  1.50
 2  97.46  0.51  1  2  0.74
 0  78.06  0.21  0  0  1.60
 1  67.05  0.86  0  1  1.17
 0  72.67  0.46  0  0  1.33
 2  98.95  0.62  0  2  1.36
 1  77.47  0.96  0  1  1.51
 0  70.67  0.27  0  0  0.89
 2  92.56  0.33  0  2  1.50
 1  67.44  1.24  1  1  0.90
 2  92.56  0.33  1  2  1.01
 1  70.67  1.30  1  1  1.06
 3  92.56  1.24  0  3  1.20
 0  69.02  0.57  1  0  1.47
 0  67.05  0.71  0  0  1.40
 0  67.44  0.33  0  0  0.59
 3  99.70  0.84  0  2  1.62
 3  97.46  1.06  1  3  0.85
 0  69.02  0.57  0  0  1.37
 2  98.95  0.62  1  3  1.90
 0  74.25  0.23  0  0  0.95
 2  95.31  0.42  0  2  0.83
 1  72.67  1.11  1  1  1.17
 2  82.58  0.40  0  2  2.50
 1  77.42  1.17  1  1  1.14
 3  98.95  0.95  1  3  1.11
 1  69.02  1.00  0  1  1.64
 3  89.33  1.30  0  3  2.09
 1  60.30  0.84  0  1  2.11
 2  97.46  0.51  0  2  1.93
 3  82.53  0.96  0  1  2.05
 2  90.98  0.57  1  2  1.37
 3  92.56  1.24  1  3  0.89
 0  64.69  0.42  0  0  1.50
 1  62.54  1.06  0  1  0.78
 2  87.33  0.46  1  2  2.05
 0  72.67  0.46  1  0  1.13
 2  86.10  0.71  0  2  2.32
 2  90.98  0.57  0  2  1.10
 1  77.42  1.17  0  1  1.29
 2  99.70  0.73  1  3  2.36
 3  82.58  1.17  0  1  1.34
 0  74.25  0.23  1  0  2.76
 1  70.67  1.30  0  1  0.88
 3  82.53  0.96  1  3  1.66
 3  95.31  1.16  0  3  1.38
 1  60.30  0.84  1  1  0.96
 0  62.54  0.51  0  0  1.59
 2  86.10  0.71  1  2  2.57
 3  86.10  0.86  0  3  1.40
 0  73.90  0.71  0  0  1.78
 0  73.90  0.71  1  1  1.15
 3  90.98  1.00  0  3  2.02
 0  60.30  0.73  1  1  1.31
 3  90.98  1.00  1  3  1.33
 3  89.33  1.30  1  3  0.79
 2  82.58  0.40  1  2  1.64
 2  87.33  0.46  0  2  1.06
 0  78.06  0.21  1  0  2.64
 2  81.94  0.21  0  0  0.94
 1  72.67  1.11  0  1  0.94
 3  85.75  1.34  1  3  2.77
 0  67.05  0.71  1  1  1.13
 0  70.67  0.27  1  0  0.90
 0  61.05  0.62  1  1  1.17
 3  99.70  0.84  1  2  1.81
 0  77.47  0.61  0  2  1.84
 1  73.90  0.86  0  1  1.93
 1  74.25  1.34  1  1  2.64
 2  85.75  0.23  0  2  1.92
 0  64.69  0.42  1  0  1.36
 2  92.95  0.71  0  3  2.69
 1  61.05  0.95  1  1  3.75
 3  87.33  1.11  0  3  1.82
 0  77.42  0.40  1  0  1.46
 1  74.25  1.34  0  1  0.95
 2  89.33  0.27  1  2  1.19
 2  81.94  0.21  1  2  1.01
 2  82.53  0.61  1  2  2.47
 2  95.31  0.42  1  2  0.97
 1  73.90  0.86  1  1  1.09
 3  85.75  1.34  0  3  2.32
 3  95.31  1.16  1  3  1.33
 3  81.94  1.37  0  1  1.20
 0  62.54  0.51  1  0  1.32
 0  60.30  0.73  0  1  0.82
 2  89.33  0.27  0  2  1.52
