 3  92.95  0.71  1  1  4.56
 0  60.30  0.73  0  1  8.98
 0  62.54  1.06  0  0  1.01
 2  70.67  1.30  1  1  2.01
 0  77.42  0.40  0  0  2.06
 3  78.06  1.37  1  2  1.04
 0  81.94  0.21  0  0  1.71
 1  98.95  0.95  0  1  2.15
 2  74.25  0.23  1  2  2.20
 1  87.33  1.11  0  1 42.76
 3  77.47  0.96  1  3  3.44
 2  60.30  0.84  1  2  4.59
 2  60.30  0.73  1  2  1.30
 1  82.58  1.17  0  1  3.53
 2  85.75  0.23  1  3  1.70
 2  61.05  0.95  1  2  5.24
 2  70.67  0.27  1  3  2.61
 3  87.33  1.11  1  3  1.31
 2  87.33  0.46  1  3  0.92
 3  92.56  1.24  1  3  1.34
 3  82.58  1.17  1  3  1.02
 2  72.67  0.46  1  2  3.45
 0  70.67  1.30  0  1  4.32
 3  98.95  0.95  1  3  1.22
 0  67.44  1.24  0  0  2.46
 0  92.56  0.33  0  1  0.82
 2  67.44  1.24  1  2  2.38
 1  86.10  0.71  0  1  2.41
 1  89.33  1.30  0  1  1.07
 0  60.30  0.84  0  0  0.72
 2  61.05  0.62  1  2  0.79
 3  72.67  1.11  1  2  0.88
 1  77.42  1.17  0  0  3.00
 0  67.05  0.71  0  0  0.97
 1  78.06  1.37  0  1  1.01
 0  67.44  0.33  0  1  2.66
 0  69.02  0.57  0  0  0.99
 0  97.46  0.51  0  1  1.13
 2  67.05  0.71  1  2  6.70
 1  92.95  0.71  0  1  3.75
 2  64.69  0.42  1  2  8.50
 1  72.67  1.11  0  0  1.07
 1  82.53  0.96  0  1  2.43
 3  82.53  0.61  1  3  1.57
 0  87.33  0.46  0  1  1.16
 3  99.70  0.73  1  3  1.22
 3  97.46  1.06  1  3  1.50
 1  73.90  0.86  0  1  1.71
 1  98.95  0.62  0  0  2.16
 1  92.95  0.86  0  1  0.90
 0  82.58  0.40  0  0  2.26
 1  86.10  0.86  0  1  2.77
 2  69.02  0.57  1  2  1.72
 3  90.98  0.57  1  3  0.75
 2  97.46  0.51  1  3  0.67
 3  73.90  0.86  1  2  1.21
 0  74.25  0.23  0  0  3.32
 2  92.56  0.33  1  2  3.19
 2  77.42  0.40  1  2  6.11
 3  86.10  0.86  1  3  2.41
 3  99.70  0.84  1  3  1.75
 2  69.02  1.00  1  2  1.09
 3  77.42  1.17  1  3  1.86
 1  95.31  1.16  0  1  2.36
 3  74.25  1.34  1  2  7.17
 1  85.75  1.34  0  1  2.56
 2  82.58  0.40  1  2 14.47
 0  95.31  0.42  0  1  2.91
 2  67.44  0.33  1  2  5.70
 0  64.69  0.42  0  0  6.18
 2  62.54  0.51  1  2  2.88
 2  89.33  0.27  1  2  3.58
 1  81.94  1.37  0  1  3.21
 0  89.33  0.27  0  0  2.64
 0  70.67  0.27  0  1  0.88
 1  99.70  0.84  0  1  4.67
 3  90.98  1.00  1  3  1.88
 3  92.95  0.86  1  3  1.24
 0  67.05  0.86  0  0  5.74
 3  77.47  0.61  1  3 11.49
 1  82.53  0.61  0  1  3.21
 3  73.90  0.71  1  3  1.47
 2  78.06  0.21  1  2  1.36
 0  72.67  0.46  0  0  7.35
 2  67.05  0.86  1  2  5.08
 3  86.10  0.71  1  3  4.83
 2  81.94  0.21  1  2  2.28
 2  64.69  1.16  1  2  4.60
 0  64.69  1.16  0  0  1.69
 2  62.54  1.06  1  2  1.00
 3  85.75  1.34  1  3  1.68
 0  61.05  0.62  0  0  1.70
 1  92.56  1.24  0  3  1.75
 1  73.90  0.71  0  3 10.81
 0  62.54  0.51  0  0  9.39
 1  97.46  1.06  0  1  1.00
 0  61.05  0.95  0  0  1.28
 1  74.25  1.34  0  1  1.70
 0  85.75  0.23  0  0  3.56
 3  95.31  1.16  1  3  1.65
 1  90.98  0.57  0  1  3.07
 2  95.31  0.42  1  3  3.71
 1  90.98  1.00  0  1  2.17
 0  78.06  0.21  0  0  3.25
 1  77.47  0.96  0  1  1.52
 3  82.53  0.96  1  3  4.00
 3  89.33  1.30  1  3  0.84
 1  99.70  0.73  0  1  2.08
 0  69.02  1.00  0  0  1.04
 3  98.95  0.62  1  3  2.76
 1  77.47  0.61  0  1  2.12
 3  81.94  1.37  1  3  3.54
 2  87.33  0.46  1  2  9.88
 3  87.33  1.11  1  3  1.17
 0  87.33  0.46  0  1  7.24
 2  82.58  0.40  1  3  6.62
 1  97.46  1.06  0  1  3.33
 3  85.75  1.34  1  3  2.42
 1  73.90  0.86  0  0  4.10
 1  77.47  0.61  0  1  1.42
 3  98.95  0.95  1  3  1.27
 2  70.67  1.30  1  2  1.65
 3  86.10  0.86  1  3  1.57
 2  89.33  0.27  1  2  1.22
 0  85.75  0.23  0  0  1.77
 3  73.90  0.86  1  3  5.34
 1  74.25  1.34  0  1  2.81
 3  73.90  0.71  1  3  2.09
 2  69.02  1.00  1  2  1.43
 3  92.95  0.86  1  3  0.75
 0  60.30  0.84  0  0  2.93
 2  67.05  0.86  1  2  1.25
 3  82.58  1.17  1  3  1.74
 3  92.56  1.24  1  3  0.79
 0  61.05  0.62  0  1  4.82
 0  77.42  0.40  0  0  2.21
 3  82.53  0.61  1  3  1.91
 1  86.10  0.71  0  1  1.86
 3  82.53  0.96  1  3  3.91
 1  82.53  0.96  0  1  1.38
 2  61.05  0.62  1  2  2.90
 1  98.95  0.95  0  1  3.56
 3  77.47  0.61  1  3  2.63
 2  64.69  0.42  1  2  1.06
 0  69.02  1.00  0  0  2.42
 2  81.94  0.21  1  2  2.74
 3  98.95  0.62  1  3  1.63
 1  81.94  1.37  0  1  3.93
 1  92.95  0.86  0  1  1.30
 2  60.30  0.84  1  2  2.76
 3  72.67  1.11  1  2  0.84
 2  62.54  1.06  1  2  1.21
 2  85.75  0.23  1  2  1.52
 0  67.05  0.86  0  0  6.60
 3  89.33  1.30  1  1  1.96
 1  77.47  0.96  0  1  2.67
 3  86.10  0.71  1  3  3.84
 3  95.31  1.16  1  3  0.80
 2  97.46  0.51  1  3  3.26
 3  78.06  1.37  1  3  1.17
 3  74.25  1.34  1  2  2.04
 0  61.05  0.95  0  0  5.76
 1  92.95  0.71  0  1  1.15
 0  60.30  0.73  0  0  2.68
 2  72.67  0.46  1  2  1.11
 2  92.56  0.33  1  2  1.78
 2  60.30  0.73  1  2  2.47
 1  82.58  1.17  0  1  2.65
 2  70.67  0.27  1  3  1.57
 1  92.56  1.24  0  1  1.24
 3  97.46  1.06  1  3  2.36
 0  70.67  1.30  0  1  2.67
 0  64.69  0.42  0  0  2.67
 0  62.54  0.51  0  0  1.33
 3  77.47  0.96  1  3  2.09
 3  99.70  0.73  1  3  4.38
 0  81.94  0.21  0  0  1.79
 0  64.69  1.16  0  1  2.87
 0  67.05  0.71  0  0  1.39
 1  82.53  0.61  0  1  1.22
 0  78.06  0.21  0  0  0.94
 1  77.42  1.17  0  1  1.19
 1  78.06  1.37  0  1  1.51
 1  99.70  0.84  0  1  0.87
 1  86.10  0.86  0  1  1.05
 0  72.67  0.46  0  1  1.57
 3  92.95  0.71  1  3  1.38
 2  67.44  1.24  1  2  2.09
 0  67.44  1.24  0  0  5.05
 1  87.33  1.11  0  1  0.91
 2  77.42  0.40  1  2  4.53
 2  78.06  0.21  1  2  0.78
 1  90.98  1.00  0  1  1.33
 0  67.44  0.33  0  0  1.74
 0  97.46  0.51  0  1  0.93
 0  89.33  0.27  0  0  0.92
 2  64.69  1.16  1  2  1.29
 0  74.25  0.23  0  2  1.24
 2  69.02  0.57  1  2  1.38
 3  81.94  1.37  1  3  1.51
 0  92.56  0.33  0  2  1.06
 3  99.70  0.84  1  3  1.51
 1  72.67  1.11  0  1  3.84
 1  73.90  0.71  0  1  2.16
 0  70.67  0.27  0  0  0.75
 2  62.54  0.51  1  2  2.09
 2  67.05  0.71  1  2  2.25
 3  90.98  0.57  1  3  0.88
 1  98.95  0.62  0  1  1.53
 0  62.54  1.06  0  0  1.81
 2  67.44  0.33  1  2  2.81
 2  61.05  0.95  1  2  1.04
 2  95.31  0.42  1  3  0.73
 0  95.31  0.42  0  0  1.87
 1  85.75  1.34  0  1  2.19
 3  77.42  1.17  1  3  3.56
 0  82.58  0.40  0  0  1.30
 1  99.70  0.73  0  1  1.39
 3  90.98  1.00  1  3  2.75
 1  90.98  0.57  0  1  2.55
 0  69.02  0.57  0  0  2.64
 2  74.25  0.23  1  2  1.33
 1  95.31  1.16  0  1  1.50
 1  89.33  1.30  0  1  0.76
 0  64.69  0.42  0  0  2.16
 3  82.53  0.61  1  3  5.05
 0  62.54  0.51  0  0  4.08
 3  82.53  0.96  1  3  2.43
 0  74.25  0.23  0  0  1.86
 2  60.30  0.73  1  2  1.17
 2  62.54  0.51  1  2  1.12
 2  78.06  0.21  1  2  1.19
 3  73.90  0.86  1  3  0.95
 0  92.56  0.33  0  0  1.90
 0  60.30  0.73  0  0  2.99
 0  69.02  0.57  0  0  1.83
 0  61.05  0.62  0  0  0.68
 3  90.98  1.00  1  3  1.10
 0  87.33  0.46  0  1  2.92
 2  72.67  0.46  1  2  1.16
 0  67.05  0.86  0  0  2.87
 2  64.69  1.16  1  2  3.28
 2  67.44  1.24  1  2  1.50
 3  72.67  1.11  1  2  0.96
 1  86.10  0.71  0  1  4.67
 3  98.95  0.62  1  3  2.18
 3  89.33  1.30  1  3  0.83
 0  77.42  0.40  0  0  2.60
 2  70.67  1.30  1  2  4.37
 0  64.69  1.16  0  0  1.43
 2  95.31  0.42  1  3  1.88
 3  99.70  0.84  1  3  1.19
 2  67.05  0.86  1  2  5.44
 1  92.95  0.86  0  1  1.82
 0  95.31  0.42  0  1  2.50
 2  67.44  0.33  1  2  1.53
 3  81.94  1.37  1  3  3.02
 1  81.94  1.37  0  1  3.49
 3  85.75  1.34  1  3  1.28
 0  62.54  1.06  0  0  2.38
 2  60.30  0.84  1  2  1.80
 0  70.67  0.27  0  0  1.88
 3  98.95  0.95  1  3  1.35
 1  86.10  0.86  0  1  1.40
 0  61.05  0.95  0  0  1.97
 1  82.58  1.17  0  1  1.35
 1  82.53  0.61  0  1  4.46
 1  72.67  1.11  0  1  0.78
 2  61.05  0.62  1  2  2.59
 0  78.06  0.21  0  0  1.07
 1  74.25  1.34  0  1  1.12
 2  89.33  0.27  1  2  1.36
 2  77.42  0.40  1  2  0.78
 0  82.58  0.40  0  0  2.10
 2  70.67  0.27  1  2  2.14
 0  67.44  1.24  0  1  3.12
 1  92.95  0.71  0  1  1.11
 3  99.70  0.73  1  3  1.83
 3  77.47  0.61  1  3  1.43
 1  97.46  1.06  0  1  1.02
 1  77.42  1.17  0  1  2.15
 3  92.95  0.86  1  3  1.05
 0  70.67  1.30  0  0  2.39
 0  67.44  0.33  0  0  0.87
 3  90.98  0.57  1  3  3.27
 2  62.54  1.06  1  2  2.09
 0  97.46  0.51  0  1  3.05
 3  86.10  0.71  1  2  4.52
 2  87.33  0.46  1  3  1.15
 1  92.56  1.24  0  1  3.01
 3  77.42  1.17  1  3  1.80
 3  78.06  1.37  1  3  0.94
 1  77.47  0.61  0  1  6.92
 1  90.98  0.57  0  1  0.94
 1  89.33  1.30  0  1  0.92
 0  69.02  1.00  0  0  1.82
 1  73.90  0.86  0  1  3.60
 2  74.25  0.23  1  2  1.58
 3  82.58  1.17  1  3  4.58
 3  95.31  1.16  1  3  1.11
 1  90.98  1.00  0  1  2.97
 3  97.46  1.06  1  3  1.28
 2  69.02  1.00  1  2  2.22
 2  69.02  0.57  1  2 24.01
 2  61.05  0.95  1  3  2.67
 2  64.69  0.42  1  2  3.36
 2  92.56  0.33  1  2  1.51
 0  89.33  0.27  0  0  1.24
 3  87.33  1.11  1  1  1.14
 1  78.06  1.37  0  3  1.12
 0  81.94  0.21  0  0  1.02
 1  82.53  0.96  0  1  2.15
 2  85.75  0.23  1  2  1.30
 3  92.95  0.71  1  2  5.66
 3  77.47  0.96  1  2  5.02
 3  73.90  0.71  1  3  0.87
 1  99.70  0.84  0  1  2.01
 1  77.47  0.96  0  1  3.53
 1  87.33  1.11  0  1  0.82
 1  98.95  0.95  0  1  0.78
 1  99.70  0.73  0  1  1.38
 1  73.90  0.71  0  1  1.34
 1  95.31  1.16  0  1  0.69
 3  92.56  1.24  1  3  1.20
 0  72.67  0.46  0  0  2.42
 0  67.05  0.71  0  0  1.95
 2  81.94  0.21  1  2  1.95
 1  85.75  1.34  0  1  1.78
 0  60.30  0.84  0  1  2.97
 3  86.10  0.86  1  3  1.56
 3  74.25  1.34  1  3  1.74
 1  98.95  0.62  0  1  1.96
 0  85.75  0.23  0  0  1.14
 2  82.58  0.40  1  2  1.64
 2  97.46  0.51  1  2  2.74
 2  67.05  0.71  1  3  1.05
 2  60.30  0.73  1  3  5.64
 0  62.54  1.06  0  0  1.34
 1  72.67  1.11  0  1  1.15
 3  72.67  1.11  1  3  1.43
 1  99.70  0.84  0  1  1.77
 1  92.95  0.86  0  1  0.72
 2  62.54  1.06  1  3  1.66
 2  69.02  1.00  1  2  0.86
 1  86.10  0.86  0  1  3.13
 1  98.95  0.95  0  1  1.18
 1  77.42  1.17  0  1  1.94
 3  90.98  1.00  1  3  1.24
 1  90.98  0.57  0  1  3.09
 1  77.47  0.61  0  1  2.51
 2  81.94  0.21  1  0  5.72
 1  73.90  0.71  0  1 17.09
 3  92.95  0.86  1  3  2.91
 0  69.02  1.00  0  1  1.28
 0  61.05  0.95  0  0  0.67
 2  60.30  0.84  1  2  1.22
 0  69.02  0.57  0  0  4.39
 0  95.31  0.42  0  1  0.93
 1  99.70  0.73  0  1  1.09
 2  61.05  0.95  1  2  1.25
 0  67.05  0.86  0  0  1.21
 0  89.33  0.27  0  0  1.08
 3  99.70  0.84  1  3  1.26
 2  97.46  0.51  1  3  1.93
 0  67.44  0.33  0  0  2.20
 2  64.69  0.42  1  2  3.03
 0  92.56  0.33  0  0  1.58
 0  70.67  1.30  0  1  1.69
 1  98.95  0.62  0  1  3.26
 3  73.90  0.86  1  2  1.15
 0  77.42  0.40  0  0  2.68
 0  64.69  1.16  0  1  1.42
 0  85.75  0.23  0  0  1.38
 2  72.67  0.46  1  2  2.24
 3  81.94  1.37  1  3  0.94
 1  97.46  1.06  0  1  1.35
 3  89.33  1.30  1  3  1.68
 3  82.53  0.61  1  2  2.65
 3  82.58  1.17  1  3  1.21
 2  67.44  0.33  1  2  1.21
 2  70.67  0.27  1  2  1.06
 0  64.69  0.42  0  0  1.28
 3  95.31  1.16  1  3  1.07
 1  85.75  1.34  0  1  3.09
 3  98.95  0.62  1  3  3.32
 1  73.90  0.86  0  0  2.23
 1  89.33  1.30  0  1  0.86
 1  87.33  1.11  0  1  0.80
 2  70.67  1.30  1  3  1.73
 2  69.02  0.57  1  3  2.74
 1  82.53  0.96  0  1  7.66
 0  60.30  0.73  0  0  1.85
 3  92.56  1.24  1  3  1.26
 3  77.47  0.96  1  3  1.19
 1  81.94  1.37  0  1  1.19
 1  95.31  1.16  0  1  2.77
 0  87.33  0.46  0  0  1.54
 0  97.46  0.51  0  0  2.26
 2  61.05  0.62  1  2  2.45
 2  74.25  0.23  1  2  1.06
 2  78.06  0.21  1  2  0.68
 2  67.44  1.24  1  3  1.11
 3  77.42  1.17  1  3  3.06
 0  72.67  0.46  0  0  1.84
 0  81.94  0.21  0  0  4.00
 0  70.67  0.27  0  0  0.69
 0  82.58  0.40  0  0  1.43
 2  67.05  0.86  1  3  4.17
 2  67.05  0.71  1  2  0.81
 3  97.46  1.06  1  3  0.82
 0  62.54  0.51  0  0  1.73
 2  95.31  0.42  1  3  3.51
 0  74.25  0.23  0  0  1.71
 2  92.56  0.33  1  2  1.14
 3  86.10  0.86  1  3  1.94
 0  78.06  0.21  0  0  1.02
 1  90.98  1.00  0  1  1.05
 3  77.47  0.61  1  2  7.57
 2  62.54  0.51  1  2  4.39
 0  67.05  0.71  0  0  1.05
 3  90.98  0.57  1  3  6.77
 0  67.44  1.24  0  1  1.40
 2  87.33  0.46  1  3  2.11
 3  78.06  1.37  1  3  1.01
 1  92.56  1.24  0  1  1.22
 2  89.33  0.27  1  2  0.99
 1  86.10  0.71  0  1  2.36
 2  82.58  0.40  1  2  1.03
 1  77.47  0.96  0  1  1.60
 0  61.05  0.62  0  0  3.72
 3  73.90  0.71  1  2  0.76
 3  87.33  1.11  1  3  0.90
 3  86.10  0.71  1  3  2.13
 1  82.58  1.17  0  1  0.81
 3  92.95  0.71  1  3  3.22
 1  92.95  0.71  0  1  0.98
 1  82.53  0.61  0  1  1.05
 3  82.53  0.96  1  3  0.74
 2  64.69  1.16  1  2  2.85
 0  60.30  0.84  0  0  1.71
 3  74.25  1.34  1  3  1.60
 1  78.06  1.37  0  1  1.19
 3  98.95  0.95  1  3  1.26
 2  77.42  0.40  1  2  0.95
 3  85.75  1.34  1  3  0.81
 2  85.75  0.23  1  2  1.00
 1  74.25  1.34  0  1  1.80
 3  99.70  0.73  1  3  2.02
 0  67.44  1.24  0  0  2.41
 0  62.54  1.06  0  0  0.67
 3  92.95  0.71  1  3  1.89
 0  72.67  0.46  0  1  3.28
 0  81.94  0.21  0  0  1.83
 1  82.53  0.96  0  1  1.89
 1  92.56  1.24  0  1  1.08
 3  95.31  1.16  1  3  1.01
 2  81.94  0.21  1  2  1.64
 1  86.10  0.71  0  3  1.55
 2  67.44  0.33  1  2  1.99
 2  92.56  0.33  1  2  1.85
 3  77.42  1.17  1  3  0.89
 3  87.33  1.11  1  3  1.04
 1  99.70  0.84  0  1  1.29
 2  87.33  0.46  1  3  4.03
 2  89.33  0.27  1  2  0.87
 3  73.90  0.86  1  3  1.00
 0  67.05  0.71  0  0  2.43
 3  99.70  0.84  1  3  1.63
 3  78.06  1.37  1  3  3.79
 2  69.02  0.57  1  2  2.65
 1  77.42  1.17  0  1  3.80
 2  61.05  0.95  1  2  1.18
 3  97.46  1.06  1  3  1.36
 0  97.46  0.51  0  1  3.77
 2  67.44  1.24  1  2  1.56
 2  64.69  1.16  1  2  0.85
 1  82.58  1.17  0  1  1.65
 3  86.10  0.71  1  3  1.09
 0  92.56  0.33  0  0  1.88
 2  70.67  0.27  1  2  1.13
 1  98.95  0.62  0  1  1.30
 0  70.67  1.30  0  1  1.04
 0  67.44  0.33  0  0  4.29
 3  74.25  1.34  1  3  1.19
 3  92.95  0.86  1  3  3.52
 3  82.53  0.61  1  2  3.64
 2  85.75  0.23  1  2  0.89
 2  82.58  0.40  1  3  1.02
 0  62.54  0.51  0  0  4.88
 0  61.05  0.95  0  1  1.09
 1  99.70  0.73  0  1  1.07
 2  67.05  0.86  1  2  2.34
 1  73.90  0.86  0  0  1.32
 2  70.67  1.30  1  2  1.75
 1  77.47  0.61  0  1  1.28
 3  72.67  1.11  1  3  1.64
 3  90.98  0.57  1  3  1.02
 1  78.06  1.37  0  1  1.59
 1  95.31  1.16  0  1  0.72
 2  78.06  0.21  1  2  1.08
 0  78.06  0.21  0  0  0.89
 1  98.95  0.95  0  1  1.18
 0  87.33  0.46  0  0  2.64
 0  69.02  0.57  0  0  2.60
 3  92.56  1.24  1  3  0.97
 2  97.46  0.51  1  3  1.29
 2  64.69  0.42  1  2  1.73
 3  98.95  0.62  1  3  1.22
 0  85.75  0.23  0  0  1.51
 1  90.98  1.00  0  1  0.68
 3  77.47  0.61  1  3  5.62
 0  69.02  1.00  0  1  1.25
 1  73.90  0.71  0  0  2.76
 0  60.30  0.84  0  0  2.54
 1  89.33  1.30  0  1  0.68
 3  99.70  0.73  1  3  1.12
 1  90.98  0.57  0  3  0.88
 0  95.31  0.42  0  0  1.53
 1  74.25  1.34  0  1  0.74
 2  72.67  0.46  1  2  2.12
 0  82.58  0.40  0  0  1.24
 2  95.31  0.42  1  2  1.30
 3  86.10  0.86  1  3  1.04
 1  85.75  1.34  0  1  0.88
 3  82.53  0.96  1  3  1.60
 2  62.54  0.51  1  2  2.80
 3  82.58  1.17  1  3  0.68
 1  77.47  0.96  0  1  1.42
 1  97.46  1.06  0  1  1.43
 2  77.42  0.40  1  2  1.06
 3  73.90  0.71  1  3  3.97
 2  61.05  0.62  1  2  2.66
 3  98.95  0.95  1  3  0.87
 0  74.25  0.23  0  0  2.93
 0  77.42  0.40  0  0  0.65
 2  74.25  0.23  1  2  0.75
 0  70.67  0.27  0  0  0.86
 3  85.75  1.34  1  3  0.70
 0  67.05  0.86  0  1  1.26
 1  81.94  1.37  0  1  0.84
 2  67.05  0.71  1  3  2.40
 1  86.10  0.86  0  3  0.96
 1  92.95  0.86  0  1  2.81
 0  89.33  0.27  0  0  0.94
 1  87.33  1.11  0  1  0.62
 1  92.95  0.71  0  1  1.19
 3  81.94  1.37  1  3  0.62
 0  61.05  0.62  0  2  1.89
 2  60.30  0.84  1  3  4.32
 1  82.53  0.61  0  1  2.94
 3  90.98  1.00  1  3  0.74
 2  62.54  1.06  1  3  1.30
 1  72.67  1.11  0  1  1.44
 2  69.02  1.00  1  2  1.41
 2  60.30  0.73  1  2  1.27
 0  64.69  0.42  0  0  1.07
 0  64.69  1.16  0  1  1.42
 0  60.30  0.73  0  0  0.89
 3  89.33  1.30  1  3  0.86
 3  77.47  0.96  1  3  1.06
