 0  60.30  0.84  0  3  4.57
 1  90.98  1.00  0  1  4.42
 1  95.31  1.16  0  1  6.50
 1  92.95  0.86  0  3 10.85
 0  89.33  0.27  0  2  3.53
 3  92.95  0.86  1  1  2.47
 3  90.98  1.00  1  1  2.10
 0  62.54  1.06  0  2  2.58
 1  86.10  0.86  0  3  8.57
 2  72.67  0.46  1  2  1.28
 0  67.44  0.33  0  2  1.80
 2  61.05  0.62  1  3  4.26
 0  67.05  0.71  0  2  1.89
 2  85.75  0.23  1  3  4.68
 2  77.42  0.40  1  0  4.68
 1  90.98  0.57  0  1  1.61
 2  70.67  1.30  1  3  3.11
 1  73.90  0.86  0  2  5.06
 2  60.30  0.73  1  0  2.40
 3  97.46  1.06  1  1  1.89
 0  62.54  0.51  0  2  2.24
 3  86.10  0.71  1  1  1.80
 1  77.42  1.17  0  0  1.53
 1  87.33  1.11  0  1  2.14
 1  89.33  1.30  0  1  1.43
 3  82.58  1.17  1  1  1.38
 3  77.47  0.61  1  0  2.90
 2  69.02  1.00  1  3  4.12
 2  69.02  0.57  1  2  2.36
 2  92.56  0.33  1  0  4.90
 3  92.56  1.24  1  1  1.68
 0  72.67  0.46  0  0  4.37
 3  81.94  1.37  1  1  1.38
 1  73.90  0.71  0  3  4.71
 2  67.44  1.24  1  2  7.36
 1  77.47  0.61  0  3  2.26
 3  82.53  0.96  1  0  7.49
 1  98.95  0.95  0  1  1.51
 3  98.95  0.95  1  3  1.65
 3  87.33  1.11  1  0  2.58
 1  81.94  1.37  0  0  1.83
 1  86.10  0.71  0  3  1.62
 3  98.95  0.62  1  0  2.42
 0  82.58  0.40  0  3  3.75
 0  64.69  0.42  0  0  0.99
 2  97.46  0.51  1  3  2.07
 2  67.44  0.33  1  2  2.31
 3  73.90  0.86  1  3  2.09
 1  99.70  0.84  0  1  1.75
 2  81.94  0.21  1  2  1.18
 2  60.30  0.84  1  0  1.39
 1  82.53  0.96  0  3  1.72
 3  77.42  1.17  1  3  1.53
 2  61.05  0.95  1  0  2.60
 0  64.69  1.16  0  2  2.69
 0  92.56  0.33  0  3  2.46
 2  64.69  1.16  1  3  5.44
 3  86.10  0.86  1  3  2.98
 0  85.75  0.23  0  0  2.03
 1  77.47  0.96  0  3  2.08
 3  73.90  0.71  1  3  0.84
 2  70.67  0.27  1  3  4.68
 2  95.31  0.42  1  3  2.41
 2  78.06  0.21  1  2  1.58
 0  77.42  0.40  0  0  1.92
 3  85.75  1.34  1  1  3.16
 3  74.25  1.34  1  3  0.79
 1  82.58  1.17  0  1  1.89
 1  92.95  0.71  0  1  0.60
 3  72.67  1.11  1  2  1.34
 2  67.05  0.71  1  3  1.01
 0  67.05  0.86  0  2  1.47
 2  89.33  0.27  1  1  1.11
 1  82.53  0.61  0  2  5.99
 3  99.70  0.84  1  1  1.45
 1  72.67  1.11  0  3  1.73
 0  69.02  0.57  0  2  3.50
 0  67.44  1.24  0  3  1.22
 3  92.95  0.71  1  2  2.13
 2  64.69  0.42  1  2  0.40
 3  78.06  1.37  1  3  2.38
 3  95.31  1.16  1  3  3.67
 0  87.33  0.46  0  3  3.28
 3  90.98  0.57  1  2  1.30
 1  97.46  1.06  0  2  0.98
 2  67.05  0.86  1  0  2.49
 2  87.33  0.46  1  2  0.99
 2  82.58  0.40  1  0  2.09
 3  82.53  0.61  1  3  1.63
 1  98.95  0.62  0  1  1.67
 0  81.94  0.21  0  0  2.72
 0  70.67  0.27  0  2  2.59
 2  74.25  0.23  1  3  1.14
 2  62.54  0.51  1  2  0.98
 3  77.47  0.96  1  3  1.23
 1  74.25  1.34  0  3  0.77
 1  99.70  0.73  0  1  0.64
 0  61.05  0.62  0  3  0.98
 3  99.70  0.73  1  1  1.50
 1  92.56  1.24  0  1  1.68
 1  85.75  1.34  0  3  1.11
 0  61.05  0.95  0  0  1.54
 0  70.67  1.30  0  3  2.72
 1  78.06  1.37  0  0  1.29
 0  60.30  0.73  0  0  1.90
 3  89.33  1.30  1  2  1.65
 0  97.46  0.51  0  2  1.16
 0  95.31  0.42  0  0  1.27
 0  69.02  1.00  0  3  3.04
 0  74.25  0.23  0  3  2.51
 0  78.06  0.21  0  3  0.74
 2  62.54  1.06  1  3  5.70
 2  67.44  1.24  1  0  8.32
 3  81.94  1.37  1  3  1.74
 3  78.06  1.37  1  0  2.59
 0  64.69  1.16  0  2  1.10
 3  73.90  0.71  1  2  1.00
 2  64.69  1.16  1  2  2.43
 0  62.54  0.51  0  3  1.79
 0  69.02  0.57  0  0  0.97
 3  82.53  0.61  1  1  0.87
 2  78.06  0.21  1  3  1.14
 2  61.05  0.62  1  2  2.48
 2  95.31  0.42  1  3  1.45
 1  86.10  0.71  0  2  1.16
 2  60.30  0.84  1  2  1.67
 1  92.95  0.71  0  1  1.34
 2  92.56  0.33  1  2  3.35
 3  86.10  0.86  1  3  0.95
 0  61.05  0.95  0  0  2.79
 2  62.54  1.06  1  3  1.37
 2  70.67  1.30  1  2  1.03
 0  60.30  0.73  0  3  1.27
 3  86.10  0.71  1  3  2.69
 1  73.90  0.86  0  0  1.36
 0  72.67  0.46  0  1  1.56
 1  78.06  1.37  0  1  2.82
 1  98.95  0.95  0  3  1.90
 1  74.25  1.34  0  3  1.06
 3  95.31  1.16  1  3  1.05
 2  74.25  0.23  1  3  2.71
 3  92.95  0.71  1  3  1.16
 2  97.46  0.51  1  3  1.28
 3  90.98  1.00  1  3  0.74
 0  95.31  0.42  0  1  2.31
 0  82.58  0.40  0  1  1.43
 3  92.56  1.24  1  3  1.44
 0  62.54  1.06  0  0  2.74
 1  85.75  1.34  0  1  1.66
 0  67.44  1.24  0  0  0.99
 2  72.67  0.46  1  3  1.88
 0  81.94  0.21  0  1  4.27
 1  99.70  0.84  0  1  1.17
 1  98.95  0.62  0  1  1.32
 0  64.69  0.42  0  0  0.68
 3  77.47  0.61  1  2  1.66
 3  99.70  0.73  1  1  1.42
 3  89.33  1.30  1  3  1.21
 2  62.54  0.51  1  0  1.55
 1  72.67  1.11  0  0  0.84
 0  60.30  0.84  0  0  1.07
 3  77.42  1.17  1  3  1.40
 3  82.58  1.17  1  3  0.73
 0  87.33  0.46  0  1  2.04
 0  67.05  0.71  0  0  0.89
 1  87.33  1.11  0  0  1.70
 0  70.67  0.27  0  0  0.75
 0  97.46  0.51  0  1  0.68
 3  90.98  0.57  1  1  1.06
 0  85.75  0.23  0  1  1.09
 1  90.98  0.57  0  0  1.39
 0  67.44  0.33  0  2  1.65
 3  92.95  0.86  1  3  1.40
 0  61.05  0.62  0  2  2.08
 1  73.90  0.71  0  0  0.71
 1  82.53  0.96  0  0  1.99
 2  82.58  0.40  1  2  4.73
 2  85.75  0.23  1  2  1.00
 1  77.47  0.61  0  1  2.50
 2  61.05  0.95  1  0  2.74
 2  67.44  0.33  1  2  1.18
 1  86.10  0.86  0  1  1.65
 1  92.95  0.86  0  0  1.00
 1  90.98  1.00  0  1  0.72
 1  82.58  1.17  0  1  0.67
 3  74.25  1.34  1  3  1.58
 0  70.67  1.30  0  0  1.36
 0  92.56  0.33  0  1  1.81
 2  67.05  0.71  1  2  4.51
 2  69.02  0.57  1  2  0.71
 1  95.31  1.16  0  1  1.61
 1  92.56  1.24  0  1  0.68
 3  98.95  0.62  1  2  3.36
 1  77.42  1.17  0  1  2.30
 1  99.70  0.73  0  1  1.95
 1  89.33  1.30  0  1  1.37
 3  97.46  1.06  1  3  1.57
 2  67.05  0.86  1  2  1.46
 2  87.33  0.46  1  2  2.08
 2  69.02  1.00  1  2  2.73
 3  87.33  1.11  1  3  1.37
 3  98.95  0.95  1  1  1.37
 3  72.67  1.11  1  2  1.22
 2  89.33  0.27  1  3  2.40
 3  99.70  0.84  1  3  2.95
 0  89.33  0.27  0  0  3.27
 0  69.02  1.00  0  2  6.43
 0  74.25  0.23  0  0  1.77
 0  77.42  0.40  0  1  1.91
 3  77.47  0.96  1  3  1.34
 1  77.47  0.96  0  1  1.70
 2  60.30  0.73  1  2  1.76
 1  97.46  1.06  0  1  1.56
 2  77.42  0.40  1  3  2.78
 2  81.94  0.21  1  2  4.12
 0  67.05  0.86  0  1  4.13
 1  82.53  0.61  0  0  1.02
 2  70.67  0.27  1  2  1.94
 2  64.69  0.42  1  2  1.03
 1  81.94  1.37  0  1  2.90
 3  82.53  0.96  1  3  2.74
 3  85.75  1.34  1  3  2.20
 3  73.90  0.86  1  2  1.18
 0  78.06  0.21  0  0  2.46
 2  64.69  0.42  1  2  2.71
 3  77.47  0.61  1  3  3.12
 1  86.10  0.71  0  1  2.20
 3  77.42  1.17  1  3  2.19
 3  73.90  0.71  1  3  3.50
 3  99.70  0.84  1  1  7.73
 1  74.25  1.34  0  1  2.50
 1  77.47  0.96  0  1  0.74
 3  99.70  0.73  1  3  0.87
 0  87.33  0.46  0  0  2.19
 1  86.10  0.86  0  0  0.94
 0  62.54  1.06  0  1  5.64
 2  82.58  0.40  1  2  2.25
 3  89.33  1.30  1  3  1.91
 0  89.33  0.27  0  2  2.79
 2  77.42  0.40  1  2  1.07
 2  60.30  0.73  1  2  1.28
 2  70.67  0.27  1  2  2.67
 3  82.58  1.17  1  3  2.40
 0  60.30  0.73  0  0  1.61
 1  97.46  1.06  0  3  3.80
 1  99.70  0.73  0  1  1.67
 0  78.06  0.21  0  0  3.54
 0  64.69  0.42  0  1  1.31
 2  70.67  1.30  1  3  1.95
 2  74.25  0.23  1  2  1.65
 1  92.95  0.71  0  0  3.45
 3  98.95  0.95  1  1  6.05
 0  97.46  0.51  0  1  1.64
 0  77.42  0.40  0  0  2.15
 1  89.33  1.30  0  1  1.68
 2  69.02  0.57  1  2  2.66
 2  69.02  1.00  1  2  0.80
 3  92.95  0.71  1  3 10.78
 0  67.44  0.33  0  0  1.50
 2  95.31  0.42  1  1  0.94
 2  78.06  0.21  1  1  3.63
 1  73.90  0.71  0  0  3.23
 2  92.56  0.33  1  2  1.86
 2  67.44  0.33  1  2  1.21
 1  82.58  1.17  0  1  2.29
 0  69.02  0.57  0  0  1.31
 3  85.75  1.34  1  3  1.95
 2  64.69  1.16  1  2  1.58
 1  92.56  1.24  0  1  3.19
 1  98.95  0.62  0  1  3.13
 2  61.05  0.62  1  2  1.03
 1  87.33  1.11  0  1  1.72
 3  95.31  1.16  1  3  2.84
 0  72.67  0.46  0  1  1.40
 3  97.46  1.06  1  3  2.31
 1  81.94  1.37  0  1  1.37
 1  72.67  1.11  0  0  0.78
 0  74.25  0.23  0  0  0.84
 2  67.05  0.86  1  2  1.17
 1  90.98  0.57  0  1  6.39
 1  77.42  1.17  0  1  2.24
 0  64.69  1.16  0  1  0.80
 3  81.94  1.37  1  3  5.18
 0  67.05  0.86  0  1  2.33
 2  62.54  1.06  1  3  1.21
 0  70.67  1.30  0  1  2.52
 0  95.31  0.42  0  1  1.91
 3  82.53  0.96  1  1  2.28
 3  87.33  1.11  1  3  0.62
 2  85.75  0.23  1  3  1.50
 3  98.95  0.62  1  2  2.26
 0  69.02  1.00  0  1  1.94
 1  92.95  0.86  0  1  2.00
 1  90.98  1.00  0  1  0.77
 0  92.56  0.33  0  1  2.94
 1  77.47  0.61  0  1  0.85
 3  90.98  0.57  1  2  1.66
 2  67.44  1.24  1  2  1.17
 2  60.30  0.84  1  2  1.28
 1  82.53  0.96  0  3  1.73
 2  81.94  0.21  1  3  1.35
 0  62.54  0.51  0  1  2.22
 3  90.98  1.00  1  3  1.03
 1  82.53  0.61  0  1  1.30
 2  97.46  0.51  1  2  4.39
 1  95.31  1.16  0  1  1.81
 0  70.67  0.27  0  0  1.19
 0  67.05  0.71  0  0  1.76
 3  73.90  0.86  1  2  1.89
 3  86.10  0.71  1  3  0.88
 2  67.05  0.71  1  2  1.15
 2  87.33  0.46  1  3  1.22
 3  86.10  0.86  1  2  2.72
 3  77.47  0.96  1  3  1.05
 0  61.05  0.95  0  1  3.42
 0  85.75  0.23  0  1  2.12
 3  92.56  1.24  1  3  1.59
 2  62.54  0.51  1  2  1.29
 3  78.06  1.37  1  3  1.16
 2  72.67  0.46  1  3  1.19
 1  85.75  1.34  0  3  4.37
 1  98.95  0.95  0  1  1.62
 0  60.30  0.84  0  0  2.06
 3  74.25  1.34  1  3  5.67
 0  67.44  1.24  0  0  2.15
 0  82.58  0.40  0  1  2.45
 3  92.95  0.86  1  2  2.50
 1  73.90  0.86  0  0  1.74
 0  81.94  0.21  0  1  2.30
 3  82.53  0.61  1  2  1.93
 0  61.05  0.62  0  0  1.87
 1  99.70  0.84  0  1  1.63
 2  89.33  0.27  1  2  1.97
 3  72.67  1.11  1  1  4.02
 2  61.05  0.95  1  2  2.04
 1  78.06  1.37  0  0  3.42
 0  69.02  0.57  0  0  3.50
 2  61.05  0.95  1  2  5.17
 3  98.95  0.95  1  3  2.60
 3  78.06  1.37  1  2  1.23
 2  60.30  0.84  1  2  0.75
 0  82.58  0.40  0  1  3.15
 3  77.47  0.61  1  3  4.82
 1  90.98  1.00  0  1  2.27
 2  62.54  1.06  1  2  0.87
 1  74.25  1.34  0  0  3.59
 0  67.05  0.71  0  1  1.98
 2  81.94  0.21  1  2  1.66
 0  61.05  0.62  0  0  5.12
 0  85.75  0.23  0  1  1.45
 1  82.53  0.96  0  1  1.02
 3  98.95  0.62  1  2  2.77
 1  99.70  0.73  0  1  1.18
 2  92.56  0.33  1  2  1.29
 1  89.33  1.30  0  1  2.79
 2  70.67  0.27  1  0  2.07
 1  81.94  1.37  0  1  2.76
 3  92.95  0.86  1  1  1.17
 1  82.58  1.17  0  1  3.28
 1  85.75  1.34  0  1  1.56
 3  77.47  0.96  1  3  5.10
 0  77.42  0.40  0  1  4.03
 1  78.06  1.37  0  1  0.94
 0  78.06  0.21  0  0  0.92
 1  92.56  1.24  0  1  1.69
 1  98.95  0.95  0  1  0.66
 3  82.53  0.96  1  3  1.49
 3  87.33  1.11  1  3  0.69
 0  70.67  1.30  0  0  2.21
 2  61.05  0.62  1  2  1.50
 0  62.54  0.51  0  0  4.54
 0  95.31  0.42  0  1  2.83
 3  95.31  1.16  1  3  1.80
 0  89.33  0.27  0  0  1.34
 0  60.30  0.84  0  1  2.01
 0  67.05  0.86  0  1  0.70
 2  85.75  0.23  1  2  1.98
 2  95.31  0.42  1  2  2.53
 2  67.44  0.33  1  2  0.90
 0  81.94  0.21  0  0  1.71
 2  70.67  1.30  1  2  1.15
 3  92.56  1.24  1  3  1.30
 3  82.58  1.17  1  3  1.88
 2  78.06  0.21  1  2  5.63
 2  60.30  0.73  1  2  1.09
 3  82.53  0.61  1  2  1.16
 3  90.98  1.00  1  3  1.75
 1  97.46  1.06  0  3  1.54
 3  89.33  1.30  1  3  0.77
 1  99.70  0.84  0  1  2.68
 3  99.70  0.73  1  2  4.30
 3  74.25  1.34  1  2  1.69
 3  90.98  0.57  1  1  2.89
 2  87.33  0.46  1  2  5.86
 3  81.94  1.37  1  3  1.82
 2  62.54  0.51  1  2  1.26
 1  77.47  0.61  0  1  3.08
 3  86.10  0.71  1  2  1.96
 3  92.95  0.71  1  2  0.87
 1  73.90  0.86  0  1  1.41
 0  97.46  0.51  0  1  1.68
 1  77.47  0.96  0  1  0.95
 3  77.42  1.17  1  2  1.18
 0  69.02  1.00  0  1  1.52
 2  67.05  0.71  1  2  1.16
 2  77.42  0.40  1  2  2.65
 1  72.67  1.11  0  1  1.20
 2  69.02  1.00  1  2  1.49
 2  67.44  1.24  1  2  0.81
 1  92.95  0.71  0  1  1.98
 0  64.69  0.42  0  0  1.71
 1  98.95  0.62  0  1  1.26
 3  86.10  0.86  1  2  2.37
 1  77.42  1.17  0  1  1.28
 0  92.56  0.33  0  0  0.86
 3  73.90  0.86  1  2  1.38
 0  64.69  1.16  0  1  1.28
 1  86.10  0.86  0  1  2.18
 3  99.70  0.84  1  3  1.50
 3  85.75  1.34  1  3  2.02
 1  87.33  1.11  0  1  1.56
 0  67.44  0.33  0  0  4.92
 0  70.67  0.27  0  0  0.87
 2  97.46  0.51  1  2  1.75
 1  73.90  0.71  0  1  2.16
 2  89.33  0.27  1  2  2.65
 3  97.46  1.06  1  3  1.31
 2  64.69  1.16  1  3  3.75
 2  64.69  0.42  1  3  1.04
 0  72.67  0.46  0  1  1.46
 1  86.10  0.71  0  1  2.24
 3  72.67  1.11  1  2  1.10
 1  95.31  1.16  0  3  2.50
 0  74.25  0.23  0  0  3.22
 0  67.44  1.24  0  1  1.08
 1  82.53  0.61  0  1  0.63
 2  72.67  0.46  1  0  4.68
 0  62.54  1.06  0  1  1.48
 2  67.05  0.86  1  2  2.50
 1  92.95  0.86  0  1  1.40
 0  60.30  0.73  0  0  3.38
 3  73.90  0.71  1  2  1.89
 2  74.25  0.23  1  2  1.81
 0  87.33  0.46  0  1  1.30
 0  61.05  0.95  0  1  1.26
 2  69.02  0.57  1  2  3.07
 2  82.58  0.40  1  2  3.55
 1  90.98  0.57  0  1  1.88
 0  61.05  0.95  0  1  2.52
 0  78.06  0.21  0  1  4.85
 3  99.70  0.73  1  3  2.63
 1  90.98  1.00  0  1  1.37
 0  69.02  1.00  0  1  1.38
 0  74.25  0.23  0  1  2.15
 3  90.98  0.57  1  2  1.66
 3  74.25  1.34  1  2  4.16
 2  69.02  0.57  1  2  1.51
 2  77.42  0.40  1  3  2.15
 0  81.94  0.21  0  0  1.82
 2  74.25  0.23  1  1  4.49
 2  69.02  1.00  1  2  1.25
 3  78.06  1.37  1  3  2.55
 3  92.95  0.71  1  3  3.64
 1  85.75  1.34  0  0  1.76
 0  82.58  0.40  0  1  1.09
 1  99.70  0.84  0  1  2.85
 0  69.02  0.57  0  0  1.81
 1  86.10  0.86  0  1  4.86
 3  77.47  0.96  1  2  3.50
 2  70.67  0.27  1  2  1.01
 2  92.56  0.33  1  3  1.96
 3  82.53  0.61  1  3  1.06
 3  72.67  1.11  1  3  2.31
 1  82.53  0.96  0  1  1.72
 2  81.94  0.21  1  2  2.22
 1  77.47  0.61  0  1  1.54
 3  90.98  1.00  1  3  1.51
 2  60.30  0.84  1  2  1.45
 1  87.33  1.11  0  1  1.13
 2  67.44  1.24  1  3  3.29
 0  67.05  0.71  0  0  1.84
 1  77.47  0.96  0  1  1.14
 1  99.70  0.73  0  1  3.72
 3  95.31  1.16  1  3  1.52
 1  73.90  0.86  0  0  2.75
 0  61.05  0.62  0  1  9.42
 1  89.33  1.30  0  1  2.29
 3  85.75  1.34  1  3  2.07
 1  74.25  1.34  0  0  2.86
 0  92.56  0.33  0  0  2.72
 2  64.69  1.16  1  2  1.92
 0  62.54  1.06  0  0  5.51
 0  67.05  0.86  0  1  1.81
 0  89.33  0.27  0  1  4.02
 0  64.69  1.16  0  1  0.98
 1  92.56  1.24  0  1  1.15
 0  72.67  0.46  0  0  1.16
 0  97.46  0.51  0  0  1.65
 3  86.10  0.71  1  2  3.53
 0  67.44  0.33  0  1  2.56
 0  77.42  0.40  0  1  0.91
 1  86.10  0.71  0  1  8.00
 0  60.30  0.73  0  1  1.60
 3  99.70  0.84  1  3  1.70
 3  82.58  1.17  1  3  0.78
 2  61.05  0.62  1  3  1.77
 3  98.95  0.62  1  3  0.84
 0  87.33  0.46  0  1  1.59
 2  60.30  0.73  1  2  1.64
 3  81.94  1.37  1  3  1.41
 3  77.47  0.61  1  3  3.99
 1  81.94  1.37  0  0  2.07
 0  67.44  1.24  0  1  3.89
 1  97.46  1.06  0  1  2.23
 1  82.53  0.61  0  1  1.30
 2  87.33  0.46  1  2  3.13
 1  98.95  0.95  0  1  2.33
 2  67.05  0.86  1  2  4.92
 3  92.56  1.24  1  3  1.89
 1  73.90  0.71  0  1  1.39
 3  98.95  0.95  1  3  1.98
 3  73.90  0.86  1  2  2.07
 1  72.67  1.11  0  1  1.38
 1  82.58  1.17  0  0  6.99
 2  67.05  0.71  1  2  1.38
 0  70.67  1.30  0  0  1.68
 2  97.46  0.51  1  2  1.26
 2  95.31  0.42  1  2  2.10
 1  78.06  1.37  0  0  6.80
 2  67.44  0.33  1  2  2.03
 2  62.54  0.51  1  2  1.16
 1  98.95  0.62  0  1  2.09
 3  92.95  0.86  1  2  2.55
 2  62.54  1.06  1  2  1.04
 0  70.67  0.27  0  0  1.98
 1  90.98  0.57  0  1  1.89
 3  73.90  0.71  1  3  2.09
 0  60.30  0.84  0  0  2.10
 1  95.31  1.16  0  1  1.90
 0  85.75  0.23  0  0  1.68
 3  86.10  0.86  1  3  1.85
 2  78.06  0.21  1  3  4.96
 2  70.67  1.30  1  2  1.51
 3  87.33  1.11  1  3  1.83
 2  64.69  0.42  1  2  1.12
 0  95.31  0.42  0  0  1.79
 2  61.05  0.95  1  2  1.28
 3  89.33  1.30  1  3  1.40
 2  85.75  0.23  1  2  5.61
 0  64.69  0.42  0  1  1.70
 1  77.42  1.17  0  1  1.31
 1  92.95  0.86  0  1  2.15
 3  82.53  0.96  1  3  1.80
 0  62.54  0.51  0  0  1.51
 2  89.33  0.27  1  2  1.56
 3  77.42  1.17  1  3  1.57
 3  97.46  1.06  1  3  1.80
 1  92.95  0.71  0  1  1.75
 2  82.58  0.40  1  1  1.30
 2  72.67  0.46  1  2  1.23
