 3  92.56  1.24  0  1  3.41
 0  67.05  0.71  1  0  3.71
 0  77.47  0.61  0  2  1.68
 3  85.75  1.34  1  1  4.50
 1  62.54  1.06  1  3  1.85
 3  87.33  1.11  1  0  0.89
 3  92.95  0.86  1  3  0.55
 0  60.30  0.73  1  2  2.11
 2  92.56  0.33  1  3  1.04
 0  78.06  0.21  1  2  1.17
 2  82.53  0.61  0  2  2.03
 0  62.54  0.51  0  2  0.74
 0  77.42  0.40  1  3  2.30
 0  61.05  0.62  0  0  3.02
 0  67.44  0.33  0  2  4.52
 1  67.05  0.86  0  1  1.73
 2  98.95  0.62  0  3  3.20
 2  86.10  0.71  1  3  2.33
 2  99.70  0.73  1  3  1.75
 0  62.54  0.51  1  0  1.64
 0  78.06  0.21  0  1  4.18
 0  77.47  0.61  1  3  2.41
 3  89.33  1.30  1  1  1.55
 0  70.67  0.27  0  0  0.90
 3  99.70  0.84  0  2  5.47
 2  90.98  0.57  1  3  1.54
 1  67.44  1.24  0  0  0.80
 0  73.90  0.71  0  0  1.37
 1  61.05  0.95  0  0  1.25
 3  98.95  0.95  1  3  1.14
 0  64.69  0.42  0  0  2.85
 1  74.25  1.34  1  3  1.59
 1  67.44  1.24  1  0  3.75
 0  72.67  0.46  1  3  4.74
 1  62.54  1.06  0  0  1.44
 1  60.30  0.84  1  0  0.78
 3  82.53  0.96  0  2  1.05
 3  82.58  1.17  1  3  1.40
 1  77.47  0.96  0  2  1.27
 0  74.25  0.23  0  0  1.64
 2  85.75  0.23  0  0  2.04
 2  97.46  0.51  1  3  1.58
 0  60.30  0.73  0  0  1.05
 3  82.53  0.96  1  3  1.85
 3  81.94  1.37  1  3  0.65
 3  86.10  0.86  0  2  2.03
 1  73.90  0.86  1  3  0.78
 3  98.95  0.95  0  2  3.10
 3  95.31  1.16  0  3  0.67
 1  78.06  1.37  1  1  1.85
 1  60.30  0.84  0  1  3.12
 2  81.94  0.21  1  3  1.59
 3  89.33  1.30  0  3  0.80
 0  69.02  0.57  1  3  2.33
 1  70.67  1.30  0  1  1.86
 2  92.95  0.71  0  2  5.01
 3  90.98  1.00  0  2  0.58
 2  86.10  0.71  0  2  0.75
 1  69.02  1.00  0  1  1.08
 0  61.05  0.62  1  0  0.72
 1  69.02  1.00  1  1  2.51
 3  82.58  1.17  0  1  2.15
 3  86.10  0.86  1  3  0.88
 1  78.06  1.37  0  1  2.00
 3  97.46  1.06  1  3  0.96
 3  95.31  1.16  1  3  0.82
 3  87.33  1.11  0  3  1.26
 2  82.58  0.40  0  2  0.84
 3  90.98  1.00  1  3  0.66
 0  72.67  0.46  0  0  1.83
 0  77.42  0.40  0  0  0.56
 1  77.42  1.17  0  1  0.71
 2  97.46  0.51  0  2  4.08
 0  64.69  0.42  1  0  1.26
 2  82.53  0.61  1  3  0.84
 0  69.02  0.57  0  1  0.59
 3  92.56  1.24  1  3  0.68
 1  77.42  1.17  1  3  0.79
 2  89.33  0.27  1  3  0.96
 2  92.95  0.71  1  3  0.67
 1  67.05  0.86  1  0  0.69
 2  90.98  0.57  0  2  1.39
 3  97.46  1.06  0  2  3.73
 1  77.47  0.96  1  0  0.90
 2  85.75  0.23  1  3  0.80
 1  70.67  1.30  1  0  0.74
 2  82.58  0.40  1  3  0.66
 1  64.69  1.16  1  0  0.78
 2  98.95  0.62  1  3  0.68
 2  95.31  0.42  1  2  1.04
 1  64.69  1.16  0  1  0.83
 1  73.90  0.86  0  1  0.62
 1  72.67  1.11  1  0  0.86
 2  87.33  0.46  1  2  1.33
 0  70.67  0.27  1  0  2.11
 1  72.67  1.11  0  1  2.42
 0  73.90  0.71  1  1  3.19
 1  61.05  0.95  1  1  1.93
 2  95.31  0.42  0  2  1.35
 0  74.25  0.23  1  3  1.20
 2  92.56  0.33  0  0  1.90
 1  74.25  1.34  0  1  0.90
 3  99.70  0.84  1  3  1.16
 0  67.44  0.33  1  0  0.84
 2  99.70  0.73  0  2  3.64
 0  67.05  0.71  0  1  1.17
 2  87.33  0.46  0  2  2.06
 3  92.95  0.86  0  2  0.84
 3  81.94  1.37  0  1  1.37
 3  85.75  1.34  0  3  1.04
 2  81.94  0.21  0  2  0.64
 2  89.33  0.27  0  2  0.71
 3  99.70  0.84  1  3  4.48
 3  86.10  0.86  0  3  1.25
 3  81.94  1.37  1  3  0.87
 1  77.42  1.17  1  3  4.98
 1  64.69  1.16  1  0  0.82
 3  92.95  0.86  0  2  0.78
 1  67.05  0.86  0  1  2.01
 2  92.95  0.71  1  3  0.92
 2  95.31  0.42  1  2  1.72
 1  70.67  1.30  1  0  1.08
 0  77.42  0.40  1  0  2.77
 2  97.46  0.51  0  2  2.69
 3  82.58  1.17  1  0  5.08
 1  74.25  1.34  1  1  2.99
 0  78.06  0.21  0  2  1.68
 2  99.70  0.73  0  2  3.65
 0  67.05  0.71  1  0  0.95
 3  92.56  1.24  1  3  0.91
 1  67.05  0.86  1  0  1.71
 1  61.05  0.95  0  1  1.75
 1  67.44  1.24  1  1  1.48
 3  98.95  0.95  0  3  2.84
 2  82.58  0.40  1  2  0.66
 2  86.10  0.71  1  3  2.62
 2  85.75  0.23  1  2  0.48
 3  85.75  1.34  0  1  1.96
 1  74.25  1.34  0  1  1.54
 0  77.47  0.61  0  2  2.66
 0  61.05  0.62  1  0  1.15
 2  97.46  0.51  1  2  4.12
 2  99.70  0.73  1  2  0.72
 1  64.69  1.16  0  1  1.45
 1  69.02  1.00  1  1  1.86
 2  82.53  0.61  0  0  1.71
 0  64.69  0.42  0  0  1.45
 1  77.47  0.96  1  1  6.27
 1  78.06  1.37  1  1  0.72
 2  92.56  0.33  0  2  1.09
 1  78.06  1.37  0  1  1.46
 2  81.94  0.21  1  2  1.03
 0  67.05  0.71  0  1  1.45
 1  67.44  1.24  0  1  1.00
 1  61.05  0.95  1  0  0.78
 3  87.33  1.11  1  3  1.01
 3  90.98  1.00  0  3  2.42
 2  98.95  0.62  0  2  0.49
 3  95.31  1.16  0  3  0.72
 0  70.67  0.27  0  2  0.99
 3  99.70  0.84  0  3  2.51
 3  82.53  0.96  1  3  0.80
 2  85.75  0.23  0  2  0.63
 0  74.25  0.23  0  0  1.61
 2  82.53  0.61  1  2  2.02
 0  64.69  0.42  1  0  2.15
 0  69.02  0.57  1  0  0.99
 0  62.54  0.51  1  0  1.12
 3  82.58  1.17  0  3  4.28
 2  82.58  0.40  0  2  0.49
 0  77.47  0.61  1  2  1.03
 0  73.90  0.71  0  0  2.91
 3  92.56  1.24  0  3  1.96
 3  89.33  1.30  1  3  0.67
 0  78.06  0.21  1  2  0.54
 0  60.30  0.73  1  0  1.95
 1  60.30  0.84  1  1  0.51
 0  69.02  0.57  0  0  1.31
 1  73.90  0.86  0  1  1.38
 2  87.33  0.46  1  2  2.40
 3  90.98  1.00  1  3  0.45
 0  70.67  0.27  1  0  1.45
 2  87.33  0.46  0  2  1.27
 1  77.47  0.96  0  1  1.15
 3  87.33  1.11  0  3  1.07
 3  97.46  1.06  0  3  0.94
 3  97.46  1.06  1  3  0.53
 2  95.31  0.42  0  2  0.57
 1  69.02  1.00  0  1  0.88
 0  77.42  0.40  0  2  0.87
 3  85.75  1.34  1  3  0.50
 0  62.54  0.51  0  0  0.89
 0  67.44  0.33  0  0  1.75
 1  60.30  0.84  0  1  0.81
 2  89.33  0.27  1  2  0.83
 3  81.94  1.37  0  0  2.49
 3  89.33  1.30  0  3  1.30
 0  72.67  0.46  0  0  3.25
 2  90.98  0.57  1  2  1.40
 1  73.90  0.86  1  1  1.25
 2  89.33  0.27  0  2  1.08
 2  92.95  0.71  0  3  2.01
 0  61.05  0.62  0  1  1.32
 0  60.30  0.73  0  0  1.96
 1  62.54  1.06  0  1  1.31
 3  98.95  0.95  1  3  0.87
 3  86.10  0.86  1  3  0.76
 0  67.44  0.33  1  0  2.37
 2  98.95  0.62  1  2  2.14
 1  62.54  1.06  1  1  1.00
 2  90.98  0.57  0  2  3.33
 1  72.67  1.11  1  1  1.11
 2  92.56  0.33  1  2  2.61
 2  81.94  0.21  0  2  0.92
 0  74.25  0.23  1  2  0.44
 3  82.53  0.96  0  3  3.78
 2  86.10  0.71  0  3  0.66
 3  92.95  0.86  1  3  1.52
 0  72.67  0.46  1  0  0.67
 1  77.42  1.17  0  1  0.96
 1  72.67  1.11  0  1  0.64
 3  95.31  1.16  1  3  1.20
 1  70.67  1.30  0  1  0.91
 0  73.90  0.71  1  0  1.29
 2  82.58  0.40  1  2  2.77
 0  78.06  0.21  0  0  1.62
 2  81.94  0.21  1  0  0.81
 3  82.58  1.17  1  3  0.61
 0  73.90  0.71  1  0  1.30
 2  82.53  0.61  0  2  1.15
 3  85.75  1.34  1  3  0.61
 2  92.95  0.71  0  2  1.10
 2  85.75  0.23  1  2  1.77
 2  98.95  0.62  1  2  2.20
 2  86.10  0.71  0  0  1.61
 3  85.75  1.34  0  1  0.75
 0  67.05  0.71  1  0  1.16
 1  67.05  0.86  0  1  1.45
 3  86.10  0.86  1  0  2.20
 0  74.25  0.23  0  0  1.85
 3  99.70  0.84  1  3  0.71
 1  74.25  1.34  1  1  1.52
 1  60.30  0.84  1  1  0.67
 3  82.53  0.96  1  3  2.84
 0  73.90  0.71  0  0  3.75
 2  95.31  0.42  1  2  0.79
 3  92.95  0.86  1  3  0.87
 1  78.06  1.37  1  1  1.96
 0  62.54  0.51  1  0  1.06
 1  67.05  0.86  1  0  1.55
 2  85.75  0.23  0  2  1.40
 3  90.98  1.00  1  3  0.66
 3  81.94  1.37  0  1  1.67
 1  64.69  1.16  1  1  1.16
 1  72.67  1.11  0  1  0.74
 2  98.95  0.62  0  2  1.46
 0  61.05  0.62  1  0  0.95
 2  89.33  0.27  1  2  1.31
 2  87.33  0.46  0  2  0.54
 1  67.44  1.24  0  1  0.79
 2  99.70  0.73  0  3  1.11
 1  73.90  0.86  1  0  1.52
 0  69.02  0.57  0  0  0.93
 2  81.94  0.21  0  2  0.60
 3  90.98  1.00  0  3  0.59
 3  92.95  0.86  0  3  0.57
 0  62.54  0.51  0  0  0.90
 2  92.56  0.33  1  2  1.22
 3  81.94  1.37  1  3  0.54
 3  95.31  1.16  1  3  0.62
 0  77.42  0.40  1  2  1.74
 1  77.42  1.17  1  3  0.70
 0  77.47  0.61  1  0  0.76
 0  77.42  0.40  0  0  0.76
 1  70.67  1.30  0  1  0.73
 0  77.47  0.61  0  0  2.09
 1  61.05  0.95  1  0  1.32
 2  99.70  0.73  1  3  3.89
 3  82.53  0.96  0  1  1.80
 2  92.95  0.71  1  2  2.29
 0  78.06  0.21  1  2  0.73
 1  60.30  0.84  0  1  1.06
 1  67.44  1.24  1  1  0.93
 3  89.33  1.30  1  3  4.53
 2  87.33  0.46  1  2  0.65
 1  74.25  1.34  0  1  0.69
 3  87.33  1.11  0  3  1.58
 0  72.67  0.46  1  0  1.11
 3  82.58  1.17  0  3  3.93
 1  61.05  0.95  0  0  1.16
 0  67.44  0.33  1  0  0.80
 2  92.56  0.33  0  2  1.21
 1  77.47  0.96  1  1  1.73
 2  97.46  0.51  1  2  0.82
 0  67.44  0.33  0  0  1.08
 0  70.67  0.27  0  0  0.78
 2  90.98  0.57  1  2  1.14
 3  98.95  0.95  1  3  0.56
 0  60.30  0.73  0  0  0.80
 1  78.06  1.37  0  1  2.44
 2  95.31  0.42  0  2  0.66
 3  92.56  1.24  0  3  2.24
 0  64.69  0.42  0  0  0.66
 0  61.05  0.62  0  1  2.22
 0  69.02  0.57  1  0  0.64
 2  82.53  0.61  1  0  2.65
 3  86.10  0.86  0  3  1.67
 1  62.54  1.06  1  1  1.00
 3  89.33  1.30  0  3  0.70
 0  67.05  0.71  0  0  0.83
 1  69.02  1.00  0  1  1.14
 1  69.02  1.00  1  1  3.31
 1  77.47  0.96  0  1  1.75
 2  82.58  0.40  0  2  1.33
 3  87.33  1.11  1  3  0.44
 0  74.25  0.23  1  0  1.26
 1  62.54  1.06  0  1  0.70
 3  97.46  1.06  0  3  1.17
 3  99.70  0.84  0  3  1.41
 0  72.67  0.46  0  0  0.71
 0  64.69  0.42  1  0  0.73
 0  70.67  0.27  1  0  0.50
 3  95.31  1.16  0  3  0.61
 1  72.67  1.11  1  1  1.56
 3  98.95  0.95  0  3  1.11
 1  70.67  1.30  1  1  0.70
 2  90.98  0.57  0  2  0.95
 3  92.56  1.24  1  3  0.63
 2  89.33  0.27  0  2  0.66
 2  86.10  0.71  1  2  1.48
 1  77.42  1.17  0  1  0.80
 1  73.90  0.86  0  1  2.04
 1  64.69  1.16  0  1  0.67
 0  60.30  0.73  1  0  0.69
 3  97.46  1.06  1  3  0.67
 2  97.46  0.51  0  2  0.70
 2  86.10  0.71  0  2  1.53
 3  92.56  1.24  0  3  0.47
 0  77.42  0.40  1  0  0.65
 2  99.70  0.73  1  2  0.80
 0  69.02  0.57  0  0  0.78
 0  77.42  0.40  0  2  1.50
 2  89.33  0.27  1  2  0.53
 1  62.54  1.06  0  1  0.67
 2  82.58  0.40  1  2  0.69
 2  82.58  0.40  0  2  0.67
 2  89.33  0.27  0  2  0.54
 3  81.94  1.37  1  3  0.53
 3  87.33  1.11  0  3  0.90
 2  97.46  0.51  0  2  0.48
 1  74.25  1.34  0  1  0.69
 0  72.67  0.46  0  0  0.68
 3  95.31  1.16  0  3  0.59
 0  64.69  0.42  0  0  0.58
 0  67.44  0.33  0  0  0.43
 2  98.95  0.62  1  2  0.59
 3  82.58  1.17  1  1  1.20
 0  78.06  0.21  1  2  0.71
 0  67.05  0.71  0  0  0.83
 2  90.98  0.57  0  2  0.66
 0  61.05  0.62  0  0  0.72
 3  92.95  0.86  1  2  2.53
 0  74.25  0.23  0  0  0.59
 2  87.33  0.46  0  2  1.22
 3  92.95  0.86  0  3  0.66
 2  81.94  0.21  1  2  1.26
 0  73.90  0.71  0  0  0.68
 1  74.25  1.34  1  1  0.84
 0  73.90  0.71  1  0  0.89
 2  85.75  0.23  1  2  0.53
 0  62.54  0.51  0  0  1.50
 3  97.46  1.06  0  3  1.29
 2  92.56  0.33  1  2  0.62
 3  99.70  0.84  1  3  1.39
 0  77.47  0.61  0  0  0.85
 1  62.54  1.06  1  1  0.74
 1  60.30  0.84  1  1  0.74
 3  82.58  1.17  0  3  3.01
 1  61.05  0.95  0  1  0.70
 1  78.06  1.37  1  1  0.93
 1  72.67  1.11  0  1  0.55
 0  67.44  0.33  1  0  0.67
 2  82.53  0.61  0  2  0.52
 1  70.67  1.30  0  1  0.78
 3  82.53  0.96  0  3  0.86
 0  78.06  0.21  0  2  0.58
 2  81.94  0.21  0  0  1.29
 1  78.06  1.37  0  1  1.48
 1  64.69  1.16  1  1  0.62
 3  85.75  1.34  0  3  2.19
 2  92.95  0.71  1  2  1.15
 1  69.02  1.00  1  1  0.54
 3  90.98  1.00  1  3  1.50
 0  70.67  0.27  1  0  1.07
 3  81.94  1.37  0  1  1.05
 3  86.10  0.86  1  3  2.36
 0  60.30  0.73  1  0  0.90
 1  77.42  1.17  0  1  0.73
 3  92.56  1.24  1  3  0.56
 2  85.75  0.23  0  2  0.58
 3  87.33  1.11  1  3  0.60
 1  77.42  1.17  1  3  1.24
 3  85.75  1.34  1  3  0.85
 2  97.46  0.51  1  2  0.59
 0  61.05  0.62  1  0  0.84
 1  70.67  1.30  1  1  1.11
 1  73.90  0.86  1  0  1.41
 2  87.33  0.46  1  2  0.64
 1  61.05  0.95  1  0  1.43
 1  77.47  0.96  0  0  1.78
 2  95.31  0.42  0  2  0.54
 2  92.95  0.71  0  3  1.31
 3  86.10  0.86  0  2  1.22
 2  95.31  0.42  1  2  0.50
 0  62.54  0.51  1  0  0.83
 1  77.47  0.96  1  1  2.40
 3  97.46  1.06  1  3  0.89
 3  89.33  1.30  0  3  0.92
 0  77.47  0.61  1  0  1.77
 1  67.05  0.86  1  1  3.05
 0  72.67  0.46  1  0  0.62
 1  64.69  1.16  0  1  0.64
 0  74.25  0.23  1  0  0.70
 1  60.30  0.84  0  1  1.42
 0  64.69  0.42  1  0  0.59
 3  98.95  0.95  0  3  0.84
 2  99.70  0.73  0  3  1.09
 2  98.95  0.62  0  2  0.45
 0  60.30  0.73  0  0  0.89
 1  73.90  0.86  0  1  1.60
 3  95.31  1.16  1  3  0.62
 3  89.33  1.30  1  3  0.68
 0  67.05  0.71  1  0  0.70
 1  67.05  0.86  0  1  1.22
 1  67.44  1.24  0  1  0.61
 2  92.56  0.33  0  2  1.15
 3  82.53  0.96  1  3  1.36
 0  70.67  0.27  0  0  0.84
 3  90.98  1.00  0  3  0.91
 1  69.02  1.00  0  1  1.00
 2  90.98  0.57  1  2  0.98
 3  99.70  0.84  0  3  1.11
 1  67.44  1.24  1  1  0.90
 2  86.10  0.71  1  2  1.16
 1  72.67  1.11  1  1  0.84
 0  69.02  0.57  1  0  0.77
 2  82.53  0.61  1  2  3.79
 3  98.95  0.95  1  3  0.52
 2  97.46  0.51  1  2  1.00
 0  77.47  0.61  1  2  1.89
 3  99.70  0.84  0  3  2.28
 3  92.56  1.24  0  3  0.52
 0  60.30  0.73  0  0  0.71
 3  98.95  0.95  1  3  0.85
 3  85.75  1.34  1  3  0.57
 1  77.47  0.96  0  1  2.31
 0  72.67  0.46  0  0  0.82
 3  95.31  1.16  0  3  0.59
 2  99.70  0.73  1  2  0.69
 0  62.54  0.51  1  0  0.68
 0  77.47  0.61  0  0  0.94
 1  74.25  1.34  1  1  0.78
 3  82.58  1.17  1  1  2.09
 3  82.53  0.96  1  3  2.15
 2  85.75  0.23  1  2  0.54
 0  67.05  0.71  0  1  1.36
 0  60.30  0.73  1  0  1.06
 3  86.10  0.86  1  3  1.61
 0  61.05  0.62  1  0  0.78
 3  90.98  1.00  0  3  1.32
 2  92.56  0.33  0  2  0.55
 2  95.31  0.42  1  2  0.92
 3  92.95  0.86  1  3  0.82
 0  67.44  0.33  1  0  0.81
 1  74.25  1.34  0  1  0.80
 2  95.31  0.42  0  2  0.62
 1  67.44  1.24  0  1  0.69
 0  78.06  0.21  1  0  1.22
 0  67.44  0.33  0  0  0.80
 3  81.94  1.37  0  3  2.12
 0  73.90  0.71  0  0  0.86
 2  89.33  0.27  0  2  0.63
 1  64.69  1.16  1  1  0.83
 3  92.95  0.86  0  3  1.51
 0  77.42  0.40  0  0  1.14
 1  70.67  1.30  0  1  0.65
 2  99.70  0.73  0  3  1.99
 0  78.06  0.21  0  0  1.08
 1  67.05  0.86  1  1  2.21
 0  70.67  0.27  1  0  0.74
 3  82.53  0.96  0  2  1.48
 2  82.58  0.40  1  2  0.56
 0  61.05  0.62  0  0  2.57
 0  64.69  0.42  1  0  0.83
 2  87.33  0.46  1  2  0.83
 2  92.56  0.33  1  2  0.39
 3  86.10  0.86  0  3  0.61
 3  95.31  1.16  1  3  0.66
 2  81.94  0.21  1  0  1.57
 2  92.95  0.71  0  3  1.88
 1  62.54  1.06  0  1  4.99
 2  86.10  0.71  0  2  2.88
 1  67.44  1.24  1  1  0.81
 1  78.06  1.37  0  3  2.94
 3  98.95  0.95  0  3  1.19
 1  69.02  1.00  1  1  0.74
 1  61.05  0.95  1  1  1.71
 3  87.33  1.11  1  3  1.24
 3  89.33  1.30  1  3  0.55
 1  60.30  0.84  1  1  2.83
 2  98.95  0.62  0  2  0.73
 2  92.95  0.71  1  2  0.90
 2  87.33  0.46  0  0  1.61
 1  72.67  1.11  1  1  1.97
 1  70.67  1.30  1  1  0.67
 1  73.90  0.86  1  1  1.58
 0  77.42  0.40  1  0  1.00
 0  72.67  0.46  1  0  0.73
 0  74.25  0.23  1  0  0.58
 1  77.42  1.17  0  3  1.35
 0  64.69  0.42  0  0  0.80
 1  78.06  1.37  1  3  0.72
 3  97.46  1.06  1  3  0.85
 2  89.33  0.27  1  2  0.63
 1  60.30  0.84  0  0  1.19
 0  67.05  0.71  1  0  0.85
 2  85.75  0.23  0  0  1.24
 1  77.42  1.17  1  3  1.78
 2  98.95  0.62  1  2  0.61
 3  89.33  1.30  0  3  0.96
 3  85.75  1.34  0  3  1.19
 1  61.05  0.95  0  1  1.48
 0  69.02  0.57  0  0  0.63
 3  90.98  1.00  1  3  1.90
 1  62.54  1.06  1  1  0.98
 1  77.47  0.96  1  1  1.13
 2  82.58  0.40  0  0  1.54
 3  99.70  0.84  1  3  0.69
 3  92.56  1.24  1  3  0.84
 2  90.98  0.57  0  2  0.68
 3  97.46  1.06  0  3  0.60
 2  82.53  0.61  1  0  3.02
 0  73.90  0.71  1  0  1.24
 1  73.90  0.86  0  1  1.51
 1  72.67  1.11  0  1  0.59
 0  70.67  0.27  0  0  0.54
 0  69.02  0.57  1  0  0.66
 1  67.05  0.86  0  1  0.68
 2  90.98  0.57  1  2  0.70
 1  64.69  1.16  0  1  0.74
 2  81.94  0.21  0  0  1.32
 1  69.02  1.00  0  1  1.93
 0  62.54  0.51  0  0  0.98
 2  82.53  0.61  0  3  3.64
 2  86.10  0.71  1  2  0.75
 2  97.46  0.51  0  2  0.54
 3  87.33  1.11  0  3  0.43
 0  74.25  0.23  0  0  0.70
 3  81.94  1.37  1  3  0.93
 3  82.58  1.17  0  3  1.35
