 0  97.46  1.06  0  0  1.81
 1  77.42  0.40  0  0  3.79
 0  98.95  0.95  0  0  0.88
 2  89.33  1.30  1  0  1.17
 2  92.56  1.24  1  2  1.96
 2  77.47  0.96  1  0  2.16
 2  82.53  0.61  1  1  2.08
 1  92.56  0.33  0  1  1.94
 2  72.67  1.11  1  2  1.58
 0  82.53  0.96  0  0  0.80
 0  92.95  0.86  0  1  1.54
 0  77.42  1.17  0  0  3.86
 3  60.30  0.73  1  2  1.49
 1  62.54  0.51  0  1  3.03
 3  97.46  0.51  1  3  4.54
 0  73.90  0.71  0  1  2.09
 0  99.70  0.73  0  1  1.49
 0  82.53  0.61  0  0  1.06
 3  81.94  0.21  1  1  1.56
 1  74.25  0.23  0  0  1.29
 1  82.58  0.40  0  1  1.76
 2  97.46  1.06  1  2  6.80
 1  70.67  0.27  0  0  4.32
 2  86.10  0.86  1  2  1.45
 2  98.95  0.62  1  2  2.50
 3  69.02  1.00  1  3  6.01
 2  87.33  1.11  1  2  1.07
 2  73.90  0.86  1  2  0.96
 1  67.44  1.24  0  0  1.36
 2  92.95  0.71  1  2  3.64
 3  67.44  0.33  1  3  1.53
 1  64.69  0.42  0  1  2.09
 2  74.25  1.34  1  2  0.95
 3  95.31  0.42  1  2  2.19
 0  86.10  0.86  0  0  3.35
 3  67.44  1.24  1  3  3.91
 3  62.54  0.51  1  2  1.11
 2  99.70  0.84  1  2  1.38
 3  70.67  1.30  1  3  1.12
 0  78.06  1.37  0  0  1.58
 0  87.33  1.11  0  0  1.36
 2  73.90  0.71  1  2  2.47
 3  87.33  0.46  1  2  3.01
 2  95.31  1.16  1  2  0.79
 1  60.30  0.73  0  0  1.42
 1  85.75  0.23  0  1  1.55
 0  99.70  0.84  0  1  1.36
 1  81.94  0.21  0  1  0.93
 0  90.98  1.00  0  0  4.18
 0  95.31  1.16  0  0  0.75
 0  77.47  0.96  0  1  1.17
 2  82.53  0.96  1  2  1.08
 1  97.46  0.51  0  1  1.75
 1  67.05  0.86  0  0  1.20
 3  62.54  1.06  1  2  2.80
 2  78.06  1.37  1  3  0.75
 2  82.58  1.17  1  2  8.32
 3  61.05  0.62  1  2  1.10
 1  72.67  0.46  0  0  1.02
 3  64.69  0.42  1  3  9.01
 0  92.56  1.24  0  0  0.92
 0  82.58  1.17  0  0  1.29
 0  74.25  1.34  0  0  3.75
 1  61.05  0.95  0  1  1.56
 2  90.98  0.57  1  2  1.89
 1  67.44  0.33  0  1  1.05
 0  98.95  0.62  0  1  1.47
 0  81.94  1.37  0  0  0.92
 3  77.42  0.40  1  3  4.73
 3  67.05  0.86  1  2  5.57
 1  61.05  0.62  0  1  2.81
 3  82.58  0.40  1  3  2.35
 2  90.98  1.00  1  3  1.77
 1  95.31  0.42  0  1  6.09
 3  60.30  0.84  1  2  3.73
 1  60.30  0.84  0  1  3.26
 3  67.05  0.71  1  3  1.47
 1  70.67  1.30  0  0  1.20
 0  86.10  0.71  0  0  1.53
 1  67.05  0.71  0  1  1.41
 2  98.95  0.95  1  2  2.43
 1  69.02  1.00  0  1  2.52
 3  92.56  0.33  1  2  2.01
 2  85.75  1.34  1  2  1.71
 0  85.75  1.34  0  0  1.15
 0  92.95  0.71  0  1  4.90
 2  92.95  0.86  1  2  3.55
 1  87.33  0.46  0  3 11.57
 3  78.06  0.21  1  3  0.92
 0  90.98  0.57  0  1  1.33
 2  81.94  1.37  1  2  1.68
 1  62.54  1.06  0  1  8.32
 0  89.33  1.30  0  0  1.25
 3  61.05  0.95  1  3  3.39
 0  72.67  1.11  0  1  1.39
 0  77.47  0.61  0  0  2.59
 3  69.02  0.57  1  3 12.16
 3  74.25  0.23  1  2  1.86
 2  86.10  0.71  1  3  1.73
 1  64.69  1.16  0  1  7.77
 0  73.90  0.86  0  0  1.02
 2  77.42  1.17  1  2  4.68
 1  78.06  0.21  0  1 11.08
 3  70.67  0.27  1  3  3.60
 3  85.75  0.23  1  3  1.26
 3  72.67  0.46  1  3  1.02
 1  69.02  0.57  0  1  0.98
 2  77.47  0.61  1  3  0.83
 3  89.33  0.27  1  1  3.08
 1  89.33  0.27  0  1  3.84
 3  64.69  1.16  1  3  5.21
 2  99.70  0.73  1  2  4.31
 2  92.95  0.86  1  2  5.50
 3  92.56  0.33  1  3  1.24
 0  90.98  1.00  0  0  2.22
 0  98.95  0.95  0  0  0.87
 2  85.75  1.34  1  3  2.71
 3  64.69  0.42  1  3  2.11
 2  90.98  0.57  1  2  1.49
 1  69.02  0.57  0  1  3.27
 2  73.90  0.86  1  2 17.67
 0  99.70  0.84  0  0  3.85
 1  62.54  0.51  0  1  0.95
 1  77.42  0.40  0  1  1.03
 2  92.56  1.24  1  2  3.30
 1  64.69  0.42  0  1  2.23
 2  86.10  0.71  1  2  4.43
 0  86.10  0.86  0  0 10.22
 1  60.30  0.84  0  1  0.67
 3  62.54  1.06  1  3  1.07
 0  90.98  0.57  0  0  0.88
 1  70.67  0.27  0  1  0.72
 1  95.31  0.42  0  0  0.73
 2  98.95  0.62  1  3  2.20
 2  99.70  0.84  1  2  1.91
 2  73.90  0.71  1  3  1.19
 2  90.98  1.00  1  2  1.47
 3  78.06  0.21  1  3  1.03
 0  72.67  1.11  0  0  2.17
 1  97.46  0.51  0  0  1.53
 2  77.47  0.96  1  3  1.83
 3  67.44  1.24  1  3  1.17
 2  74.25  1.34  1  3  0.91
 3  61.05  0.62  1  3  0.82
 1  67.44  1.24  0  1  1.62
 0  77.47  0.61  0  0  1.15
 3  69.02  0.57  1  2  1.94
 2  82.53  0.61  1  2  1.00
 3  70.67  1.30  1  3  0.96
 3  72.67  0.46  1  2  4.08
 0  87.33  1.11  0  0  0.99
 1  92.56  0.33  0  1  1.34
 1  74.25  0.23  0  1  3.08
 3  67.05  0.71  1  3  7.40
 2  81.94  1.37  1  3  1.32
 1  60.30  0.73  0  1  1.27
 3  77.42  0.40  1  2  1.50
 3  60.30  0.84  1  3  0.77
 1  67.44  0.33  0  1  3.89
 1  81.94  0.21  0  1  1.19
 3  70.67  0.27  1  3  1.31
 3  89.33  0.27  1  3  0.96
 0  92.56  1.24  0  1  2.51
 2  97.46  1.06  1  2  0.60
 0  89.33  1.30  0  0  1.19
 0  74.25  1.34  0  1  1.30
 0  98.95  0.62  0  1  2.10
 3  69.02  1.00  1  3  5.44
 3  82.58  0.40  1  2  5.29
 2  95.31  1.16  1  2  1.85
 3  67.05  0.86  1  3  1.12
 0  73.90  0.86  0  1  2.48
 3  74.25  0.23  1  3  4.33
 3  85.75  0.23  1  2  1.29
 3  60.30  0.73  1  3  0.85
 2  92.95  0.71  1  3  2.32
 2  99.70  0.73  1  2  0.95
 0  95.31  1.16  0  0  2.97
 0  81.94  1.37  0  1  1.48
 1  70.67  1.30  0  1  1.06
 1  72.67  0.46  0  0  2.08
 0  77.47  0.96  0  0  2.32
 1  67.05  0.71  0  1  1.23
 1  61.05  0.95  0  1  2.89
 3  95.31  0.42  1  2  1.89
 3  97.46  0.51  1  3  0.94
 0  85.75  1.34  0  0  1.41
 0  82.58  1.17  0  0  0.85
 0  82.53  0.96  0  0  1.27
 3  87.33  0.46  1  3 10.38
 2  89.33  1.30  1  3  1.06
 0  86.10  0.71  0  0  1.50
 3  61.05  0.95  1  3  2.65
 0  78.06  1.37  0  1  0.97
 0  97.46  1.06  0  0  1.00
 1  85.75  0.23  0  1  1.41
 0  73.90  0.71  0  0  2.63
 3  81.94  0.21  1  2  1.24
 0  92.95  0.86  0  1  1.79
 1  67.05  0.86  0  1  1.14
 1  69.02  1.00  0  1  0.84
 0  92.95  0.71  0  0  0.94
 3  64.69  1.16  1  3  1.39
 1  89.33  0.27  0  1  3.29
 0  99.70  0.73  0  1  1.30
 1  87.33  0.46  0  0  1.60
 2  87.33  1.11  1  2  2.94
 1  61.05  0.62  0  1  1.52
 2  86.10  0.86  1  3  5.43
 2  72.67  1.11  1  3  2.01
 2  77.42  1.17  1  2  2.35
 2  82.53  0.96  1  2  2.20
 1  64.69  1.16  0  1  1.18
 2  78.06  1.37  1  2  1.00
 2  98.95  0.95  1  2  1.76
 1  62.54  1.06  0  1  1.13
 2  77.47  0.61  1  2  2.83
 1  78.06  0.21  0  0  1.28
 2  82.58  1.17  1  2  6.42
 0  77.42  1.17  0  0  1.95
 3  67.44  0.33  1  2  2.97
 0  82.53  0.61  0  0  2.66
 1  82.58  0.40  0  0  1.82
 3  62.54  0.51  1  3  8.56
 3  67.44  0.33  1  3  5.63
 3  82.58  0.40  1  3  2.13
 1  64.69  0.42  0  1  1.76
 1  67.05  0.86  0  1  3.37
 1  61.05  0.95  0  1  1.17
 2  98.95  0.95  1  2  6.93
 2  73.90  0.86  1  2  1.38
 0  72.67  1.11  0  0  1.46
 0  99.70  0.73  0  0  1.71
 0  90.98  0.57  0  0  1.04
 1  72.67  0.46  0  0  2.27
 0  81.94  1.37  0  0  1.26
 2  95.31  1.16  1  2  2.17
 2  78.06  1.37  1  2  4.72
 3  64.69  1.16  1  3  1.22
 3  81.94  0.21  1  3  2.36
 3  87.33  0.46  1  3  2.82
 1  60.30  0.73  0  1  1.42
 1  81.94  0.21  0  1  2.51
 3  69.02  0.57  1  2  6.39
 2  82.53  0.96  1  3  2.37
 1  62.54  1.06  0  1  1.81
 2  82.58  1.17  1  2  3.19
 2  77.42  1.17  1  2  1.92
 2  72.67  1.11  1  0  4.86
 0  97.46  1.06  0  0  5.05
 2  86.10  0.86  1  2  1.58
 0  77.42  1.17  0  0  8.48
 0  73.90  0.86  0  1  2.04
 0  92.95  0.86  0  1  1.07
 0  90.98  1.00  0  0  1.12
 0  95.31  1.16  0  0  0.91
 3  69.02  1.00  1  3  1.66
 3  64.69  0.42  1  2  2.68
 3  95.31  0.42  1  2  7.61
 1  78.06  0.21  0  1  2.08
 1  70.67  0.27  0  1  1.94
 0  86.10  0.71  0  1  2.14
 1  97.46  0.51  0  0  1.76
 1  67.05  0.71  0  1  2.25
 1  85.75  0.23  0  0  1.87
 0  98.95  0.95  0  0  3.41
 0  99.70  0.84  0  0  1.62
 3  60.30  0.84  1  3  1.93
 2  92.56  1.24  1  2  6.27
 2  77.47  0.96  1  2  2.11
 2  99.70  0.84  1  2  2.81
 0  85.75  1.34  0  0  1.38
 0  87.33  1.11  0  0  1.36
 1  70.67  1.30  0  1  1.30
 2  92.95  0.71  1  2  1.01
 2  89.33  1.30  1  2  1.42
 1  82.58  0.40  0  0  1.95
 2  87.33  1.11  1  2  1.39
 0  89.33  1.30  0  0  1.45
 2  86.10  0.71  1  2  4.22
 1  89.33  0.27  0  1  2.45
 0  92.56  1.24  0  0  4.43
 3  97.46  0.51  1  2  3.42
 1  64.69  1.16  0  1  2.64
 1  74.25  0.23  0  1  2.31
 2  99.70  0.73  1  2  2.47
 2  77.47  0.61  1  3  2.55
 0  82.58  1.17  0  0  1.90
 0  77.47  0.61  0  0  0.96
 1  69.02  0.57  0  0  1.12
 0  82.53  0.96  0  0  4.30
 1  67.44  0.33  0  1  2.80
 1  67.44  1.24  0  1  1.09
 3  89.33  0.27  1  2  2.62
 3  70.67  0.27  1  3  1.06
 3  67.05  0.71  1  3  1.79
 0  82.53  0.61  0  1 14.14
 2  81.94  1.37  1  3  1.44
 3  77.42  0.40  1  2  1.67
 0  73.90  0.71  0  1  2.98
 3  67.44  1.24  1  3  1.58
 2  85.75  1.34  1  2  1.02
 1  95.31  0.42  0  1  2.01
 1  69.02  1.00  0  1  7.74
 2  90.98  0.57  1  2  1.42
 2  74.25  1.34  1  3  1.71
 1  61.05  0.62  0  1  1.19
 3  78.06  0.21  1  2  1.97
 3  62.54  0.51  1  3  0.97
 0  74.25  1.34  0  0  2.87
 2  90.98  1.00  1  2  1.92
 3  74.25  0.23  1  3 12.59
 3  60.30  0.73  1  3  3.80
 2  73.90  0.71  1  2  1.99
 0  98.95  0.62  0  1  1.69
 0  77.47  0.96  0  1  0.82
 3  67.05  0.86  1  3  1.51
 2  98.95  0.62  1  2  2.03
 0  86.10  0.86  0  0  1.88
 1  60.30  0.84  0  1  0.68
 3  61.05  0.62  1  3  0.90
 0  92.95  0.71  0  0  3.79
 2  97.46  1.06  1  2  0.93
 3  70.67  1.30  1  3  0.81
 2  92.95  0.86  1  2  0.66
 1  92.56  0.33  0  1  3.09
 2  82.53  0.61  1  2  0.73
 1  62.54  0.51  0  1  1.00
 3  85.75  0.23  1  3  0.88
 1  87.33  0.46  0  1  2.12
 3  61.05  0.95  1  3  0.75
 3  92.56  0.33  1  3  1.47
 0  78.06  1.37  0  0  4.93
 3  62.54  1.06  1  3  0.87
 1  77.42  0.40  0  1  9.87
 3  72.67  0.46  1  2  1.01
 2  92.95  0.86  1  2  2.50
 3  64.69  0.42  1  3  2.58
 2  90.98  0.57  1  2  0.84
 3  74.25  0.23  1  3  1.57
 2  82.53  0.96  1  2  0.86
 3  72.67  0.46  1  3  3.30
 3  67.05  0.86  1  3  0.58
 1  87.33  0.46  0  0  1.56
 2  73.90  0.71  1  3  2.90
 2  73.90  0.86  1  2  2.06
 3  61.05  0.95  1  3  0.68
 3  95.31  0.42  1  2  1.11
 1  62.54  1.06  0  1  1.48
 1  70.67  0.27  0  1  1.29
 0  90.98  1.00  0  0  1.12
 2  89.33  1.30  1  2  1.32
 0  98.95  0.95  0  0  1.45
 3  67.44  1.24  1  3  0.86
 3  82.58  0.40  1  3 13.18
 1  61.05  0.62  0  1  1.81
 2  81.94  1.37  1  2  1.66
 1  97.46  0.51  0  0  7.28
 0  77.47  0.61  0  1  2.38
 1  64.69  0.42  0  1  0.97
 1  92.56  0.33  0  1  4.98
 1  67.05  0.71  0  0  1.83
 1  74.25  0.23  0  1  1.46
 0  86.10  0.86  0  0  2.07
 0  74.25  1.34  0  0  0.95
 3  81.94  0.21  1  3  1.51
 3  62.54  0.51  1  3  0.84
 2  77.42  1.17  1  2  7.03
 3  70.67  1.30  1  2  0.97
 0  73.90  0.71  0  0  3.20
 3  61.05  0.62  1  3  0.83
 3  87.33  0.46  1  2  0.85
 2  72.67  1.11  1  2  1.17
 1  67.44  1.24  0  0  3.55
 2  74.25  1.34  1  3  1.93
 2  87.33  1.11  1  2  2.93
 0  82.53  0.96  0  0  2.70
 3  64.69  1.16  1  3  0.93
 1  78.06  0.21  0  1  3.27
 3  77.42  0.40  1  3  1.57
 0  77.47  0.96  0  0  1.99
 0  95.31  1.16  0  0  4.75
 1  89.33  0.27  0  1  1.06
 1  67.44  0.33  0  1  2.18
 3  67.05  0.71  1  3  2.14
 1  70.67  1.30  0  0  2.20
 0  77.42  1.17  0  0  2.95
 1  62.54  0.51  0  1  1.47
 3  70.67  0.27  1  3  1.14
 1  95.31  0.42  0  1  2.07
 1  72.67  0.46  0  1  8.47
 0  85.75  1.34  0  0  1.11
 0  82.58  1.17  0  0  4.91
 2  99.70  0.84  1  2  5.59
 2  92.56  1.24  1  2 11.23
 3  67.44  0.33  1  3  4.47
 2  99.70  0.73  1  2  1.20
 2  86.10  0.86  1  2  4.37
 0  97.46  1.06  0  0 11.64
 2  97.46  1.06  1  2  1.41
 0  98.95  0.62  0  2  7.41
 3  60.30  0.73  1  3  0.98
 1  81.94  0.21  0  1  6.81
 0  89.33  1.30  0  0  2.72
 1  69.02  0.57  0  1  0.97
 0  78.06  1.37  0  0  0.97
 3  69.02  1.00  1  3  1.19
 2  90.98  1.00  1  2  0.87
 0  82.53  0.61  0  1  4.10
 1  82.58  0.40  0  0  1.36
 0  86.10  0.71  0  0  2.40
 1  77.42  0.40  0  0  1.61
 3  60.30  0.84  1  3  0.93
 2  82.58  1.17  1  2  1.19
 0  72.67  1.11  0  0  1.44
 2  82.53  0.61  1  3 13.50
 2  86.10  0.71  1  3 11.58
 0  92.95  0.71  0  0  2.65
 0  81.94  1.37  0  0  1.55
 3  78.06  0.21  1  3  2.41
 2  98.95  0.95  1  2  1.20
 2  98.95  0.62  1  2  0.78
 1  64.69  1.16  0  1  1.03
 2  92.95  0.71  1  2  4.22
 1  85.75  0.23  0  1  1.86
 1  61.05  0.95  0  1  0.80
 0  99.70  0.73  0  0  1.00
 1  67.05  0.86  0  0  8.00
 3  97.46  0.51  1  2  1.99
 2  85.75  1.34  1  2  0.89
 0  87.33  1.11  0  1  1.17
 0  92.56  1.24  0  0  1.32
 2  77.47  0.96  1  2 25.80
 3  69.02  0.57  1  3  1.97
 3  92.56  0.33  1  2  1.52
 3  62.54  1.06  1  3  3.18
 0  90.98  0.57  0  0  2.10
 1  60.30  0.73  0  1  0.92
 1  69.02  1.00  0  1  6.79
 0  99.70  0.84  0  0  1.17
 0  73.90  0.86  0  0  6.80
 3  85.75  0.23  1  3  1.25
 2  78.06  1.37  1  2  2.66
 2  95.31  1.16  1  2  3.97
 0  92.95  0.86  0  0  3.34
 1  60.30  0.84  0  1  6.30
 2  77.47  0.61  1  2  4.44
 3  89.33  0.27  1  3  1.57
 3  97.46  0.51  1  2  2.40
 0  82.53  0.96  0  0  4.82
 3  67.44  0.33  1  3  2.21
 3  95.31  0.42  1  2 13.02
 2  90.98  1.00  1  2  0.84
 1  74.25  0.23  0  1  3.03
 0  99.70  0.73  0  0  0.98
 2  97.46  1.06  1  2  5.53
 0  98.95  0.62  0  0  1.25
 0  77.42  1.17  0  0  1.18
 3  81.94  0.21  1  3  0.86
 3  60.30  0.73  1  3  0.91
 2  74.25  1.34  1  3  1.91
 1  87.33  0.46  0  0  3.57
 0  73.90  0.71  0  1  1.43
 3  61.05  0.62  1  3  2.60
 0  92.95  0.86  0  0  4.20
 0  97.46  1.06  0  0  1.05
 2  99.70  0.73  1  2  1.36
 3  82.58  0.40  1  2  0.74
 2  77.47  0.61  1  3  1.07
 0  99.70  0.84  0  0  1.79
 1  61.05  0.62  0  1  3.10
 2  73.90  0.71  1  2  9.88
 3  67.44  1.24  1  2  1.47
 2  98.95  0.62  1  2  0.79
 0  77.47  0.96  0  0  1.88
 1  62.54  0.51  0  1  1.34
 1  72.67  0.46  0  1  1.18
 3  78.06  0.21  1  3  1.38
 2  81.94  1.37  1  2  0.92
 2  72.67  1.11  1  2  4.24
 0  81.94  1.37  0  0  4.95
 1  67.44  0.33  0  1  1.35
 1  97.46  0.51  0  0  4.97
 0  90.98  0.57  0  0  1.78
 1  62.54  1.06  0  1  0.84
 0  86.10  0.71  0  1  4.36
 1  60.30  0.73  0  1  0.87
 0  89.33  1.30  0  0  0.79
 3  62.54  1.06  1  3  0.84
 3  89.33  0.27  1  2  0.79
 0  82.58  1.17  0  0  3.18
 3  77.42  0.40  1  2  1.81
 1  89.33  0.27  0  1  1.17
 1  92.56  0.33  0  1  1.13
 0  95.31  1.16  0  0  1.04
 1  67.44  1.24  0  1  1.32
 2  77.42  1.17  1  3  8.45
 2  99.70  0.84  1  2  0.96
 3  72.67  0.46  1  2  0.95
 3  87.33  0.46  1  2  0.87
 2  82.53  0.61  1  3  0.53
 2  87.33  1.11  1  2  3.16
 3  60.30  0.84  1  3  0.65
 2  98.95  0.95  1  2  2.77
 2  82.53  0.96  1  2  2.75
 1  85.75  0.23  0  1  1.11
 0  78.06  1.37  0  0  0.94
 2  92.95  0.71  1  2  1.30
 3  62.54  0.51  1  3  0.73
 3  70.67  0.27  1  3  0.56
 2  73.90  0.86  1  2  1.15
 0  92.95  0.71  0  0  1.84
 3  64.69  0.42  1  3  0.87
 1  64.69  0.42  0  1  1.16
 1  64.69  1.16  0  1  1.20
 1  95.31  0.42  0  0  2.98
 0  87.33  1.11  0  0  3.35
 0  98.95  0.95  0  0  1.14
 3  70.67  1.30  1  2  1.12
 2  82.58  1.17  1  2  1.13
 1  69.02  1.00  0  0  2.06
 2  92.56  1.24  1  2  1.63
 1  77.42  0.40  0  1  4.95
 2  77.47  0.96  1  2  1.64
 1  69.02  0.57  0  1  1.19
 3  64.69  1.16  1  3  1.96
 0  92.56  1.24  0  0  1.06
 2  92.95  0.86  1  2  1.41
 2  85.75  1.34  1  2  2.55
 1  82.58  0.40  0  0 12.71
 1  81.94  0.21  0  1  0.78
 2  86.10  0.71  1  2  0.80
 1  78.06  0.21  0  1  1.06
 1  70.67  0.27  0  1  0.58
 0  72.67  1.11  0  0  1.24
 3  74.25  0.23  1  3  1.40
 0  85.75  1.34  0  0  1.16
 0  73.90  0.86  0  0  3.88
 0  77.47  0.61  0  0  2.21
 2  90.98  0.57  1  2  1.20
 1  61.05  0.95  0  1  1.46
 0  86.10  0.86  0  1  3.28
 2  86.10  0.86  1  2  1.29
 3  85.75  0.23  1  3  1.41
 3  67.05  0.86  1  3  0.81
 3  69.02  0.57  1  2  5.00
 3  69.02  1.00  1  3  1.35
 2  95.31  1.16  1  2  1.52
 2  78.06  1.37  1  2  4.49
 3  92.56  0.33  1  3  1.77
 2  89.33  1.30  1  2  0.75
 1  70.67  1.30  0  1  2.11
 1  60.30  0.84  0  1  0.73
 0  74.25  1.34  0  1  0.71
 3  67.05  0.71  1  3  1.30
 1  67.05  0.71  0  1  4.51
 0  82.53  0.61  0  0  1.45
 3  61.05  0.95  1  3  3.38
 1  67.05  0.86  0  0  1.45
 0  90.98  1.00  0  0  0.88
