 2  85.75  0.23  1  0  1.54
 1  73.90  0.71  0  2  2.95
 1  98.95  0.62  0  1  1.78
 0  67.05  0.86  0  1  1.69
 1  87.33  1.11  0  1  1.06
 2  95.31  0.42  1  3  1.49
 2  97.46  0.51  1  2  0.63
 2  89.33  0.27  1  2  1.47
 0  78.06  0.21  0  1  1.71
 2  81.94  0.21  1  3  1.64
 0  64.69  0.42  0  1  3.87
 3  99.70  0.73  1  2  1.33
 0  77.42  0.40  0  1  1.52
 3  95.31  1.16  1  2  1.83
 2  92.56  0.33  1  2  0.84
 3  92.95  0.86  1  3  0.94
 0  60.30  0.84  0  0  1.00
 2  64.69  1.16  1  2  2.92
 0  82.58  0.40  0  1  1.20
 3  74.25  1.34  1  2  1.69
 1  86.10  0.71  0  1  1.16
 0  87.33  0.46  0  0  1.96
 1  77.42  1.17  0  1  0.64
 1  92.56  1.24  0  0  1.04
 2  67.05  0.86  1  2  1.26
 1  98.95  0.95  0  1  0.92
 1  95.31  1.16  0  1  1.60
 1  99.70  0.73  0  1  1.10
 1  72.67  1.11  0  0  0.55
 1  81.94  1.37  0  0  1.29
 1  82.53  0.96  0  1  0.77
 0  74.25  0.23  0  0  0.91
 1  77.47  0.96  0  1  1.48
 3  77.47  0.61  1  2  1.54
 0  85.75  0.23  0  0  2.04
 1  90.98  1.00  0  1  1.35
 1  92.95  0.71  0  1  0.99
 3  78.06  1.37  1  2  1.39
 3  85.75  1.34  1  3  0.99
 1  99.70  0.84  0  1  0.89
 2  64.69  0.42  1  2  1.19
 3  81.94  1.37  1  3  0.76
 1  90.98  0.57  0  1  1.04
 1  89.33  1.30  0  1  1.11
 2  61.05  0.95  1  2  1.24
 3  73.90  0.71  1  2  0.89
 1  85.75  1.34  0  1  0.91
 2  61.05  0.62  1  2  0.82
 2  70.67  1.30  1  3  0.88
 2  60.30  0.73  1  2  0.67
 0  81.94  0.21  0  0  1.57
 0  60.30  0.73  0  1  2.68
 2  69.02  0.57  1  3  2.98
 1  77.47  0.61  0  1  1.08
 2  82.58  0.40  1  1  1.48
 2  87.33  0.46  1  2  0.72
 0  70.67  1.30  0  1  2.34
 3  87.33  1.11  1  2  2.31
 0  61.05  0.95  0  1  2.52
 3  97.46  1.06  1  1  0.80
 1  86.10  0.86  0  1  0.84
 3  82.58  1.17  1  2  1.21
 3  72.67  1.11  1  2  0.74
 2  67.05  0.71  1  2  0.63
 3  90.98  1.00  1  3  2.41
 0  67.44  1.24  0  0  1.13
 3  90.98  0.57  1  3  1.96
 3  98.95  0.62  1  3  0.87
 0  69.02  0.57  0  1  2.16
 2  74.25  0.23  1  2  1.90
 3  99.70  0.84  1  3  1.25
 1  92.95  0.86  0  1  2.31
 3  92.56  1.24  1  3  1.78
 2  67.44  1.24  1  0  1.45
 2  78.06  0.21  1  2  2.21
 2  69.02  1.00  1  2  1.35
 3  73.90  0.86  1  2  1.15
 3  82.53  0.61  1  3  1.33
 1  78.06  1.37  0  0  3.68
 2  72.67  0.46  1  2  2.35
 1  82.58  1.17  0  1  0.87
 1  73.90  0.86  0  1  0.72
 1  82.53  0.61  0  1  1.08
 3  77.47  0.96  1  3  1.77
 3  82.53  0.96  1  3  0.66
 0  67.44  0.33  0  0  1.60
 1  97.46  1.06  0  1  1.26
 2  62.54  1.06  1  0  1.38
 0  95.31  0.42  0  1  1.06
 0  61.05  0.62  0  0  1.67
 2  77.42  0.40  1  3  2.92
 3  92.95  0.71  1  3  1.29
 0  92.56  0.33  0  1  1.16
 0  64.69  1.16  0  1  1.06
 0  89.33  0.27  0  0  1.51
 2  60.30  0.84  1  2  2.47
 2  62.54  0.51  1  2  0.66
 0  69.02  1.00  0  0  0.92
 0  72.67  0.46  0  0  0.90
 0  97.46  0.51  0  1  2.13
 0  62.54  0.51  0  0  1.22
 3  86.10  0.86  1  3  2.09
 0  67.05  0.71  0  1  2.30
 3  89.33  1.30  1  2  2.12
 0  62.54  1.06  0  0  1.91
 0  70.67  0.27  0  0  2.13
 2  67.44  0.33  1  2  1.84
 2  70.67  0.27  1  2  0.86
 3  77.42  1.17  1  3  0.91
 1  74.25  1.34  0  1  0.74
 3  86.10  0.71  1  3  2.08
 3  98.95  0.95  1  3  0.89
 2  62.54  1.06  1  3  2.88
 1  77.47  0.61  0  1  1.20
 0  62.54  1.06  0  0  0.76
 0  67.05  0.71  0  0  0.76
 0  87.33  0.46  0  1  0.72
 3  90.98  1.00  1  2  3.19
 3  82.53  0.61  1  3  1.58
 0  64.69  0.42  0  0  2.32
 3  87.33  1.11  1  3  2.18
 2  77.42  0.40  1  2  0.91
 2  67.44  1.24  1  3  0.89
 2  87.33  0.46  1  3  0.88
 0  64.69  1.16  0  0  1.79
 1  90.98  1.00  0  0  0.94
 1  81.94  1.37  0  0  1.79
 0  67.44  0.33  0  0  1.18
 1  98.95  0.62  0  0  0.94
 0  72.67  0.46  0  0  1.02
 1  78.06  1.37  0  0  1.27
 3  86.10  0.86  1  3  2.24
 1  85.75  1.34  0  1  1.35
 1  98.95  0.95  0  1  0.79
 0  92.56  0.33  0  0  3.80
 3  82.53  0.96  1  3  1.78
 3  73.90  0.71  1  3  1.00
 3  99.70  0.73  1  3  1.00
 3  90.98  0.57  1  2  1.27
 3  77.42  1.17  1  3  0.96
 0  61.05  0.62  0  0  2.70
 2  92.56  0.33  1  2  2.97
 0  69.02  1.00  0  1  2.00
 3  77.47  0.96  1  2  1.66
 2  67.44  0.33  1  2  1.06
 0  60.30  0.84  0  1  1.37
 3  92.95  0.86  1  3  1.06
 0  67.05  0.86  0  0  1.01
 2  64.69  0.42  1  2  1.33
 1  95.31  1.16  0  1  1.95
 1  73.90  0.71  0  0  1.07
 1  77.42  1.17  0  0  1.19
 2  61.05  0.95  1  3  1.67
 1  92.56  1.24  0  1  1.25
 3  92.56  1.24  1  3  1.32
 2  69.02  0.57  1  3  1.62
 1  72.67  1.11  0  1  2.75
 1  82.53  0.96  0  1  1.25
 1  89.33  1.30  0  0  1.44
 0  74.25  0.23  0  0  0.81
 2  69.02  1.00  1  3  1.51
 3  98.95  0.62  1  3  1.88
 3  97.46  1.06  1  3  1.07
 1  87.33  1.11  0  1  1.50
 2  67.05  0.86  1  3  1.18
 0  85.75  0.23  0  0  0.96
 3  72.67  1.11  1  2  0.86
 2  70.67  1.30  1  2  0.77
 0  69.02  0.57  0  1  1.50
 0  97.46  0.51  0  1  0.86
 0  67.44  1.24  0  1  2.04
 2  95.31  0.42  1  3  1.09
 2  97.46  0.51  1  2  0.40
 1  99.70  0.73  0  0  1.52
 1  74.25  1.34  0  0  1.76
 3  77.47  0.61  1  2  1.08
 1  97.46  1.06  0  1  1.65
 2  78.06  0.21  1  0  1.01
 3  82.58  1.17  1  3  1.18
 3  74.25  1.34  1  2  1.10
 0  62.54  0.51  0  1  1.49
 1  73.90  0.86  0  0  0.69
 1  90.98  0.57  0  1  0.91
 0  82.58  0.40  0  1  1.11
 3  98.95  0.95  1  3  2.61
 1  77.47  0.96  0  1  1.37
 2  85.75  0.23  1  2  1.88
 2  60.30  0.84  1  3  1.35
 1  82.53  0.61  0  0  1.50
 3  89.33  1.30  1  3  1.51
 0  70.67  0.27  0  2  1.43
 3  92.95  0.71  1  3  1.15
 3  81.94  1.37  1  3  1.46
 1  99.70  0.84  0  1  1.40
 2  74.25  0.23  1  2  1.85
 3  99.70  0.84  1  3  2.46
 3  86.10  0.71  1  3  1.47
 2  60.30  0.73  1  2  1.32
 1  92.95  0.71  0  1  1.38
 2  70.67  0.27  1  2  2.21
 3  78.06  1.37  1  3  0.87
 2  81.94  0.21  1  2  1.02
 0  78.06  0.21  0  0  1.99
 0  61.05  0.95  0  1  1.00
 1  82.58  1.17  0  1  0.74
 0  95.31  0.42  0  1  1.15
 2  62.54  0.51  1  3  2.43
 3  95.31  1.16  1  3  0.69
 2  82.58  0.40  1  2  0.93
 0  81.94  0.21  0  0  1.71
 3  85.75  1.34  1  3  1.41
 2  89.33  0.27  1  2  1.50
 0  77.42  0.40  0  0  1.55
 2  72.67  0.46  1  2  3.20
 2  64.69  1.16  1  3  1.42
 1  86.10  0.71  0  1  2.10
 1  92.95  0.86  0  1  1.11
 1  86.10  0.86  0  1  1.06
 2  61.05  0.62  1  2  1.44
 3  73.90  0.86  1  2  1.16
 0  70.67  1.30  0  1  2.91
 2  67.05  0.71  1  2  1.52
 0  60.30  0.73  0  0  0.92
 0  89.33  0.27  0  0  1.08
 0  70.67  1.30  0  1  1.88
 2  67.44  1.24  1  2  3.71
 1  85.75  1.34  0  0  1.39
 1  82.58  1.17  0  1  0.81
 3  82.53  0.96  1  2  3.30
 1  81.94  1.37  0  1  1.96
 0  62.54  0.51  0  0  1.26
 0  78.06  0.21  0  0  0.76
 3  87.33  1.11  1  3  1.28
 0  62.54  1.06  0  0  1.21
 2  89.33  0.27  1  2  1.30
 0  67.44  0.33  0  0  1.47
 2  61.05  0.95  1  2  2.04
 2  92.56  0.33  1  2  1.44
 3  73.90  0.71  1  3  3.63
 1  74.25  1.34  0  1  2.83
 2  97.46  0.51  1  2  1.51
 0  87.33  0.46  0  0  1.56
 3  92.56  1.24  1  3  1.57
 1  92.95  0.71  0  1  1.41
 3  74.25  1.34  1  2  1.17
 2  67.05  0.86  1  2  1.08
 0  64.69  0.42  0  0  0.96
 0  81.94  0.21  0  0  0.93
 3  92.95  0.71  1  1  1.93
 0  72.67  0.46  0  1  1.60
 3  92.95  0.86  1  3  2.00
 2  69.02  1.00  1  3  1.60
 0  67.44  1.24  0  0  1.74
 2  72.67  0.46  1  0  0.78
 1  92.95  0.86  0  0  1.02
 3  78.06  1.37  1  3  1.71
 1  77.42  1.17  0  1  0.92
 0  64.69  1.16  0  0  2.42
 1  72.67  1.11  0  1  1.16
 1  82.53  0.96  0  1  0.95
 3  86.10  0.71  1  3  1.57
 0  70.67  0.27  0  0  1.42
 2  69.02  0.57  1  2  0.83
 0  77.42  0.40  0  0  1.27
 2  81.94  0.21  1  0  1.29
 2  85.75  0.23  1  2  0.81
 1  77.47  0.96  0  1  1.36
 0  60.30  0.84  0  0  1.06
 2  87.33  0.46  1  2  1.32
 0  95.31  0.42  0  0  1.58
 2  70.67  0.27  1  2  1.58
 1  78.06  1.37  0  1  1.05
 3  77.47  0.96  1  2  1.89
 3  95.31  1.16  1  3  0.87
 3  77.47  0.61  1  2  1.02
 1  97.46  1.06  0  1  1.23
 2  77.42  0.40  1  2  1.47
 1  73.90  0.71  0  0  2.84
 3  73.90  0.86  1  3  2.89
 0  69.02  0.57  0  1  1.73
 3  85.75  1.34  1  3  1.18
 1  92.56  1.24  0  1  1.41
 2  82.58  0.40  1  2  1.22
 1  86.10  0.86  0  0  2.32
 1  98.95  0.62  0  0  1.22
 2  60.30  0.73  1  2  1.00
 2  64.69  0.42  1  2  1.11
 1  95.31  1.16  0  1  1.16
 0  74.25  0.23  0  0  0.74
 2  60.30  0.84  1  2  1.03
 1  99.70  0.73  0  1  0.91
 0  67.05  0.71  0  1  1.45
 1  86.10  0.71  0  1  0.74
 0  67.05  0.86  0  0  0.54
 2  62.54  1.06  1  2  1.07
 1  90.98  1.00  0  1  0.98
 0  89.33  0.27  0  0  1.24
 0  61.05  0.62  0  0  1.09
 2  95.31  0.42  1  3  1.68
 3  77.42  1.17  1  3  0.78
 1  98.95  0.95  0  1  1.57
 3  82.53  0.61  1  3  1.28
 3  72.67  1.11  1  3  2.04
 3  97.46  1.06  1  3  0.94
 0  97.46  0.51  0  1  1.50
 0  69.02  1.00  0  0  1.33
 3  90.98  1.00  1  3  1.66
 2  70.67  1.30  1  2  1.38
 3  86.10  0.86  1  3  0.82
 2  62.54  0.51  1  2  1.14
 3  90.98  0.57  1  3  0.93
 1  90.98  0.57  0  1  1.53
 1  99.70  0.84  0  1  1.06
 3  81.94  1.37  1  2  1.98
 3  82.58  1.17  1  3  0.80
 0  82.58  0.40  0  0  2.26
 2  74.25  0.23  1  2  1.17
 2  67.44  0.33  1  2  1.05
 3  98.95  0.95  1  3  1.16
 0  92.56  0.33  0  1  1.05
 0  85.75  0.23  0  0  1.45
 1  77.47  0.61  0  1  2.06
 2  78.06  0.21  1  2  2.21
 3  98.95  0.62  1  3  1.05
 1  73.90  0.86  0  1  3.02
 1  89.33  1.30  0  1  1.68
 2  64.69  1.16  1  2  0.89
 2  61.05  0.62  1  2  1.04
 1  82.53  0.61  0  1  1.66
 3  99.70  0.84  1  3  1.30
 0  60.30  0.73  0  0  1.07
 0  61.05  0.95  0  0  0.80
 3  89.33  1.30  1  3  1.37
 2  67.05  0.71  1  3  1.62
 3  99.70  0.73  1  2  1.32
 1  87.33  1.11  0  1  1.14
 1  90.98  0.57  0  1  1.53
 3  99.70  0.84  1  3  1.41
 2  61.05  0.95  1  2  1.24
 0  69.02  1.00  0  1  1.94
 1  90.98  1.00  0  0  1.37
 3  77.47  0.61  1  3  1.79
 1  77.42  1.17  0  1  1.55
 1  73.90  0.86  0  1  1.47
 2  60.30  0.73  1  2  0.88
 1  82.58  1.17  0  1  1.30
 0  78.06  0.21  0  0  0.92
 1  86.10  0.86  0  1  0.74
 3  82.58  1.17  1  3  1.14
 2  70.67  0.27  1  0  1.21
 3  86.10  0.86  1  3  0.82
 1  99.70  0.84  0  1  1.43
 3  82.53  0.61  1  3  1.24
 0  60.30  0.73  0  0  0.93
 2  87.33  0.46  1  3  1.20
 1  73.90  0.71  0  1  1.40
 0  70.67  1.30  0  1  1.71
 2  62.54  1.06  1  2  1.89
 3  86.10  0.71  1  3  2.20
 2  69.02  1.00  1  3  1.89
 2  72.67  0.46  1  3  1.44
 3  77.47  0.96  1  3  1.29
 1  72.67  1.11  0  1  1.84
 1  99.70  0.73  0  1  0.85
 1  92.56  1.24  0  1  1.54
 1  92.95  0.86  0  1  0.95
 0  92.56  0.33  0  0  1.67
 2  70.67  1.30  1  2  1.66
 2  82.58  0.40  1  3  0.78
 3  97.46  1.06  1  3  0.62
 2  92.56  0.33  1  2  0.74
 1  82.53  0.96  0  1  1.40
 3  90.98  1.00  1  3  1.19
 3  82.53  0.96  1  3  1.12
 2  67.44  1.24  1  2  1.04
 3  92.95  0.86  1  3  0.91
 0  67.44  1.24  0  0  1.11
 1  97.46  1.06  0  1  1.08
 3  90.98  0.57  1  3  2.22
 2  64.69  1.16  1  2  0.60
 2  67.05  0.86  1  2  0.64
 1  81.94  1.37  0  1  1.13
 2  60.30  0.84  1  2  0.92
 0  89.33  0.27  0  0  1.81
 2  62.54  0.51  1  2  1.09
 1  77.47  0.61  0  0  1.25
 0  77.42  0.40  0  1  0.93
 0  61.05  0.95  0  0  0.83
 1  95.31  1.16  0  1  1.11
 2  64.69  0.42  1  2  1.55
 2  74.25  0.23  1  2  1.02
 3  72.67  1.11  1  3  1.00
 1  87.33  1.11  0  1  1.48
 2  67.05  0.71  1  3  1.30
 3  92.95  0.71  1  3  1.35
 2  69.02  0.57  1  3  1.11
 0  74.25  0.23  0  0  1.43
 0  61.05  0.62  0  0  1.00
 0  72.67  0.46  0  1  2.20
 1  86.10  0.71  0  1  0.93
 3  89.33  1.30  1  3  1.33
 2  95.31  0.42  1  2  1.64
 2  67.44  0.33  1  2  0.92
 3  87.33  1.11  1  3  0.80
 0  64.69  0.42  0  0  0.88
 0  85.75  0.23  0  0  2.89
 3  81.94  1.37  1  3  1.01
 2  89.33  0.27  1  2  1.32
 0  62.54  1.06  0  0  1.09
 0  95.31  0.42  0  0  1.30
 3  99.70  0.73  1  3  2.23
 0  97.46  0.51  0  1  1.74
 3  95.31  1.16  1  3  1.40
 3  77.42  1.17  1  3  1.35
 3  98.95  0.62  1  3  1.49
 3  85.75  1.34  1  3  1.11
 3  92.56  1.24  1  3  0.80
 0  62.54  0.51  0  0  0.95
 3  98.95  0.95  1  3  1.34
 3  73.90  0.86  1  3  1.06
 0  87.33  0.46  0  1  1.94
 1  89.33  1.30  0  1  0.79
 1  78.06  1.37  0  1  0.86
 2  78.06  0.21  1  2  1.43
 2  77.42  0.40  1  2  1.32
 0  70.67  0.27  0  0  1.17
 0  67.05  0.71  0  1  0.98
 0  67.05  0.86  0  0  0.77
 1  82.53  0.61  0  1  1.13
 0  60.30  0.84  0  0  1.21
 2  61.05  0.62  1  2  0.89
 0  82.58  0.40  0  1  1.55
 2  81.94  0.21  1  2  1.10
 3  78.06  1.37  1  3  1.33
 1  74.25  1.34  0  1  1.56
 3  73.90  0.71  1  2  2.53
 0  64.69  1.16  0  0  0.87
 0  67.44  0.33  0  0  1.07
 1  92.95  0.71  0  1  4.27
 2  85.75  0.23  1  2  1.74
 0  69.02  0.57  0  0  2.83
 1  77.47  0.96  0  1  0.97
 3  74.25  1.34  1  3  1.45
 0  81.94  0.21  0  0  1.19
 1  98.95  0.95  0  1  1.10
 2  97.46  0.51  1  3  1.62
 1  98.95  0.62  0  1  1.98
 1  85.75  1.34  0  1  1.03
 2  67.05  0.71  1  2  2.33
 3  77.47  0.61  1  2  1.84
 1  77.47  0.61  0  0  2.23
 1  92.95  0.71  0  1  1.35
 3  81.94  1.37  1  3  1.39
 0  61.05  0.62  0  0  0.99
 3  82.53  0.61  1  3  2.20
 3  74.25  1.34  1  3  1.02
 1  87.33  1.11  0  1  1.42
 0  81.94  0.21  0  0  0.75
 0  97.46  0.51  0  1  1.42
 2  95.31  0.42  1  2  1.65
 0  67.44  1.24  0  0  1.09
 2  78.06  0.21  1  2  1.80
 1  77.42  1.17  0  1  1.49
 0  82.58  0.40  0  0  2.04
 1  82.58  1.17  0  1  0.85
 1  98.95  0.62  0  0  1.55
 1  78.06  1.37  0  1  1.96
 1  73.90  0.86  0  0  1.55
 2  67.05  0.86  1  2  1.61
 2  60.30  0.73  1  2  0.92
 3  92.56  1.24  1  3  0.94
 1  89.33  1.30  0  1  1.12
 0  60.30  0.73  0  0  1.01
 1  73.90  0.71  0  1  2.28
 3  89.33  1.30  1  3  1.21
 3  82.58  1.17  1  3  1.02
 0  87.33  0.46  0  0  2.76
 2  69.02  0.57  1  2  2.79
 2  67.44  1.24  1  2  1.64
 1  86.10  0.86  0  1  1.19
 0  60.30  0.84  0  0  0.80
 3  73.90  0.71  1  3  1.97
 2  67.44  0.33  1  2  1.09
 1  72.67  1.11  0  1  0.81
 1  77.47  0.96  0  1  1.00
 0  72.67  0.46  0  0  0.77
 0  67.05  0.86  0  1  0.96
 3  97.46  1.06  1  3  1.11
 0  92.56  0.33  0  0  1.52
 0  95.31  0.42  0  0  1.46
 0  64.69  1.16  0  0  0.92
 2  82.58  0.40  1  3  1.28
 3  90.98  0.57  1  2  1.12
 2  85.75  0.23  1  2  1.84
 2  97.46  0.51  1  3  0.70
 1  98.95  0.95  0  1  1.29
 2  64.69  0.42  1  2  1.20
 0  67.05  0.71  0  0  0.91
 3  78.06  1.37  1  3  1.16
 3  92.95  0.86  1  3  1.17
 3  77.47  0.96  1  3  0.83
 0  64.69  0.42  0  0  0.88
 2  77.42  0.40  1  3  1.27
 0  62.54  1.06  0  1  1.18
 2  92.56  0.33  1  3  2.28
 3  95.31  1.16  1  3  0.74
 1  92.95  0.86  0  1  1.21
 0  62.54  0.51  0  0  1.16
 0  69.02  0.57  0  0  1.40
 1  74.25  1.34  0  1  0.85
 0  61.05  0.95  0  0  0.93
 3  99.70  0.84  1  3  1.34
 0  89.33  0.27  0  0  1.02
 0  70.67  0.27  0  0  0.85
 2  62.54  1.06  1  3  1.19
 2  70.67  0.27  1  2  0.88
 1  86.10  0.71  0  1  1.21
 0  69.02  1.00  0  0  0.95
 2  87.33  0.46  1  3  1.23
 2  74.25  0.23  1  2  1.18
 1  82.53  0.96  0  1  1.10
 3  86.10  0.71  1  3  1.38
 0  67.44  0.33  0  0  1.33
 1  81.94  1.37  0  1  1.05
 3  99.70  0.73  1  3  1.10
 0  77.42  0.40  0  0  1.26
 1  82.53  0.61  0  1  1.72
 1  99.70  0.73  0  1  1.18
 2  62.54  0.51  1  2  1.14
 2  89.33  0.27  1  2  0.72
 0  85.75  0.23  0  0  0.89
 1  85.75  1.34  0  1  1.01
 3  77.42  1.17  1  3  0.99
 2  70.67  1.30  1  2  1.03
 1  99.70  0.84  0  1  1.33
 2  61.05  0.62  1  2  1.04
 1  92.56  1.24  0  1  0.72
 2  81.94  0.21  1  2  1.70
 3  87.33  1.11  1  3  1.63
 2  72.67  0.46  1  2  1.18
 3  90.98  1.00  1  3  0.89
 2  69.02  1.00  1  2  1.57
 1  90.98  1.00  0  1  1.38
 3  72.67  1.11  1  2  1.10
 3  98.95  0.95  1  3  0.97
 3  92.95  0.71  1  3  1.55
 3  82.53  0.96  1  3  0.84
 2  61.05  0.95  1  2  0.88
 0  78.06  0.21  0  0  1.04
 3  73.90  0.86  1  3  1.45
 1  97.46  1.06  0  1  1.57
 0  74.25  0.23  0  0  1.14
 2  60.30  0.84  1  2  0.81
 3  86.10  0.86  1  3  1.16
 3  85.75  1.34  1  3  1.10
 1  90.98  0.57  0  1  1.40
 2  64.69  1.16  1  2  0.96
 0  70.67  1.30  0  0  1.43
 3  98.95  0.62  1  3  1.12
 1  95.31  1.16  0  1  0.89
