 2  86.10  0.71  1  0  4.06
 3  87.33  1.11  0  1  5.69
 0  60.30  0.73  0  0  1.73
 0  73.90  0.71  0  3  2.98
 3  86.10  0.86  1  2  4.15
 2  97.46  0.51  0  1  1.24
 1  64.69  1.16  0  0  1.14
 0  77.47  0.61  1  2  0.82
 1  73.90  0.86  0  2  0.80
 0  64.69  0.42  0  0  0.84
 0  74.25  0.23  1  0  0.56
 2  86.10  0.71  0  0  0.66
 3  97.46  1.06  1  1  1.26
 1  77.42  1.17  0  3  0.67
 1  77.47  0.96  1  2  0.36
 1  73.90  0.86  1  1  0.95
 2  82.58  0.40  0  2  1.31
 1  70.67  1.30  0  1  1.80
 2  87.33  0.46  1  2  0.86
 0  61.05  0.62  0  1  0.45
 3  81.94  1.37  1  3  0.70
 2  95.31  0.42  0  3  1.26
 2  85.75  0.23  1  2  2.12
 2  81.94  0.21  1  2  1.43
 2  97.46  0.51  1  3  0.61
 1  61.05  0.95  0  0  0.88
 0  77.42  0.40  1  1  0.66
 0  64.69  0.42  1  0  0.53
 3  90.98  1.00  0  3  0.93
 2  92.56  0.33  0  2  1.25
 0  67.44  0.33  1  1  0.88
 0  62.54  0.51  0  0  0.39
 0  67.05  0.71  0  0  0.94
 1  62.54  1.06  0  0  0.62
 1  61.05  0.95  1  0  1.97
 1  77.47  0.96  0  1  0.56
 1  69.02  1.00  1  1  0.52
 0  60.30  0.73  1  1  0.35
 0  61.05  0.62  1  0  0.43
 2  98.95  0.62  0  3  0.71
 3  82.53  0.96  0  3  0.73
 2  92.95  0.71  0  2  0.92
 0  72.67  0.46  1  2  1.11
 3  85.75  1.34  1  1  0.60
 1  64.69  1.16  1  0  0.88
 2  85.75  0.23  0  1  1.14
 2  99.70  0.73  1  3  0.56
 3  92.56  1.24  0  2  0.50
 1  78.06  1.37  1  0  0.56
 3  82.53  0.96  1  1  0.50
 1  74.25  1.34  0  2  0.55
 1  62.54  1.06  1  3  0.18
 3  81.94  1.37  0  1  0.53
 3  99.70  0.84  1  3  1.58
 0  78.06  0.21  1  2  0.71
 3  92.56  1.24  1  0  0.24
 2  90.98  0.57  1  1  0.23
 3  98.95  0.95  0  2  0.24
 0  62.54  0.51  1  3  0.22
 1  69.02  1.00  0  0  0.18
 3  95.31  1.16  1  1  0.22
 3  87.33  1.11  1  2  0.25
 2  98.95  0.62  1  3  0.26
 1  60.30  0.84  1  0  0.73
 3  86.10  0.86  0  0  0.23
 3  97.46  1.06  0  3  0.30
 1  78.06  1.37  0  3  0.28
 2  81.94  0.21  0  1  0.23
 1  67.05  0.86  1  2  0.20
 2  99.70  0.73  0  3  0.11
 0  77.42  0.40  0  0  0.57
 3  89.33  1.30  1  0  0.23
 0  74.25  0.23  0  1  0.32
 3  99.70  0.84  0  0  0.24
 0  70.67  0.27  0  3  0.34
 0  67.44  0.33  0  0  0.27
 1  67.05  0.86  0  2  0.52
 2  82.58  0.40  1  0  0.29
 1  67.44  1.24  0  1  0.46
 2  82.53  0.61  1  0  0.24
 0  70.67  0.27  1  1  0.22
 1  74.25  1.34  1  0  0.29
 1  60.30  0.84  0  1  0.25
 3  82.58  1.17  0  1  0.73
 3  95.31  1.16  0  3  0.32
 1  67.44  1.24  1  2  0.25
 2  92.56  0.33  1  1  0.55
 2  89.33  0.27  1  3  0.36
 3  85.75  1.34  0  2  0.21
 2  87.33  0.46  0  0  0.24
 3  92.95  0.86  1  1  0.53
 3  82.58  1.17  1  2  0.66
 1  77.42  1.17  1  3  0.25
 0  77.47  0.61  0  0  0.50
 0  69.02  0.57  0  0  0.42
 0  78.06  0.21  0  0  0.44
 3  92.95  0.86  0  0  0.30
 2  90.98  0.57  0  2  0.27
 1  72.67  1.11  1  2  0.23
 0  67.05  0.71  1  1  0.38
 1  72.67  1.11  0  3  0.41
 2  82.53  0.61  0  1  0.73
 3  89.33  1.30  0  3  0.62
 0  73.90  0.71  1  2  0.86
 0  69.02  0.57  1  0  0.52
 2  95.31  0.42  1  0  0.25
 0  72.67  0.46  0  3  0.29
 2  92.95  0.71  1  2  0.22
 1  70.67  1.30  1  0  0.30
 2  89.33  0.27  0  1  0.67
 3  98.95  0.95  1  2  0.65
 3  90.98  1.00  1  3  0.37
 0  67.44  0.33  1  0  1.18
 0  62.54  0.51  0  0  0.45
 2  90.98  0.57  1  1  0.90
 2  86.10  0.71  0  2  0.60
 2  98.95  0.62  1  3  0.55
 0  72.67  0.46  0  1  0.55
 3  92.56  1.24  1  2  0.97
 3  82.53  0.96  0  1  0.56
 0  73.90  0.71  1  1  0.32
 3  98.95  0.95  0  0  0.36
 2  86.10  0.71  1  3  0.22
 3  95.31  1.16  0  2  0.25
 1  78.06  1.37  1  1  0.17
 2  92.95  0.71  1  1  0.25
 1  61.05  0.95  1  2  0.32
 1  73.90  0.86  0  1  0.54
 0  64.69  0.42  0  1  0.58
 3  85.75  1.34  0  0  0.72
 1  64.69  1.16  1  2  0.68
 0  69.02  0.57  1  0  0.91
 0  61.05  0.62  1  0  0.50
 1  77.47  0.96  0  1  0.44
 3  92.56  1.24  0  1  1.09
 1  74.25  1.34  0  3  1.04
 3  95.31  1.16  1  1  0.63
 0  60.30  0.73  0  1  0.28
 2  95.31  0.42  1  0  0.32
 0  70.67  0.27  1  2  0.26
 2  92.56  0.33  0  0  0.27
 0  78.06  0.21  1  0  0.22
 2  98.95  0.62  0  0  0.25
 2  87.33  0.46  0  0  0.28
 3  82.58  1.17  1  0  0.20
 1  60.30  0.84  1  0  0.21
 3  89.33  1.30  0  0  0.04
 2  92.95  0.71  0  0  0.26
 1  61.05  0.95  0  0  0.21
 1  62.54  1.06  1  0  0.23
 2  92.56  0.33  1  0  0.20
 3  82.53  0.96  1  0  0.97
 0  77.42  0.40  0  0  0.69
 3  99.70  0.84  0  0  0.28
 2  81.94  0.21  0  3  0.24
 3  90.98  1.00  1  1  0.14
 3  99.70  0.84  1  2  0.17
 2  89.33  0.27  0  3  0.19
 0  74.25  0.23  0  1  0.23
 3  81.94  1.37  0  0  0.23
 1  77.42  1.17  1  2  0.25
 2  97.46  0.51  1  1  0.15
 1  62.54  1.06  0  2  0.21
 3  86.10  0.86  0  0  0.26
 1  73.90  0.86  1  3  0.04
 1  67.44  1.24  1  2  0.24
 1  69.02  1.00  0  1  0.22
 0  73.90  0.71  0  1  0.38
 0  62.54  0.51  1  0  0.23
 2  82.53  0.61  0  3  0.37
 0  69.02  0.57  0  3  0.28
 1  74.25  1.34  1  0  0.37
 0  77.42  0.40  1  0  0.22
 3  89.33  1.30  1  2  0.32
 1  70.67  1.30  0  1  0.25
 1  67.44  1.24  0  3  0.70
 3  92.95  0.86  0  2  0.39
 0  70.67  0.27  0  3  0.25
 2  90.98  0.57  0  0  0.26
 1  72.67  1.11  1  1  0.18
 1  78.06  1.37  0  1  0.24
 0  61.05  0.62  0  1  0.26
 0  67.05  0.71  1  3  0.44
 2  95.31  0.42  0  1  0.33
 0  67.05  0.71  0  2  0.40
 2  81.94  0.21  1  0  0.24
 0  77.47  0.61  0  3  0.10
 3  87.33  1.11  1  1  0.22
 3  81.94  1.37  1  1  0.34
 1  69.02  1.00  1  3  0.32
 2  82.58  0.40  1  0  0.29
 2  82.53  0.61  1  1  0.22
 3  87.33  1.11  0  2  0.21
 3  90.98  1.00  0  3  0.28
 3  82.58  1.17  0  3  0.25
 1  60.30  0.84  0  2  0.76
 0  78.06  0.21  0  1  0.33
 2  89.33  0.27  1  0  0.38
 3  97.46  1.06  0  1  0.25
 1  70.67  1.30  1  2  0.19
 2  99.70  0.73  1  3  0.23
 3  86.10  0.86  1  2  0.21
 0  74.25  0.23  1  1  0.20
 0  64.69  0.42  1  0  0.23
 1  67.05  0.86  0  0  0.30
 1  72.67  1.11  0  1  0.22
 2  97.46  0.51  0  2  0.25
 1  77.42  1.17  0  3  0.26
 3  98.95  0.95  1  3  0.27
 2  99.70  0.73  0  2  0.26
 2  82.58  0.40  0  1  0.26
 2  87.33  0.46  1  0  0.20
 0  72.67  0.46  1  0  0.28
 1  67.05  0.86  1  1  0.24
 3  97.46  1.06  1  2  0.27
 2  85.75  0.23  1  3  0.27
 3  92.95  0.86  1  3  0.49
 1  77.47  0.96  1  2  0.35
 0  60.30  0.73  1  1  0.26
 2  85.75  0.23  0  0  0.23
 3  85.75  1.34  1  0  0.35
 0  77.47  0.61  1  1  0.24
 1  64.69  1.16  0  2  0.20
 0  67.44  0.33  0  3  0.28
 3  82.53  0.96  1  3  0.65
 0  74.25  0.23  1  2  0.39
 2  92.56  0.33  0  1  0.36
 3  92.56  1.24  0  0  0.63
 2  98.95  0.62  0  0  0.52
 3  99.70  0.84  0  3  0.73
 3  92.95  0.86  0  3  0.48
 0  67.44  0.33  0  2  0.68
 2  92.95  0.71  1  3  0.44
 3  98.95  0.95  1  2  0.51
 3  92.56  1.24  1  3  0.61
 2  95.31  0.42  1  3  0.42
 1  78.06  1.37  1  1  0.88
 0  78.06  0.21  0  0  0.83
 2  85.75  0.23  0  0  0.84
 3  90.98  1.00  1  1  0.99
 3  81.94  1.37  0  3  0.75
 2  98.95  0.62  1  0  0.96
 0  73.90  0.71  0  2  0.61
 2  82.58  0.40  1  0  0.67
 0  70.67  0.27  1  3  0.56
 3  82.53  0.96  0  0  0.26
 0  61.05  0.62  1  1  0.21
 1  77.42  1.17  0  0  0.23
 1  64.69  1.16  0  2  0.20
 2  87.33  0.46  1  1  0.17
 0  74.25  0.23  0  3  0.18
 3  86.10  0.86  1  0  0.16
 0  77.42  0.40  1  1  0.40
 3  89.33  1.30  0  2  0.20
 0  73.90  0.71  1  2  0.42
 1  77.47  0.96  0  1  0.23
 3  87.33  1.11  0  0  0.21
 2  99.70  0.73  0  0  0.19
 3  98.95  0.95  0  1  0.23
 2  86.10  0.71  1  2  0.20
 2  81.94  0.21  0  3  0.23
 3  90.98  1.00  0  3  0.23
 2  99.70  0.73  1  2  0.38
 1  72.67  1.11  0  1  0.30
 2  90.98  0.57  1  0  0.23
 0  77.47  0.61  0  0  0.19
 2  81.94  0.21  1  1  0.25
 1  67.44  1.24  0  2  0.30
 3  85.75  1.34  0  3  0.21
 3  99.70  0.84  1  3  0.22
 0  61.05  0.62  0  2  0.22
 1  61.05  0.95  1  1  0.23
 1  70.67  1.30  0  0  0.27
 1  69.02  1.00  0  0  0.23
 1  77.47  0.96  1  1  0.35
 2  97.46  0.51  0  1  0.58
 2  92.95  0.71  0  3  0.22
 3  95.31  1.16  1  2  0.30
 3  81.94  1.37  1  3  0.23
 3  82.58  1.17  0  2  0.26
 1  60.30  0.84  1  1  0.35
 3  86.10  0.86  0  0  0.22
 1  72.67  1.11  1  0  0.20
 1  60.30  0.84  0  1  0.26
 0  64.69  0.42  0  2  0.27
 1  62.54  1.06  0  3  0.26
 3  82.58  1.17  1  3  0.32
 3  85.75  1.34  1  2  0.23
 0  69.02  0.57  1  1  0.26
 1  74.25  1.34  1  0  0.22
 1  73.90  0.86  0  0  0.21
 0  70.67  0.27  0  1  0.21
 1  73.90  0.86  1  2  0.28
 3  92.95  0.86  1  3  0.21
 2  89.33  0.27  0  3  0.26
 2  90.98  0.57  0  2  0.23
 2  95.31  0.42  0  1  0.23
 2  97.46  0.51  1  0  0.17
 0  62.54  0.51  1  0  0.28
 1  74.25  1.34  0  1  0.24
 1  67.44  1.24  1  2  0.26
 1  62.54  1.06  1  3  0.15
 0  69.02  0.57  0  3  0.21
 2  82.58  0.40  0  2  0.30
 0  64.69  0.42  1  1  0.25
 0  67.44  0.33  1  0  0.25
 0  60.30  0.73  1  0  0.24
 3  95.31  1.16  0  1  0.31
 1  77.42  1.17  1  2  0.20
 2  89.33  0.27  1  3  0.19
 2  86.10  0.71  0  3  0.20
 1  67.05  0.86  0  2  0.17
 0  72.67  0.46  1  1  0.15
 1  70.67  1.30  1  0  0.06
 3  89.33  1.30  1  1  0.20
 1  69.02  1.00  1  2  0.22
 0  78.06  0.21  1  3  0.27
 0  72.67  0.46  0  3  0.23
 2  92.56  0.33  1  2  0.24
 1  67.05  0.86  1  1  0.16
 0  60.30  0.73  0  0  0.26
 2  85.75  0.23  1  0  0.28
 3  97.46  1.06  0  1  0.29
 2  82.53  0.61  1  2  0.09
 1  64.69  1.16  1  3  0.24
 0  77.42  0.40  0  3  0.23
 2  87.33  0.46  0  2  0.26
 3  87.33  1.11  1  1  0.27
 2  82.53  0.61  0  0  0.22
 0  67.05  0.71  1  0  0.27
 1  61.05  0.95  0  1  0.32
 0  77.47  0.61  1  2  0.22
 3  97.46  1.06  1  3  0.28
 0  62.54  0.51  0  3  0.24
 0  67.05  0.71  0  2  0.23
 1  78.06  1.37  0  1  0.23
 2  82.58  0.40  1  0  4.13
 2  92.56  0.33  1  1  0.36
 3  95.31  1.16  1  2  0.31
 1  72.67  1.11  0  3  0.23
 2  85.75  0.23  0  3  0.24
 1  73.90  0.86  0  2  0.19
 1  69.02  1.00  0  1  0.24
 3  87.33  1.11  1  0  0.22
 3  99.70  0.84  1  0  0.20
 0  64.69  0.42  0  1  0.24
 2  90.98  0.57  0  2  0.30
 2  82.53  0.61  0  3  0.29
 0  77.42  0.40  0  3  0.23
 3  92.95  0.86  1  2  0.32
 2  81.94  0.21  1  1  0.22
 0  73.90  0.71  1  0  0.21
 3  95.31  1.16  0  0  0.24
 1  67.44  1.24  0  1  0.27
 2  99.70  0.73  0  2  0.35
 0  74.25  0.23  0  3  0.23
 2  87.33  0.46  0  3  0.28
 1  77.47  0.96  0  2  0.20
 2  89.33  0.27  1  1  0.23
 0  67.44  0.33  0  0  0.20
 2  81.94  0.21  0  0  0.25
 3  82.53  0.96  0  1  0.28
 2  97.46  0.51  0  2  0.22
 2  82.53  0.61  1  3  0.25
 3  89.33  1.30  0  3  0.22
 3  82.58  1.17  1  2  0.27
 2  95.31  0.42  1  1  0.23
 3  99.70  0.84  0  0  0.22
 2  97.46  0.51  1  0  0.22
 1  67.05  0.86  1  1  0.26
 0  74.25  0.23  1  2  0.29
 0  61.05  0.62  1  3  0.39
 1  77.42  1.17  0  2  0.43
 0  61.05  0.62  0  1  0.56
 0  78.06  0.21  0  0  0.22
 2  98.95  0.62  1  0  0.25
 3  82.53  0.96  1  1  0.33
 0  73.90  0.71  0  2  0.19
 2  86.10  0.71  0  3  0.17
 3  85.75  1.34  1  3  0.18
 1  61.05  0.95  1  2  0.10
 3  82.58  1.17  0  1  0.03
 3  81.94  1.37  1  0  0.29
 3  81.94  1.37  0  0  0.18
 0  62.54  0.51  1  1  0.18
 3  97.46  1.06  1  2  0.22
 2  98.95  0.62  0  3  0.13
 0  70.67  0.27  1  3  0.22
 1  60.30  0.84  1  2  0.06
 2  92.95  0.71  1  1  0.17
 0  69.02  0.57  1  0  0.23
 0  64.69  0.42  1  0  0.30
 2  87.33  0.46  1  1  0.18
 3  98.95  0.95  1  2  0.18
 3  86.10  0.86  0  3  0.21
 3  87.33  1.11  0  3  0.21
 1  77.47  0.96  1  2  0.19
 3  92.95  0.86  0  1  0.15
 0  77.47  0.61  0  0  0.19
 1  60.30  0.84  0  0  0.18
 2  85.75  0.23  1  1  0.26
 1  69.02  1.00  1  2  0.14
 0  60.30  0.73  0  3  0.14
 0  67.44  0.33  1  3  0.16
 1  61.05  0.95  0  2  0.20
 1  70.67  1.30  1  2  0.19
 1  62.54  1.06  0  2  0.20
 3  86.10  0.86  1  2  0.24
 1  64.69  1.16  1  1  0.29
 0  72.67  0.46  0  2  0.20
 2  82.58  0.40  0  0  0.27
 3  98.95  0.95  0  3  0.22
 2  86.10  0.71  1  3  0.23
 3  85.75  1.34  0  1  0.24
 0  77.42  0.40  1  0  0.25
 1  78.06  1.37  0  0  0.15
 0  69.02  0.57  0  1  0.20
 2  89.33  0.27  0  2  0.19
 1  62.54  1.06  1  3  0.19
 2  92.56  0.33  0  3  0.20
 1  70.67  1.30  0  2  0.23
 3  90.98  1.00  1  1  0.25
 1  74.25  1.34  1  0  0.24
 1  64.69  1.16  0  1  0.18
 1  67.44  1.24  1  2  0.27
 3  89.33  1.30  1  3  0.23
 2  95.31  0.42  0  3  0.28
 0  77.47  0.61  1  2  0.28
 1  67.05  0.86  0  1  0.01
 3  97.46  1.06  0  0  0.21
 2  99.70  0.73  1  0  0.29
 1  74.25  1.34  0  1  0.21
 1  78.06  1.37  1  2  0.32
 1  77.42  1.17  1  3  0.21
 3  92.56  1.24  1  3  0.22
 0  67.05  0.71  1  2  0.25
 0  72.67  0.46  1  1  0.20
 1  72.67  1.11  1  0  0.22
 3  90.98  1.00  0  0  1.12
 0  67.05  0.71  0  1  0.40
 2  90.98  0.57  1  2  0.22
 0  62.54  0.51  0  3  0.22
 0  60.30  0.73  1  3  0.20
 2  92.95  0.71  0  2  0.20
 1  73.90  0.86  1  1  0.32
 3  92.56  1.24  0  0  0.57
 0  70.67  0.27  0  0  0.27
 0  78.06  0.21  1  1  0.19
 0  77.42  0.40  1  2  3.67
 3  82.58  1.17  0  3  0.27
 1  74.25  1.34  1  2  0.39
 2  82.53  0.61  0  1  0.22
 2  98.95  0.62  1  0  0.24
 3  95.31  1.16  1  1  0.21
 1  69.02  1.00  0  2  0.21
 2  82.58  0.40  1  3  0.21
 2  89.33  0.27  1  3  0.21
 2  98.95  0.62  0  2  0.20
 0  61.05  0.62  1  1  0.19
 3  92.95  0.86  0  0  0.21
 2  97.46  0.51  1  0  0.17
 0  64.69  0.42  1  1  0.19
 1  60.30  0.84  0  2  0.45
 0  78.06  0.21  0  3  0.21
 3  82.53  0.96  0  3  0.17
 2  82.58  0.40  0  2  0.22
 1  77.42  1.17  0  1  0.28
 1  78.06  1.37  0  0  0.23
 0  69.02  0.57  1  0  0.23
 0  67.44  0.33  1  1  0.22
 2  85.75  0.23  0  2  0.23
 3  95.31  1.16  0  3  0.26
 3  86.10  0.86  0  3  0.29
 1  62.54  1.06  0  2  0.25
 1  60.30  0.84  1  1  0.27
 1  69.02  1.00  1  0  0.24
 3  90.98  1.00  1  0  0.25
 1  67.05  0.86  0  1  0.27
 0  77.47  0.61  0  2  0.24
 1  72.67  1.11  1  3  0.25
 3  90.98  1.00  0  3  0.20
 0  77.47  0.61  1  2  0.11
 1  78.06  1.37  1  1  0.05
 0  77.42  0.40  0  0  0.29
 3  81.94  1.37  1  0  0.21
 0  62.54  0.51  0  1  0.19
 1  77.47  0.96  0  2  0.18
 0  70.67  0.27  0  3  0.19
 2  81.94  0.21  0  3  0.21
 3  98.95  0.95  1  2  0.08
 0  64.69  0.42  0  1  0.31
 3  82.53  0.96  1  0  0.26
 0  67.44  0.33  0  0  0.25
 2  82.53  0.61  1  1  0.25
 0  78.06  0.21  1  2  0.23
 2  81.94  0.21  1  3  0.29
 0  70.67  0.27  1  3  0.30
 3  92.95  0.86  1  2  0.27
 3  89.33  1.30  1  1  0.27
 0  60.30  0.73  0  0  0.24
 2  95.31  0.42  0  0  0.28
 0  73.90  0.71  1  1  0.28
 1  77.42  1.17  1  2  0.27
 0  62.54  0.51  1  3  0.24
 1  70.67  1.30  0  3  0.26
 1  74.25  1.34  0  2  0.25
 2  99.70  0.73  0  1  0.23
 3  87.33  1.11  0  3  0.26
 3  97.46  1.06  0  3  0.29
 3  97.46  1.06  1  2  0.42
 2  95.31  0.42  1  1  0.28
 2  92.95  0.71  0  0  0.36
 0  61.05  0.62  0  1  0.51
 1  67.05  0.86  1  0  0.41
 1  73.90  0.86  0  1  0.74
 1  70.67  1.30  1  0  0.60
 0  67.05  0.71  1  0  0.47
 3  81.94  1.37  0  0  0.33
 0  72.67  0.46  1  2  0.89
 2  92.56  0.33  1  1  0.26
 2  92.95  0.71  1  2  0.27
 2  87.33  0.46  1  3  0.37
 0  72.67  0.46  0  3  0.35
 0  60.30  0.73  1  2  0.23
 1  62.54  1.06  1  1  0.22
 3  82.58  1.17  1  0  0.27
 0  67.05  0.71  0  0  0.23
 1  61.05  0.95  1  1  0.26
 3  99.70  0.84  1  2  0.31
 0  74.25  0.23  0  3  0.24
 2  92.56  0.33  0  2  0.28
 2  87.33  0.46  0  1  0.26
 1  67.44  1.24  1  0  0.32
 3  99.70  0.84  0  0  0.26
 3  85.75  1.34  0  1  0.26
 1  61.05  0.95  0  3  0.98
 3  85.75  1.34  1  2  0.27
 2  99.70  0.73  1  3  0.25
 3  87.33  1.11  1  3  0.29
 3  98.95  0.95  0  2  0.22
 2  90.98  0.57  1  1  0.24
 2  85.75  0.23  1  0  0.29
 2  86.10  0.71  1  2  0.54
 1  72.67  1.11  0  0  0.48
 1  67.44  1.24  0  1  0.28
 3  92.56  1.24  1  2  0.33
 1  77.47  0.96  1  3  0.28
 3  89.33  1.30  0  3  0.34
 0  74.25  0.23  1  2  0.46
 1  64.69  1.16  0  1  0.41
 3  92.56  1.24  0  0  0.38
 2  97.46  0.51  0  0  0.45
 2  89.33  0.27  0  1  0.93
 0  69.02  0.57  0  2  0.50
 2  86.10  0.71  0  3  0.39
 1  73.90  0.86  1  3  0.34
 2  90.98  0.57  0  2  0.38
 1  64.69  1.16  1  1  0.37
 0  73.90  0.71  0  0  0.34
 3  86.10  0.86  1  0  0.52
