 0  64.69  1.16  0  0  1.60
 0  95.31  0.42  0  1  1.31
 0  78.06  0.21  0  2  1.14
 3  82.58  1.17  1  0  0.86
 2  60.30  0.84  1  2  2.71
 3  92.95  0.86  1  0  1.84
 0  60.30  0.73  0  2  1.64
 1  77.47  0.61  0  0  2.00
 3  86.10  0.71  1  0  0.72
 3  78.06  1.37  1  0  0.81
 1  95.31  1.16  0  3  1.58
 3  92.56  1.24  1  2  4.19
 3  92.95  0.71  1  3  0.94
 0  77.42  0.40  0  3  0.94
 3  99.70  0.73  1  3  0.72
 3  77.47  0.61  1  0  0.88
 2  78.06  0.21  1  3  0.59
 2  60.30  0.73  1  3  1.67
 3  73.90  0.71  1  1  1.55
 2  61.05  0.95  1  2  1.06
 0  70.67  1.30  0  2  0.92
 0  70.67  0.27  0  0  1.20
 1  99.70  0.84  0  3  1.15
 3  98.95  0.95  1  1  1.18
 1  92.56  1.24  0  3  1.18
 0  67.05  0.86  0  1  1.35
 2  67.44  1.24  1  3  0.90
 1  99.70  0.73  0  0  1.44
 1  90.98  0.57  0  1  1.08
 3  81.94  1.37  1  3  1.80
 0  85.75  0.23  0  1  1.92
 3  90.98  1.00  1  2  1.10
 2  64.69  0.42  1  1  0.99
 2  72.67  0.46  1  0  1.14
 3  95.31  1.16  1  1  1.81
 1  86.10  0.71  0  2  1.40
 2  70.67  0.27  1  0  1.46
 2  95.31  0.42  1  2  1.82
 0  69.02  0.57  0  2  0.97
 2  85.75  0.23  1  0  1.16
 3  90.98  0.57  1  2  0.59
 2  64.69  1.16  1  0  1.29
 2  67.44  0.33  1  2  1.74
 1  85.75  1.34  0  3  2.19
 3  77.47  0.96  1  0  3.84
 3  86.10  0.86  1  3  0.71
 0  62.54  0.51  0  2  1.45
 3  98.95  0.62  1  2  1.11
 1  72.67  1.11  0  2  0.99
 1  82.53  0.96  0  1  0.98
 1  77.42  1.17  0  3  2.21
 0  67.05  0.71  0  1  0.97
 2  62.54  1.06  1  3  3.51
 3  74.25  1.34  1  2  1.35
 3  99.70  0.84  1  0  1.19
 0  69.02  1.00  0  2  2.82
 1  73.90  0.71  0  0  1.72
 2  67.05  0.86  1  0  1.32
 3  85.75  1.34  1  3  1.28
 1  78.06  1.37  0  3  1.75
 0  72.67  0.46  0  0  1.43
 1  90.98  1.00  0  1  1.67
 1  87.33  1.11  0  1  1.59
 3  77.42  1.17  1  2  1.56
 2  69.02  0.57  1  2  1.98
 3  89.33  1.30  1  3  1.19
 1  98.95  0.95  0  1  1.59
 1  89.33  1.30  0  3  2.00
 1  92.95  0.86  0  1  6.43
 1  77.47  0.96  0  0  2.28
 0  67.44  1.24  0  0  0.82
 3  82.53  0.61  1  2  3.25
 0  87.33  0.46  0  0  4.27
 2  89.33  0.27  1  2  1.22
 0  74.25  0.23  0  0  1.61
 0  81.94  0.21  0  2  1.51
 2  81.94  0.21  1  2  2.98
 0  61.05  0.95  0  0  3.22
 1  73.90  0.86  0  1  2.08
 0  61.05  0.62  0  0  1.85
 0  92.56  0.33  0  1  1.54
 1  82.58  1.17  0  1  1.49
 1  97.46  1.06  0  1  3.30
 2  61.05  0.62  1  3  3.77
 2  70.67  1.30  1  3  4.15
 1  81.94  1.37  0  1  2.61
 3  72.67  1.11  1  3  1.72
 0  89.33  0.27  0  0  2.20
 2  77.42  0.40  1  2  3.60
 0  67.44  0.33  0  0  2.85
 0  64.69  0.42  0  2  2.45
 2  82.58  0.40  1  0  4.15
 2  74.25  0.23  1  2  4.44
 2  62.54  0.51  1  3  1.36
 1  82.53  0.61  0  1  1.96
 1  98.95  0.62  0  1  1.17
 2  67.05  0.71  1  3  4.12
 3  87.33  1.11  1  1  1.88
 1  74.25  1.34  0  0  6.74
 1  92.95  0.71  0  1  1.45
 3  73.90  0.86  1  3  2.65
 1  86.10  0.86  0  1  1.51
 2  69.02  1.00  1  3  2.61
 2  87.33  0.46  1  3  1.25
 0  62.54  1.06  0  1  1.97
 3  97.46  1.06  1  1  4.59
 2  92.56  0.33  1  0  2.94
 3  82.53  0.96  1  3  1.45
 2  97.46  0.51  1  3  1.48
 0  60.30  0.84  0  0  1.38
 0  97.46  0.51  0  1  1.39
 0  82.58  0.40  0  0  1.02
 3  73.90  0.86  1  1  5.71
 1  77.42  1.17  0  1  1.64
 3  77.47  0.96  1  3  3.47
 2  67.05  0.86  1  3  1.42
 3  92.95  0.71  1  3  1.33
 0  61.05  0.95  0  1  1.82
 0  82.58  0.40  0  1  3.12
 1  85.75  1.34  0  0  2.48
 2  81.94  0.21  1  2  2.18
 2  77.42  0.40  1  2  2.05
 0  70.67  0.27  0  0  1.66
 3  85.75  1.34  1  1  1.51
 2  64.69  0.42  1  2  3.36
 3  89.33  1.30  1  3  1.22
 0  92.56  0.33  0  0  2.54
 3  98.95  0.95  1  3  3.74
 2  82.58  0.40  1  2  3.34
 2  60.30  0.73  1  2  1.77
 1  78.06  1.37  0  1  3.89
 1  82.53  0.61  0  1  3.76
 3  98.95  0.62  1  3  2.54
 1  82.53  0.96  0  1  1.26
 0  67.44  1.24  0  0  1.98
 1  81.94  1.37  0  0  3.73
 0  69.02  0.57  0  1  0.99
 1  72.67  1.11  0  0  1.21
 2  97.46  0.51  1  3  3.41
 1  97.46  1.06  0  1  2.11
 2  72.67  0.46  1  2  1.35
 3  82.53  0.61  1  2  1.22
 0  62.54  0.51  0  0  1.58
 0  77.42  0.40  0  1  7.15
 0  85.75  0.23  0  0  1.79
 3  81.94  1.37  1  2  1.31
 1  77.47  0.96  0  1  1.97
 2  60.30  0.84  1  2  1.57
 2  70.67  0.27  1  2  0.86
 2  64.69  1.16  1  2  1.02
 1  77.47  0.61  0  1  2.23
 0  87.33  0.46  0  1  1.25
 3  77.42  1.17  1  3  1.39
 3  90.98  0.57  1  3  1.17
 0  95.31  0.42  0  1  1.57
 0  62.54  1.06  0  0  2.35
 2  61.05  0.95  1  2  1.20
 0  70.67  1.30  0  0  1.51
 3  99.70  0.84  1  3  1.06
 3  74.25  1.34  1  0  1.86
 2  62.54  0.51  1  2  4.26
 3  99.70  0.73  1  3  1.38
 2  69.02  0.57  1  2  4.74
 3  92.56  1.24  1  3  1.82
 2  74.25  0.23  1  2  1.06
 3  77.47  0.61  1  3  1.69
 0  61.05  0.62  0  0  2.29
 2  67.44  1.24  1  2  2.32
 2  95.31  0.42  1  3  1.07
 2  69.02  1.00  1  2  0.83
 2  67.44  0.33  1  2  0.97
 0  69.02  1.00  0  0  1.96
 2  61.05  0.62  1  2  2.17
 0  64.69  0.42  0  0  2.44
 1  92.95  0.71  0  1  1.10
 0  81.94  0.21  0  0  1.38
 1  87.33  1.11  0  1  1.49
 3  97.46  1.06  1  3  1.19
 1  90.98  1.00  0  1  2.72
 1  98.95  0.62  0  1  0.84
 1  89.33  1.30  0  1  0.81
 1  98.95  0.95  0  1  0.65
 0  78.06  0.21  0  0  0.96
 0  67.05  0.71  0  0  0.99
 1  92.56  1.24  0  1  1.12
 3  82.53  0.96  1  3  1.27
 3  87.33  1.11  1  3  0.94
 2  67.05  0.71  1  2  0.88
 3  78.06  1.37  1  2  0.92
 2  70.67  1.30  1  2  0.60
 0  72.67  0.46  0  0  1.50
 3  86.10  0.71  1  3  1.62
 3  95.31  1.16  1  3  0.72
 1  86.10  0.71  0  1  1.57
 2  78.06  0.21  1  2  0.97
 1  82.58  1.17  0  0  1.13
 1  74.25  1.34  0  0  0.86
 1  99.70  0.84  0  1  1.09
 0  60.30  0.84  0  0  0.68
 1  86.10  0.86  0  0  0.65
 0  67.05  0.86  0  0  0.80
 3  73.90  0.71  1  2  0.78
 3  82.58  1.17  1  3  0.92
 3  92.95  0.86  1  3  0.63
 2  62.54  1.06  1  2  0.98
 1  73.90  0.86  0  0  0.94
 1  90.98  0.57  0  1  1.39
 3  72.67  1.11  1  2  3.55
 1  73.90  0.71  0  2  3.32
 0  67.44  0.33  0  0  1.96
 0  97.46  0.51  0  1  1.21
 3  90.98  1.00  1  3  1.32
 2  92.56  0.33  1  3  0.94
 1  95.31  1.16  0  1  1.42
 2  87.33  0.46  1  2  2.11
 1  92.95  0.86  0  1  1.42
 0  64.69  1.16  0  1  1.55
 3  86.10  0.86  1  3  1.81
 0  89.33  0.27  0  0  1.76
 0  60.30  0.73  0  0  1.37
 2  89.33  0.27  1  2  1.06
 2  85.75  0.23  1  2  1.25
 0  74.25  0.23  0  0  0.90
 1  99.70  0.73  0  1  1.10
 3  82.58  1.17  1  3  5.16
 2  62.54  1.06  1  2  2.04
 2  72.67  0.46  1  3  1.41
 1  82.53  0.96  0  1  0.92
 1  81.94  1.37  0  1  0.90
 0  77.42  0.40  0  0  1.97
 3  97.46  1.06  1  3  0.84
 0  67.05  0.71  0  1  0.88
 2  74.25  0.23  1  2  0.91
 1  98.95  0.62  0  1  1.02
 0  67.44  1.24  0  1  1.35
 1  78.06  1.37  0  0  1.23
 2  60.30  0.73  1  2  1.09
 3  87.33  1.11  1  3  0.87
 1  73.90  0.71  0  1  2.24
 0  61.05  0.95  0  1  1.05
 1  82.53  0.61  0  1  0.89
 0  81.94  0.21  0  0  0.76
 3  74.25  1.34  1  2  1.61
 1  77.42  1.17  0  1  1.26
 1  73.90  0.86  0  1  1.24
 1  95.31  1.16  0  1  0.65
 1  85.75  1.34  0  1  0.60
 0  95.31  0.42  0  0  1.34
 2  95.31  0.42  1  2  1.11
 0  60.30  0.84  0  0  2.16
 2  82.58  0.40  1  2  0.83
 2  97.46  0.51  1  2  0.93
 1  98.95  0.95  0  1  1.01
 0  61.05  0.62  0  0  1.64
 3  90.98  0.57  1  2  1.22
 2  81.94  0.21  1  2  0.78
 3  98.95  0.62  1  3  0.91
 2  87.33  0.46  1  2  1.02
 1  77.47  0.61  0  1  1.00
 1  99.70  0.73  0  1  0.90
 3  98.95  0.95  1  3  1.69
 1  92.56  1.24  0  1  0.95
 0  62.54  1.06  0  2  1.31
 1  87.33  1.11  0  1  1.39
 2  64.69  0.42  1  2  1.96
 0  70.67  0.27  0  0  2.02
 1  72.67  1.11  0  1  1.40
 2  89.33  0.27  1  2  0.73
 2  67.44  1.24  1  3  1.19
 2  64.69  1.16  1  2  1.09
 3  86.10  0.71  1  3  1.13
 0  97.46  0.51  0  1  1.19
 1  74.25  1.34  0  0  1.16
 1  86.10  0.86  0  1  2.10
 0  69.02  0.57  0  0  2.07
 0  72.67  0.46  0  0  0.84
 0  62.54  0.51  0  0  0.72
 2  69.02  1.00  1  2  0.84
 0  85.75  0.23  0  0  1.07
 3  86.10  0.86  1  3  1.55
 1  97.46  1.06  0  1  1.18
 0  67.44  0.33  0  0  1.33
 1  90.98  1.00  0  1  0.86
 2  92.56  0.33  1  2  0.92
 2  67.05  0.86  1  2  0.91
 1  82.58  1.17  0  0  1.92
 2  69.02  0.57  1  2  1.49
 3  78.06  1.37  1  2  0.97
 0  67.05  0.86  0  0  1.35
 3  82.53  0.96  1  2  3.67
 3  82.53  0.61  1  2  0.69
 3  81.94  1.37  1  2  1.13
 3  90.98  1.00  1  3  0.76
 0  74.25  0.23  0  0  1.51
 1  89.33  1.30  0  1  1.61
 3  92.95  0.71  1  3  3.06
 3  99.70  0.73  1  3  0.79
 0  70.67  1.30  0  1  2.47
 1  90.98  0.57  0  1  1.12
 0  69.02  1.00  0  1  1.59
 1  86.10  0.71  0  1  1.31
 3  77.47  0.96  1  3  2.53
 3  73.90  0.86  1  3  1.54
 2  67.44  0.33  1  2  2.35
 2  85.75  0.23  1  2  0.76
 2  78.06  0.21  1  2  0.72
 2  67.05  0.71  1  2  0.83
 2  61.05  0.95  1  2  2.09
 0  64.69  0.42  0  0  0.86
 1  92.95  0.71  0  1  1.11
 3  72.67  1.11  1  3  1.30
 0  60.30  0.73  0  0  3.20
 1  77.47  0.96  0  1  1.11
 2  60.30  0.84  1  2  1.46
 3  92.56  1.24  1  3  1.28
 1  99.70  0.84  0  1  1.29
 2  61.05  0.62  1  2  0.97
 3  77.47  0.61  1  2  1.45
 2  62.54  0.51  1  2  0.63
 0  87.33  0.46  0  0  1.81
 0  82.58  0.40  0  0  0.72
 2  70.67  0.27  1  2  3.13
 3  92.95  0.86  1  3  1.05
 3  73.90  0.71  1  3  1.05
 3  89.33  1.30  1  2  1.62
 0  78.06  0.21  0  0  0.84
 2  77.42  0.40  1  2  0.64
 0  92.56  0.33  0  1  1.20
 0  89.33  0.27  0  0  1.05
 0  64.69  1.16  0  1  3.23
 3  95.31  1.16  1  3  3.01
 3  77.42  1.17  1  3  1.46
 1  92.95  0.86  0  1  1.36
 3  85.75  1.34  1  3  1.23
 2  70.67  1.30  1  3  1.03
 3  99.70  0.84  1  3  0.99
 2  62.54  0.51  1  2  4.78
 2  69.02  0.57  1  2  0.69
 0  78.06  0.21  0  0  0.76
 1  92.56  1.24  0  1  0.97
 2  87.33  0.46  1  3  1.38
 1  78.06  1.37  0  0  1.83
 2  85.75  0.23  1  2  0.58
 2  64.69  1.16  1  2  1.28
 2  67.05  0.71  1  3  2.29
 0  67.44  0.33  0  2  0.91
 3  90.98  1.00  1  3  1.23
 2  92.56  0.33  1  2  0.83
 3  92.56  1.24  1  3  2.38
 3  98.95  0.95  1  3  2.41
 1  92.95  0.71  0  1  1.80
 3  82.53  0.96  1  3  2.63
 1  95.31  1.16  0  1  1.24
 3  99.70  0.84  1  3  1.38
 0  60.30  0.73  0  0  1.81
 0  92.56  0.33  0  0  3.17
 1  74.25  1.34  0  0  1.08
 1  73.90  0.71  0  1  1.23
 2  82.58  0.40  1  2  1.20
 3  95.31  1.16  1  3  0.93
 2  69.02  1.00  1  2  1.03
 3  98.95  0.62  1  3  1.40
 0  74.25  0.23  0  0  1.00
 2  60.30  0.73  1  2  1.40
 3  77.42  1.17  1  3  2.20
 0  87.33  0.46  0  0  1.30
 2  81.94  0.21  1  2  1.80
 2  67.44  1.24  1  2  3.01
 0  67.05  0.71  0  0  1.13
 0  69.02  0.57  0  0  0.63
 1  77.47  0.61  0  0  1.75
 1  77.47  0.96  0  1  2.59
 0  64.69  1.16  0  0  2.87
 1  82.53  0.61  0  1  0.76
 2  95.31  0.42  1  3  1.75
 2  78.06  0.21  1  2  0.76
 3  85.75  1.34  1  3  1.23
 1  86.10  0.71  0  1  2.53
 0  62.54  1.06  0  0  0.64
 0  70.67  1.30  0  1  1.78
 0  95.31  0.42  0  1  0.90
 3  77.47  0.61  1  3  1.36
 3  78.06  1.37  1  3  5.03
 1  99.70  0.84  0  1  1.22
 0  61.05  0.62  0  0  0.90
 0  62.54  0.51  0  0  1.98
 3  89.33  1.30  1  2  3.69
 3  86.10  0.71  1  2  0.97
 3  81.94  1.37  1  3  1.18
 2  70.67  0.27  1  2  2.10
 2  72.67  0.46  1  3  3.41
 3  99.70  0.73  1  3  1.49
 1  89.33  1.30  0  1  2.69
 2  67.05  0.86  1  2  1.56
 1  82.58  1.17  0  1  1.74
 0  70.67  0.27  0  0  1.05
 1  90.98  0.57  0  1  1.15
 1  85.75  1.34  0  0  1.01
 3  73.90  0.86  1  3  1.39
 3  82.58  1.17  1  3  1.05
 3  77.47  0.96  1  3  1.49
 0  77.42  0.40  0  0  3.57
 3  82.53  0.61  1  2  1.85
 1  82.53  0.96  0  1  1.48
 0  67.44  1.24  0  0  1.16
 2  62.54  1.06  1  2  3.19
 1  98.95  0.62  0  1  2.08
 3  92.95  0.71  1  3  3.45
 1  97.46  1.06  0  1  1.52
 2  61.05  0.62  1  2  1.20
 0  85.75  0.23  0  0  0.99
 1  86.10  0.86  0  1  1.01
 0  89.33  0.27  0  0  0.62
 0  60.30  0.84  0  0  1.90
 2  77.42  0.40  1  2  2.13
 0  69.02  1.00  0  0  2.39
 3  73.90  0.71  1  2  0.75
 1  90.98  1.00  0  3  1.02
 1  77.42  1.17  0  1  3.64
 3  90.98  0.57  1  3  2.10
 1  98.95  0.95  0  1  1.23
 1  99.70  0.73  0  1  0.94
 2  74.25  0.23  1  2  1.99
 2  70.67  1.30  1  2  1.23
 0  72.67  0.46  0  1  1.12
 2  61.05  0.95  1  2  0.81
 0  64.69  0.42  0  0  0.79
 0  61.05  0.95  0  0  1.27
 1  81.94  1.37  0  0  0.93
 3  87.33  1.11  1  3  1.36
 1  87.33  1.11  0  1  0.84
 3  86.10  0.86  1  3  0.91
 2  64.69  0.42  1  2  0.78
 2  97.46  0.51  1  3  0.76
 1  73.90  0.86  0  1  0.94
 3  72.67  1.11  1  2  2.26
 2  89.33  0.27  1  2  0.73
 0  81.94  0.21  0  0  1.27
 0  82.58  0.40  0  0  1.36
 1  72.67  1.11  0  1  2.76
 2  67.44  0.33  1  2  0.66
 3  92.95  0.86  1  3  0.99
 3  74.25  1.34  1  3  1.22
 2  60.30  0.84  1  2  1.02
 3  97.46  1.06  1  3  1.13
 0  97.46  0.51  0  1  1.51
 0  67.05  0.86  0  0  0.85
 1  92.95  0.86  0  1  1.24
 0  69.02  1.00  0  0  4.63
 0  62.54  1.06  0  0  1.04
 1  98.95  0.62  0  1  1.14
 2  69.02  0.57  1  2  0.95
 0  95.31  0.42  0  1  1.59
 0  67.05  0.86  0  0  0.79
 3  82.53  0.96  1  3  2.10
 3  77.47  0.96  1  3  1.51
 0  64.69  0.42  0  0  1.14
 3  90.98  1.00  1  3  1.37
 1  92.95  0.71  0  1  3.16
 0  74.25  0.23  0  0  1.01
 0  89.33  0.27  0  0  0.85
 0  97.46  0.51  0  1  0.82
 2  70.67  0.27  1  2  0.83
 1  78.06  1.37  0  1  2.18
 1  86.10  0.71  0  1  0.98
 2  77.42  0.40  1  2  1.81
 0  64.69  1.16  0  0  0.91
 3  73.90  0.71  1  3  2.11
 3  86.10  0.71  1  3  1.52
 2  60.30  0.84  1  2  1.19
 1  74.25  1.34  0  1  2.68
 2  64.69  1.16  1  2  1.15
 2  64.69  0.42  1  2  0.64
 3  97.46  1.06  1  3  0.63
 3  85.75  1.34  1  3  0.82
 0  62.54  0.51  0  0  0.77
 3  99.70  0.73  1  3  0.84
 2  74.25  0.23  1  2  0.67
 0  70.67  1.30  0  0  0.74
 1  82.53  0.96  0  1  0.85
 3  78.06  1.37  1  2  0.85
 0  61.05  0.62  0  0  1.30
 1  77.47  0.96  0  1  0.85
 0  72.67  0.46  0  0  2.37
 0  77.42  0.40  0  0  0.94
 3  98.95  0.95  1  3  1.31
 1  95.31  1.16  0  1  0.78
 2  95.31  0.42  1  3  1.24
 1  81.94  1.37  0  1  0.76
 3  95.31  1.16  1  3  1.00
 1  90.98  1.00  0  1  1.19
 2  87.33  0.46  1  2  1.38
 2  67.05  0.86  1  2  0.64
 1  73.90  0.86  0  0  1.05
 3  92.56  1.24  1  2  1.31
 1  92.95  0.86  0  1  0.80
 0  92.56  0.33  0  0  1.45
 0  60.30  0.84  0  0  0.80
 3  98.95  0.62  1  2  1.41
 1  87.33  1.11  0  1  1.05
 0  81.94  0.21  0  0  1.19
 3  92.95  0.71  1  3  1.09
 3  86.10  0.86  1  3  0.55
 3  73.90  0.86  1  3  0.68
 0  82.58  0.40  0  0  0.91
 2  67.44  0.33  1  2  1.01
 3  81.94  1.37  1  3  0.79
 3  77.47  0.61  1  2  0.89
 0  67.05  0.71  0  1  1.44
 1  92.56  1.24  0  1  1.32
 3  77.42  1.17  1  1  0.81
 2  69.02  1.00  1  3  1.78
 0  60.30  0.73  0  0  1.67
 0  67.44  1.24  0  1  1.21
 2  85.75  0.23  1  2  2.21
 2  67.44  1.24  1  3  0.89
 2  72.67  0.46  1  2  1.91
 1  85.75  1.34  0  1  1.49
 2  61.05  0.95  1  2  1.55
 3  72.67  1.11  1  3  1.77
 0  87.33  0.46  0  0  2.62
 3  82.58  1.17  1  3  1.19
 3  87.33  1.11  1  3  0.73
 0  78.06  0.21  0  0  0.62
 3  74.25  1.34  1  3  0.73
 1  97.46  1.06  0  1  0.75
 2  89.33  0.27  1  2  0.72
 2  62.54  0.51  1  2  0.94
 2  70.67  1.30  1  3  0.76
 2  60.30  0.73  1  2  0.71
 1  98.95  0.95  0  1  1.56
 0  85.75  0.23  0  0  0.62
 2  78.06  0.21  1  2  0.72
 1  82.58  1.17  0  1  1.59
 1  77.47  0.61  0  1  1.18
 1  72.67  1.11  0  1  0.74
 3  90.98  0.57  1  2  1.29
 2  67.05  0.71  1  2  0.70
 1  73.90  0.71  0  1  1.10
 1  99.70  0.73  0  1  0.73
 0  70.67  0.27  0  1  0.86
 2  92.56  0.33  1  2  1.62
 0  67.44  0.33  0  0  1.99
 2  97.46  0.51  1  2  3.18
 1  82.53  0.61  0  1  0.98
 3  99.70  0.84  1  3  1.00
 1  89.33  1.30  0  1  0.85
 1  77.42  1.17  0  1  1.13
 3  92.95  0.86  1  3  1.16
 1  90.98  0.57  0  1  0.92
 2  81.94  0.21  1  2  0.70
 0  61.05  0.95  0  1  1.80
 1  86.10  0.86  0  1  0.73
 2  62.54  1.06  1  2  1.62
 2  61.05  0.62  1  2  0.68
 0  69.02  0.57  0  1  1.07
 3  82.53  0.61  1  3  1.61
 1  99.70  0.84  0  1  3.12
 3  89.33  1.30  1  3  2.02
 2  82.58  0.40  1  2  0.84
