 1  72.67  1.11  1  0  1.19
 2  87.33  0.46  1  1  1.21
 1  77.47  0.96  1  1  1.20
 1  78.06  1.37  1  0  5.23
 3  82.58  1.17  1  1  0.98
 3  92.95  0.86  1  2  1.26
 1  62.54  1.06  1  0  1.06
 3  98.95  0.95  1  3  4.55
 0  61.05  0.62  0  0  2.07
 1  74.25  1.34  0  0  0.77
 0  69.02  0.57  1  1  1.22
 0  73.90  0.71  1  1  6.90
 0  72.67  0.46  1  0  1.06
 0  67.44  0.33  1  0  3.69
 0  70.67  0.27  0  0  1.14
 0  77.42  0.40  1  1  2.49
 2  82.58  0.40  1  0  0.82
 3  95.31  1.16  0  3  2.39
 1  72.67  1.11  0  1  2.48
 3  82.53  0.96  0  2  1.09
 2  98.95  0.62  0  3  0.87
 0  77.42  0.40  0  1  4.19
 1  69.02  1.00  1  1  2.05
 0  70.67  0.27  1  0  0.67
 3  85.75  1.34  1  2  1.91
 3  85.75  1.34  0  3  0.74
 0  77.47  0.61  0  2  1.54
 0  78.06  0.21  1  0  0.90
 0  72.67  0.46  0  0  0.63
 0  74.25  0.23  1  0  0.80
 2  95.31  0.42  0  2  3.18
 3  97.46  1.06  0  3  0.80
 2  99.70  0.73  1  2  4.53
 1  70.67  1.30  0  1  3.34
 3  90.98  1.00  0  3  2.38
 3  98.95  0.95  0  3  1.90
 0  67.44  0.33  0  0  3.75
 3  89.33  1.30  0  3  1.70
 2  87.33  0.46  0  2  0.98
 1  67.05  0.86  0  1  1.74
 2  92.95  0.71  1  2  1.37
 2  89.33  0.27  0  2  1.04
 3  89.33  1.30  1  3  0.80
 2  90.98  0.57  1  2  1.27
 3  81.94  1.37  0  3  0.77
 2  97.46  0.51  0  2  0.70
 2  86.10  0.71  0  2  0.68
 1  64.69  1.16  0  1  1.19
 3  92.56  1.24  0  3  1.40
 1  74.25  1.34  1  1  1.30
 3  86.10  0.86  1  2  1.31
 0  61.05  0.62  1  0  2.40
 2  99.70  0.73  0  2  1.24
 0  60.30  0.73  0  0  1.69
 2  95.31  0.42  1  2  1.26
 0  64.69  0.42  0  0  0.81
 3  81.94  1.37  1  3  0.77
 2  86.10  0.71  1  2  1.39
 3  92.56  1.24  1  3  0.70
 2  92.56  0.33  0  2  0.71
 0  77.47  0.61  1  1  2.05
 2  97.46  0.51  1  2  1.44
 2  92.95  0.71  0  2  1.82
 1  67.44  1.24  0  1  1.34
 0  73.90  0.71  0  0  2.17
 2  82.58  0.40  0  0  1.87
 0  60.30  0.73  1  0  0.84
 0  67.05  0.71  1  0  1.20
 2  90.98  0.57  0  2  1.31
 2  89.33  0.27  1  2  1.10
 2  82.53  0.61  0  2  1.00
 3  97.46  1.06  1  3  1.57
 1  78.06  1.37  0  3  0.86
 1  61.05  0.95  1  1  2.93
 1  77.47  0.96  0  1  2.21
 0  69.02  0.57  0  0  1.53
 3  99.70  0.84  0  2  2.06
 1  67.05  0.86  1  1  1.70
 1  73.90  0.86  0  1  3.83
 0  78.06  0.21  0  0  1.20
 1  60.30  0.84  1  0  3.61
 3  86.10  0.86  0  3  3.56
 1  64.69  1.16  1  1  1.32
 1  73.90  0.86  1  1  5.63
 2  92.56  0.33  1  2  1.81
 0  64.69  0.42  1  0  1.00
 1  77.42  1.17  1  3  1.00
 1  60.30  0.84  0  1  2.48
 2  98.95  0.62  1  2  2.81
 2  85.75  0.23  0  2  1.04
 3  95.31  1.16  1  3  0.97
 0  62.54  0.51  0  0  1.81
 3  82.53  0.96  1  3  2.10
 0  74.25  0.23  0  2  0.98
 3  87.33  1.11  0  3  1.33
 1  77.42  1.17  0  1  2.37
 2  81.94  0.21  1  0  0.90
 2  82.53  0.61  1  2  2.21
 2  85.75  0.23  1  2  1.54
 3  82.58  1.17  0  3  1.02
 1  69.02  1.00  0  1  2.69
 1  61.05  0.95  0  1  1.71
 3  90.98  1.00  1  3  1.87
 0  62.54  0.51  1  0  5.17
 0  67.05  0.71  0  1  3.21
 2  81.94  0.21  0  0  1.08
 1  67.44  1.24  1  1  1.43
 1  62.54  1.06  0  1  1.75
 1  70.67  1.30  1  1  1.08
 3  92.95  0.86  0  3  2.41
 3  87.33  1.11  1  3  1.10
 3  99.70  0.84  1  3  2.17
 2  92.95  0.71  0  2  6.72
 0  72.67  0.46  1  0  3.77
 2  86.10  0.71  0  2  2.15
 0  70.67  0.27  0  0  1.15
 1  69.02  1.00  1  1  3.20
 1  77.42  1.17  1  1  3.26
 1  78.06  1.37  0  1  1.14
 0  62.54  0.51  1  0  1.51
 2  98.95  0.62  0  2  2.14
 2  82.53  0.61  0  2  2.05
 1  67.05  0.86  0  2  1.74
 3  99.70  0.84  1  3  5.95
 0  64.69  0.42  0  0  1.24
 0  72.67  0.46  0  0  0.76
 0  73.90  0.71  0  0  1.24
 3  89.33  1.30  0  3  1.14
 1  64.69  1.16  1  1  1.31
 0  69.02  0.57  0  0  1.62
 0  61.05  0.62  0  0  1.39
 2  95.31  0.42  1  2  1.55
 1  77.47  0.96  0  1  2.37
 2  85.75  0.23  0  2  2.67
 2  99.70  0.73  1  3  1.88
 3  97.46  1.06  1  3  1.42
 2  97.46  0.51  0  2  1.53
 3  90.98  1.00  1  3  0.98
 2  92.95  0.71  1  3  2.75
 2  87.33  0.46  1  2  0.79
 3  92.56  1.24  1  3  0.64
 0  67.05  0.71  0  0  1.77
 0  77.42  0.40  0  0  0.83
 1  72.67  1.11  1  1  0.86
 1  77.47  0.96  1  1  1.70
 3  89.33  1.30  1  3  1.45
 3  97.46  1.06  0  3  1.26
 0  78.06  0.21  0  1  1.90
 0  67.44  0.33  0  0  0.80
 1  62.54  1.06  1  1  1.47
 3  87.33  1.11  0  3  1.80
 2  82.58  0.40  1  2  1.71
 0  61.05  0.62  1  0  2.12
 3  92.95  0.86  0  3  1.96
 1  73.90  0.86  0  1  2.73
 0  74.25  0.23  0  0  0.83
 2  82.58  0.40  0  2  3.37
 3  82.58  1.17  1  3  1.03
 2  85.75  0.23  1  2  1.17
 1  61.05  0.95  0  1  1.81
 3  82.53  0.96  0  3  1.96
 1  69.02  1.00  0  1  1.16
 3  92.56  1.24  0  3  0.84
 2  90.98  0.57  0  2  1.84
 0  60.30  0.73  1  0  1.32
 1  62.54  1.06  0  1  1.93
 1  72.67  1.11  0  1  1.64
 2  82.53  0.61  1  2  1.59
 2  92.56  0.33  1  2  0.84
 2  99.70  0.73  0  3  1.57
 0  74.25  0.23  1  2  1.00
 1  67.44  1.24  0  1  0.97
 3  90.98  1.00  0  1  1.74
 3  81.94  1.37  1  3  1.05
 1  78.06  1.37  1  1  1.25
 3  98.95  0.95  1  3  1.32
 3  86.10  0.86  1  3  3.33
 2  95.31  0.42  0  2  2.33
 3  95.31  1.16  1  3  1.15
 2  90.98  0.57  1  2  1.34
 2  98.95  0.62  1  2  1.14
 1  60.30  0.84  0  1  3.03
 0  78.06  0.21  1  0  1.29
 3  86.10  0.86  0  3  2.20
 0  70.67  0.27  1  0  1.95
 1  74.25  1.34  0  1  1.29
 1  73.90  0.86  1  1  2.63
 3  85.75  1.34  1  3  1.83
 1  67.44  1.24  1  1  1.42
 3  81.94  1.37  0  3  1.38
 3  99.70  0.84  0  3  1.46
 3  98.95  0.95  0  3  1.11
 0  60.30  0.73  0  0  2.43
 3  95.31  1.16  0  3  1.57
 1  64.69  1.16  0  1  3.47
 1  77.42  1.17  0  1  1.80
 1  70.67  1.30  0  1  0.86
 1  67.05  0.86  1  1  1.41
 0  62.54  0.51  0  0  0.87
 1  70.67  1.30  1  1  0.67
 0  67.44  0.33  1  0  0.83
 3  82.53  0.96  1  3  1.79
 0  64.69  0.42  1  0  1.34
 0  73.90  0.71  1  0  1.57
 1  60.30  0.84  1  0  1.89
 0  67.05  0.71  1  1  1.43
 2  92.56  0.33  0  2  2.08
 2  86.10  0.71  1  3  1.86
 2  89.33  0.27  1  2  1.08
 2  97.46  0.51  1  2  1.20
 2  87.33  0.46  0  2  1.08
 3  85.75  1.34  0  3  0.94
 0  77.42  0.40  1  0  2.45
 0  77.47  0.61  0  0  1.92
 2  81.94  0.21  1  0  0.97
 3  87.33  1.11  1  3  2.21
 0  69.02  0.57  1  0  2.12
 2  81.94  0.21  0  2  2.16
 2  89.33  0.27  0  2  0.99
 1  61.05  0.95  1  1  1.69
 1  74.25  1.34  1  1  3.36
 0  77.47  0.61  1  0  2.36
 3  82.58  1.17  0  3  2.12
 3  92.95  0.86  1  3  1.62
 1  74.25  1.34  0  1  3.08
 1  74.25  1.34  1  1  0.69
 1  67.05  0.86  0  1  1.37
 2  81.94  0.21  1  2  2.07
 2  95.31  0.42  0  2  0.90
 0  61.05  0.62  0  0  2.45
 0  73.90  0.71  1  0  1.32
 2  92.56  0.33  1  2  2.07
 1  72.67  1.11  0  1  2.42
 1  73.90  0.86  0  1  1.60
 1  64.69  1.16  1  1  1.28
 0  78.06  0.21  1  2  2.83
 2  82.53  0.61  1  2  2.30
 3  98.95  0.95  1  3  1.18
 3  87.33  1.11  0  3  1.07
 3  97.46  1.06  0  3  0.96
 2  99.70  0.73  0  3  1.39
 3  81.94  1.37  1  3  0.89
 2  90.98  0.57  0  2  1.52
 3  90.98  1.00  0  3  1.57
 1  67.05  0.86  1  1  3.08
 2  86.10  0.71  1  3  2.05
 0  70.67  0.27  1  0  1.52
 3  81.94  1.37  0  3  2.84
 1  62.54  1.06  0  1  3.55
 1  78.06  1.37  1  3  1.69
 0  72.67  0.46  0  0  2.01
 1  60.30  0.84  1  1  1.81
 0  77.42  0.40  1  2  1.70
 2  85.75  0.23  0  2  4.50
 0  64.69  0.42  0  0  2.02
 1  77.42  1.17  1  3  1.29
 2  89.33  0.27  0  2  2.76
 2  98.95  0.62  1  2  1.83
 0  73.90  0.71  0  1  7.75
 0  77.42  0.40  0  0  1.79
 1  78.06  1.37  0  1  1.01
 1  61.05  0.95  1  1  0.92
 0  67.05  0.71  0  0  1.69
 3  82.58  1.17  0  1  0.74
 1  70.67  1.30  1  1  1.56
 3  85.75  1.34  0  3  1.02
 1  69.02  1.00  0  1  1.75
 2  87.33  0.46  0  2  1.75
 0  72.67  0.46  1  0  1.65
 3  99.70  0.84  1  3  2.58
 2  85.75  0.23  1  0  3.92
 0  60.30  0.73  0  1  2.37
 2  82.58  0.40  1  0  2.85
 3  82.58  1.17  1  3  1.27
 2  92.95  0.71  1  2  3.82
 1  73.90  0.86  1  1  2.49
 0  67.44  0.33  0  0  2.64
 2  82.53  0.61  0  2  3.33
 2  98.95  0.62  0  2  1.65
 1  69.02  1.00  1  1  2.71
 0  60.30  0.73  1  1  1.61
 0  74.25  0.23  0  0  1.08
 0  62.54  0.51  0  0  1.52
 0  67.44  0.33  1  0  1.18
 2  87.33  0.46  1  2  2.80
 3  97.46  1.06  1  3  1.26
 0  67.05  0.71  1  0  3.15
 0  70.67  0.27  0  0  1.00
 3  86.10  0.86  1  3  1.75
 1  72.67  1.11  1  1  1.68
 2  82.58  0.40  0  2  2.09
 1  77.47  0.96  1  1  1.42
 0  78.06  0.21  0  0  1.53
 3  95.31  1.16  0  3  1.14
 2  92.95  0.71  0  2  1.84
 3  86.10  0.86  0  3  1.30
 3  92.56  1.24  1  3  0.97
 3  90.98  1.00  1  3  1.04
 1  70.67  1.30  0  1  0.83
 0  74.25  0.23  1  0  1.51
 2  97.46  0.51  1  2  1.37
 0  77.47  0.61  1  0  2.58
 2  92.56  0.33  0  2  3.03
 1  61.05  0.95  0  1  1.31
 3  89.33  1.30  0  3  1.25
 3  82.53  0.96  0  3  1.73
 2  95.31  0.42  1  2  1.21
 0  64.69  0.42  1  0  1.33
 3  95.31  1.16  1  3  0.97
 3  92.56  1.24  0  3  1.25
 3  99.70  0.84  0  3  1.15
 0  69.02  0.57  0  0  1.97
 1  77.47  0.96  0  1  1.50
 3  92.95  0.86  0  3  2.00
 2  86.10  0.71  0  2  2.27
 1  67.44  1.24  1  1  1.06
 3  82.53  0.96  1  3  2.70
 2  99.70  0.73  1  2  1.75
 0  61.05  0.62  1  0  1.86
 1  64.69  1.16  0  1  1.05
 1  60.30  0.84  0  1  1.73
 3  98.95  0.95  0  3  1.88
 0  69.02  0.57  1  0  2.99
 1  77.42  1.17  0  1  1.83
 1  67.44  1.24  0  1  1.14
 1  62.54  1.06  1  1  1.25
 2  81.94  0.21  0  2  2.67
 2  97.46  0.51  0  2  1.51
 3  85.75  1.34  1  3  1.25
 3  92.95  0.86  1  3  1.71
 2  90.98  0.57  1  2  0.99
 2  89.33  0.27  1  2  1.54
 3  87.33  1.11  1  3  1.08
 3  89.33  1.30  1  3  0.89
 0  62.54  0.51  1  0  2.39
 0  77.47  0.61  0  0  1.34
 3  98.95  0.95  1  3  3.05
 0  60.30  0.73  0  0  6.06
 2  86.10  0.71  0  2  2.35
 2  82.58  0.40  0  2  0.89
 0  78.06  0.21  0  0  1.69
 0  74.25  0.23  0  0  0.70
 0  67.44  0.33  0  0  0.78
 2  99.70  0.73  0  3  2.95
 0  70.67  0.27  0  0  3.72
 0  61.05  0.62  1  0  1.81
 2  82.53  0.61  1  2  1.66
 0  72.67  0.46  0  0  1.41
 1  72.67  1.11  1  1  1.33
 1  74.25  1.34  1  1  1.33
 2  92.56  0.33  1  2  2.91
 3  95.31  1.16  1  3  0.70
 1  60.30  0.84  1  1  0.98
 3  95.31  1.16  0  3  2.02
 1  69.02  1.00  0  1  1.01
 2  99.70  0.73  1  2  2.13
 1  72.67  1.11  0  1  1.57
 2  98.95  0.62  0  2  1.89
 0  64.69  0.42  1  0  1.38
 3  82.58  1.17  1  3  2.00
 0  67.05  0.71  0  0  1.61
 2  89.33  0.27  1  2  1.29
 1  74.25  1.34  0  1  1.58
 3  87.33  1.11  0  3  1.48
 1  67.05  0.86  0  1  3.45
 3  86.10  0.86  0  3  2.96
 1  70.67  1.30  1  1  0.81
 1  64.69  1.16  1  1  0.62
 3  87.33  1.11  1  3  0.82
 1  77.42  1.17  1  3  0.62
 2  92.56  0.33  0  2  1.36
 1  67.44  1.24  0  1  0.87
 3  85.75  1.34  0  3  1.01
 2  90.98  0.57  0  2  0.84
 3  89.33  1.30  0  3  0.73
 1  70.67  1.30  0  1  1.77
 2  81.94  0.21  0  0  1.22
 0  77.42  0.40  0  0  1.95
 1  62.54  1.06  1  1  1.58
 2  92.95  0.71  0  2  1.86
 1  67.44  1.24  1  1  1.60
 1  78.06  1.37  1  3  1.96
 1  64.69  1.16  0  1  1.00
 2  95.31  0.42  0  2  1.95
 0  73.90  0.71  0  0  2.18
 0  73.90  0.71  1  0  1.18
 1  77.47  0.96  1  1  1.15
 3  81.94  1.37  0  1  4.15
 1  61.05  0.95  0  1  1.33
 2  85.75  0.23  1  2  1.23
 2  97.46  0.51  1  2  1.08
 0  69.02  0.57  1  0  1.45
 1  61.05  0.95  1  1  1.37
 0  60.30  0.73  1  0  1.66
 3  92.56  1.24  1  3  1.19
 2  97.46  0.51  0  2  0.90
 2  82.53  0.61  0  2  1.55
 3  92.95  0.86  1  3  1.40
 2  87.33  0.46  1  2  1.57
 0  62.54  0.51  1  0  1.67
 3  82.58  1.17  0  3  1.41
 2  95.31  0.42  1  2  0.90
 0  70.67  0.27  1  0  0.91
 2  82.58  0.40  1  0  2.64
 0  61.05  0.62  0  0  1.33
 0  74.25  0.23  1  0  1.29
 0  78.06  0.21  1  0  0.77
 3  89.33  1.30  1  3  0.89
 2  89.33  0.27  0  2  2.65
 2  81.94  0.21  1  2  0.95
 2  92.95  0.71  1  2  1.58
 1  69.02  1.00  1  1  1.06
 3  99.70  0.84  0  3  1.43
 0  64.69  0.42  0  0  1.11
 1  78.06  1.37  0  3  1.44
 1  60.30  0.84  0  1  1.57
 3  82.53  0.96  1  1  2.33
 0  77.47  0.61  1  0  1.70
 3  86.10  0.86  1  3  2.84
 0  62.54  0.51  0  0  1.83
 2  87.33  0.46  0  0  1.41
 3  99.70  0.84  1  3  1.70
 1  77.47  0.96  0  3  3.21
 0  77.42  0.40  1  0  1.60
 3  90.98  1.00  1  3  1.30
 0  67.44  0.33  1  0  1.11
 3  92.95  0.86  0  3  1.46
 1  77.42  1.17  0  1  1.23
 1  67.05  0.86  1  1  1.02
 3  98.95  0.95  0  3  1.20
 3  90.98  1.00  0  3  1.40
 1  73.90  0.86  0  1  1.39
 2  90.98  0.57  1  2  1.52
 0  67.05  0.71  1  0  1.28
 0  77.47  0.61  0  0  1.91
 1  62.54  1.06  0  1  2.33
 1  73.90  0.86  1  1  3.35
 2  98.95  0.62  1  2  2.10
 0  72.67  0.46  1  0  1.20
 2  85.75  0.23  0  2  1.39
 0  69.02  0.57  0  0  4.04
 3  97.46  1.06  0  3  0.83
 3  81.94  1.37  1  1  1.81
 3  85.75  1.34  1  3  0.87
 2  86.10  0.71  1  2  2.41
 3  82.53  0.96  0  3  1.38
 3  97.46  1.06  1  3  1.08
 3  92.56  1.24  0  3  0.79
 3  98.95  0.95  1  3  0.95
 2  97.46  0.51  1  2  0.83
 3  82.58  1.17  0  3  1.22
 1  69.02  1.00  1  1  0.99
 3  86.10  0.86  1  3  1.25
 3  95.31  1.16  1  3  0.82
 2  86.10  0.71  1  2  1.57
 1  73.90  0.86  0  1  1.91
 2  86.10  0.71  0  2  1.83
 0  61.05  0.62  1  0  0.92
 0  64.69  0.42  1  0  0.64
 1  78.06  1.37  0  1  1.88
 0  77.42  0.40  1  0  0.86
 3  99.70  0.84  0  3  1.15
 1  73.90  0.86  1  1  1.51
 0  62.54  0.51  0  0  0.67
 3  85.75  1.34  1  3  0.97
 0  77.47  0.61  1  0  1.39
 3  89.33  1.30  0  3  0.75
 3  99.70  0.84  1  3  2.45
 1  77.42  1.17  1  1  0.92
 2  82.53  0.61  0  0  3.52
 1  69.02  1.00  0  1  1.21
 2  92.56  0.33  1  2  0.85
 0  78.06  0.21  0  2  2.70
 1  64.69  1.16  1  1  1.15
 1  61.05  0.95  1  1  0.94
 0  73.90  0.71  1  0  2.99
 2  95.31  0.42  0  2  1.20
 0  67.05  0.71  1  0  3.60
 2  82.53  0.61  1  2  2.27
 3  95.31  1.16  0  3  0.97
 3  90.98  1.00  0  3  0.83
 2  85.75  0.23  0  2  2.29
 0  67.05  0.71  0  0  1.77
 3  87.33  1.11  1  3  1.64
 1  60.30  0.84  1  1  3.05
 2  99.70  0.73  0  2  5.59
 2  90.98  0.57  0  2  0.89
 1  67.05  0.86  0  1  1.52
 3  86.10  0.86  0  3  1.67
 1  61.05  0.95  0  1  1.16
 2  97.46  0.51  0  2  0.98
 3  81.94  1.37  1  3  1.63
 1  72.67  1.11  0  1  1.80
 2  98.95  0.62  0  2  1.39
 3  98.95  0.95  0  3  0.88
 1  77.42  1.17  0  3  2.78
 1  70.67  1.30  0  1  0.79
 1  70.67  1.30  1  1  1.05
 3  92.56  1.24  0  3  1.10
 3  82.58  1.17  1  3  0.93
 0  64.69  0.42  0  0  1.16
 3  97.46  1.06  1  3  1.08
 2  90.98  0.57  1  2  1.18
 0  77.47  0.61  0  0  4.30
 2  87.33  0.46  0  2  1.76
 0  69.02  0.57  0  0  1.49
 3  92.95  0.86  1  3  0.83
 2  99.70  0.73  1  2  2.11
 2  82.58  0.40  0  2  1.50
 0  67.44  0.33  1  0  0.77
 2  92.56  0.33  0  2  1.62
 0  77.42  0.40  0  0  1.51
 1  62.54  1.06  0  1  1.26
 3  82.53  0.96  1  3  1.30
 0  67.44  0.33  0  0  2.43
 0  72.67  0.46  0  0  0.72
 0  60.30  0.73  1  0  1.01
 2  95.31  0.42  1  2  1.45
 3  92.95  0.86  0  3  1.20
 3  89.33  1.30  1  3  0.97
 2  89.33  0.27  0  2  1.39
 2  92.95  0.71  1  2  1.41
 1  67.44  1.24  0  1  1.10
 2  89.33  0.27  1  2  1.21
 0  70.67  0.27  0  0  0.93
 2  92.95  0.71  0  2  2.70
 2  81.94  0.21  1  0  2.18
 3  92.56  1.24  1  3  1.12
 0  61.05  0.62  0  0  1.95
 3  87.33  1.11  0  3  0.83
 0  74.25  0.23  1  0  2.95
 1  62.54  1.06  1  1  0.87
 3  85.75  1.34  0  3  1.09
 0  69.02  0.57  1  0  1.17
 3  90.98  1.00  1  3  1.40
 2  81.94  0.21  0  0  4.60
 2  85.75  0.23  1  2  1.16
 0  78.06  0.21  1  0  2.23
 1  67.44  1.24  1  1  1.32
 0  72.67  0.46  1  0  1.00
 1  67.05  0.86  1  1  4.23
 0  70.67  0.27  1  0  0.91
 0  74.25  0.23  0  0  1.07
 2  98.95  0.62  1  2  1.15
 1  74.25  1.34  0  1  1.28
 1  77.47  0.96  1  1  1.35
 3  97.46  1.06  0  3  1.05
 1  77.47  0.96  0  1  0.83
 1  78.06  1.37  1  1  1.24
 2  82.58  0.40  1  0  1.07
 0  73.90  0.71  0  0  1.60
 3  81.94  1.37  0  3  3.41
 0  62.54  0.51  1  0  3.05
 0  60.30  0.73  0  0  0.81
 3  82.53  0.96  0  3  2.61
 1  60.30  0.84  0  1  2.47
 1  72.67  1.11  1  1  2.16
 2  87.33  0.46  1  2  2.42
 1  74.25  1.34  1  1  0.93
 1  64.69  1.16  0  1  0.76
