 0  99.70  0.84  0  1  1.58
 3  95.31  0.42  1  2  1.78
 1  67.44  0.33  0  0  2.26
 3  64.69  0.42  1  1  1.90
 2  97.46  1.06  1  0  1.37
 1  61.05  0.62  0  3  1.70
 2  73.90  0.86  1  1  1.10
 1  61.05  0.95  0  0  3.18
 0  97.46  1.06  0  3  1.87
 0  77.47  0.96  0  2  1.45
 1  92.56  0.33  0  0  3.89
 3  82.58  0.40  1  0  2.74
 2  77.47  0.61  1  0  4.78
 0  85.75  1.34  0  0  1.09
 3  62.54  0.51  1  3  1.36
 0  77.42  1.17  0  1  3.01
 2  99.70  0.84  1  2  1.84
 0  90.98  1.00  0  0  1.17
 2  86.10  0.86  1  0  0.84
 3  81.94  0.21  1  0  0.89
 3  89.33  0.27  1  0  1.72
 2  95.31  1.16  1  3  0.85
 1  78.06  0.21  0  0  4.31
 2  77.42  1.17  1  3  2.77
 0  99.70  0.73  0  1  2.59
 3  70.67  1.30  1  0  2.35
 0  92.95  0.71  0  0  1.76
 2  92.56  1.24  1  3  2.33
 1  60.30  0.84  0  1  1.72
 3  74.25  0.23  1  0  1.54
 1  67.44  1.24  0  0  2.14
 2  77.47  0.96  1  0  2.52
 3  60.30  0.73  1  0  1.66
 2  72.67  1.11  1  0  4.26
 0  92.95  0.86  0  0  0.85
 1  60.30  0.73  0  1  1.35
 3  67.44  0.33  1  2  2.68
 2  98.95  0.95  1  0  1.03
 0  81.94  1.37  0  0  0.57
 0  77.47  0.61  0  1  0.34
 3  67.44  1.24  1  2  3.60
 0  82.53  0.61  0  3  1.36
 1  82.58  0.40  0  0  1.53
 3  64.69  1.16  1  0  0.61
 0  74.25  1.34  0  0  0.55
 2  90.98  1.00  1  1  1.70
 0  98.95  0.62  0  2  0.73
 2  92.95  0.86  1  3  1.80
 2  78.06  1.37  1  0  1.05
 1  72.67  0.46  0  0  0.81
 2  85.75  1.34  1  0  0.74
 3  97.46  0.51  1  0  0.34
 2  81.94  1.37  1  0  0.62
 3  87.33  0.46  1  2  2.26
 1  85.75  0.23  0  2  0.91
 0  89.33  1.30  0  1  0.89
 2  98.95  0.62  1  0  0.73
 1  81.94  0.21  0  0  1.81
 3  67.05  0.86  1  0  0.53
 0  86.10  0.86  0  0  0.31
 1  62.54  0.51  0  2  4.40
 0  82.58  1.17  0  1  1.19
 1  67.05  0.86  0  0  0.34
 0  82.53  0.96  0  3  0.46
 1  64.69  1.16  0  0  0.59
 1  70.67  0.27  0  0  0.28
 1  62.54  1.06  0  0  0.30
 1  95.31  0.42  0  0  0.60
 3  67.05  0.71  1  1  0.27
 1  87.33  0.46  0  1  0.40
 0  95.31  1.16  0  1  0.74
 2  89.33  1.30  1  1  1.93
 3  62.54  1.06  1  0  0.75
 1  64.69  0.42  0  3  0.85
 2  86.10  0.71  1  0  1.18
 0  73.90  0.71  0  2  4.64
 0  87.33  1.11  0  0  0.70
 3  85.75  0.23  1  1  1.32
 2  92.95  0.71  1  0  1.53
 0  92.56  1.24  0  2 12.25
 2  82.58  1.17  1  0  0.52
 2  90.98  0.57  1  0  0.71
 0  86.10  0.71  0  2  0.31
 3  61.05  0.95  1  3  1.11
 1  97.46  0.51  0  0  1.28
 3  78.06  0.21  1  1  0.82
 2  82.53  0.96  1  0  0.63
 3  77.42  0.40  1  1  0.97
 3  60.30  0.84  1  2  0.79
 1  70.67  1.30  0  3  1.07
 2  99.70  0.73  1  0  0.87
 1  77.42  0.40  0  1  0.57
 1  74.25  0.23  0  1  0.66
 0  78.06  1.37  0  1  0.35
 3  61.05  0.62  1  0  0.34
 1  67.05  0.71  0  3  0.83
 0  72.67  1.11  0  2  1.70
 1  69.02  0.57  0  0  0.63
 3  69.02  0.57  1  2  2.69
 0  73.90  0.86  0  1  1.30
 1  89.33  0.27  0  0  0.52
 3  70.67  0.27  1  0  1.23
 3  92.56  0.33  1  1  1.41
 1  69.02  1.00  0  3  0.98
 3  72.67  0.46  1  0  1.38
 2  73.90  0.71  1  0  2.31
 0  98.95  0.95  0  0  3.39
 2  82.53  0.61  1  0  0.82
 2  87.33  1.11  1  0  0.51
 0  90.98  0.57  0  2  0.27
 2  74.25  1.34  1  0  0.38
 3  69.02  1.00  1  2  0.29
 2  85.75  1.34  1  0  0.73
 0  99.70  0.73  0  0  0.89
 1  87.33  0.46  0  0  0.86
 0  82.58  1.17  0  1  4.80
 0  90.98  0.57  0  0  0.51
 3  69.02  0.57  1  0  0.54
 1  69.02  1.00  0  3  0.80
 3  70.67  1.30  1  1  1.10
 0  73.90  0.86  0  1  0.62
 2  89.33  1.30  1  0  0.75
 2  77.47  0.61  1  0  3.80
 3  95.31  0.42  1  1  1.52
 2  73.90  0.71  1  2  3.28
 3  77.42  0.40  1  0  1.14
 0  92.95  0.86  0  1  1.87
 3  69.02  1.00  1  2  1.42
 1  97.46  0.51  0  0  2.20
 3  72.67  0.46  1  2  1.06
 0  77.47  0.96  0  3  1.51
 0  98.95  0.95  0  0  1.09
 3  92.56  0.33  1  0  0.72
 1  67.44  1.24  0  3  1.29
 1  62.54  1.06  0  0  1.15
 0  89.33  1.30  0  0  2.61
 1  92.56  0.33  0  1  2.64
 2  73.90  0.86  1  3  0.79
 1  62.54  0.51  0  3  1.33
 2  82.53  0.61  1  0  1.66
 2  95.31  1.16  1  0  0.86
 2  90.98  1.00  1  0  1.11
 2  98.95  0.62  1  0  0.74
 2  74.25  1.34  1  2  0.31
 3  97.46  0.51  1  2  0.65
 1  67.05  0.71  0  3  1.40
 0  99.70  0.84  0  0  0.80
 0  95.31  1.16  0  0  1.51
 2  99.70  0.73  1  0  0.84
 3  62.54  1.06  1  3  0.76
 3  78.06  0.21  1  1  3.13
 0  82.53  0.61  0  1  0.95
 1  74.25  0.23  0  3  1.20
 2  97.46  1.06  1  2  1.89
 1  67.44  0.33  0  0  0.92
 3  61.05  0.95  1  3  1.60
 0  72.67  1.11  0  0  3.52
 0  92.95  0.71  0  1  1.16
 1  61.05  0.62  0  3  0.88
 2  98.95  0.95  1  0  0.89
 3  67.05  0.86  1  2  4.86
 0  81.94  1.37  0  3  3.48
 3  67.44  1.24  1  0  1.04
 3  60.30  0.73  1  3  1.36
 3  67.44  0.33  1  0  6.27
 0  90.98  1.00  0  3  0.69
 3  62.54  0.51  1  3  1.03
 3  89.33  0.27  1  0  0.64
 1  61.05  0.95  0  0  1.00
 1  78.06  0.21  0  1  0.79
 0  78.06  1.37  0  2  0.79
 3  70.67  0.27  1  0  0.79
 0  85.75  1.34  0  3  0.67
 2  77.47  0.96  1  3  1.49
 2  99.70  0.84  1  1  1.73
 2  92.95  0.86  1  0  2.42
 2  90.98  0.57  1  2  2.59
 1  77.42  0.40  0  0  0.70
 1  89.33  0.27  0  1  1.95
 0  97.46  1.06  0  2  1.73
 2  81.94  1.37  1  0  1.19
 0  82.53  0.96  0  0  2.70
 2  87.33  1.11  1  0  0.70
 3  82.58  0.40  1  1  1.08
 1  60.30  0.84  0  3  0.59
 3  81.94  0.21  1  3  1.24
 3  87.33  0.46  1  3  0.50
 2  82.53  0.96  1  2  2.04
 2  86.10  0.86  1  2  0.71
 2  77.42  1.17  1  0  0.62
 2  92.56  1.24  1  2  0.60
 2  78.06  1.37  1  0  0.73
 2  82.58  1.17  1  2  0.62
 0  74.25  1.34  0  0  1.62
 3  74.25  0.23  1  1  4.72
 1  82.58  0.40  0  2  1.61
 0  73.90  0.71  0  1  1.38
 1  67.05  0.86  0  0  5.08
 0  87.33  1.11  0  2  1.27
 3  67.05  0.71  1  2  1.00
 2  72.67  1.11  1  3  1.67
 0  86.10  0.86  0  0  1.58
 0  92.56  1.24  0  1  0.61
 2  86.10  0.71  1  2  0.98
 1  60.30  0.73  0  1  1.60
 0  77.47  0.61  0  0  0.70
 1  70.67  0.27  0  0  0.66
 1  64.69  0.42  0  1  1.80
 0  86.10  0.71  0  0  0.87
 3  61.05  0.62  1  3  1.77
 1  70.67  1.30  0  1  2.00
 1  64.69  1.16  0  1  0.84
 1  72.67  0.46  0  0  0.97
 1  69.02  0.57  0  1  1.26
 1  85.75  0.23  0  0  0.66
 0  77.42  1.17  0  1  2.30
 3  64.69  1.16  1  0  0.76
 1  81.94  0.21  0  0  1.43
 3  64.69  0.42  1  3  1.32
 2  92.95  0.71  1  0  1.62
 3  85.75  0.23  1  2  2.85
 3  60.30  0.84  1  1  0.95
 1  95.31  0.42  0  0  1.32
 0  98.95  0.62  0  1  0.75
 2  90.98  1.00  1  2  1.73
 0  87.33  1.11  0  2  0.72
 2  99.70  0.73  1  2  0.89
 1  70.67  0.27  0  1  1.50
 3  70.67  1.30  1  3  1.81
 2  99.70  0.84  1  3  2.88
 0  92.56  1.24  0  0  1.30
 1  62.54  1.06  0  1  0.70
 1  81.94  0.21  0  0  0.63
 1  61.05  0.62  0  1  1.10
 2  73.90  0.86  1  2  2.36
 1  67.44  0.33  0  1  2.90
 1  97.46  0.51  0  0  0.75
 3  67.44  1.24  1  3  1.38
 0  99.70  0.84  0  0  2.78
 0  98.95  0.95  0  1  1.83
 2  87.33  1.11  1  2  1.66
 1  78.06  0.21  0  0  0.94
 0  86.10  0.86  0  1  0.61
 1  74.25  0.23  0  0  0.96
 1  62.54  0.51  0  1  1.12
 2  81.94  1.37  1  3  1.51
 2  98.95  0.62  1  2  1.96
 3  62.54  1.06  1  3  1.19
 2  86.10  0.86  1  2  1.97
 3  64.69  0.42  1  3  0.95
 1  67.05  0.71  0  1  1.45
 1  82.58  0.40  0  1  1.12
 3  67.05  0.71  1  3  1.61
 2  89.33  1.30  1  2  2.77
 2  85.75  1.34  1  2  1.33
 3  77.42  0.40  1  2  0.61
 3  92.56  0.33  1  2  0.91
 1  64.69  0.42  0  0  2.24
 2  92.95  0.86  1  3  3.33
 0  92.95  0.71  0  0  1.69
 1  72.67  0.46  0  1  2.36
 2  73.90  0.71  1  2  1.17
 3  69.02  1.00  1  3  0.72
 3  95.31  0.42  1  2  1.52
 3  78.06  0.21  1  2  0.96
 1  69.02  0.57  0  1  1.60
 3  67.44  0.33  1  2  3.61
 2  98.95  0.95  1  2  1.05
 0  82.53  0.61  0  0  1.47
 1  61.05  0.95  0  1  1.94
 1  64.69  1.16  0  1  0.58
 0  99.70  0.73  0  0  0.69
 3  64.69  1.16  1  1  0.70
 3  70.67  0.27  1  2  4.74
 1  87.33  0.46  0  0  1.87
 1  85.75  0.23  0  1  2.78
 0  95.31  1.16  0  0  1.44
 0  82.53  0.96  0  0  1.04
 1  89.33  0.27  0  0  1.98
 0  74.25  1.34  0  0  2.94
 0  98.95  0.62  0  1  0.73
 2  97.46  1.06  1  2  1.45
 3  69.02  0.57  1  3  0.70
 1  60.30  0.73  0  1  1.55
 0  72.67  1.11  0  1  1.81
 1  60.30  0.84  0  1  0.77
 3  61.05  0.62  1  1  0.83
 0  77.42  1.17  0  0  6.28
 0  97.46  1.06  0  0  0.88
 0  73.90  0.71  0  1  1.42
 1  67.44  1.24  0  1  0.93
 3  72.67  0.46  1  2  2.69
 0  86.10  0.71  0  0  3.40
 2  74.25  1.34  1  2  2.31
 2  78.06  1.37  1  2  2.99
 1  77.42  0.40  0  0  2.21
 2  86.10  0.71  1  2  1.42
 2  92.56  1.24  1  2  0.61
 1  67.05  0.86  0  1  1.05
 2  77.42  1.17  1  2  1.68
 1  95.31  0.42  0  0  1.59
 2  82.58  1.17  1  2  1.41
 0  82.58  1.17  0  1  1.16
 0  89.33  1.30  0  0  0.94
 0  90.98  1.00  0  0  0.40
 3  60.30  0.73  1  3  1.16
 2  90.98  0.57  1  2  1.60
 2  82.53  0.61  1  2  1.01
 0  81.94  1.37  0  1  3.03
 0  92.95  0.86  0  0  0.63
 3  74.25  0.23  1  2  4.60
 2  77.47  0.61  1  2  0.95
 1  69.02  1.00  0  1  1.20
 3  97.46  0.51  1  0  2.04
 3  62.54  0.51  1  3  1.87
 3  87.33  0.46  1  3  0.69
 0  73.90  0.86  0  1  1.11
 0  85.75  1.34  0  0  0.74
 0  77.47  0.96  0  0  0.47
 3  85.75  0.23  1  2  1.35
 2  82.53  0.96  1  3  1.94
 2  77.47  0.96  1  3  1.55
 2  92.95  0.71  1  3  1.40
 1  70.67  1.30  0  1  1.36
 0  78.06  1.37  0  1  1.13
 3  82.58  0.40  1  3  1.66
 3  67.05  0.86  1  2  0.70
 2  72.67  1.11  1  3  0.41
 1  92.56  0.33  0  0  1.15
 0  77.47  0.61  0  1  1.74
 3  60.30  0.84  1  2  0.83
 3  61.05  0.95  1  3  2.94
 3  89.33  0.27  1  2  0.95
 3  81.94  0.21  1  3  2.31
 2  95.31  1.16  1  3  0.55
 0  90.98  0.57  0  0  1.77
 3  69.02  0.57  1  2  2.92
 2  77.42  1.17  1  3  3.03
 0  77.47  0.96  0  0  4.62
 0  92.95  0.86  0  0  0.96
 1  60.30  0.84  0  1  0.60
 0  97.46  1.06  0  0  0.70
 3  70.67  1.30  1  2  2.04
 1  95.31  0.42  0  0  1.06
 2  86.10  0.71  1  2  1.97
 3  60.30  0.73  1  3  1.04
 1  64.69  1.16  0  1  1.70
 2  90.98  0.57  1  2  1.33
 2  95.31  1.16  1  2  1.05
 0  82.53  0.96  0  0  1.29
 2  82.53  0.61  1  2  1.00
 0  72.67  1.11  0  1  2.38
 2  98.95  0.62  1  2  1.49
 2  92.56  1.24  1  2  0.69
 3  74.25  0.23  1  2  1.25
 1  69.02  0.57  0  0  2.40
 3  62.54  0.51  1  2  1.32
 2  86.10  0.86  1  2  0.75
 2  78.06  1.37  1  2  1.43
 0  82.53  0.61  0  0  0.89
 3  67.44  1.24  1  3  3.23
 0  86.10  0.86  0  0  0.74
 1  67.44  0.33  0  1  1.97
 1  67.05  0.71  0  1  1.45
 1  67.05  0.86  0  1  0.51
 2  85.75  1.34  1  2  1.00
 1  85.75  0.23  0  0  0.66
 2  89.33  1.30  1  0  0.56
 1  64.69  0.42  0  0  2.04
 3  70.67  0.27  1  2  1.67
 0  95.31  1.16  0  0  0.92
 1  60.30  0.73  0  1  4.12
 1  77.42  0.40  0  0  0.83
 3  61.05  0.62  1  3  2.59
 2  87.33  1.11  1  2  1.28
 1  78.06  0.21  0  0  1.99
 0  82.58  1.17  0  0  0.54
 0  89.33  1.30  0  0  0.42
 1  62.54  1.06  0  1  0.60
 3  85.75  0.23  1  2  1.11
 2  90.98  1.00  1  2  0.75
 0  78.06  1.37  0  1  2.80
 2  72.67  1.11  1  2  1.15
 2  82.58  1.17  1  2  1.64
 0  98.95  0.62  0  0  0.80
 1  69.02  1.00  0  1  1.12
 3  61.05  0.95  1  3  1.46
 1  61.05  0.62  0  1  2.33
 0  73.90  0.71  0  0  1.27
 2  81.94  1.37  1  2  1.69
 1  82.58  0.40  0  0  0.96
 3  67.05  0.86  1  2  4.21
 2  98.95  0.95  1  2  2.04
 3  64.69  0.42  1  2  1.32
 0  99.70  0.73  0  0  0.75
 1  97.46  0.51  0  0  0.53
 1  70.67  0.27  0  1  0.76
 3  78.06  0.21  1  2  1.23
 0  98.95  0.95  0  0  1.05
 0  85.75  1.34  0  0  0.66
 0  90.98  0.57  0  0  0.50
 1  72.67  0.46  0  1  1.75
 2  99.70  0.73  1  2  1.26
 3  64.69  1.16  1  3  0.68
 3  62.54  1.06  1  3  1.12
 3  92.56  0.33  1  2  0.76
 0  74.25  1.34  0  1  2.06
 3  72.67  0.46  1  0  0.81
 0  87.33  1.11  0  0  1.09
 2  92.95  0.86  1  2  1.73
 1  92.56  0.33  0  0  1.14
 2  73.90  0.86  1  3  1.83
 1  87.33  0.46  0  0  1.13
 3  77.42  0.40  1  2  9.30
 1  81.94  0.21  0  1  1.50
 3  69.02  1.00  1  3  2.20
 3  67.05  0.71  1  3  0.53
 3  60.30  0.84  1  3  0.56
 2  73.90  0.71  1  2  1.04
 2  77.47  0.61  1  2  0.67
 0  86.10  0.71  0  0  1.58
 2  77.47  0.96  1  0  0.47
 2  92.95  0.71  1  2  1.75
 1  67.44  1.24  0  1  1.22
 1  62.54  0.51  0  1  0.60
 1  74.25  0.23  0  0  0.82
 0  90.98  1.00  0  1  0.59
 0  81.94  1.37  0  0  1.31
 3  82.58  0.40  1  0  0.65
 2  74.25  1.34  1  2  2.01
 2  97.46  1.06  1  2  1.36
 0  92.95  0.71  0  0  1.10
 1  70.67  1.30  0  1  1.98
 0  99.70  0.84  0  0  1.34
 0  77.42  1.17  0  1  0.81
 3  87.33  0.46  1  2  1.30
 1  61.05  0.95  0  1  1.15
 0  77.47  0.61  0  0  1.11
 0  92.56  1.24  0  0  0.75
 2  82.53  0.96  1  2  2.09
 3  81.94  0.21  1  2  1.42
 3  89.33  0.27  1  2  1.90
 0  73.90  0.86  0  1  2.91
 3  67.44  0.33  1  2  1.96
 2  99.70  0.84  1  2  0.99
 3  97.46  0.51  1  2  0.73
 1  89.33  0.27  0  0  1.78
 3  95.31  0.42  1  2  2.85
 3  62.54  0.51  1  3  2.51
 1  82.58  0.40  0  0  2.63
 3  67.44  1.24  1  3  1.37
 0  77.47  0.96  0  0  2.75
 3  87.33  0.46  1  2  1.56
 0  98.95  0.62  0  0  5.24
 3  70.67  1.30  1  2  4.54
 1  78.06  0.21  0  0  2.49
 0  73.90  0.86  0  1  1.92
 2  99.70  0.84  1  2  5.79
 0  92.95  0.86  0  1  3.19
 2  89.33  1.30  1  2  2.69
 0  74.25  1.34  0  1  3.39
 0  87.33  1.11  0  0  1.33
 0  81.94  1.37  0  0  0.54
 3  61.05  0.95  1  3  2.59
 3  64.69  1.16  1  3  0.44
 0  98.95  0.95  0  1  1.15
 1  89.33  0.27  0  0  0.55
 0  92.95  0.71  0  1  2.20
 3  82.58  0.40  1  2  1.04
 2  78.06  1.37  1  2  1.20
 3  92.56  0.33  1  2  1.16
 0  86.10  0.86  0  0  1.81
 3  62.54  1.06  1  2  2.58
 3  67.44  0.33  1  3  1.58
 0  89.33  1.30  0  0  1.71
 3  60.30  0.73  1  3  1.37
 2  72.67  1.11  1  2  0.91
 1  60.30  0.84  0  1  2.57
 1  70.67  1.30  0  1  1.24
 1  67.44  1.24  0  1  0.70
 1  69.02  0.57  0  1  0.73
 2  86.10  0.71  1  2  1.43
 1  61.05  0.62  0  1  1.14
 0  86.10  0.71  0  0  0.78
 3  85.75  0.23  1  2  1.19
 3  60.30  0.84  1  3  0.64
 1  70.67  0.27  0  1  1.07
 0  99.70  0.73  0  0  0.79
 2  77.47  0.61  1  2  3.81
 2  97.46  1.06  1  0  1.10
 2  95.31  1.16  1  2  1.00
 1  85.75  0.23  0  0  0.75
 3  74.25  0.23  1  2  1.24
 1  60.30  0.73  0  1  0.84
 1  97.46  0.51  0  0  0.53
 0  78.06  1.37  0  1  1.50
 1  64.69  0.42  0  1  1.69
 3  89.33  0.27  1  2  1.15
 1  67.44  0.33  0  1  1.80
 3  69.02  1.00  1  2  1.05
 2  73.90  0.71  1  3  1.47
 2  87.33  1.11  1  2  0.78
 3  69.02  0.57  1  3  1.22
 2  92.56  1.24  1  2  1.12
 3  67.05  0.71  1  3  0.74
 2  99.70  0.73  1  2  0.83
 0  82.53  0.96  0  1  2.19
 0  97.46  1.06  0  0  0.65
 2  77.42  1.17  1  2  3.25
 1  69.02  1.00  0  1  4.01
 1  67.05  0.86  0  1  1.42
 2  90.98  0.57  1  2  0.68
 0  72.67  1.11  0  1  1.12
 1  62.54  1.06  0  1  3.57
 2  82.58  1.17  1  0  3.02
 1  61.05  0.95  0  1  0.89
 3  81.94  0.21  1  2  2.38
 0  82.53  0.61  0  0  0.71
 3  97.46  0.51  1  2  1.08
 1  62.54  0.51  0  1  1.21
 1  67.05  0.71  0  1  0.91
 3  95.31  0.42  1  0  0.65
 3  78.06  0.21  1  2  2.22
 1  87.33  0.46  0  0  1.46
 0  85.75  1.34  0  1  1.20
 0  77.42  1.17  0  1  1.25
 2  92.95  0.86  1  2  1.12
 3  77.42  0.40  1  2  0.96
 2  90.98  1.00  1  2  1.14
 0  90.98  1.00  0  0  2.58
 2  85.75  1.34  1  2  2.22
 3  64.69  0.42  1  3  1.65
 1  81.94  0.21  0  0  1.12
 2  98.95  0.62  1  2  1.78
 0  92.56  1.24  0  1  2.74
 3  67.05  0.86  1  3  1.15
 0  90.98  0.57  0  0  0.97
 0  73.90  0.71  0  0  0.85
 1  95.31  0.42  0  0  0.48
 2  77.47  0.96  1  2  0.88
 1  74.25  0.23  0  1  1.08
 2  92.95  0.71  1  2  2.38
 0  95.31  1.16  0  0  1.07
 0  99.70  0.84  0  0  2.56
 1  72.67  0.46  0  1  1.06
 1  92.56  0.33  0  0  0.68
 2  74.25  1.34  1  3  2.11
 2  98.95  0.95  1  2  1.59
 1  77.42  0.40  0  0  1.43
 2  82.53  0.61  1  2  1.50
 0  77.47  0.61  0  1  1.99
 0  82.58  1.17  0  0  0.64
 1  64.69  1.16  0  0  0.73
 3  72.67  0.46  1  2  5.14
 3  70.67  0.27  1  3  0.59
 2  86.10  0.86  1  2  1.10
 2  82.53  0.96  1  2  1.10
 3  61.05  0.62  1  3  1.24
 2  73.90  0.86  1  3  0.76
 2  81.94  1.37  1  2  1.30
