 1  61.05  0.95  0  0  1.26
 2  82.58  0.40  0  0  1.74
 1  67.44  1.24  0  0  1.89
 1  61.05  0.95  1  0  2.01
 0  78.06  0.21  1  0  1.55
 1  74.25  1.34  1  1  1.45
 3  99.70  0.84  0  2  2.06
 3  92.56  1.24  1  1  1.59
 2  89.33  0.27  1  1  1.43
 0  69.02  0.57  1  1  0.84
 2  85.75  0.23  0  1  3.02
 3  86.10  0.86  0  0  3.55
 3  95.31  1.16  1  1  3.14
 1  62.54  1.06  1  1  1.58
 2  82.58  0.40  1  2  1.40
 2  85.75  0.23  1  1  1.38
 2  86.10  0.71  0  3  2.72
 1  62.54  1.06  0  1  1.20
 0  77.42  0.40  1  0  0.83
 0  62.54  0.51  1  0  2.65
 3  85.75  1.34  0  3  2.40
 1  73.90  0.86  0  2  1.36
 0  60.30  0.73  1  0  1.87
 3  82.58  1.17  0  2  1.60
 3  82.53  0.96  0  1  4.82
 0  72.67  0.46  1  1  1.46
 2  86.10  0.71  1  1  1.76
 2  92.56  0.33  0  0  1.24
 1  78.06  1.37  1  1  1.23
 3  85.75  1.34  1  1  0.77
 2  87.33  0.46  0  1  1.50
 2  99.70  0.73  0  2  0.83
 0  62.54  0.51  0  0  0.90
 3  87.33  1.11  1  3  1.83
 3  89.33  1.30  0  3  1.24
 3  97.46  1.06  0  2  1.66
 2  98.95  0.62  0  2  1.65
 2  95.31  0.42  0  2  1.21
 3  81.94  1.37  1  1  1.57
 3  99.70  0.84  1  2  1.99
 0  67.05  0.71  0  0  2.52
 2  97.46  0.51  0  1  1.15
 1  64.69  1.16  0  0  0.87
 2  82.53  0.61  1  1  0.74
 1  72.67  1.11  0  1  1.68
 0  61.05  0.62  1  0  0.77
 0  77.47  0.61  1  1  2.11
 1  69.02  1.00  1  1  1.55
 3  81.94  1.37  0  3  6.16
 1  78.06  1.37  0  3  1.66
 3  98.95  0.95  1  3  2.41
 2  98.95  0.62  1  3  1.14
 0  78.06  0.21  0  2  1.81
 3  92.56  1.24  0  3  0.90
 3  89.33  1.30  1  3  1.11
 0  67.44  0.33  1  0  0.89
 1  77.42  1.17  0  1  2.20
 2  87.33  0.46  1  2  2.22
 1  77.47  0.96  1  3  2.82
 1  74.25  1.34  0  1  2.61
 1  60.30  0.84  1  0  1.50
 0  77.47  0.61  0  1  1.04
 2  81.94  0.21  1  1  2.18
 2  92.95  0.71  0  3  0.73
 0  72.67  0.46  0  1  1.96
 3  90.98  1.00  1  3  1.16
 0  74.25  0.23  0  1  1.46
 3  92.95  0.86  1  3  1.41
 1  70.67  1.30  1  1  2.90
 3  97.46  1.06  1  2  1.66
 3  87.33  1.11  0  2  2.15
 1  70.67  1.30  0  0  2.20
 0  70.67  0.27  1  1  3.00
 3  95.31  1.16  0  3  1.15
 1  77.42  1.17  1  3  1.67
 3  82.58  1.17  1  1  2.34
 2  92.95  0.71  1  2  2.10
 1  67.44  1.24  1  0  1.90
 1  64.69  1.16  1  0  0.87
 3  98.95  0.95  0  3  0.75
 0  69.02  0.57  0  0  9.06
 0  67.05  0.71  1  0  1.07
 2  90.98  0.57  0  2  1.09
 3  92.95  0.86  0  2  0.89
 0  64.69  0.42  1  1  1.99
 0  60.30  0.73  0  0  0.66
 2  81.94  0.21  0  2  1.34
 0  73.90  0.71  0  1  2.35
 2  97.46  0.51  1  2  2.41
 0  61.05  0.62  0  0  2.27
 2  99.70  0.73  1  3  2.04
 2  82.53  0.61  0  2  1.16
 2  90.98  0.57  1  2  0.82
 0  77.42  0.40  0  2  1.12
 2  89.33  0.27  0  0  1.49
 0  74.25  0.23  1  1  1.26
 0  64.69  0.42  0  1  1.06
 1  60.30  0.84  0  1  1.38
 3  86.10  0.86  1  3  1.90
 1  67.05  0.86  0  0  5.61
 3  82.53  0.96  1  2  1.74
 1  72.67  1.11  1  1  3.59
 2  95.31  0.42  1  2  1.11
 0  67.44  0.33  0  0  0.89
 0  73.90  0.71  1  1  3.23
 1  73.90  0.86  1  0  1.37
 1  77.47  0.96  0  1  2.49
 0  70.67  0.27  0  2  1.16
 1  67.05  0.86  1  0  1.54
 3  90.98  1.00  0  3  3.07
 2  92.56  0.33  1  2  2.07
 1  69.02  1.00  0  0  6.69
 1  67.44  1.24  1  0  1.45
 2  87.33  0.46  0  2  1.07
 1  73.90  0.86  1  1  1.88
 1  77.42  1.17  1  1  1.04
 1  74.25  1.34  0  0  1.59
 0  77.47  0.61  0  2  0.85
 3  87.33  1.11  0  3  1.10
 1  70.67  1.30  1  1  1.34
 3  89.33  1.30  0  3  0.92
 3  86.10  0.86  1  3  1.48
 0  77.42  0.40  0  2  0.94
 1  72.67  1.11  0  1  2.08
 2  92.95  0.71  1  2  0.92
 0  72.67  0.46  0  0  1.09
 0  60.30  0.73  0  0  1.78
 3  86.10  0.86  0  3  2.15
 3  92.56  1.24  1  3  1.03
 3  92.56  1.24  0  3  1.06
 1  60.30  0.84  1  0  1.23
 1  73.90  0.86  0  1  0.75
 2  98.95  0.62  1  2  2.87
 2  90.98  0.57  1  2  0.80
 0  61.05  0.62  1  0  2.67
 0  74.25  0.23  0  1  1.15
 0  67.44  0.33  0  0  0.90
 2  92.56  0.33  1  2  0.89
 2  82.58  0.40  1  2  1.10
 1  69.02  1.00  0  1  3.42
 2  81.94  0.21  1  2  1.44
 2  92.56  0.33  0  1  1.60
 2  95.31  0.42  0  2  1.50
 2  89.33  0.27  1  2  0.89
 3  99.70  0.84  1  3  1.36
 2  99.70  0.73  0  3  1.04
 3  97.46  1.06  0  3  0.99
 3  85.75  1.34  0  1 12.11
 2  97.46  0.51  1  2  0.89
 1  60.30  0.84  0  1  1.42
 3  81.94  1.37  1  3  2.14
 0  78.06  0.21  1  0  2.16
 2  89.33  0.27  0  2  1.24
 0  73.90  0.71  0  1  4.83
 2  82.58  0.40  0  0  1.06
 0  69.02  0.57  1  0  1.03
 0  64.69  0.42  0  0  0.96
 0  77.47  0.61  1  2  1.77
 3  92.95  0.86  0  2  0.57
 1  72.67  1.11  1  0  1.53
 3  81.94  1.37  0  3  2.07
 0  73.90  0.71  1  0  2.05
 1  77.47  0.96  1  0  0.86
 1  67.05  0.86  0  1  1.95
 0  77.42  0.40  1  2  1.49
 2  86.10  0.71  0  2  0.60
 1  77.42  1.17  0  3  0.45
 1  70.67  1.30  0  1  1.61
 0  74.25  0.23  1  0  1.29
 0  61.05  0.62  0  0  1.49
 3  82.58  1.17  1  3  1.01
 0  67.05  0.71  0  0  2.35
 3  87.33  1.11  1  3  0.77
 3  95.31  1.16  0  3  2.39
 1  67.44  1.24  0  1  4.34
 2  81.94  0.21  0  0  1.56
 1  64.69  1.16  1  0  0.95
 3  98.95  0.95  0  3  1.66
 3  98.95  0.95  1  3  1.31
 3  95.31  1.16  1  3  1.19
 3  92.95  0.86  1  3  1.44
 1  78.06  1.37  0  1  2.13
 1  69.02  1.00  1  0  2.63
 0  60.30  0.73  1  0  1.01
 3  82.58  1.17  0  3  0.93
 3  85.75  1.34  1  3  1.06
 2  99.70  0.73  1  2  1.35
 2  92.95  0.71  0  2  1.41
 1  61.05  0.95  0  1  1.68
 1  67.05  0.86  1  1  1.27
 2  97.46  0.51  0  2  0.90
 0  64.69  0.42  1  0  2.52
 0  72.67  0.46  1  0  0.92
 0  69.02  0.57  0  0  4.85
 1  78.06  1.37  1  3  1.77
 2  95.31  0.42  1  2  1.00
 1  74.25  1.34  1  1  4.70
 2  98.95  0.62  0  2  1.83
 1  62.54  1.06  0  2  1.89
 2  87.33  0.46  1  2  1.70
 3  82.53  0.96  0  3  4.49
 2  85.75  0.23  1  2  1.46
 3  90.98  1.00  0  1  2.52
 3  82.53  0.96  1  3  2.99
 0  67.44  0.33  1  0  2.30
 3  97.46  1.06  1  3  2.81
 0  62.54  0.51  1  0  0.92
 1  77.47  0.96  0  0  0.93
 0  70.67  0.27  0  2  8.62
 0  67.05  0.71  1  1  1.86
 1  62.54  1.06  1  1  1.31
 0  78.06  0.21  0  2  0.96
 2  82.53  0.61  0  2  0.82
 2  90.98  0.57  0  3  0.73
 1  61.05  0.95  1  1  1.26
 0  62.54  0.51  0  0  2.42
 0  70.67  0.27  1  0  1.20
 1  64.69  1.16  0  1  1.96
 3  90.98  1.00  1  3  1.63
 2  85.75  0.23  0  2  1.53
 2  82.53  0.61  1  2  2.85
 3  99.70  0.84  0  3  1.48
 3  89.33  1.30  1  3  0.86
 2  86.10  0.71  1  2  1.35
 3  97.46  1.06  1  2 12.39
 0  67.05  0.71  1  1  2.43
 2  81.94  0.21  0  0  2.16
 2  87.33  0.46  0  2  0.62
 2  98.95  0.62  0  3  0.98
 0  73.90  0.71  1  1  2.85
 0  61.05  0.62  0  0  0.96
 3  85.75  1.34  1  3  0.94
 0  72.67  0.46  1  0  3.21
 1  61.05  0.95  0  1  2.29
 2  89.33  0.27  1  2  3.20
 0  64.69  0.42  0  0  6.06
 3  82.58  1.17  1  3  1.06
 3  90.98  1.00  1  3  5.77
 2  87.33  0.46  1  2  1.06
 1  77.42  1.17  0  3  1.17
 1  70.67  1.30  0  1  1.38
 0  77.42  0.40  0  2  1.71
 3  99.70  0.84  0  3  1.56
 1  67.05  0.86  1  0  1.51
 0  74.25  0.23  1  0  3.35
 1  74.25  1.34  1  1  3.05
 3  92.56  1.24  0  3  1.28
 3  95.31  1.16  1  3  4.33
 2  97.46  0.51  1  2  2.90
 3  87.33  1.11  0  3  2.62
 3  86.10  0.86  0  3  0.85
 2  89.33  0.27  0  2  1.10
 1  67.44  1.24  1  1  1.99
 3  89.33  1.30  1  3  2.63
 0  67.05  0.71  0  1  2.49
 1  78.06  1.37  0  3  2.52
 3  98.95  0.95  1  3  1.48
 2  92.95  0.71  0  3  1.30
 0  78.06  0.21  1  0  3.83
 1  67.05  0.86  0  1  4.67
 1  74.25  1.34  0  1  9.44
 0  62.54  0.51  0  0  1.68
 1  62.54  1.06  1  0  1.62
 0  70.67  0.27  1  0  6.15
 2  99.70  0.73  1  3  1.56
 1  64.69  1.16  1  1  5.44
 0  77.47  0.61  0  2  1.21
 0  61.05  0.62  1  0  0.94
 0  64.69  0.42  1  0  3.87
 2  98.95  0.62  1  2  1.18
 3  92.95  0.86  0  3  0.87
 1  64.69  1.16  0  1  7.68
 0  77.42  0.40  1  0  1.52
 2  82.58  0.40  1  2  1.21
 0  67.44  0.33  1  0  0.98
 1  60.30  0.84  1  0  0.85
 0  62.54  0.51  1  0  1.31
 3  86.10  0.86  1  2  1.06
 2  92.95  0.71  1  3  1.48
 3  90.98  1.00  0  3  0.67
 2  85.75  0.23  1  0  3.53
 2  90.98  0.57  1  3  1.46
 1  77.42  1.17  1  1  1.88
 2  92.56  0.33  1  2  1.65
 0  60.30  0.73  1  0  1.34
 3  99.70  0.84  1  3  6.45
 2  85.75  0.23  0  2  1.10
 2  90.98  0.57  0  2  1.53
 1  69.02  1.00  1  1  1.25
 1  73.90  0.86  0  1  2.59
 0  73.90  0.71  0  1  0.87
 3  98.95  0.95  0  2  1.02
 0  78.06  0.21  0  0  3.12
 1  73.90  0.86  1  2  6.05
 1  77.47  0.96  0  1  1.80
 0  72.67  0.46  0  0  1.34
 1  78.06  1.37  1  1  1.15
 3  81.94  1.37  1  1  3.33
 0  60.30  0.73  0  0  1.23
 2  95.31  0.42  1  2  0.98
 1  72.67  1.11  1  2  0.99
 2  82.58  0.40  0  2  1.81
 3  89.33  1.30  0  3  1.67
 1  69.02  1.00  0  1  2.87
 2  86.10  0.71  1  2  2.20
 1  72.67  1.11  0  1  4.25
 2  97.46  0.51  0  2  0.90
 0  70.67  0.27  0  0  1.05
 2  95.31  0.42  0  2  1.12
 0  69.02  0.57  1  0  1.11
 1  70.67  1.30  1  1  5.21
 3  82.58  1.17  0  1  1.31
 2  82.53  0.61  1  2  1.15
 1  67.44  1.24  0  1  2.98
 0  74.25  0.23  0  2  1.90
 1  61.05  0.95  1  0  1.09
 0  77.47  0.61  1  0  1.59
 0  69.02  0.57  0  0  1.06
 3  87.33  1.11  1  3  1.29
 2  99.70  0.73  0  2  1.07
 3  82.53  0.96  0  2  2.81
 2  92.56  0.33  0  2  0.78
 3  85.75  1.34  0  3  1.58
 3  92.56  1.24  1  2  4.75
 2  86.10  0.71  0  2  1.51
 2  82.53  0.61  0  2  3.34
 3  81.94  1.37  0  3  0.62
 2  81.94  0.21  1  2  0.88
 0  67.44  0.33  0  0  2.05
 1  77.47  0.96  1  1  2.26
 3  92.95  0.86  1  2 12.45
 3  82.53  0.96  1  2  1.69
 1  62.54  1.06  0  0  0.87
 3  95.31  1.16  0  3  1.19
 1  60.30  0.84  0  0  0.89
 3  97.46  1.06  0  3  0.77
 0  74.25  0.23  0  0  4.04
 2  98.95  0.62  1  2  8.69
 3  98.95  0.95  1  2  1.42
 2  90.98  0.57  0  2  1.18
 1  62.54  1.06  0  0  1.08
 3  82.53  0.96  0  1  3.46
 3  86.10  0.86  1  3  1.30
 2  86.10  0.71  0  2  0.73
 0  72.67  0.46  1  0  2.09
 1  67.05  0.86  1  1  1.20
 1  72.67  1.11  0  1  0.86
 1  64.69  1.16  1  1  0.80
 0  78.06  0.21  1  2  1.04
 0  72.67  0.46  0  0  1.07
 1  61.05  0.95  0  0  0.93
 1  77.42  1.17  0  3  2.35
 2  82.58  0.40  0  2  0.93
 1  74.25  1.34  1  3  0.84
 2  89.33  0.27  1  2  0.77
 2  89.33  0.27  0  2  0.93
 1  70.67  1.30  1  3  0.93
 1  78.06  1.37  0  3  0.82
 2  92.95  0.71  0  2  0.76
 2  82.53  0.61  0  2  1.73
 3  95.31  1.16  1  3  2.49
 1  74.25  1.34  0  1  1.22
 1  67.44  1.24  0  1  0.54
 1  77.42  1.17  1  1  0.48
 0  77.42  0.40  1  2  0.81
 1  60.30  0.84  1  0  0.88
 1  78.06  1.37  1  1  0.61
 1  77.47  0.96  0  3  0.71
 3  85.75  1.34  1  1  0.41
 3  89.33  1.30  1  3  0.68
 3  98.95  0.95  0  3  1.67
 1  60.30  0.84  0  0  0.86
 1  72.67  1.11  1  1  0.78
 3  92.95  0.86  0  2  1.55
 0  67.05  0.71  1  0  9.89
 1  67.05  0.86  0  1  2.53
 0  73.90  0.71  1  0  4.86
 1  67.44  1.24  1  0  1.09
 3  90.98  1.00  1  3  1.38
 2  81.94  0.21  1  0  1.48
 3  92.95  0.86  1  3  1.16
 1  73.90  0.86  1  1  3.08
 2  85.75  0.23  1  2  1.79
 1  62.54  1.06  1  1  1.24
 3  81.94  1.37  0  1  5.98
 0  73.90  0.71  0  2  0.96
 0  60.30  0.73  0  0  0.90
 3  97.46  1.06  0  3  0.95
 3  89.33  1.30  0  3  0.72
 2  98.95  0.62  0  2  0.82
 3  82.58  1.17  1  3  6.80
 1  69.02  1.00  0  1  1.22
 0  74.25  0.23  1  0  1.82
 3  87.33  1.11  1  3  0.81
 0  70.67  0.27  1  0  3.10
 3  99.70  0.84  0  2  0.73
 2  95.31  0.42  1  2  1.56
 0  60.30  0.73  1  1  1.05
 3  90.98  1.00  0  3  1.56
 0  62.54  0.51  0  0  2.87
 2  82.53  0.61  1  3  2.05
 2  99.70  0.73  1  3  1.19
 1  61.05  0.95  1  1  1.62
 0  61.05  0.62  1  0  1.15
 3  92.56  1.24  0  3  0.83
 2  95.31  0.42  0  2  0.94
 3  86.10  0.86  0  3  1.61
 2  82.58  0.40  1  2  4.78
 3  82.58  1.17  0  1  2.94
 0  69.02  0.57  1  0  2.39
 3  81.94  1.37  1  3  1.73
 0  67.44  0.33  1  0  1.84
 0  77.47  0.61  1  0  3.31
 0  78.06  0.21  0  0  1.21
 1  77.47  0.96  1  1  8.91
 0  64.69  0.42  0  0  2.73
 0  64.69  0.42  1  0  0.65
 0  67.44  0.33  0  0  0.69
 2  99.70  0.73  0  2  1.28
 3  99.70  0.84  1  2  1.33
 0  67.05  0.71  0  1  2.19
 3  95.31  1.16  0  3  1.63
 2  92.56  0.33  1  2  1.64
 0  77.42  0.40  0  2  4.97
 3  87.33  1.11  0  3  1.78
 1  70.67  1.30  0  2  2.02
 2  92.56  0.33  0  2  0.78
 1  64.69  1.16  0  1  3.32
 0  77.47  0.61  0  0  1.12
 1  69.02  1.00  1  0  1.39
 2  85.75  0.23  0  2  0.78
 2  86.10  0.71  1  3  1.55
 2  90.98  0.57  1  2  0.98
 0  69.02  0.57  0  0  1.09
 1  73.90  0.86  0  1  1.89
 2  87.33  0.46  0  2  2.35
 0  61.05  0.62  0  0  1.50
 3  92.56  1.24  1  3 10.54
 2  81.94  0.21  0  2  5.65
 0  62.54  0.51  1  0  1.49
 2  92.95  0.71  1  3  1.27
 3  97.46  1.06  1  3  0.77
 2  97.46  0.51  1  3  0.86
 2  97.46  0.51  0  3  0.69
 0  70.67  0.27  0  0  1.03
 3  85.75  1.34  0  3  1.20
 3  82.53  0.96  1  1  3.36
 2  87.33  0.46  1  2  2.03
 1  78.06  1.37  1  1  2.76
 0  67.44  0.33  1  0  1.45
 3  95.31  1.16  0  3  0.85
 0  70.67  0.27  1  1  9.16
 1  77.47  0.96  1  0  2.71
 0  77.47  0.61  1  0  3.44
 1  61.05  0.95  0  0  1.11
 2  82.58  0.40  1  2  5.07
 2  89.33  0.27  1  2  2.14
 3  98.95  0.95  1  3  1.50
 1  69.02  1.00  1  0  3.42
 0  73.90  0.71  0  1  1.78
 3  92.95  0.86  1  3  1.58
 0  74.25  0.23  1  0  1.78
 1  72.67  1.11  0  1  2.19
 2  89.33  0.27  0  2  1.20
 2  87.33  0.46  1  2  1.27
 0  74.25  0.23  0  0  0.96
 3  99.70  0.84  0  3  0.89
 0  77.42  0.40  1  0  2.09
 3  86.10  0.86  1  2  2.14
 2  99.70  0.73  1  3  1.33
 1  60.30  0.84  1  0  1.01
 1  67.44  1.24  1  1  1.63
 2  95.31  0.42  1  2  1.72
 3  85.75  1.34  1  3  0.82
 1  67.05  0.86  0  0  1.78
 0  64.69  0.42  0  0  1.47
 1  77.47  0.96  0  1  1.08
 3  92.95  0.86  0  2  0.98
 1  62.54  1.06  0  1  1.75
 1  70.67  1.30  0  1  0.98
 3  81.94  1.37  0  3  1.21
 0  72.67  0.46  0  2  5.09
 3  97.46  1.06  0  2  0.96
 0  69.02  0.57  1  0  3.32
 0  77.47  0.61  0  0  4.38
 2  92.95  0.71  0  2  3.69
 1  69.02  1.00  0  1  2.50
 0  73.90  0.71  1  0  4.14
 3  92.56  1.24  0  3  2.03
 0  77.42  0.40  0  2  3.76
 1  77.42  1.17  1  1  2.73
 3  92.56  1.24  1  3  1.72
 1  73.90  0.86  1  1  3.13
 0  78.06  0.21  0  0  6.21
 2  98.95  0.62  0  2  0.97
 3  97.46  1.06  1  3  1.02
 1  64.69  1.16  0  1  4.08
 2  92.56  0.33  0  2  2.57
 2  90.98  0.57  1  2  2.80
 0  61.05  0.62  1  0  1.75
 2  97.46  0.51  0  3  1.41
 2  85.75  0.23  1  2  1.27
 2  98.95  0.62  1  3  0.67
 2  81.94  0.21  1  2  1.48
 0  78.06  0.21  1  2  1.15
 2  99.70  0.73  0  3  0.83
 3  82.58  1.17  1  1  3.52
 3  89.33  1.30  0  3  1.70
 2  86.10  0.71  0  2  1.67
 3  82.58  1.17  0  1  5.21
 1  64.69  1.16  1  1  2.07
 3  99.70  0.84  1  2 10.07
 1  67.44  1.24  0  1  1.83
 2  82.53  0.61  1  2  7.23
 2  92.56  0.33  1  2  1.04
 3  98.95  0.95  0  3  0.83
 1  61.05  0.95  1  1  1.51
 3  81.94  1.37  1  3  2.06
 0  70.67  0.27  0  0  3.49
 1  74.25  1.34  0  1  3.34
 1  62.54  1.06  1  0  1.78
 1  70.67  1.30  1  1  0.56
 2  82.53  0.61  0  2  2.59
 3  87.33  1.11  1  3  0.69
 1  73.90  0.86  0  2  5.28
 2  90.98  0.57  0  2  0.85
 0  64.69  0.42  1  0  1.46
 2  86.10  0.71  1  2  3.49
 2  85.75  0.23  0  2  1.35
 3  85.75  1.34  0  3  1.05
 0  67.05  0.71  1  0  4.27
 1  72.67  1.11  1  0  1.16
 3  90.98  1.00  1  3  1.89
 3  82.53  0.96  1  1  1.94
 2  95.31  0.42  0  2  1.32
 1  74.25  1.34  1  1  2.96
 0  62.54  0.51  1  0  1.56
 2  87.33  0.46  0  2  4.19
 3  87.33  1.11  0  3  1.32
 3  89.33  1.30  1  3  1.87
 0  72.67  0.46  1  0  3.32
 0  62.54  0.51  0  1  1.35
 1  78.06  1.37  0  3  1.21
 3  82.53  0.96  0  3  0.69
 2  97.46  0.51  1  2  0.84
 0  61.05  0.62  0  0  1.96
 1  77.42  1.17  0  1  9.51
 3  95.31  1.16  1  3  1.58
 3  90.98  1.00  0  3  2.37
 0  60.30  0.73  0  1  1.83
 1  67.05  0.86  1  0  1.04
 2  82.58  0.40  0  2  1.98
 2  81.94  0.21  0  2  1.88
 0  67.44  0.33  0  0  2.89
 0  60.30  0.73  1  0  1.37
 0  67.05  0.71  0  0  2.34
 1  60.30  0.84  0  0  2.62
 2  92.95  0.71  1  2  0.91
 0  69.02  0.57  0  0  6.76
 3  86.10  0.86  0  2  1.08
