 3  86.10  0.86  0  1  3.34
 2  98.95  0.62  1  1  3.11
 0  73.90  0.71  1  1  1.65
 2  85.75  0.23  1  2  4.23
 1  61.05  0.95  0  1  1.62
 3  98.95  0.95  1  3  2.00
 2  82.58  0.40  1  2  1.86
 0  77.42  0.40  1  0  4.21
 0  78.06  0.21  0  0  2.37
 2  89.33  0.27  0  2  2.26
 0  72.67  0.46  1  1  1.83
 1  73.90  0.86  0  0  1.77
 2  82.58  0.40  0  2  3.34
 3  89.33  1.30  1  3  2.52
 0  67.44  0.33  1  1  5.54
 1  74.25  1.34  1  0  4.30
 2  87.33  0.46  0  3  2.64
 1  60.30  0.84  0  1  2.87
 1  60.30  0.84  1  1  1.29
 2  92.95  0.71  0  2  2.37
 3  98.95  0.95  0  3  3.08
 0  70.67  0.27  1  0  2.12
 2  90.98  0.57  1  2  1.50
 0  74.25  0.23  0  0  2.70
 2  92.95  0.71  1  2  1.72
 1  70.67  1.30  1  1  1.82
 2  89.33  0.27  1  3  1.81
 3  90.98  1.00  1  3  1.34
 1  70.67  1.30  0  0  2.46
 0  78.06  0.21  1  0  1.47
 2  82.53  0.61  1  0  3.23
 0  62.54  0.51  0  1  1.28
 2  85.75  0.23  0  2  1.87
 2  90.98  0.57  0  2  3.68
 2  99.70  0.73  0  3  1.81
 3  85.75  1.34  0  2  2.31
 3  90.98  1.00  0  3  1.63
 3  81.94  1.37  0  3  1.84
 2  81.94  0.21  1  3  1.40
 0  69.02  0.57  1  1 10.58
 1  67.05  0.86  1  0  2.15
 2  86.10  0.71  1  2  1.83
 1  73.90  0.86  1  0  2.54
 3  92.95  0.86  1  2  1.71
 3  97.46  1.06  0  3  8.98
 1  67.44  1.24  1  1  8.22
 1  78.06  1.37  1  1  1.84
 3  82.58  1.17  1  1  2.19
 0  73.90  0.71  0  0 30.49
 1  78.06  1.37  0  2  5.24
 0  77.47  0.61  0  2 14.86
 2  86.10  0.71  0  2  1.12
 1  62.54  1.06  0  1  1.83
 2  99.70  0.73  1  3  1.73
 2  92.56  0.33  0  3  3.36
 0  67.05  0.71  0  0 12.35
 1  77.47  0.96  1  2  3.50
 0  67.44  0.33  0  1  2.08
 3  95.31  1.16  1  2  2.12
 3  87.33  1.11  0  2  3.62
 1  61.05  0.95  1  1  2.23
 2  82.53  0.61  0  2  3.30
 1  67.44  1.24  0  0  1.59
 1  77.47  0.96  0  2  5.24
 1  69.02  1.00  0  0  1.47
 2  95.31  0.42  0  2  1.67
 0  64.69  0.42  1  0  5.01
 3  92.56  1.24  1  3  3.64
 1  72.67  1.11  1  0  2.82
 2  92.56  0.33  1  3  2.63
 3  99.70  0.84  0  2  1.99
 3  87.33  1.11  1  3  4.67
 1  77.42  1.17  1  0  2.94
 0  60.30  0.73  1  1  2.56
 2  97.46  0.51  1  2  3.85
 2  95.31  0.42  1  2  1.52
 3  95.31  1.16  0  3  2.02
 1  64.69  1.16  0  0  2.63
 1  62.54  1.06  1  1  2.44
 0  61.05  0.62  1  0  1.36
 2  97.46  0.51  0  2  2.88
 3  82.58  1.17  0  1  6.67
 1  64.69  1.16  1  1  3.25
 3  97.46  1.06  1  3  2.15
 3  81.94  1.37  1  1  6.35
 0  62.54  0.51  1  0  1.54
 0  77.47  0.61  1  0  5.84
 0  60.30  0.73  0  0  1.52
 3  82.53  0.96  1  3  5.48
 1  67.05  0.86  0  1  3.46
 0  77.42  0.40  0  2  3.39
 0  74.25  0.23  1  0  2.68
 2  81.94  0.21  0  0  2.15
 1  74.25  1.34  0  1  5.32
 3  82.53  0.96  0  1  9.14
 0  61.05  0.62  0  0  2.34
 3  92.56  1.24  0  3  4.52
 2  98.95  0.62  0  2  2.26
 0  67.05  0.71  1  0  2.32
 0  70.67  0.27  0  0  2.90
 1  69.02  1.00  1  1  1.81
 3  92.95  0.86  0  2  3.09
 0  64.69  0.42  0  0  2.75
 0  72.67  0.46  0  0  2.19
 1  77.42  1.17  0  1  1.35
 3  86.10  0.86  1  3  2.48
 3  89.33  1.30  0  3  1.44
 2  87.33  0.46  1  2  1.53
 0  69.02  0.57  0  0  1.85
 3  85.75  1.34  1  3  2.34
 1  72.67  1.11  0  1  4.68
 3  99.70  0.84  1  2  4.08
 2  86.10  0.71  0  0  6.33
 3  85.75  1.34  1  3 22.47
 3  92.56  1.24  1  3  1.77
 1  62.54  1.06  1  1  2.01
 3  85.75  1.34  0  3  2.79
 1  64.69  1.16  0  1  1.90
 0  72.67  0.46  0  0  1.17
 1  73.90  0.86  0  0  1.28
 3  98.95  0.95  1  3  1.78
 3  82.53  0.96  0  3  1.61
 0  67.44  0.33  0  0  1.56
 0  70.67  0.27  1  0  1.38
 0  74.25  0.23  0  0  1.12
 0  69.02  0.57  0  0  0.91
 3  92.95  0.86  1  2  3.47
 1  64.69  1.16  1  1  1.38
 0  73.90  0.71  0  0  1.44
 3  97.46  1.06  0  3  1.38
 0  64.69  0.42  1  0  1.22
 3  81.94  1.37  1  1  1.36
 1  60.30  0.84  1  0  1.84
 3  86.10  0.86  0  3  2.99
 0  69.02  0.57  1  0  1.88
 2  98.95  0.62  1  2  1.39
 2  92.56  0.33  1  2  0.81
 1  74.25  1.34  1  1  2.26
 2  87.33  0.46  1  2  1.31
 0  77.42  0.40  1  0  3.02
 3  92.56  1.24  0  3  1.77
 0  62.54  0.51  0  0  1.29
 2  99.70  0.73  1  3  2.45
 2  90.98  0.57  1  2  0.85
 1  77.47  0.96  0  1  2.63
 0  60.30  0.73  0  0  2.18
 2  86.10  0.71  1  3  2.30
 1  72.67  1.11  0  3  0.94
 3  95.31  1.16  0  3  1.42
 3  98.95  0.95  0  3  1.67
 1  62.54  1.06  0  1  3.05
 1  74.25  1.34  0  1  1.95
 0  67.05  0.71  0  0  1.14
 2  82.53  0.61  0  3  6.77
 1  69.02  1.00  1  1  2.71
 0  78.06  0.21  0  0  1.81
 1  77.47  0.96  1  1  1.23
 3  99.70  0.84  0  3  2.43
 3  90.98  1.00  1  3  1.99
 1  72.67  1.11  1  1  1.66
 3  87.33  1.11  0  1  5.99
 2  92.95  0.71  1  2  2.00
 1  78.06  1.37  1  1  1.57
 0  78.06  0.21  1  0  1.11
 2  89.33  0.27  1  2  1.52
 3  86.10  0.86  1  3  1.12
 3  89.33  1.30  1  3  1.77
 0  73.90  0.71  1  0  2.46
 1  78.06  1.37  0  1  1.08
 1  67.05  0.86  1  1  2.97
 3  99.70  0.84  1  2  4.34
 3  87.33  1.11  1  3  1.86
 1  67.05  0.86  0  0  1.63
 1  67.44  1.24  1  1  2.39
 2  92.95  0.71  0  2 164.43
 1  60.30  0.84  0  0  2.23
 2  99.70  0.73  0  2  4.09
 3  95.31  1.16  1  3  2.40
 2  85.75  0.23  1  0  2.62
 1  73.90  0.86  1  1  1.55
 0  61.05  0.62  1  0  1.39
 2  92.56  0.33  0  2  1.44
 1  61.05  0.95  0  1  1.56
 0  64.69  0.42  0  0  0.99
 2  97.46  0.51  1  2  1.23
 2  85.75  0.23  0  2  1.19
 3  92.95  0.86  0  3  1.05
 1  70.67  1.30  0  1  1.09
 1  69.02  1.00  0  1  1.30
 2  95.31  0.42  0  2  1.01
 0  62.54  0.51  1  0  1.14
 1  70.67  1.30  1  1  1.16
 3  82.58  1.17  0  3  1.73
 2  81.94  0.21  1  2  0.98
 3  90.98  1.00  0  3  1.40
 2  82.53  0.61  1  2  2.33
 1  77.42  1.17  1  3  1.45
 2  98.95  0.62  0  2  1.08
 0  74.25  0.23  1  0  1.02
 0  60.30  0.73  1  1  1.28
 0  72.67  0.46  1  0  1.26
 0  77.47  0.61  1  0  1.79
 0  70.67  0.27  0  0  1.00
 3  82.58  1.17  1  3  2.60
 3  97.46  1.06  1  3  1.62
 1  61.05  0.95  1  1  1.97
 2  97.46  0.51  0  2  1.50
 1  67.44  1.24  0  1  1.37
 2  81.94  0.21  0  2  1.82
 0  77.42  0.40  0  2  1.13
 2  95.31  0.42  1  2  1.18
 0  61.05  0.62  0  0  1.28
 0  77.47  0.61  0  0  2.08
 3  81.94  1.37  0  1  5.11
 2  82.58  0.40  0  0  5.85
 0  67.44  0.33  1  0  1.28
 2  87.33  0.46  0  2  1.55
 2  82.58  0.40  1  2  1.04
 3  89.33  1.30  0  3  1.32
 3  82.53  0.96  1  3  1.80
 2  90.98  0.57  0  2  1.19
 0  67.05  0.71  1  0  1.94
 2  89.33  0.27  0  2  1.28
 1  77.42  1.17  0  1  2.09
 2  95.31  0.42  1  2  7.87
 0  78.06  0.21  1  0  2.51
 3  92.56  1.24  1  3  1.16
 3  85.75  1.34  0  1  2.07
 2  85.75  0.23  0  2  1.86
 2  89.33  0.27  0  2  0.83
 1  70.67  1.30  1  1  1.41
 3  89.33  1.30  1  3  1.70
 0  69.02  0.57  1  0  1.42
 0  62.54  0.51  1  0  2.21
 3  95.31  1.16  0  3  2.37
 3  87.33  1.11  1  3  4.56
 1  73.90  0.86  0  1  2.09
 1  67.05  0.86  0  0  2.39
 0  67.44  0.33  1  0  1.18
 1  60.30  0.84  1  0  3.33
 1  77.42  1.17  1  1  3.39
 2  85.75  0.23  1  0  4.42
 1  60.30  0.84  0  0  1.80
 0  74.25  0.23  1  0  1.04
 0  77.47  0.61  0  0  1.61
 2  87.33  0.46  0  2  1.53
 1  64.69  1.16  1  1  4.62
 0  69.02  0.57  0  0  1.53
 2  92.95  0.71  0  2  3.04
 3  82.53  0.96  0  3  1.35
 0  67.44  0.33  0  0  1.46
 1  72.67  1.11  1  1  1.14
 3  90.98  1.00  0  3  2.03
 0  73.90  0.71  0  0  2.58
 2  98.95  0.62  1  2  1.62
 3  81.94  1.37  1  1  1.67
 0  62.54  0.51  0  0  1.30
 1  78.06  1.37  0  1  1.34
 1  61.05  0.95  0  1  1.62
 1  78.06  1.37  1  1  1.55
 2  92.56  0.33  0  2  1.45
 2  95.31  0.42  0  2  1.15
 2  92.95  0.71  1  3  1.50
 1  69.02  1.00  1  1  2.17
 2  81.94  0.21  1  0  3.39
 1  77.47  0.96  0  1  4.87
 2  97.46  0.51  1  2  1.39
 1  72.67  1.11  0  1  1.23
 3  98.95  0.95  1  3  1.49
 1  67.05  0.86  1  0  6.44
 2  99.70  0.73  1  3  3.15
 0  72.67  0.46  1  0  1.16
 1  67.44  1.24  0  1  1.56
 0  77.47  0.61  1  0  2.35
 2  89.33  0.27  1  2  1.09
 1  77.47  0.96  1  1  2.84
 1  61.05  0.95  1  1  1.21
 3  82.58  1.17  1  3  1.59
 3  97.46  1.06  0  3  1.55
 0  70.67  0.27  1  0  2.59
 2  92.56  0.33  1  2  2.64
 2  97.46  0.51  0  2  3.37
 1  73.90  0.86  1  1  1.83
 0  64.69  0.42  0  0  1.36
 3  95.31  1.16  1  3  1.30
 0  61.05  0.62  1  0  1.37
 2  81.94  0.21  0  2  3.34
 1  70.67  1.30  0  1  1.55
 0  72.67  0.46  0  0  1.84
 3  86.10  0.86  1  3  3.44
 3  81.94  1.37  0  3  1.19
 2  82.53  0.61  0  2  1.66
 3  92.56  1.24  0  3  1.14
 0  78.06  0.21  0  0  1.40
 3  98.95  0.95  0  3  1.77
 2  99.70  0.73  0  2  1.42
 2  82.53  0.61  1  2  2.89
 3  97.46  1.06  1  3  1.35
 0  70.67  0.27  0  0  1.74
 2  82.58  0.40  1  0  1.66
 0  74.25  0.23  0  0  1.92
 0  67.05  0.71  1  1  4.29
 3  82.53  0.96  1  1  1.72
 3  86.10  0.86  0  3  1.08
 2  90.98  0.57  0  2  1.45
 1  69.02  1.00  0  1  1.95
 3  85.75  1.34  1  3  2.71
 2  82.58  0.40  0  2  4.15
 0  60.30  0.73  0  0  1.27
 0  77.42  0.40  1  0  1.79
 2  86.10  0.71  0  2  2.70
 2  90.98  0.57  1  2  1.54
 0  73.90  0.71  1  0 11.37
 0  60.30  0.73  1  0  1.13
 1  74.25  1.34  0  1  1.10
 3  99.70  0.84  0  2  2.61
 0  61.05  0.62  0  0  1.58
 0  64.69  0.42  1  0  1.03
 1  77.42  1.17  0  1  1.62
 1  67.44  1.24  1  1  1.22
 3  92.95  0.86  1  2  1.31
 1  62.54  1.06  1  1  2.22
 3  92.95  0.86  0  2  3.28
 2  98.95  0.62  0  2  1.93
 0  77.42  0.40  0  0  4.33
 1  64.69  1.16  0  1  1.05
 2  87.33  0.46  1  2  1.46
 1  62.54  1.06  0  1  4.47
 3  99.70  0.84  1  2  1.12
 3  89.33  1.30  0  3  5.04
 2  86.10  0.71  1  2  3.43
 3  87.33  1.11  0  3  1.79
 0  67.05  0.71  0  0  1.66
 1  74.25  1.34  1  1  0.99
 3  82.58  1.17  0  3  6.12
 3  90.98  1.00  1  3  5.09
 3  92.56  1.24  0  3  3.07
 1  74.25  1.34  0  1  1.54
 1  62.54  1.06  1  0  4.45
 3  97.46  1.06  1  3  3.61
 2  98.95  0.62  0  2  1.06
 2  85.75  0.23  0  2  1.51
 3  82.58  1.17  1  3  9.56
 3  92.95  0.86  1  2  1.93
 1  78.06  1.37  1  1  1.91
 2  89.33  0.27  1  2  2.51
 3  87.33  1.11  1  3 15.57
 3  99.70  0.84  1  2  1.70
 3  82.53  0.96  0  3  3.95
 1  69.02  1.00  1  1  1.83
 2  97.46  0.51  0  2  1.10
 1  70.67  1.30  0  1  1.11
 2  82.58  0.40  1  2  2.00
 0  67.44  0.33  0  0  0.97
 0  64.69  0.42  0  0  0.74
 0  70.67  0.27  0  0  0.83
 3  89.33  1.30  1  3  1.47
 2  86.10  0.71  0  2  2.01
 0  77.42  0.40  1  2  2.63
 2  87.33  0.46  0  2  1.14
 3  82.53  0.96  1  3  1.77
 1  77.42  1.17  1  3  1.40
 2  81.94  0.21  1  2  1.74
 3  82.58  1.17  0  3  0.95
 2  92.95  0.71  0  2  1.52
 1  78.06  1.37  0  3  1.43
 2  92.56  0.33  1  2  1.07
 3  86.10  0.86  1  3  2.70
 0  72.67  0.46  1  0  1.76
 3  81.94  1.37  0  1  8.96
 1  67.44  1.24  1  1  1.03
 2  98.95  0.62  1  2  1.21
 0  67.44  0.33  1  0  1.06
 1  61.05  0.95  1  1  1.21
 1  64.69  1.16  0  1  5.33
 1  72.67  1.11  0  1  4.94
 2  81.94  0.21  0  2  2.19
 1  60.30  0.84  1  1  4.20
 2  90.98  0.57  0  2 31.37
 0  70.67  0.27  1  0  1.16
 3  92.95  0.86  0  2  1.85
 0  60.30  0.73  1  0  1.47
 1  67.44  1.24  0  1  1.22
 3  90.98  1.00  1  3  1.59
 1  77.47  0.96  1  1  2.23
 2  97.46  0.51  1  2  1.06
 1  69.02  1.00  0  1  2.96
 0  61.05  0.62  0  0  0.98
 1  73.90  0.86  0  1  1.71
 0  62.54  0.51  0  0  1.21
 0  73.90  0.71  0  0  5.04
 3  89.33  1.30  0  3  2.25
 2  99.70  0.73  1  2  1.17
 0  72.67  0.46  0  0  1.76
 2  87.33  0.46  1  2  8.67
 3  98.95  0.95  1  2  1.67
 3  81.94  1.37  1  3  1.10
 1  62.54  1.06  0  1  2.95
 2  99.70  0.73  0  2  6.28
 0  67.05  0.71  1  0  4.23
 0  69.02  0.57  1  0  0.91
 0  74.25  0.23  0  0  1.41
 1  60.30  0.84  0  1  1.59
 2  90.98  0.57  1  2  1.47
 0  73.90  0.71  1  0  3.75
 2  95.31  0.42  0  2  1.09
 2  86.10  0.71  1  2  0.76
 0  64.69  0.42  1  0  1.07
 1  64.69  1.16  1  1  1.04
 1  61.05  0.95  0  1  1.33
 3  99.70  0.84  0  3  1.02
 1  72.67  1.11  1  1  1.91
 3  85.75  1.34  0  3  1.43
 2  82.53  0.61  1  2  1.79
 0  69.02  0.57  0  0  2.55
 0  62.54  0.51  1  0  1.17
 1  67.05  0.86  1  1  1.49
 3  85.75  1.34  1  3  1.75
 3  92.56  1.24  1  3  1.08
 0  78.06  0.21  1  2  1.49
 2  95.31  0.42  1  2  0.89
 0  78.06  0.21  0  0  1.33
 1  67.05  0.86  0  1  1.45
 3  95.31  1.16  0  3  1.21
 2  82.58  0.40  0  2  1.93
 2  92.95  0.71  1  2  2.93
 0  77.47  0.61  1  0  4.35
 3  97.46  1.06  0  3  1.31
 3  87.33  1.11  0  3  1.17
 1  70.67  1.30  1  1  1.32
 3  86.10  0.86  0  2  2.72
 0  77.42  0.40  0  0  1.58
 3  95.31  1.16  1  3  2.19
 3  90.98  1.00  0  3  3.43
 1  73.90  0.86  1  1  8.14
 2  89.33  0.27  0  2  1.37
 1  77.42  1.17  0  1  3.00
 0  77.47  0.61  0  0  2.00
 0  67.05  0.71  0  0  1.71
 3  98.95  0.95  0  3  1.88
 0  74.25  0.23  1  0  3.97
 2  82.53  0.61  0  0  3.90
 1  77.47  0.96  0  3  1.48
 1  74.25  1.34  1  1  0.67
 2  92.56  0.33  0  2  1.12
 2  85.75  0.23  1  2  1.22
 0  60.30  0.73  0  0  2.10
 0  61.05  0.62  1  0  0.74
 0  69.02  0.57  1  0  2.38
 0  72.67  0.46  1  0  1.23
 2  99.70  0.73  1  2  1.59
 2  92.56  0.33  0  2  0.89
 3  99.70  0.84  0  3  5.03
 0  67.44  0.33  1  0  1.01
 3  89.33  1.30  1  3  1.25
 0  67.44  0.33  0  0  0.98
 2  85.75  0.23  1  0  0.79
 2  95.31  0.42  1  2  0.96
 2  97.46  0.51  0  2  1.34
 3  92.56  1.24  0  3  1.35
 2  86.10  0.71  0  2  9.01
 3  85.75  1.34  1  3  2.20
 2  92.95  0.71  0  2 17.74
 1  67.44  1.24  0  1  1.73
 0  77.47  0.61  1  0  1.71
 1  69.02  1.00  1  1  1.89
 2  82.58  0.40  0  2  2.26
 0  60.30  0.73  0  0  1.03
 3  86.10  0.86  1  3  2.40
 3  97.46  1.06  0  3  1.31
 3  99.70  0.84  1  2  1.78
 1  67.05  0.86  0  1  7.60
 1  77.47  0.96  1  1  1.08
 3  82.53  0.96  0  1  1.23
 2  86.10  0.71  1  2  1.70
 2  85.75  0.23  0  2  2.02
 0  73.90  0.71  0  0  2.77
 1  64.69  1.16  1  1  1.25
 2  89.33  0.27  0  2  1.74
 2  97.46  0.51  1  2  1.41
 0  77.42  0.40  1  0  1.62
 0  74.25  0.23  1  0  2.28
 0  70.67  0.27  1  0  1.27
 0  61.05  0.62  0  0  1.39
 1  69.02  1.00  0  1  1.44
 0  77.42  0.40  0  0  1.13
 1  77.42  1.17  0  1  1.98
 0  74.25  0.23  0  0  1.64
 2  82.58  0.40  1  2  1.65
 3  90.98  1.00  1  3  1.47
 0  62.54  0.51  1  0  1.17
 0  78.06  0.21  1  0  2.12
 3  98.95  0.95  1  2  2.24
 1  62.54  1.06  0  1  1.86
 2  99.70  0.73  0  2  1.64
 0  72.67  0.46  0  0  1.36
 0  73.90  0.71  1  0  3.58
 1  78.06  1.37  0  1  4.69
 1  73.90  0.86  0  0  1.50
 2  98.95  0.62  0  2  1.60
 1  74.25  1.34  1  1  1.25
 3  81.94  1.37  1  3  1.62
 0  70.67  0.27  0  0  1.33
 1  74.25  1.34  0  1  1.10
 2  98.95  0.62  1  2  1.05
 0  64.69  0.42  1  0  1.19
 3  92.95  0.86  0  2  2.66
 3  82.53  0.96  1  2  5.84
 3  87.33  1.11  1  3  1.24
 3  81.94  1.37  0  3  1.02
 3  82.58  1.17  0  3  1.58
 0  62.54  0.51  0  0  1.42
 1  77.47  0.96  0  2  2.64
 1  70.67  1.30  1  1  1.50
 3  90.98  1.00  0  3  2.72
 1  64.69  1.16  0  1  1.30
 2  92.95  0.71  1  2  1.35
 1  72.67  1.11  0  1  3.76
 0  64.69  0.42  0  0  1.18
 1  70.67  1.30  0  1  1.57
 0  78.06  0.21  0  0  4.54
 3  85.75  1.34  0  3  1.76
 0  61.05  0.62  1  0  1.61
 3  89.33  1.30  0  3  9.46
 3  82.58  1.17  1  3  4.76
 2  90.98  0.57  1  2  1.07
 3  95.31  1.16  0  3  1.01
 3  87.33  1.11  0  3  1.92
 3  92.95  0.86  1  2  1.04
 1  60.30  0.84  0  0  1.50
 1  60.30  0.84  1  0  1.99
 0  67.05  0.71  1  0  1.02
 1  62.54  1.06  1  1  0.99
 0  69.02  0.57  0  0  0.88
 2  92.56  0.33  1  2  1.06
 1  77.42  1.17  1  1  4.51
 2  90.98  0.57  0  2  1.97
 2  89.33  0.27  1  2  1.15
 1  78.06  1.37  1  3  1.24
 2  81.94  0.21  1  2  1.03
 1  67.05  0.86  1  0  4.35
 1  61.05  0.95  0  1  2.48
 1  73.90  0.86  1  1  3.29
 1  72.67  1.11  1  1  1.01
 2  87.33  0.46  1  2  1.08
 2  81.94  0.21  0  2  0.85
 2  95.31  0.42  0  2  0.55
 0  67.05  0.71  0  0  1.38
 3  97.46  1.06  1  3  1.09
 0  60.30  0.73  1  0  1.32
 2  82.53  0.61  1  2  1.97
 1  67.44  1.24  1  1  1.18
 3  86.10  0.86  0  3  3.43
 2  82.53  0.61  0  0  3.95
 3  98.95  0.95  0  3  2.48
 2  87.33  0.46  0  2  4.37
 3  95.31  1.16  1  3  1.66
 3  92.56  1.24  1  3  0.95
 1  61.05  0.95  1  1  2.85
 0  77.47  0.61  0  0  2.78
