 1  82.58  0.40  1  0  3.40
 1  85.75  1.34  0  1  5.99
 0  64.69  0.42  0  1  1.80
 0  82.53  0.96  1  1  1.58
 1  67.44  0.33  1  0  2.29
 1  70.67  0.27  1  1  2.20
 1  60.30  0.84  1  0  1.64
 0  73.90  0.86  0  1  3.04
 0  62.54  1.06  0  0  2.63
 0  85.75  0.23  0  0  2.29
 1  67.05  0.71  1  1  2.81
 0  95.31  0.42  1  0  5.22
 1  82.53  0.61  1  0  1.36
 1  89.33  0.27  1  0  1.27
 1  81.94  1.37  0  1 22.32
 0  82.58  1.17  1  0  2.01
 0  67.05  0.86  0  1  2.85
 0  95.31  1.16  1  1  3.82
 0  92.56  0.33  0  0  1.76
 0  98.95  0.62  1  1  1.50
 0  60.30  0.73  0  1 29.44
 1  77.42  1.17  0  1  4.01
 1  99.70  0.84  0  0  4.72
 1  99.70  0.73  0  1  2.68
 1  92.56  1.24  0  0  7.71
 0  99.70  0.84  1  1  4.62
 0  69.02  1.00  0  0  4.90
 1  82.58  1.17  0  0  5.14
 0  86.10  0.86  1  1  1.53
 1  69.02  0.57  1  0  3.30
 0  70.67  1.30  1  0  1.40
 0  90.98  1.00  1  0  1.11
 0  87.33  1.11  1  0  1.10
 0  97.46  1.06  1  0  1.05
 0  74.25  0.23  0  1  0.96
 0  61.05  0.62  0  0  1.35
 0  92.95  0.71  1  0  1.13
 0  99.70  0.73  1  0  0.62
 1  92.56  0.33  1  0  0.69
 0  70.67  0.27  0  1  0.97
 1  64.69  0.42  1  0  2.71
 0  69.02  0.57  0  1  0.81
 1  61.05  0.62  1  0  1.63
 1  67.05  0.86  1  0  0.92
 0  73.90  0.71  0  0  1.15
 0  87.33  0.46  0  0  0.69
 1  85.75  0.23  1  1  3.45
 1  98.95  0.62  0  1  1.64
 1  87.33  0.46  1  1  1.06
 1  78.06  1.37  0  0  1.37
 1  69.02  1.00  1  1  0.81
 1  86.10  0.71  0  0  0.98
 0  82.58  0.40  0  1  1.70
 0  77.47  0.96  1  0  0.44
 0  81.94  1.37  1  0  0.37
 1  73.90  0.86  1  0  1.59
 1  70.67  1.30  0  1  0.34
 0  89.33  1.30  1  1  0.65
 1  82.53  0.96  0  0  0.79
 1  77.47  0.61  1  1  0.39
 1  92.95  0.71  0  1  1.03
 1  97.46  0.51  0  0  1.24
 0  97.46  0.51  1  0  0.34
 1  72.67  1.11  0  0  0.34
 1  98.95  0.95  0  0  0.60
 1  95.31  1.16  0  0  2.00
 1  87.33  1.11  0  0  0.60
 0  82.53  0.61  0  0  0.85
 1  92.95  0.86  0  0  0.46
 0  72.67  0.46  0  1  0.46
 1  73.90  0.71  1  1  0.68
 0  92.95  0.86  1  0  0.75
 1  72.67  0.46  1  0  0.71
 0  85.75  1.34  1  1  1.30
 1  81.94  0.21  1  0  0.49
 0  61.05  0.95  0  0  0.52
 1  64.69  1.16  1  0  0.99
 1  77.42  0.40  1  1  1.62
 0  77.47  0.61  0  1  1.06
 1  60.30  0.73  1  0  6.97
 1  90.98  0.57  0  0  2.16
 0  67.44  1.24  1  0  0.94
 0  67.44  0.33  0  0  3.01
 1  78.06  0.21  1  1  3.70
 0  81.94  0.21  0  1  1.12
 1  74.25  0.23  1  0  1.10
 0  74.25  1.34  1  0  1.71
 1  89.33  1.30  0  0  1.04
 1  61.05  0.95  1  0  0.51
 1  90.98  1.00  0  0  0.98
 0  89.33  0.27  0  0  0.72
 0  92.56  1.24  1  1  2.28
 1  62.54  0.51  1  1  0.71
 0  60.30  0.84  0  1  0.84
 1  97.46  1.06  0  0  0.92
 0  64.69  1.16  0  0 39.07
 0  77.42  0.40  0  1  2.07
 0  72.67  1.11  1  0  3.02
 0  78.06  1.37  1  0  1.48
 0  62.54  0.51  0  0  1.58
 1  62.54  1.06  1  0  1.39
 1  67.44  1.24  0  1  2.33
 0  78.06  0.21  0  1  1.48
 0  86.10  0.71  1  1  1.94
 1  86.10  0.86  0  1  1.68
 1  74.25  1.34  0  1  1.27
 0  67.05  0.71  0  1  1.12
 1  77.47  0.96  0  1  4.87
 0  98.95  0.95  1  0  2.02
 0  77.42  1.17  1  1  1.53
 1  95.31  0.42  0  1  3.18
 0  90.98  0.57  1  1  2.15
 1  62.54  1.06  1  0 42.56
 1  85.75  0.23  1  0  1.53
 1  82.58  1.17  0  0  0.52
 1  86.10  0.86  0  0  0.74
 1  77.42  1.17  0  0  0.43
 0  85.75  0.23  0  0  0.35
 1  61.05  0.95  1  0  0.81
 1  81.94  1.37  0  1  0.50
 1  78.06  1.37  0  1  0.88
 0  87.33  0.46  0  1  3.69
 1  69.02  1.00  1  1  1.26
 0  87.33  1.11  1  0  1.61
 1  97.46  1.06  0  1  2.07
 0  73.90  0.71  0  0  4.59
 0  89.33  1.30  1  0  1.92
 1  98.95  0.95  0  1  1.63
 1  89.33  0.27  1  1  1.81
 1  72.67  1.11  0  1  4.43
 0  98.95  0.62  1  1  1.25
 1  74.25  1.34  0  1  0.94
 0  92.56  1.24  1  0  0.94
 0  99.70  0.84  1  1  1.30
 0  90.98  0.57  1  0  0.99
 1  89.33  1.30  0  0  1.61
 1  73.90  0.86  1  0  2.40
 0  92.95  0.71  1  0  1.06
 1  78.06  0.21  1  0  1.11
 0  62.54  0.51  0  0  2.39
 0  72.67  1.11  1  0  1.18
 1  92.56  0.33  1  0 36.50
 1  67.44  0.33  1  0 20.62
 0  82.53  0.61  0  1  2.61
 0  70.67  0.27  0  0  2.74
 1  92.95  0.86  0  0 20.84
 0  81.94  0.21  0  1  3.25
 0  78.06  1.37  1  0  0.86
 0  99.70  0.73  1  0  1.32
 1  86.10  0.71  0  0  0.59
 0  86.10  0.86  1  1  1.69
 1  90.98  1.00  0  1  0.81
 1  60.30  0.73  1  1  1.48
 1  90.98  0.57  0  0  1.34
 0  61.05  0.62  0  1  0.63
 0  62.54  1.06  0  1  0.82
 1  67.44  1.24  0  0  1.28
 1  98.95  0.62  0  0  1.16
 0  61.05  0.95  0  0  0.74
 0  97.46  1.06  1  0  7.23
 0  92.95  0.86  1  1  1.90
 0  60.30  0.84  0  1  3.30
 1  73.90  0.71  1  0  1.64
 0  89.33  0.27  0  0  0.99
 1  67.05  0.86  1  1  1.19
 1  70.67  0.27  1  0  1.94
 1  92.95  0.71  0  0  0.93
 1  87.33  0.46  1  1  1.14
 1  70.67  1.30  0  1  1.62
 1  64.69  1.16  1  1  1.18
 0  67.05  0.71  0  1  0.71
 0  67.44  0.33  0  1  0.68
 1  97.46  0.51  0  1  0.85
 0  85.75  1.34  1  0  0.71
 1  82.58  0.40  1  1  2.03
 1  72.67  0.46  1  1  0.94
 1  81.94  0.21  1  0  1.54
 1  74.25  0.23  1  0  0.49
 0  69.02  1.00  0  0  0.31
 0  90.98  1.00  1  1  0.52
 0  77.42  0.40  0  1  0.35
 0  74.25  0.23  0  1  0.27
 0  95.31  0.42  1  1  1.86
 0  77.47  0.96  1  1  0.43
 0  86.10  0.71  1  1  0.59
 1  77.47  0.61  1  0  0.32
 1  67.05  0.71  1  0  0.41
 1  82.53  0.96  0  1  0.42
 0  74.25  1.34  1  1  0.50
 0  77.47  0.61  0  0  2.07
 1  61.05  0.62  1  0  0.69
 1  64.69  0.42  1  1  0.94
 1  62.54  0.51  1  1  0.58
 0  69.02  0.57  0  0  1.29
 0  64.69  0.42  0  1  2.07
 1  69.02  0.57  1  0  0.81
 1  95.31  1.16  0  1  0.81
 0  64.69  1.16  0  1  3.31
 1  99.70  0.73  0  1  1.16
 0  70.67  1.30  1  0  1.50
 1  82.53  0.61  1  1  0.86
 0  60.30  0.73  0  1  1.79
 1  77.47  0.96  0  1  0.71
 0  67.44  1.24  1  0  0.74
 1  99.70  0.84  0  0  2.03
 1  87.33  1.11  0  1  0.63
 1  60.30  0.84  1  1 16.42
 1  85.75  1.34  0  0  1.51
 0  77.42  1.17  1  1  1.31
 0  82.58  1.17  1  1  1.16
 0  82.58  0.40  0  0  0.75
 0  82.53  0.96  1  1  1.65
 0  67.05  0.86  0  0  0.61
 0  81.94  1.37  1  0  0.80
 0  73.90  0.86  0  0  0.52
 1  92.56  1.24  0  0  1.04
 1  77.42  0.40  1  1  0.63
 0  92.56  0.33  0  0  1.34
 0  98.95  0.95  1  0  0.73
 0  97.46  0.51  1  1  1.33
 1  95.31  0.42  0  0  0.72
 0  72.67  0.46  0  0  0.98
 0  95.31  1.16  1  0  1.68
 0  78.06  0.21  0  0  1.78
 0  98.95  0.95  1  0  1.90
 1  72.67  1.11  0  1  0.73
 1  67.44  1.24  0  1  0.87
 0  64.69  1.16  0  1  0.58
 0  62.54  0.51  0  1  0.76
 0  60.30  0.84  0  0  0.52
 1  87.33  1.11  0  1  0.98
 1  67.05  0.86  1  0  0.65
 1  87.33  0.46  1  0  1.05
 0  90.98  1.00  1  1  0.52
 1  99.70  0.84  0  0  0.39
 1  73.90  0.86  1  1  1.89
 0  60.30  0.73  0  1  2.15
 0  72.67  1.11  1  1  0.72
 1  92.56  0.33  1  0  0.75
 0  61.05  0.95  0  0 32.58
 0  89.33  1.30  1  1  1.34
 1  78.06  1.37  0  0  0.70
 1  62.54  1.06  1  1  0.74
 0  82.58  0.40  0  0  0.80
 0  67.05  0.86  0  1  1.20
 0  90.98  0.57  1  1  0.73
 0  86.10  0.86  1  0  0.65
 0  86.10  0.71  1  0  0.51
 1  86.10  0.71  0  0  0.46
 0  99.70  0.84  1  0  0.82
 1  60.30  0.73  1  1  0.98
 0  70.67  0.27  0  1  2.57
 1  62.54  0.51  1  0  1.33
 0  87.33  1.11  1  0  0.68
 1  98.95  0.62  0  0  0.71
 1  61.05  0.95  1  1  0.48
 0  95.31  1.16  1  1  0.80
 0  85.75  1.34  1  1  0.90
 0  97.46  1.06  1  0  0.86
 1  89.33  1.30  0  0 18.16
 0  82.58  1.17  1  1  1.14
 1  85.75  1.34  0  1  0.91
 1  77.47  0.61  1  1  0.65
 1  82.58  1.17  0  1  0.59
 0  87.33  0.46  0  0  0.83
 0  70.67  1.30  1  1  0.67
 1  92.95  0.86  0  0  1.19
 1  77.47  0.96  0  0  1.58
 1  60.30  0.84  1  1  0.96
 0  95.31  0.42  1  0  1.19
 0  81.94  0.21  0  1  1.81
 0  82.53  0.61  0  0  0.90
 0  92.95  0.71  1  1  0.88
 0  77.47  0.96  1  0  0.93
 0  73.90  0.71  0  0  0.58
 1  82.53  0.96  0  0  0.55
 0  92.56  0.33  0  0  0.84
 0  67.44  0.33  0  1  0.77
 0  81.94  1.37  1  0  0.71
 0  72.67  0.46  0  0  0.59
 1  77.42  0.40  1  0  0.61
 1  95.31  1.16  0  0  0.73
 0  74.25  1.34  1  1  0.85
 1  92.56  1.24  0  1  0.71
 0  62.54  1.06  0  0  0.69
 1  77.42  1.17  0  1  0.80
 1  85.75  0.23  1  0  0.89
 1  81.94  1.37  0  1  0.51
 0  73.90  0.86  0  1  1.02
 1  97.46  0.51  0  0  6.50
 1  81.94  0.21  1  1  0.70
 0  67.05  0.71  0  0  0.67
 1  86.10  0.86  0  0  0.61
 1  90.98  1.00  0  0 22.84
 0  92.95  0.86  1  1  1.39
 0  74.25  0.23  0  0  0.43
 1  67.44  0.33  1  0  0.45
 0  92.56  1.24  1  0  0.97
 1  69.02  1.00  1  0  1.71
 1  74.25  0.23  1  0  1.27
 0  61.05  0.62  0  1  0.92
 0  64.69  0.42  0  1  0.46
 0  77.42  1.17  1  0  0.52
 1  61.05  0.62  1  1  1.72
 1  64.69  1.16  1  1  0.55
 1  70.67  1.30  0  1  0.77
 1  95.31  0.42  0  0  0.71
 1  82.53  0.61  1  0  0.49
 0  98.95  0.62  1  1  0.48
 1  92.95  0.71  0  0  0.86
 1  74.25  1.34  0  1  0.80
 1  90.98  0.57  0  0  1.02
 0  77.42  0.40  0  0  0.56
 0  78.06  1.37  1  1  4.24
 1  98.95  0.95  0  0  1.02
 0  67.44  1.24  1  0  0.84
 0  78.06  0.21  0  1  0.90
 1  78.06  0.21  1  0  6.18
 0  69.02  0.57  0  0  5.53
 1  99.70  0.73  0  1  1.40
 1  67.05  0.71  1  0  3.66
 0  97.46  0.51  1  1  1.67
 0  77.47  0.61  0  1  1.90
 0  89.33  0.27  0  0  1.01
 0  99.70  0.73  1  0  1.43
 1  97.46  1.06  0  0  1.70
 1  72.67  0.46  1  1  2.85
 1  69.02  0.57  1  1  1.45
 1  89.33  0.27  1  0  1.20
 0  85.75  0.23  0  0  1.05
 1  73.90  0.71  1  1  1.31
 1  64.69  0.42  1  1  0.87
 0  69.02  1.00  0  0  0.74
 1  82.58  0.40  1  1  0.92
 1  70.67  0.27  1  0  1.63
 0  82.53  0.96  1  1  1.32
 0  81.94  0.21  0  0  1.83
 1  64.69  1.16  1  1  0.64
 1  99.70  0.73  0  0  0.65
 1  92.56  1.24  0  1  0.43
 1  90.98  1.00  0  0  0.48
 0  82.53  0.61  0  0  0.39
 0  97.46  0.51  1  0  0.80
 0  95.31  1.16  1  0  0.34
 1  74.25  1.34  0  0  0.33
 1  92.95  0.71  0  0  0.40
 1  77.47  0.96  0  0  0.40
 0  98.95  0.62  1  1  0.26
 1  61.05  0.95  1  1  0.55
 0  99.70  0.73  1  0  0.53
 0  67.44  1.24  1  1  0.56
 1  67.05  0.86  1  0  0.59
 0  73.90  0.71  0  0  1.06
 0  89.33  0.27  0  0  0.95
 1  98.95  0.95  0  1  1.05
 1  92.56  0.33  1  0  0.83
 1  90.98  0.57  0  1  0.48
 0  87.33  1.11  1  1  0.72
 0  82.58  0.40  0  0  1.33
 1  99.70  0.84  0  0  0.47
 0  61.05  0.62  0  0  0.34
 1  82.58  1.17  0  0  5.76
 0  86.10  0.71  1  1  0.61
 1  70.67  1.30  0  0  0.42
 0  64.69  1.16  0  0  0.38
 1  86.10  0.86  0  0  0.91
 1  69.02  1.00  1  0  0.99
 1  61.05  0.62  1  1  1.71
 1  77.42  1.17  0  0  1.14
 0  69.02  1.00  0  1  0.86
 0  60.30  0.73  0  0  1.44
 0  77.47  0.61  0  0  1.06
 1  81.94  1.37  0  1  1.12
 1  86.10  0.71  0  0  0.97
 0  78.06  0.21  0  1  0.56
 1  85.75  0.23  1  1  0.37
 0  90.98  0.57  1  0  0.39
 0  67.05  0.86  0  0  0.79
 0  70.67  0.27  0  1  0.97
 0  78.06  1.37  1  0  0.86
 0  98.95  0.95  1  0  1.03
 1  60.30  0.73  1  0  1.00
 1  78.06  0.21  1  0  0.98
 1  64.69  0.42  1  1  0.76
 0  61.05  0.95  0  1  1.14
 1  89.33  0.27  1  1  1.06
 1  72.67  1.11  0  0  0.68
 1  85.75  1.34  0  1  1.78
 0  86.10  0.86  1  0  0.98
 1  78.06  1.37  0  1  1.13
 1  74.25  0.23  1  1  1.14
 1  98.95  0.62  0  0  0.74
 0  89.33  1.30  1  0  1.48
 1  67.05  0.71  1  0  2.43
 0  82.58  1.17  1  0  0.72
 1  62.54  1.06  1  0  0.93
 0  67.44  0.33  0  1  8.98
 0  74.25  0.23  0  1  1.47
 0  77.42  1.17  1  1  1.40
 0  97.46  1.06  1  0  0.40
 1  60.30  0.84  1  0  0.78
 1  82.58  0.40  1  0  1.68
 0  64.69  0.42  0  1  0.71
 1  95.31  0.42  0  0  0.40
 0  92.95  0.86  1  0  0.40
 1  87.33  0.46  1  0  0.55
 0  69.02  0.57  0  0  0.29
 0  67.05  0.71  0  0  0.42
 1  97.46  0.51  0  0  0.57
 0  72.67  1.11  1  0  0.72
 0  77.42  0.40  0  0  0.66
 0  82.53  0.96  1  1  0.91
 1  67.44  0.33  1  0  1.29
 1  77.47  0.61  1  0  0.61
 0  62.54  0.51  0  1 21.22
 0  95.31  0.42  1  1 52.47
 1  73.90  0.86  1  1  3.92
 1  82.53  0.61  1  0  3.94
 0  92.95  0.71  1  1  3.21
 1  89.33  1.30  0  1  2.38
 0  90.98  1.00  1  0 13.38
 0  85.75  1.34  1  1  2.80
 0  62.54  1.06  0  1  2.27
 0  87.33  0.46  0  0  5.08
 0  77.47  0.96  1  0  1.76
 1  81.94  0.21  1  0  2.83
 0  85.75  0.23  0  1  5.25
 0  73.90  0.86  0  1  2.38
 1  77.42  0.40  1  1  0.36
 1  92.95  0.86  0  1  0.34
 0  92.56  0.33  0  0  1.61
 0  92.56  1.24  1  1  0.39
 1  62.54  0.51  1  1  0.38
 0  99.70  0.84  1  1  0.30
 1  95.31  1.16  0  0  0.55
 1  70.67  0.27  1  1  0.26
 1  72.67  0.46  1  0  0.83
 0  81.94  1.37  1  0 44.87
 0  60.30  0.84  0  0  0.47
 0  72.67  0.46  0  0  0.64
 1  82.53  0.96  0  1  1.11
 1  69.02  0.57  1  1  2.63
 1  73.90  0.71  1  1  0.82
 0  74.25  1.34  1  0  0.72
 1  97.46  1.06  0  0  1.03
 1  87.33  1.11  0  0  0.84
 0  70.67  1.30  1  1  0.77
 1  67.44  1.24  0  0  1.65
 0  97.46  1.06  1  0  2.03
 1  95.31  1.16  0  0  0.61
 0  70.67  1.30  1  0  0.38
 0  89.33  1.30  1  0  0.43
 1  74.25  1.34  0  0  0.46
 1  74.25  0.23  1  1  1.09
 0  70.67  0.27  0  1  0.58
 1  99.70  0.84  0  0  0.34
 1  72.67  1.11  0  1  0.23
 0  78.06  1.37  1  1  0.28
 1  81.94  0.21  1  0  0.49
 0  67.05  0.86  0  1  0.31
 1  67.44  0.33  1  0  0.88
 0  67.44  1.24  1  0  0.50
 1  70.67  0.27  1  0  0.25
 0  85.75  0.23  0  0  0.52
 0  99.70  0.84  1  0  0.39
 1  67.05  0.71  1  0  0.71
 0  77.42  0.40  0  0  0.54
 1  64.69  0.42  1  1  0.39
 1  98.95  0.95  0  1  1.36
 0  87.33  0.46  0  1  0.39
 0  78.06  0.21  0  1  0.44
 0  99.70  0.73  1  0  0.32
 1  77.47  0.61  1  0  0.31
 1  77.42  1.17  0  1  0.44
 1  69.02  0.57  1  1  0.45
 0  85.75  1.34  1  0  0.43
 1  73.90  0.71  1  1  0.31
 0  97.46  0.51  1  0  0.89
 0  60.30  0.73  0  0  1.74
 1  81.94  1.37  0  1  0.55
 1  82.53  0.61  1  0  0.65
 1  78.06  0.21  1  0  0.37
 1  95.31  0.42  0  0  0.26
 0  95.31  0.42  1  0  0.43
 0  73.90  0.71  0  0  0.26
 1  78.06  1.37  0  0  0.27
 1  67.05  0.86  1  0  0.37
 1  87.33  0.46  1  1  0.37
 1  89.33  0.27  1  1  0.94
 0  77.47  0.96  1  1  0.53
 0  86.10  0.86  1  1  0.52
 1  62.54  1.06  1  1  0.27
 1  82.53  0.96  0  0  0.46
 0  74.25  0.23  0  1  0.57
 1  85.75  0.23  1  1  0.33
 1  64.69  1.16  1  0  0.29
 0  82.53  0.96  1  0  0.28
 1  77.47  0.96  0  0  0.30
 1  60.30  0.73  1  1  0.60
 0  72.67  0.46  0  1  0.84
 0  74.25  1.34  1  1  0.29
 1  90.98  0.57  0  0  0.28
 1  87.33  1.11  0  0 27.03
 0  77.47  0.61  0  0  0.54
 0  69.02  1.00  0  0  0.41
 1  92.56  1.24  0  0  0.25
 1  86.10  0.86  0  0  0.23
 0  82.53  0.61  0  0  0.25
 1  85.75  1.34  0  0  0.10
 0  77.42  1.17  1  1  0.25
 0  95.31  1.16  1  1  0.29
 1  92.95  0.86  0  1  0.79
 1  92.95  0.71  0  0  0.46
 1  72.67  0.46  1  1  0.37
 0  67.05  0.71  0  0  0.43
 0  64.69  0.42  0  0  0.62
 1  70.67  1.30  0  0  0.36
 0  67.44  0.33  0  1  0.43
 0  81.94  0.21  0  1  0.35
 0  73.90  0.86  0  1  0.16
 0  72.67  1.11  1  1  0.31
 0  69.02  0.57  0  1  0.23
 1  82.58  1.17  0  1  0.32
 0  89.33  0.27  0  1  0.40
 0  62.54  1.06  0  1  0.32
 1  86.10  0.71  0  1  0.18
 0  98.95  0.62  1  1  0.53
 0  98.95  0.95  1  0  0.53
 1  62.54  0.51  1  0  0.47
 0  64.69  1.16  0  0  0.33
 0  92.56  0.33  0  1  0.65
 1  77.42  0.40  1  0  1.83
 1  61.05  0.95  1  1  1.60
 1  61.05  0.62  1  0  2.11
 0  82.58  0.40  0  0  0.81
 1  89.33  1.30  0  1  0.33
 0  87.33  1.11  1  0  0.29
 1  97.46  0.51  0  0  0.26
 0  92.95  0.86  1  1  0.74
 0  90.98  0.57  1  1  0.42
 1  99.70  0.73  0  1  0.37
 1  97.46  1.06  0  1  1.05
 1  67.44  1.24  0  1  0.32
 1  82.58  0.40  1  1  0.46
 0  61.05  0.62  0  1  0.42
 0  92.56  1.24  1  0 61.28
 1  90.98  1.00  0  0  0.31
 1  98.95  0.62  0  1  0.31
 0  82.58  1.17  1  1  0.28
 0  62.54  0.51  0  0  0.27
 0  86.10  0.71  1  0  0.22
 1  73.90  0.86  1  0  0.30
 1  69.02  1.00  1  1  0.27
 0  60.30  0.84  0  1  0.30
 0  90.98  1.00  1  1  0.26
 1  92.56  0.33  1  0  0.05
 0  61.05  0.95  0  1  0.14
 0  92.95  0.71  1  0  0.30
 0  81.94  1.37  1  0  0.28
 1  60.30  0.84  1  0  0.32
