 1  62.54  1.06  0  0  1.11
 1  69.02  1.00  0  1  1.15
 0  92.95  0.86  1  1  1.20
 0  72.67  1.11  0  1  1.60
 1  67.05  0.71  0  0  2.14
 0  87.33  1.11  0  1  1.76
 0  98.95  0.62  0  0  0.67
 1  69.02  1.00  1  1  1.25
 0  99.70  0.84  1  1  0.69
 1  67.44  0.33  1  1  2.02
 1  82.58  0.40  0  0  1.52
 1  60.30  0.84  0  1  2.53
 1  72.67  0.46  0  0  0.82
 0  90.98  0.57  1  1  0.69
 0  90.98  0.57  0  0  0.77
 0  82.58  1.17  1  1  0.58
 1  87.33  0.46  1  0  0.85
 1  82.53  0.61  0  1  0.69
 1  73.90  0.86  0  1  0.93
 0  81.94  1.37  1  0  0.83
 0  77.42  1.17  0  1  0.64
 1  69.02  0.57  1  1  0.81
 1  73.90  0.71  1  1  0.63
 0  99.70  0.73  0  0  0.65
 0  77.47  0.96  0  0  0.86
 1  78.06  0.21  1  1  0.61
 1  64.69  0.42  0  0  2.01
 0  99.70  0.84  0  1  1.27
 0  86.10  0.86  1  0  0.87
 1  87.33  0.46  0  1  1.39
 1  67.05  0.71  1  0  0.61
 0  82.53  0.96  1  0  2.30
 1  62.54  0.51  1  1  1.36
 0  70.67  1.30  0  1  1.79
 0  97.46  0.51  1  0  1.87
 0  97.46  1.06  1  0  1.97
 1  77.42  0.40  0  1  0.80
 1  82.58  0.40  1  0  1.01
 1  85.75  0.23  1  0  1.86
 0  77.47  0.96  1  0  1.29
 0  67.44  1.24  1  0  2.47
 1  67.05  0.86  1  0  0.86
 0  86.10  0.71  0  1  1.27
 1  73.90  0.86  1  0  0.79
 0  85.75  1.34  1  0  1.25
 1  89.33  0.27  0  1  0.99
 1  70.67  0.27  0  1  2.01
 0  81.94  1.37  0  1  0.57
 1  78.06  0.21  0  1  0.93
 0  98.95  0.95  0  1  0.60
 1  89.33  0.27  1  0  1.18
 0  85.75  1.34  0  1  0.86
 1  82.53  0.61  1  0  6.02
 1  61.05  0.95  1  1  3.23
 0  98.95  0.62  1  1  1.32
 0  87.33  1.11  1  1  0.60
 0  74.25  1.34  1  1  0.96
 1  61.05  0.95  0  1  0.87
 0  90.98  1.00  1  0  0.77
 1  92.56  0.33  0  1  0.81
 0  92.95  0.86  0  1  0.57
 1  62.54  0.51  0  1  0.92
 0  92.56  1.24  0  1  0.48
 1  73.90  0.71  0  1  0.60
 1  77.47  0.61  0  1  0.82
 1  72.67  0.46  1  0  0.67
 0  67.44  1.24  0  1  1.70
 0  95.31  0.42  1  0  0.91
 1  62.54  1.06  1  0  0.54
 1  81.94  0.21  0  1  0.78
 1  69.02  0.57  0  1  0.64
 1  74.25  0.23  1  0  0.61
 1  64.69  0.42  1  0  0.72
 0  72.67  1.11  1  0  1.07
 1  64.69  1.16  1  0  0.67
 0  86.10  0.71  1  0  0.60
 0  98.95  0.95  1  0  0.49
 0  86.10  0.86  0  1  0.68
 0  82.58  1.17  0  1  0.75
 0  90.98  1.00  0  0  0.43
 0  97.46  1.06  0  0  0.57
 1  77.42  0.40  1  1  0.61
 1  67.44  0.33  0  1  1.50
 0  77.42  1.17  1  1  1.43
 1  81.94  0.21  1  0  2.04
 0  95.31  1.16  0  0  1.05
 0  74.25  1.34  0  0  2.52
 1  85.75  0.23  0  1  1.15
 0  92.95  0.71  1  0  4.41
 0  70.67  1.30  1  1  1.04
 0  82.53  0.96  0  0  3.44
 1  67.05  0.86  0  0  0.97
 0  97.46  0.51  0  1  1.45
 1  77.47  0.61  1  0  4.34
 1  61.05  0.62  0  1  0.90
 0  89.33  1.30  0  0  1.70
 0  92.56  1.24  1  0  2.46
 0  99.70  0.73  1  0  5.37
 1  92.56  0.33  1  1  3.36
 1  60.30  0.73  0  1  5.08
 1  61.05  0.62  1  1  3.04
 0  78.06  1.37  0  0  2.30
 0  95.31  1.16  1  0  2.35
 1  64.69  1.16  0  0  1.51
 0  89.33  1.30  1  0  3.68
 1  74.25  0.23  0  1  2.26
 0  95.31  0.42  0  1  1.63
 1  60.30  0.84  1  0  2.01
 1  60.30  0.73  1  1  1.91
 0  78.06  1.37  1  1  6.53
 1  70.67  0.27  1  1  2.22
 0  92.95  0.71  0  0  5.28
 1  70.67  0.27  1  0  4.28
 1  73.90  0.86  0  0  1.55
 0  90.98  1.00  0  1  0.71
 1  61.05  0.62  1  1  1.44
 1  60.30  0.73  0  1  0.60
 1  89.33  0.27  0  1  1.11
 0  98.95  0.62  0  1  0.84
 0  85.75  1.34  1  0  3.65
 1  77.42  0.40  0  1  3.23
 0  90.98  0.57  0  1  0.84
 0  89.33  1.30  1  0  3.02
 0  86.10  0.71  1  1  2.19
 1  60.30  0.73  1  0  1.38
 1  67.44  0.33  0  0  8.38
 0  92.95  0.71  1  0  3.31
 1  77.42  0.40  1  0  1.51
 1  67.05  0.86  0  1  1.65
 1  82.58  0.40  1  0  2.34
 0  92.95  0.71  0  1 21.20
 1  64.69  0.42  0  1  0.74
 1  73.90  0.71  1  0  0.93
 0  99.70  0.84  1  0  9.12
 0  90.98  0.57  1  0  1.50
 0  87.33  1.11  0  0  1.85
 1  67.05  0.71  0  1  0.90
 1  62.54  1.06  0  1  1.31
 1  64.69  1.16  1  0  0.91
 1  74.25  0.23  0  1  2.71
 0  77.42  1.17  0  0  1.24
 0  78.06  1.37  1  0  0.96
 0  72.67  1.11  1  0  1.96
 1  78.06  0.21  1  1  2.63
 0  70.67  1.30  0  0  1.08
 1  78.06  0.21  0  1  0.73
 0  98.95  0.95  0  0  1.36
 0  82.58  1.17  1  0  1.11
 1  77.47  0.61  0  1  0.82
 1  89.33  0.27  1  0  0.47
 0  82.58  1.17  0  0  4.79
 1  67.44  0.33  1  0  4.38
 1  69.02  1.00  1  1  4.61
 0  92.95  0.86  0  1  4.16
 1  60.30  0.84  1  0  3.34
 0  82.53  0.96  1  0  2.55
 0  97.46  0.51  1  1  2.17
 0  95.31  0.42  0  1  1.65
 1  82.53  0.61  1  0  1.06
 0  97.46  1.06  0  1  1.96
 0  97.46  0.51  0  0  4.10
 1  92.56  0.33  1  0  4.56
 1  74.25  0.23  1  0  1.04
 1  85.75  0.23  0  1  0.61
 1  61.05  0.62  0  1  1.51
 1  77.47  0.61  1  0  0.61
 1  64.69  1.16  0  1  1.01
 0  90.98  1.00  1  1  3.44
 0  95.31  0.42  1  1  1.06
 1  61.05  0.95  1  0  0.70
 0  82.53  0.96  0  0  3.28
 0  86.10  0.86  1  0 12.36
 1  62.54  0.51  1  0  1.05
 1  67.05  0.71  1  1  0.63
 1  82.53  0.61  0  1  8.40
 0  89.33  1.30  0  0  3.48
 0  95.31  1.16  1  0  2.87
 0  85.75  1.34  0  0  2.11
 1  67.05  0.86  1  0  1.52
 0  92.95  0.86  1  0  2.26
 0  97.46  1.06  1  0  2.75
 1  81.94  0.21  1  1  0.88
 1  82.58  0.40  0  1 18.80
 0  72.67  1.11  0  0  1.15
 1  87.33  0.46  1  1  3.56
 1  73.90  0.86  1  1  0.62
 0  99.70  0.73  1  1  1.40
 1  73.90  0.71  0  1  1.35
 0  99.70  0.84  0  1  0.67
 0  74.25  1.34  0  0  1.39
 0  99.70  0.73  0  1  0.81
 1  85.75  0.23  1  1  3.57
 1  69.02  1.00  0  1  0.86
 1  62.54  0.51  0  1  2.81
 0  87.33  1.11  1  0  2.94
 0  81.94  1.37  0  0  0.89
 0  74.25  1.34  1  0  0.72
 0  77.47  0.96  1  1  1.45
 1  87.33  0.46  0  1  0.87
 1  72.67  0.46  0  1  0.46
 0  67.44  1.24  0  0  1.26
 1  61.05  0.95  0  0  1.29
 1  69.02  0.57  0  1  0.86
 1  64.69  0.42  1  0  1.34
 1  69.02  0.57  1  1  1.22
 1  70.67  0.27  0  1  1.47
 1  62.54  1.06  1  0  1.18
 0  77.42  1.17  1  0  1.14
 0  86.10  0.71  0  1  3.67
 0  92.56  1.24  0  0  1.27
 0  86.10  0.86  0  1  1.21
 0  67.44  1.24  1  0  2.23
 1  72.67  0.46  1  1  2.35
 0  98.95  0.95  1  0  1.14
 0  95.31  1.16  0  0  0.92
 0  77.47  0.96  0  0  0.46
 1  60.30  0.84  0  0  0.87
 0  81.94  1.37  1  0  0.69
 1  81.94  0.21  0  1  0.51
 0  98.95  0.62  1  1  0.88
 0  70.67  1.30  1  0  0.64
 0  92.56  1.24  1  0  0.82
 1  92.56  0.33  0  1  1.18
 0  78.06  1.37  0  0  0.73
 1  73.90  0.71  0  1  2.08
 0  85.75  1.34  0  0  0.71
 1  77.42  0.40  1  1  0.82
 1  64.69  0.42  1  1  0.47
 0  74.25  1.34  1  0  0.67
 0  77.42  1.17  1  0  0.62
 1  87.33  0.46  0  0  0.68
 0  95.31  1.16  1  0  1.12
 1  85.75  0.23  0  1  1.09
 0  82.58  1.17  0  0  0.64
 0  98.95  0.95  0  1  1.40
 1  85.75  0.23  1  1  0.87
 0  67.44  1.24  1  0  0.78
 0  89.33  1.30  0  0  2.73
 1  72.67  0.46  0  1  0.62
 0  90.98  1.00  0  1  0.69
 0  97.46  1.06  0  0  1.25
 1  61.05  0.95  0  0  0.86
 1  69.02  0.57  0  0  0.96
 0  99.70  0.84  1  0  1.23
 1  78.06  0.21  0  0  0.94
 1  92.56  0.33  1  1  0.91
 0  98.95  0.62  1  1  0.45
 1  64.69  1.16  1  0  0.85
 1  61.05  0.95  1  0  0.75
 0  74.25  1.34  0  0  0.89
 1  81.94  0.21  0  1  2.44
 1  77.47  0.61  0  1  0.61
 0  81.94  1.37  1  0  0.96
 1  78.06  0.21  1  1  0.94
 0  97.46  0.51  0  1  0.66
 0  70.67  1.30  1  0  0.58
 0  78.06  1.37  1  0  1.75
 0  95.31  0.42  1  1  1.60
 0  82.58  1.17  1  0  1.06
 0  99.70  0.84  0  0  1.35
 1  77.47  0.61  1  0  0.74
 0  95.31  0.42  0  0  0.77
 1  73.90  0.71  1  0  0.80
 1  89.33  0.27  0  0  0.75
 1  81.94  0.21  1  1  0.61
 0  78.06  1.37  0  0  0.68
 1  67.44  0.33  0  1  0.58
 0  87.33  1.11  1  0  1.28
 1  92.56  0.33  0  1  0.58
 0  99.70  0.73  0  1  0.56
 0  90.98  0.57  1  1  2.00
 1  64.69  0.42  0  1  0.53
 1  67.05  0.71  1  1  0.47
 1  62.54  1.06  1  1  0.46
 1  67.05  0.86  1  1  0.44
 0  82.53  0.96  1  1  0.56
 1  62.54  0.51  0  1  0.77
 1  70.67  0.27  1  1  0.59
 1  70.67  0.27  0  1  0.43
 1  82.53  0.61  1  1  0.39
 1  74.25  0.23  1  1  0.43
 1  82.53  0.61  0  1  0.49
 1  62.54  0.51  1  1  0.42
 0  90.98  1.00  1  0  0.75
 1  69.02  1.00  0  0  0.45
 1  73.90  0.86  0  0  1.01
 0  77.42  1.17  0  0  1.63
 1  73.90  0.86  1  0  0.74
 0  92.95  0.71  1  1  2.77
 1  82.58  0.40  0  1  1.55
 1  61.05  0.62  1  1  0.82
 0  92.95  0.71  0  1  1.09
 0  81.94  1.37  0  0  2.78
 0  99.70  0.73  1  0  0.98
 0  72.67  1.11  0  1  0.87
 0  92.95  0.86  0  1  0.86
 1  67.44  0.33  1  1  2.34
 0  90.98  0.57  0  1  2.27
 1  89.33  0.27  1  1  2.00
 0  97.46  0.51  1  1  0.52
 1  62.54  1.06  0  1  1.15
 0  92.56  1.24  0  1  0.66
 0  95.31  1.16  0  0  4.89
 0  86.10  0.71  1  1  0.71
 1  87.33  0.46  1  1  6.28
 1  61.05  0.62  0  1  0.54
 1  60.30  0.84  0  1  0.47
 0  97.46  1.06  1  1  0.48
 0  72.67  1.11  1  1  0.62
 1  67.05  0.71  0  1  0.47
 0  67.44  1.24  0  1  0.54
 0  85.75  1.34  1  1  0.54
 0  86.10  0.86  0  0  0.70
 0  98.95  0.62  0  1  1.37
 1  60.30  0.84  1  1  0.73
 0  89.33  1.30  1  0  0.66
 0  70.67  1.30  0  0  0.85
 1  64.69  1.16  0  0  0.43
 0  87.33  1.11  0  0  0.46
 0  77.47  0.96  0  0  0.56
 1  60.30  0.73  1  1  1.19
 0  82.53  0.96  0  0  1.12
 1  67.05  0.86  0  0  1.04
 1  60.30  0.73  0  0  0.77
 1  77.42  0.40  0  0  0.87
 1  69.02  1.00  1  1  4.10
 1  72.67  0.46  1  1  0.54
 0  92.95  0.86  1  1  0.85
 0  86.10  0.71  0  1  3.05
 1  74.25  0.23  0  1  1.80
 1  69.02  0.57  1  1  0.70
 0  98.95  0.95  1  1  0.80
 1  82.58  0.40  1  1  1.58
 0  86.10  0.86  1  1  0.57
 0  92.56  1.24  1  0  0.97
 0  77.47  0.96  1  0  0.43
 0  99.70  0.84  1  1  1.46
 0  90.98  1.00  0  0  2.06
 0  90.98  0.57  1  1  2.98
 1  78.06  0.21  0  1  1.21
 0  87.33  1.11  1  0  1.65
 1  60.30  0.73  0  1  0.61
 1  67.44  0.33  0  1  2.24
 1  67.05  0.86  0  1  0.70
 1  82.58  0.40  0  1  1.04
 1  82.58  0.40  1  1  0.49
 0  78.06  1.37  0  0  0.52
 0  92.95  0.86  1  1  0.49
 1  64.69  1.16  1  1  1.25
 1  85.75  0.23  1  1  0.70
 0  77.47  0.96  1  0  1.10
 1  81.94  0.21  0  1  1.74
 1  61.05  0.95  0  1  1.87
 0  95.31  1.16  1  1  0.88
 1  67.05  0.86  1  1  0.81
 0  90.98  0.57  0  1  1.28
 1  82.53  0.61  0  1  1.00
 0  67.44  1.24  0  0  1.01
 1  60.30  0.84  1  0  0.84
 0  98.95  0.95  1  1  1.09
 0  82.58  1.17  0  0  0.83
 0  74.25  1.34  0  0  1.01
 0  98.95  0.95  0  0  0.59
 1  62.54  0.51  0  0  0.97
 0  95.31  0.42  0  0  0.60
 1  82.53  0.61  1  0  0.55
 1  60.30  0.84  0  1  0.69
 1  64.69  0.42  0  1  0.51
 1  77.47  0.61  1  1  0.66
 1  77.42  0.40  1  1  0.80
 0  77.42  1.17  1  1  0.73
 1  64.69  0.42  1  1  0.55
 1  60.30  0.73  1  0  1.47
 1  73.90  0.86  1  1  0.61
 0  86.10  0.71  1  1  0.61
 0  72.67  1.11  1  0  1.33
 0  97.46  0.51  0  1  1.16
 0  85.75  1.34  0  0  1.24
 0  82.53  0.96  0  0  0.56
 0  89.33  1.30  1  1  0.73
 0  97.46  1.06  1  1  0.59
 0  95.31  1.16  0  0  0.70
 0  90.98  1.00  1  0  0.55
 0  82.58  1.17  1  0  0.83
 0  92.95  0.86  0  1  1.06
 0  81.94  1.37  1  0  0.81
 1  67.05  0.71  1  1  1.06
 1  67.44  0.33  1  1  1.18
 0  98.95  0.62  1  1  1.16
 0  86.10  0.86  0  0  1.63
 0  97.46  0.51  1  1  1.78
 1  61.05  0.62  1  1  0.56
 0  92.56  1.24  1  0  0.82
 0  86.10  0.86  1  1  0.84
 0  72.67  1.11  0  0  1.61
 1  77.42  0.40  0  1  1.48
 0  70.67  1.30  0  0  2.24
 1  69.02  0.57  0  1  1.16
 1  73.90  0.71  1  0  0.85
 1  70.67  0.27  1  1  2.23
 0  87.33  1.11  0  0  0.87
 0  74.25  1.34  1  0  1.38
 1  87.33  0.46  1  1  0.90
 0  81.94  1.37  0  0  3.94
 1  92.56  0.33  0  1  0.81
 0  98.95  0.62  0  1  0.81
 1  67.05  0.71  0  1  0.61
 0  89.33  1.30  0  0  0.83
 0  77.47  0.96  0  0  0.64
 0  99.70  0.73  1  0  1.83
 0  77.42  1.17  0  0  0.99
 0  67.44  1.24  1  0  1.29
 0  86.10  0.71  0  1  1.64
 1  89.33  0.27  1  1  0.65
 1  74.25  0.23  0  1  0.63
 1  62.54  1.06  0  0  0.78
 1  85.75  0.23  0  1  2.02
 1  70.67  0.27  0  1  0.53
 1  78.06  0.21  1  1  0.54
 0  92.95  0.71  1  1  0.48
 1  73.90  0.71  0  1  0.45
 0  92.56  1.24  0  1  0.46
 1  61.05  0.95  1  1  1.06
 1  89.33  0.27  0  1  1.11
 1  62.54  1.06  1  1  0.67
 1  69.02  1.00  0  1  0.63
 1  61.05  0.62  0  1  1.31
 1  69.02  1.00  1  1  0.60
 1  72.67  0.46  1  1  1.12
 0  97.46  1.06  0  1  1.07
 1  87.33  0.46  0  1  1.85
 1  72.67  0.46  0  1  0.50
 1  77.47  0.61  0  1  0.51
 0  99.70  0.73  0  1  0.66
 0  70.67  1.30  1  0  0.86
 0  99.70  0.84  0  1  0.60
 1  64.69  1.16  0  0  0.71
 1  73.90  0.86  0  0  0.82
 1  74.25  0.23  1  1  0.84
 0  82.53  0.96  1  1  0.81
 1  92.56  0.33  1  1  0.86
 1  62.54  0.51  1  1  0.67
 0  78.06  1.37  1  0  0.92
 1  81.94  0.21  1  1  0.89
 0  95.31  0.42  1  1  0.95
 1  69.02  0.57  1  1  0.59
 0  85.75  1.34  1  0  0.87
 0  92.95  0.71  0  1  0.88
 0  98.95  0.62  1  1  1.48
 0  86.10  0.71  0  1  0.51
 1  74.25  0.23  0  1  0.80
 0  99.70  0.84  0  1  0.70
 1  74.25  0.23  1  1  0.68
 0  74.25  1.34  1  0  0.81
 1  62.54  0.51  0  1  1.01
 0  82.53  0.96  0  1  1.05
 0  74.25  1.34  0  0  0.57
 0  85.75  1.34  0  0  0.64
 1  67.44  0.33  1  1  0.68
 1  60.30  0.84  0  0  0.70
 0  92.95  0.86  1  0  0.85
 0  82.58  1.17  1  0  1.27
 1  70.67  0.27  1  1  0.72
 0  92.95  0.71  0  1  0.65
 0  90.98  0.57  1  1  1.19
 0  85.75  1.34  1  0  0.82
 1  87.33  0.46  0  1  0.93
 0  77.42  1.17  0  0  1.08
 1  60.30  0.73  0  0  0.86
 0  99.70  0.73  1  1  0.82
 0  89.33  1.30  1  0  0.93
 1  87.33  0.46  1  1  0.50
 0  77.47  0.96  0  1  0.56
 1  82.58  0.40  1  1  1.03
 1  62.54  1.06  1  1  0.55
 0  67.44  1.24  0  0  0.89
 1  60.30  0.73  1  1  0.80
 0  81.94  1.37  0  0  0.80
 0  81.94  1.37  1  0  0.67
 1  72.67  0.46  0  1  1.20
 0  77.47  0.96  1  0  0.95
 0  92.56  1.24  0  0  0.86
 1  64.69  0.42  1  1  1.05
 1  85.75  0.23  0  1  0.63
 1  67.05  0.71  1  1  0.42
 1  77.47  0.61  1  1  0.47
 1  69.02  1.00  0  1  0.43
 0  97.46  1.06  1  1  0.41
 0  95.31  1.16  0  1  0.44
 1  60.30  0.84  1  1  0.48
 0  99.70  0.84  1  1  0.54
 1  67.44  0.33  0  1  0.56
 1  82.53  0.61  0  1  0.45
 1  67.05  0.86  0  1  0.55
 1  61.05  0.62  1  1  1.52
 1  73.90  0.86  0  1  0.42
 0  78.06  1.37  1  0  0.88
 0  72.67  1.11  0  0  0.58
 1  69.02  0.57  1  1  0.53
 0  86.10  0.86  1  1  0.56
 1  78.06  0.21  1  1  1.12
 1  73.90  0.71  0  0  0.64
 0  95.31  0.42  0  0  0.71
 1  77.42  0.40  1  0  0.61
 1  92.56  0.33  1  0  0.55
 0  89.33  1.30  0  0  0.91
 0  86.10  0.71  1  1  0.76
 0  92.95  0.86  0  0  0.90
 0  92.95  0.71  1  0  0.64
 1  70.67  0.27  0  1  3.25
 1  89.33  0.27  0  1  0.78
 1  69.02  0.57  0  1  0.41
 0  70.67  1.30  1  0  0.55
 0  87.33  1.11  1  0  0.53
 0  99.70  0.73  0  0  0.80
 1  81.94  0.21  0  1  0.58
 0  82.58  1.17  0  0  1.48
 1  69.02  1.00  1  0  0.53
 1  82.58  0.40  0  1  2.84
 1  77.42  0.40  0  1  1.39
 1  85.75  0.23  1  1  0.62
 0  77.42  1.17  1  0  0.65
 1  92.56  0.33  0  1  2.04
 1  64.69  0.42  0  1  0.69
 0  95.31  0.42  1  1  0.67
 0  78.06  1.37  0  0  1.03
 0  97.46  0.51  1  1  2.48
 0  98.95  0.95  1  1  1.09
 0  90.98  1.00  0  1  0.51
 0  98.95  0.62  0  1  0.94
 1  73.90  0.71  1  1  0.56
 1  67.05  0.86  1  1  0.55
 1  67.05  0.71  0  0  0.59
 1  62.54  0.51  1  1  1.10
 0  87.33  1.11  0  0  1.10
 1  64.69  1.16  1  0  0.74
 0  97.46  0.51  0  1  2.28
 1  82.53  0.61  1  1  0.56
 1  73.90  0.86  1  1  1.13
 1  77.47  0.61  0  0  0.67
 1  78.06  0.21  0  1  1.70
 1  72.67  0.46  1  1  0.45
 0  98.95  0.95  0  0  2.36
 1  61.05  0.95  0  0  0.66
 0  95.31  1.16  1  0  0.84
 0  92.56  1.24  1  0  0.73
 1  61.05  0.95  1  0  0.50
 0  90.98  0.57  0  1  0.90
 0  82.53  0.96  1  1  3.08
 1  81.94  0.21  1  1  1.00
 1  64.69  1.16  0  0  0.89
 1  62.54  1.06  0  0  0.80
 0  97.46  1.06  0  0  1.00
 0  90.98  1.00  1  1  1.83
 0  70.67  1.30  0  0  1.69
 0  72.67  1.11  1  0  0.65
 0  86.10  0.86  0  0  0.44
 0  67.44  1.24  1  0  0.65
 1  61.05  0.62  0  1  0.75
 1  89.33  0.27  1  1  1.68
