 0  67.44  1.24  1  0  5.87
 1  95.31  1.16  0  0  3.41
 0  61.05  0.62  0  0  0.93
 1  99.70  0.73  0  1  0.94
 0  69.02  1.00  0  0  3.29
 0  73.90  0.86  0  0  0.89
 1  78.06  0.21  1  1  1.09
 0  82.53  0.96  1  1  1.22
 1  72.67  0.46  1  1  3.89
 0  67.05  0.71  0  0  0.79
 0  92.56  1.24  1  1  2.68
 0  67.44  0.33  0  1  2.04
 0  77.47  0.96  1  0 15.13
 0  77.42  1.17  1  0  2.04
 0  69.02  0.57  0  1  4.07
 0  64.69  1.16  0  0  0.97
 0  60.30  0.73  0  0  0.72
 1  70.67  1.30  0  0  0.80
 1  89.33  0.27  1  1  0.83
 0  95.31  0.42  1  1  0.64
 1  77.42  0.40  1  0  2.57
 1  67.44  1.24  0  0  0.66
 0  86.10  0.86  1  1  4.28
 1  85.75  0.23  1  1  5.93
 1  73.90  0.86  1  1  4.29
 1  64.69  1.16  1  0  1.23
 1  73.90  0.71  1  1  7.16
 0  78.06  0.21  0  1  1.85
 1  82.58  1.17  0  1  1.65
 0  92.95  0.86  1  1  0.90
 0  64.69  0.42  0  0  3.12
 0  92.56  0.33  0  1  2.56
 0  74.25  1.34  1  0  1.58
 0  87.33  0.46  0  0  4.46
 0  82.58  1.17  1  1  2.04
 1  61.05  0.62  1  0  0.82
 0  62.54  0.51  0  0  9.13
 1  97.46  0.51  0  1  0.98
 1  92.95  0.71  0  1  2.94
 1  99.70  0.84  0  1 13.45
 0  99.70  0.84  1  1  1.55
 0  86.10  0.71  1  0  1.32
 1  85.75  1.34  0  1  1.28
 1  67.05  0.71  1  0  0.83
 1  74.25  0.23  1  1  2.99
 1  62.54  0.51  1  0  1.08
 0  97.46  1.06  1  1  1.01
 0  70.67  0.27  0  0  6.43
 0  92.95  0.71  1  1  4.30
 1  69.02  1.00  1  0  1.05
 0  90.98  1.00  1  1  0.70
 1  60.30  0.84  1  0  0.72
 0  85.75  0.23  0  1  2.42
 0  89.33  0.27  0  1  5.46
 1  60.30  0.73  1  0  1.55
 0  82.58  0.40  0  0  2.11
 0  77.42  0.40  0  0  0.85
 1  92.95  0.86  0  1  1.77
 0  60.30  0.84  0  0  0.81
 1  86.10  0.71  0  0  2.49
 0  77.47  0.61  0  0  0.85
 0  72.67  0.46  0  0  1.12
 1  87.33  1.11  0  1  6.31
 0  78.06  1.37  1  1  3.68
 0  99.70  0.73  1  1  0.98
 1  72.67  1.11  0  0  1.69
 0  72.67  1.11  1  0  0.69
 1  82.53  0.96  0  1  0.57
 0  90.98  0.57  1  1  1.77
 0  82.53  0.61  0  0  1.63
 1  90.98  1.00  0  1  2.91
 1  87.33  0.46  1  1  0.82
 0  62.54  1.06  0  0  0.79
 1  81.94  0.21  1  1  0.73
 0  67.05  0.86  0  0  1.16
 1  98.95  0.62  0  1  0.49
 0  89.33  1.30  1  1  2.54
 1  92.56  1.24  0  1  1.22
 0  73.90  0.71  0  0  0.59
 1  61.05  0.95  1  0  0.62
 1  67.44  0.33  1  1  1.21
 1  62.54  1.06  1  0  0.62
 1  89.33  1.30  0  1  0.94
 1  90.98  0.57  0  1  1.61
 1  64.69  0.42  1  0  0.64
 0  95.31  1.16  1  1  0.65
 0  98.95  0.62  1  1  0.60
 1  78.06  1.37  0  0  0.62
 1  81.94  1.37  0  0  2.69
 0  70.67  1.30  1  0  2.93
 1  74.25  1.34  0  1  1.17
 1  70.67  0.27  1  1  1.81
 1  82.53  0.61  1  1  1.08
 0  81.94  1.37  1  0  1.50
 1  97.46  1.06  0  1  6.66
 1  92.56  0.33  1  0  3.79
 1  69.02  0.57  1  0  0.68
 0  97.46  0.51  1  1  0.72
 0  87.33  1.11  1  1  0.55
 1  82.58  0.40  1  1  0.61
 1  98.95  0.95  0  0  0.54
 1  77.47  0.96  0  1  0.76
 1  95.31  0.42  0  1  1.03
 0  61.05  0.95  0  0  0.56
 0  81.94  0.21  0  1  0.76
 1  77.42  1.17  0  1  1.58
 1  67.05  0.86  1  0  0.81
 1  77.47  0.61  1  1  0.39
 0  85.75  1.34  1  1  0.55
 0  74.25  0.23  0  1  0.72
 0  98.95  0.95  1  0  0.86
 1  86.10  0.86  0  1  0.72
 0  70.67  0.27  0  1  1.03
 1  73.90  0.86  1  0  2.10
 0  74.25  1.34  1  1  0.55
 1  67.05  0.71  1  0  0.66
 0  92.56  0.33  0  1  0.48
 1  97.46  0.51  0  1  2.69
 1  95.31  0.42  0  1  1.37
 0  97.46  0.51  1  0  0.71
 0  85.75  0.23  0  0  2.02
 0  78.06  1.37  1  1  1.06
 1  82.53  0.61  1  0  2.54
 0  99.70  0.73  1  1  0.87
 1  82.58  0.40  1  0  1.72
 1  67.44  1.24  0  0  1.49
 1  87.33  0.46  1  1  1.48
 0  85.75  1.34  1  0  1.67
 1  72.67  1.11  0  1  1.24
 1  92.95  0.86  0  1  1.74
 1  77.47  0.61  1  0  1.84
 1  99.70  0.84  0  0  1.22
 0  73.90  0.86  0  0  1.06
 1  69.02  1.00  1  0  5.94
 1  86.10  0.71  0  1  0.95
 0  77.47  0.61  0  0  1.24
 1  72.67  0.46  1  1  1.38
 1  62.54  0.51  1  0  1.07
 1  89.33  0.27  1  1  0.78
 1  77.42  1.17  0  0  1.07
 1  95.31  1.16  0  0  2.14
 0  87.33  1.11  1  1  0.75
 0  67.44  0.33  0  0  0.70
 1  60.30  0.73  1  1  0.79
 1  74.25  0.23  1  0  1.10
 0  67.05  0.86  0  0  0.65
 1  74.25  1.34  0  1  0.76
 0  67.44  1.24  1  1  0.45
 0  62.54  0.51  0  0  0.42
 0  72.67  1.11  1  0  1.17
 1  98.95  0.62  0  1  0.90
 0  92.95  0.86  1  0  1.34
 1  62.54  1.06  1  0  1.79
 0  90.98  1.00  1  0  1.32
 0  77.42  0.40  0  0  1.42
 1  92.56  0.33  1  1  0.55
 1  73.90  0.71  1  0  0.27
 0  72.67  0.46  0  1  0.45
 0  81.94  0.21  0  1  2.22
 0  77.47  0.96  1  0  0.81
 0  67.05  0.71  0  0  3.61
 0  97.46  1.06  1  1  0.50
 1  69.02  0.57  1  0  0.48
 0  86.10  0.71  1  1  3.23
 0  82.58  0.40  0  0  0.69
 0  74.25  0.23  0  0  0.82
 0  73.90  0.71  0  1  0.54
 1  77.42  0.40  1  1  1.04
 0  99.70  0.84  1  0  0.35
 0  95.31  1.16  1  1  0.48
 1  70.67  1.30  0  0  0.51
 1  82.53  0.96  0  0  0.57
 1  61.05  0.62  1  0  0.75
 0  81.94  1.37  1  1  0.75
 1  77.47  0.96  0  1  0.69
 0  90.98  0.57  1  1  0.90
 1  85.75  1.34  0  0  0.50
 1  90.98  1.00  0  0  0.85
 1  99.70  0.73  0  1  1.25
 1  70.67  0.27  1  0  0.42
 0  89.33  1.30  1  1  1.11
 1  86.10  0.86  0  1  0.93
 0  61.05  0.95  0  1  0.45
 1  81.94  1.37  0  0  2.43
 0  62.54  1.06  0  0  0.68
 1  87.33  1.11  0  1  0.65
 1  82.58  1.17  0  0  0.68
 1  78.06  0.21  1  1  0.24
 1  92.56  1.24  0  1  0.49
 1  78.06  1.37  0  1  0.42
 1  98.95  0.95  0  0  0.30
 1  67.44  0.33  1  1  0.34
 0  92.95  0.71  1  1  0.24
 0  82.53  0.96  1  0  0.36
 0  82.53  0.61  0  0  0.55
 1  89.33  1.30  0  1  0.24
 0  61.05  0.62  0  0  0.47
 1  60.30  0.84  1  1  0.31
 0  78.06  0.21  0  0  0.26
 1  64.69  0.42  1  1  0.41
 0  82.58  1.17  1  1  0.68
 0  64.69  0.42  0  0  0.30
 0  69.02  1.00  0  0  0.72
 0  87.33  0.46  0  1  0.74
 0  98.95  0.62  1  0  0.36
 0  70.67  1.30  1  1  0.56
 1  85.75  0.23  1  0  0.29
 1  67.05  0.86  1  0  0.31
 0  60.30  0.84  0  0  0.33
 1  61.05  0.95  1  1  0.32
 1  90.98  0.57  0  0  0.35
 1  64.69  1.16  1  1  0.28
 0  98.95  0.95  1  0  0.19
 0  64.69  1.16  0  1  0.27
 0  77.42  1.17  1  0  0.24
 1  92.95  0.71  0  0  0.25
 0  95.31  0.42  1  1  0.24
 1  97.46  1.06  0  1  0.22
 0  89.33  0.27  0  1  0.31
 0  60.30  0.73  0  0  0.20
 0  86.10  0.86  1  1  0.21
 0  92.56  1.24  1  0  0.20
 1  81.94  0.21  1  0  0.22
 0  69.02  0.57  0  1  0.25
 1  64.69  0.42  1  0  0.99
 1  69.02  0.57  1  1  0.20
 0  95.31  1.16  1  1  0.44
 1  97.46  0.51  0  0  0.30
 0  69.02  1.00  0  1  0.29
 1  77.47  0.61  1  1  0.33
 0  60.30  0.73  0  1  0.39
 1  87.33  0.46  1  1  0.31
 0  61.05  0.95  0  0  0.18
 1  90.98  1.00  0  1  0.19
 0  95.31  0.42  1  0  0.21
 0  78.06  0.21  0  1  0.17
 0  99.70  0.73  1  1  0.05
 1  98.95  0.62  0  0  0.47
 0  99.70  0.84  1  0  0.26
 1  78.06  0.21  1  1  0.25
 0  69.02  0.57  0  0  0.29
 1  98.95  0.95  0  1  0.23
 0  78.06  1.37  1  0  0.29
 0  92.56  0.33  0  1  0.20
 0  89.33  0.27  0  0  0.32
 0  81.94  1.37  1  1  0.24
 0  62.54  1.06  0  0  0.05
 1  81.94  0.21  1  0  0.22
 0  74.25  1.34  1  1  0.25
 0  60.30  0.84  0  0  0.19
 1  70.67  1.30  0  1  0.60
 0  85.75  1.34  1  1  0.33
 1  89.33  1.30  0  0  0.10
 1  73.90  0.86  1  1  0.24
 1  67.44  1.24  0  0  0.42
 0  82.53  0.96  1  1  0.23
 1  99.70  0.73  0  1  0.40
 0  89.33  1.30  1  1  0.27
 1  73.90  0.71  1  0  0.25
 0  77.47  0.61  0  0  0.22
 0  77.42  0.40  0  1  0.26
 0  70.67  1.30  1  0  0.08
 1  74.25  0.23  1  0  0.21
 0  86.10  0.86  1  1  0.19
 0  77.47  0.96  1  1  0.16
 1  78.06  1.37  0  1  0.65
 1  77.42  1.17  0  1  0.26
 1  95.31  1.16  0  0  0.29
 0  77.42  1.17  1  1  0.23
 1  89.33  0.27  1  1  0.22
 1  86.10  0.86  0  1  0.21
 0  72.67  0.46  0  0  0.68
 1  82.58  0.40  1  1  0.82
 1  74.25  1.34  0  0  0.45
 0  98.95  0.62  1  1  0.23
 0  87.33  1.11  1  0  0.22
 1  85.75  0.23  1  0  0.40
 1  67.05  0.71  1  1  0.24
 1  62.54  0.51  1  0  0.24
 0  90.98  0.57  1  1  0.22
 0  67.44  1.24  1  0  0.18
 0  62.54  0.51  0  1  0.27
 1  60.30  0.73  1  1  0.28
 0  90.98  1.00  1  0  0.35
 0  61.05  0.62  0  1  0.26
 0  81.94  0.21  0  0  0.22
 0  86.10  0.71  1  1  0.24
 1  95.31  0.42  0  1  0.28
 1  77.42  0.40  1  1  0.35
 1  92.56  1.24  0  0  0.32
 0  98.95  0.95  1  1  0.23
 0  82.58  0.40  0  1  0.24
 1  82.53  0.61  1  0  0.26
 1  72.67  1.11  0  1  0.23
 1  99.70  0.84  0  1  0.21
 1  62.54  1.06  1  0  0.69
 1  92.95  0.71  0  1  0.26
 1  90.98  0.57  0  1  0.29
 0  67.05  0.71  0  1  0.44
 0  92.95  0.86  1  0  0.27
 1  81.94  1.37  0  1  0.24
 0  70.67  0.27  0  0  0.23
 0  97.46  0.51  1  1  0.29
 0  64.69  0.42  0  0  0.28
 0  64.69  1.16  0  0  0.22
 0  72.67  1.11  1  1  0.20
 0  92.56  1.24  1  0  0.21
 1  86.10  0.71  0  1  0.20
 1  72.67  0.46  1  0  0.74
 1  82.58  1.17  0  1  0.46
 1  92.95  0.86  0  1  1.29
 0  82.58  1.17  1  0  1.48
 0  73.90  0.86  0  1  0.58
 1  92.56  0.33  1  1  0.74
 0  97.46  1.06  1  1  0.76
 1  70.67  0.27  1  0  0.56
 0  67.44  0.33  0  1  0.43
 1  64.69  1.16  1  1  0.33
 0  74.25  0.23  0  0  0.31
 1  67.44  0.33  1  1  0.31
 1  82.53  0.96  0  0  0.77
 1  60.30  0.84  1  0  0.53
 0  67.05  0.86  0  1  0.47
 1  69.02  1.00  1  0  0.52
 1  77.47  0.96  0  1  0.25
 0  85.75  0.23  0  1  1.02
 1  67.05  0.86  1  1  0.49
 0  82.53  0.61  0  0  0.39
 1  61.05  0.62  1  1  0.44
 0  73.90  0.71  0  1  0.50
 1  61.05  0.95  1  1  0.39
 0  87.33  0.46  0  0  0.77
 1  87.33  1.11  0  1  0.77
 1  85.75  1.34  0  0  0.84
 1  97.46  1.06  0  1  0.42
 0  92.95  0.71  1  1  1.16
 0  86.10  0.71  1  1  0.66
 1  89.33  1.30  0  1  0.31
 1  98.95  0.62  0  0  0.20
 1  81.94  0.21  1  1  0.21
 1  73.90  0.71  1  1  0.31
 0  82.58  1.17  1  0  0.26
 0  85.75  0.23  0  1  0.25
 0  61.05  0.95  0  0  0.25
 0  89.33  1.30  1  1  0.29
 0  82.53  0.61  0  1  0.26
 0  92.56  1.24  1  1  0.33
 1  70.67  1.30  0  1  0.33
 0  60.30  0.73  0  0  0.23
 1  85.75  0.23  1  1  0.23
 1  70.67  0.27  1  0  0.26
 0  64.69  1.16  0  1  0.28
 1  92.56  1.24  0  1  0.38
 0  95.31  1.16  1  1  1.05
 0  78.06  1.37  1  1  0.52
 1  64.69  0.42  1  0  0.84
 1  86.10  0.71  0  1  0.31
 1  82.53  0.96  0  1  0.45
 0  98.95  0.62  1  0  0.52
 1  86.10  0.86  0  1  0.74
 0  67.44  1.24  1  1  0.37
 1  77.47  0.61  1  1  0.44
 0  73.90  0.71  0  0  0.46
 1  97.46  1.06  0  1  0.28
 0  77.42  0.40  0  0  0.18
 0  67.05  0.71  0  1  0.47
 1  92.95  0.71  0  1  0.48
 1  99.70  0.84  0  0  0.31
 1  60.30  0.73  1  1  0.28
 0  70.67  0.27  0  1  0.45
 1  90.98  0.57  0  0  0.54
 0  82.58  0.40  0  0  1.06
 0  81.94  1.37  1  1  1.12
 0  82.53  0.96  1  1  2.63
 1  99.70  0.73  0  1  0.59
 0  98.95  0.95  1  0  0.49
 1  72.67  0.46  1  0  0.35
 0  74.25  0.23  0  1  0.87
 1  77.47  0.96  0  0  1.81
 1  92.95  0.86  0  1  0.52
 1  61.05  0.62  1  0  0.91
 1  69.02  0.57  1  0  0.63
 1  64.69  1.16  1  1  0.98
 1  95.31  1.16  0  0  0.29
 0  62.54  1.06  0  1  1.01
 1  92.56  0.33  1  1  0.62
 0  99.70  0.84  1  1  0.38
 1  89.33  0.27  1  0  0.32
 1  82.58  1.17  0  0  0.28
 1  81.94  1.37  0  0  0.25
 1  82.53  0.61  1  0  0.40
 1  77.42  1.17  0  0  0.29
 0  92.95  0.86  1  1  0.26
 1  74.25  0.23  1  1  0.32
 0  87.33  1.11  1  1  0.81
 1  67.05  0.86  1  0  0.23
 0  97.46  1.06  1  1  0.23
 0  90.98  0.57  1  1  0.78
 1  87.33  1.11  0  1  0.32
 1  69.02  1.00  1  0  0.23
 0  72.67  0.46  0  1  0.67
 0  73.90  0.86  0  0  0.26
 0  62.54  0.51  0  0  0.36
 0  92.56  0.33  0  1  0.52
 0  77.47  0.96  1  0  0.20
 1  77.42  0.40  1  0  0.26
 1  73.90  0.86  1  1  0.25
 0  69.02  1.00  0  1  0.32
 0  97.46  0.51  1  0  0.24
 1  67.05  0.71  1  1  0.31
 1  62.54  1.06  1  0  0.24
 0  77.47  0.61  0  1  0.23
 1  60.30  0.84  1  1  0.23
 1  97.46  0.51  0  0  0.40
 1  95.31  0.42  0  1  0.25
 1  78.06  0.21  1  1  0.27
 0  85.75  1.34  1  0  0.76
 0  87.33  0.46  0  1  0.77
 0  69.02  0.57  0  1  0.80
 0  92.95  0.71  1  1  0.51
 1  90.98  1.00  0  1  0.32
 0  70.67  1.30  1  0  0.24
 1  85.75  1.34  0  1  0.27
 0  81.94  0.21  0  0  0.59
 1  62.54  0.51  1  1  0.39
 0  64.69  0.42  0  1  0.48
 1  87.33  0.46  1  1  0.32
 0  60.30  0.84  0  0  0.35
 1  82.58  0.40  1  1  0.24
 1  78.06  1.37  0  0  0.30
 0  74.25  1.34  1  0  0.27
 1  61.05  0.95  1  1  0.51
 1  67.44  0.33  1  0  0.22
 0  90.98  1.00  1  1  0.26
 0  61.05  0.62  0  0  0.23
 1  72.67  1.11  0  1  0.24
 0  95.31  0.42  1  0  0.22
 1  74.25  1.34  0  1  0.21
 1  67.44  1.24  0  0  0.61
 0  99.70  0.73  1  0  0.25
 1  98.95  0.95  0  1  0.34
 0  67.05  0.86  0  1  0.31
 0  77.42  1.17  1  1  0.23
 0  89.33  0.27  0  0  0.25
 0  67.44  0.33  0  0  0.21
 0  86.10  0.86  1  0  0.37
 0  78.06  0.21  0  1  0.22
 0  72.67  1.11  1  1  0.19
 0  67.44  0.33  0  1  0.80
 0  97.46  0.51  1  0  0.23
 0  67.44  1.24  1  1  0.24
 1  74.25  1.34  0  0  0.26
 0  67.05  0.71  0  0  0.23
 1  87.33  1.11  0  1  0.36
 0  62.54  0.51  0  1  0.20
 1  67.44  0.33  1  0  0.23
 1  82.58  1.17  0  0  0.25
 1  78.06  1.37  0  1  0.30
 0  81.94  1.37  1  1  0.24
 1  60.30  0.73  1  0  0.29
 1  98.95  0.95  0  1  0.23
 1  73.90  0.86  1  1  0.27
 1  69.02  1.00  1  0  0.19
 0  74.25  1.34  1  1  0.25
 1  67.05  0.71  1  1  0.25
 0  92.56  0.33  0  1  0.22
 0  69.02  1.00  0  0  0.63
 0  61.05  0.62  0  1  0.32
 1  85.75  1.34  0  0  0.23
 1  90.98  1.00  0  0  0.27
 1  62.54  0.51  1  0  0.38
 0  69.02  0.57  0  0  0.35
 1  81.94  1.37  0  1  0.23
 1  86.10  0.71  0  0  0.30
 1  67.44  1.24  0  1  0.25
 0  67.05  0.86  0  0  0.23
 0  78.06  1.37  1  1  0.33
 0  77.42  1.17  1  1  0.12
 1  82.53  0.61  1  0  0.34
 0  73.90  0.71  0  0  0.25
 1  89.33  1.30  0  1  0.32
 0  87.33  1.11  1  0  0.23
 0  77.47  0.61  0  1  0.40
 1  72.67  1.11  0  1  0.28
 1  81.94  0.21  1  0  0.39
 1  92.95  0.71  0  1  0.35
 0  82.53  0.96  1  1  0.36
 0  98.95  0.95  1  1  0.35
 0  99.70  0.73  1  1  0.37
 0  82.58  1.17  1  0  0.33
 1  70.67  1.30  0  1  0.36
 1  92.56  0.33  1  0  0.28
 0  85.75  0.23  0  1  0.28
 0  92.56  1.24  1  0  0.23
 0  85.75  1.34  1  0  0.24
 0  64.69  0.42  0  1  0.24
 1  77.47  0.96  0  1  0.25
 1  61.05  0.62  1  0  0.22
 1  64.69  0.42  1  1  0.24
 1  60.30  0.84  1  1  0.28
 1  61.05  0.95  1  1  0.24
 0  61.05  0.95  0  1  0.48
 1  73.90  0.71  1  1  0.32
 1  97.46  0.51  0  0  0.25
 0  90.98  1.00  1  1  0.29
 0  86.10  0.71  1  1  0.26
 0  81.94  0.21  0  0  0.50
 1  97.46  1.06  0  1  0.85
 1  99.70  0.73  0  1  0.96
 0  95.31  0.42  1  0  0.63
 1  85.75  0.23  1  1  1.32
 0  89.33  1.30  1  0  1.63
 1  62.54  1.06  1  1  0.83
 1  64.69  1.16  1  1  0.94
 0  72.67  1.11  1  1  2.28
 0  70.67  0.27  0  0  1.30
 0  86.10  0.86  1  1  0.57
 1  82.53  0.96  0  1  0.31
 1  77.42  1.17  0  0  0.28
 1  67.05  0.86  1  1  0.27
 0  73.90  0.86  0  0  1.10
 0  92.95  0.71  1  1  0.72
 1  70.67  0.27  1  1  0.41
 0  77.47  0.96  1  0  0.38
 0  74.25  0.23  0  1  0.34
 0  60.30  0.73  0  1  0.28
 1  92.95  0.86  0  1  0.62
 1  89.33  0.27  1  0  0.41
 0  95.31  1.16  1  1  0.33
 1  72.67  0.46  1  1  0.32
 0  70.67  1.30  1  0  0.23
 1  98.95  0.62  0  1  0.53
 0  87.33  0.46  0  0  0.25
 0  78.06  0.21  0  1  0.28
 0  64.69  1.16  0  1  0.26
 0  89.33  0.27  0  0  0.26
 0  82.58  0.40  0  1  0.32
 1  77.47  0.61  1  1  0.33
 0  60.30  0.84  0  0  0.43
 0  77.42  0.40  0  1  0.25
 1  92.56  1.24  0  1  0.30
 1  77.42  0.40  1  0  0.23
 0  72.67  0.46  0  1  0.24
 1  95.31  0.42  0  1  0.26
 1  87.33  0.46  1  1  0.36
 0  82.53  0.61  0  0  0.36
 1  82.58  0.40  1  1  0.27
 0  98.95  0.62  1  0  0.48
 1  69.02  0.57  1  0  0.57
 1  86.10  0.86  0  0  0.69
 1  78.06  0.21  1  1  0.28
 1  99.70  0.84  0  0  0.32
 0  62.54  1.06  0  1  0.27
 0  99.70  0.84  1  1  0.39
 0  90.98  0.57  1  1  0.24
 1  74.25  0.23  1  1  0.23
 1  90.98  0.57  0  0  0.30
 0  92.95  0.86  1  1  0.20
 1  95.31  1.16  0  1  0.20
 0  97.46  1.06  1  0  0.32
