 2  74.25  0.23  1  1  3.93
 1  82.58  1.17  0  1  4.29
 0  60.30  0.73  0  1  1.45
 0  62.54  0.51  0  1  2.30
 2  60.30  0.73  1  0  0.91
 2  69.02  0.57  1  1  5.61
 1  77.47  0.96  0  3  2.34
 0  81.94  0.21  0  3  3.61
 1  90.98  0.57  0  0  2.41
 1  86.10  0.86  0  2  1.66
 2  77.47  0.61  1  1  1.48
 2  60.30  0.84  1  0  4.71
 3  86.10  0.71  1  1  1.76
 0  69.02  0.57  0  0  2.65
 3  92.95  0.86  1  2  2.01
 3  78.06  1.37  1  0  4.16
 3  82.53  0.96  1  0  3.70
 0  89.33  0.27  0  2  1.75
 1  77.42  1.17  0  2  1.54
 3  95.31  1.16  1  3  8.18
 2  82.58  0.40  1  1  2.39
 0  60.30  0.84  0  0  2.28
 2  67.44  0.33  1  0  1.74
 3  95.31  0.42  1  1  2.98
 0  87.33  0.46  0  3  4.88
 0  73.90  0.86  0  2  4.09
 1  81.94  1.37  0  1  1.70
 2  92.56  0.33  1  1  2.32
 2  87.33  0.46  1  2  1.07
 2  69.02  1.00  1  0  3.47
 3  86.10  0.86  1  1  6.35
 1  95.31  0.42  0  3  2.22
 3  85.75  1.34  1  2  8.54
 1  85.75  1.34  0  2  6.89
 3  82.58  1.17  1  1  1.09
 3  97.46  1.06  1  0  1.30
 0  67.05  0.71  0  0  1.16
 0  72.67  0.46  0  1  1.31
 2  78.06  0.21  1  2  2.82
 1  92.95  0.71  0  3 11.11
 0  74.25  0.23  0  0  2.10
 0  67.05  0.86  0  0  0.83
 2  62.54  0.51  1  2  1.22
 2  72.67  0.46  1  2  0.83
 2  67.05  0.86  1  2  0.80
 0  64.69  1.16  0  0  1.38
 1  99.70  0.84  0  1  1.34
 1  97.46  0.51  0  1  0.75
 3  97.46  0.51  1  3  1.39
 0  85.75  0.23  0  3  0.78
 3  70.67  1.30  1  2  2.92
 0  73.90  0.71  0  0  1.07
 0  70.67  0.27  0  0  2.73
 3  92.95  0.71  1  3  1.20
 1  86.10  0.71  0  1  2.08
 2  73.90  0.86  1  2  1.34
 2  77.42  0.40  1  2  1.84
 3  77.47  0.96  1  2  0.70
 0  62.54  1.06  0  0  1.28
 1  89.33  1.30  0  1  3.65
 1  92.95  0.86  0  1  0.61
 3  92.56  1.24  1  3  1.70
 3  74.25  1.34  1  2  0.73
 2  70.67  0.27  1  2  0.84
 1  95.31  1.16  0  1  3.07
 1  90.98  1.00  0  1  1.01
 2  67.05  0.71  1  2  1.87
 2  64.69  1.16  1  3  1.76
 3  90.98  1.00  1  3  1.33
 2  73.90  0.71  1  2  2.28
 2  61.05  0.95  1  2  1.19
 3  98.95  0.62  1  3  4.44
 3  89.33  1.30  1  3  1.06
 1  97.46  1.06  0  1  1.31
 2  82.53  0.61  1  2  3.70
 0  82.58  0.40  0  1  0.83
 3  77.42  1.17  1  2  1.21
 1  67.44  1.24  0  0  4.83
 2  62.54  1.06  1  2  1.54
 0  77.42  0.40  0  1  4.62
 1  99.70  0.73  0  0  0.70
 3  90.98  0.57  1  2  1.83
 3  99.70  0.84  1  1  2.81
 0  67.44  0.33  0  0  8.87
 1  74.25  1.34  0  0  3.25
 2  81.94  0.21  1  2  1.37
 1  70.67  1.30  0  0  1.71
 3  72.67  1.11  1  2  1.48
 0  69.02  1.00  0  1  1.49
 0  61.05  0.95  0  0  0.97
 2  85.75  0.23  1  2  4.94
 0  78.06  0.21  0  1  1.38
 3  81.94  1.37  1  3  1.66
 2  89.33  0.27  1  2  0.68
 1  98.95  0.95  0  1  3.04
 0  64.69  0.42  0  2  1.71
 3  67.44  1.24  1  3  1.64
 1  82.53  0.96  0  1  2.81
 1  98.95  0.62  0  0  2.42
 0  82.53  0.61  0  1  1.12
 0  77.47  0.61  0  0  6.66
 3  99.70  0.73  1  2  2.79
 2  64.69  0.42  1  2  5.68
 0  92.56  0.33  0  1  1.45
 1  72.67  1.11  0  1  0.79
 3  98.95  0.95  1  3  1.98
 1  92.56  1.24  0  1  1.20
 2  61.05  0.62  1  2  4.06
 0  61.05  0.62  0  0  0.75
 1  87.33  1.11  0  1  1.71
 3  87.33  1.11  1  3  2.71
 1  78.06  1.37  0  1  1.71
 0  77.42  0.40  0  1  5.68
 1  74.25  1.34  0  1  2.25
 2  62.54  1.06  1  3  7.32
 2  85.75  0.23  1  2  1.27
 3  98.95  0.95  1  3  2.46
 0  77.47  0.61  0  0  8.19
 1  70.67  1.30  0  1  0.93
 3  74.25  1.34  1  3  1.23
 1  92.95  0.86  0  1  4.06
 2  67.05  0.71  1  2  2.94
 3  99.70  0.73  1  3  1.50
 0  72.67  0.46  0  0  1.59
 1  95.31  1.16  0  1  1.42
 3  92.56  1.24  1  3  1.07
 2  69.02  0.57  1  2  1.25
 3  82.53  0.96  1  3  2.06
 3  86.10  0.86  1  3  0.68
 0  89.33  0.27  0  0  2.65
 0  62.54  1.06  0  1  2.03
 3  89.33  1.30  1  3  3.49
 1  97.46  1.06  0  1  1.41
 3  98.95  0.62  1  2  1.59
 1  72.67  1.11  0  0  3.73
 1  85.75  1.34  0  1  1.38
 2  78.06  0.21  1  2  1.70
 3  85.75  1.34  1  3  1.35
 1  99.70  0.84  0  1  1.70
 0  61.05  0.62  0  0  1.80
 3  99.70  0.84  1  3  3.40
 3  97.46  1.06  1  3  0.71
 2  72.67  0.46  1  2  0.76
 3  95.31  0.42  1  2  1.01
 1  77.42  1.17  0  1  2.04
 1  67.44  1.24  0  1  0.55
 1  90.98  1.00  0  1  0.90
 1  87.33  1.11  0  1  0.60
 1  86.10  0.86  0  1  0.91
 2  92.56  0.33  1  2  3.97
 3  90.98  0.57  1  2  1.28
 0  64.69  0.42  0  0  3.96
 3  97.46  0.51  1  3  3.30
 2  67.05  0.86  1  2  0.92
 2  67.44  0.33  1  2  0.78
 0  73.90  0.86  0  1  2.45
 3  82.58  1.17  1  1  1.00
 0  69.02  0.57  0  0  2.15
 0  67.44  0.33  0  0  0.63
 2  60.30  0.73  1  2  1.14
 0  60.30  0.73  0  0  0.91
 2  77.47  0.61  1  2  1.58
 0  62.54  0.51  0  0  1.10
 0  64.69  1.16  0  1  1.29
 1  89.33  1.30  0  1  1.64
 1  86.10  0.71  0  1  2.03
 1  95.31  0.42  0  0  2.83
 0  78.06  0.21  0  0  1.53
 0  92.56  0.33  0  1  1.12
 2  81.94  0.21  1  2  2.83
 1  78.06  1.37  0  1  1.53
 2  64.69  0.42  1  2  1.59
 3  78.06  1.37  1  3  0.79
 2  87.33  0.46  1  2  0.81
 0  82.58  0.40  0  0  2.41
 1  98.95  0.95  0  1  0.93
 0  70.67  0.27  0  0  0.74
 2  82.58  0.40  1  2  0.78
 0  82.53  0.61  0  1  4.46
 3  81.94  1.37  1  3  1.29
 2  73.90  0.86  1  3  1.29
 3  92.95  0.71  1  3  1.66
 1  99.70  0.73  0  1  1.48
 3  77.42  1.17  1  3  1.57
 2  61.05  0.62  1  2  1.25
 1  92.56  1.24  0  1  1.65
 1  98.95  0.62  0  1  1.52
 3  92.95  0.86  1  3  1.55
 2  69.02  1.00  1  2  2.70
 0  87.33  0.46  0  1  3.47
 3  87.33  1.11  1  3  1.80
 0  67.05  0.86  0  0  2.40
 0  67.05  0.71  0  0  0.63
 3  77.47  0.96  1  2  2.13
 2  70.67  0.27  1  2  0.91
 2  89.33  0.27  1  2  0.78
 1  82.58  1.17  0  1  1.40
 2  62.54  0.51  1  2  2.61
 3  90.98  1.00  1  3  1.34
 3  67.44  1.24  1  2  2.02
 2  74.25  0.23  1  2  1.00
 1  82.53  0.96  0  1  1.46
 2  77.42  0.40  1  2  3.02
 3  70.67  1.30  1  3  1.29
 3  72.67  1.11  1  3  1.04
 0  60.30  0.84  0  0  1.59
 0  81.94  0.21  0  0  1.04
 1  90.98  0.57  0  1  2.09
 0  61.05  0.95  0  0  1.36
 3  95.31  1.16  1  3  1.88
 3  86.10  0.71  1  2  5.02
 0  73.90  0.71  0  0  2.55
 2  73.90  0.71  1  2  1.60
 2  64.69  1.16  1  2  2.67
 2  60.30  0.84  1  2  0.98
 1  77.47  0.96  0  1  2.13
 0  74.25  0.23  0  0  0.98
 2  82.53  0.61  1  2  1.87
 1  92.95  0.71  0  1  3.07
 0  85.75  0.23  0  0  0.88
 0  69.02  1.00  0  0  1.34
 2  61.05  0.95  1  2  1.01
 1  81.94  1.37  0  1  1.13
 1  97.46  0.51  0  1  1.34
 2  77.42  0.40  1  2  5.65
 1  86.10  0.86  0  1 10.67
 3  77.47  0.96  1  3  7.79
 0  67.05  0.71  0  0  3.07
 1  95.31  0.42  0  1  2.06
 0  82.53  0.61  0  1  1.58
 2  82.58  0.40  1  0  2.76
 1  67.44  1.24  0  0  6.55
 3  92.95  0.71  1  2  3.79
 0  92.56  0.33  0  2  5.26
 3  77.42  1.17  1  1  9.13
 0  61.05  0.95  0  0  2.25
 0  73.90  0.86  0  0  2.17
 0  74.25  0.23  0  0  2.25
 2  70.67  0.27  1  2  1.43
 3  90.98  0.57  1  3  1.61
 2  62.54  0.51  1  2  1.23
 0  60.30  0.73  0  0  1.58
 0  64.69  1.16  0  1  2.21
 2  69.02  1.00  1  0  0.92
 0  67.05  0.86  0  2  0.88
 1  77.42  1.17  0  1  1.10
 3  67.44  1.24  1  2  9.95
 0  70.67  0.27  0  0  1.46
 0  81.94  0.21  0  0  2.78
 1  98.95  0.95  0  1  1.34
 2  62.54  1.06  1  2  1.28
 2  60.30  0.84  1  2  0.74
 3  86.10  0.86  1  3  1.58
 2  67.05  0.71  1  2  1.15
 1  81.94  1.37  0  1  2.32
 0  64.69  0.42  0  0  1.00
 0  77.47  0.61  0  1  1.28
 2  85.75  0.23  1  2  1.52
 3  95.31  1.16  1  3  1.09
 3  98.95  0.62  1  3  1.56
 3  89.33  1.30  1  3  0.74
 0  72.67  0.46  0  0  2.20
 1  97.46  0.51  0  1  1.80
 3  86.10  0.71  1  2  1.71
 0  61.05  0.62  0  0  3.02
 3  98.95  0.95  1  3  1.93
 3  82.58  1.17  1  3  0.77
 2  87.33  0.46  1  3  1.15
 2  61.05  0.95  1  2  1.44
 1  72.67  1.11  0  0  7.12
 2  74.25  0.23  1  2  1.06
 2  67.05  0.86  1  2  1.77
 3  74.25  1.34  1  2  1.16
 1  97.46  1.06  0  1  3.22
 3  92.95  0.86  1  3  9.76
 3  95.31  0.42  1  2  0.62
 0  87.33  0.46  0  1  2.53
 2  73.90  0.86  1  0  1.40
 3  81.94  1.37  1  3  2.62
 1  82.53  0.96  0  1  3.15
 1  92.95  0.86  0  1  2.07
 2  61.05  0.62  1  2  3.22
 0  85.75  0.23  0  0  1.62
 3  82.53  0.96  1  3  1.57
 0  67.44  0.33  0  0  4.78
 3  99.70  0.84  1  3  3.10
 1  92.95  0.71  0  1  1.40
 3  97.46  0.51  1  2  4.40
 3  85.75  1.34  1  3  1.90
 2  89.33  0.27  1  2  1.28
 2  64.69  0.42  1  2  0.75
 2  82.53  0.61  1  2  1.81
 1  89.33  1.30  0  1  1.09
 1  82.58  1.17  0  1  1.06
 2  78.06  0.21  1  2  1.14
 3  78.06  1.37  1  3  1.46
 1  90.98  0.57  0  1  1.64
 2  92.56  0.33  1  2  2.05
 1  78.06  1.37  0  1  0.86
 1  99.70  0.73  0  1  0.89
 2  60.30  0.73  1  2  1.21
 1  99.70  0.84  0  1  1.04
 0  69.02  0.57  0  0  1.51
 3  92.56  1.24  1  3  1.20
 1  95.31  1.16  0  1  1.75
 0  62.54  0.51  0  0  0.80
 2  77.47  0.61  1  2  4.40
 1  98.95  0.62  0  1  3.91
 1  85.75  1.34  0  1  1.22
 1  87.33  1.11  0  1  1.04
 2  64.69  1.16  1  2  0.76
 3  72.67  1.11  1  2  0.63
 1  90.98  1.00  0  1  1.23
 3  87.33  1.11  1  3  2.94
 0  60.30  0.84  0  0  1.34
 2  72.67  0.46  1  0  1.87
 3  70.67  1.30  1  3  0.94
 2  67.44  0.33  1  2  0.79
 0  73.90  0.71  0  0  1.74
 0  82.58  0.40  0  1  0.82
 0  69.02  1.00  0  1  1.97
 1  92.56  1.24  0  1  0.96
 2  81.94  0.21  1  2  1.10
 0  62.54  1.06  0  0  1.33
 0  78.06  0.21  0  0  0.92
 1  77.47  0.96  0  1  1.14
 2  69.02  0.57  1  2  1.31
 2  73.90  0.71  1  2  1.12
 0  77.42  0.40  0  0  0.99
 1  70.67  1.30  0  1  1.39
 3  97.46  1.06  1  3  7.40
 3  99.70  0.73  1  3  1.30
 0  89.33  0.27  0  0  2.06
 1  74.25  1.34  0  1  8.49
 1  86.10  0.71  0  0  2.35
 3  90.98  1.00  1  3  0.97
 0  60.30  0.84  0  1  2.21
 0  74.25  0.23  0  0  1.00
 1  95.31  1.16  0  1  0.97
 3  99.70  0.73  1  2  1.52
 2  69.02  0.57  1  2  0.57
 3  74.25  1.34  1  2  0.63
 3  77.47  0.96  1  3  1.33
 1  77.42  1.17  0  1  1.38
 1  92.95  0.86  0  1  1.36
 1  97.46  0.51  0  1  3.14
 2  64.69  1.16  1  3  1.85
 3  97.46  1.06  1  3  1.00
 1  82.53  0.96  0  1  4.01
 0  85.75  0.23  0  0  3.09
 2  72.67  0.46  1  2  0.94
 1  95.31  0.42  0  0  1.16
 2  81.94  0.21  1  2  1.20
 0  81.94  0.21  0  0  1.11
 3  98.95  0.62  1  3  1.92
 3  92.95  0.86  1  3  0.84
 3  86.10  0.86  1  3  0.67
 3  89.33  1.30  1  3  0.62
 2  82.53  0.61  1  2  1.56
 0  82.53  0.61  0  0  2.02
 3  82.53  0.96  1  2  0.84
 1  98.95  0.62  0  1  4.65
 2  70.67  0.27  1  2  1.30
 3  92.95  0.71  1  3  1.00
 1  85.75  1.34  0  1  0.99
 0  69.02  1.00  0  0  0.83
 1  82.58  1.17  0  1  1.09
 0  69.02  0.57  0  0  0.78
 3  72.67  1.11  1  2  2.30
 2  87.33  0.46  1  2  0.72
 2  67.44  0.33  1  2  0.57
 3  77.42  1.17  1  3  0.74
 0  82.58  0.40  0  0  1.38
 2  73.90  0.86  1  3  1.52
 3  70.67  1.30  1  3  1.24
 2  61.05  0.95  1  2  0.88
 3  67.44  1.24  1  2  0.65
 1  89.33  1.30  0  1  1.00
 2  67.05  0.86  1  2  0.70
 3  82.58  1.17  1  3  2.23
 0  64.69  0.42  0  0  1.09
 1  86.10  0.86  0  1  1.61
 2  82.58  0.40  1  2  1.69
 1  87.33  1.11  0  1  1.81
 0  78.06  0.21  0  0  5.16
 3  95.31  0.42  1  2  1.15
 2  89.33  0.27  1  2  1.37
 1  92.56  1.24  0  1  0.94
 2  77.42  0.40  1  0  1.31
 2  69.02  1.00  1  2  1.29
 3  97.46  0.51  1  3  1.40
 0  67.05  0.86  0  0  0.84
 0  64.69  1.16  0  1  1.06
 3  78.06  1.37  1  3  2.16
 2  78.06  0.21  1  2  1.43
 0  67.44  0.33  0  0  1.74
 1  98.95  0.95  0  1  1.00
 0  62.54  1.06  0  0  3.77
 0  73.90  0.86  0  0  2.15
 1  70.67  1.30  0  1  0.77
 3  95.31  1.16  1  3  1.63
 3  86.10  0.71  1  2  2.51
 2  60.30  0.73  1  2  0.71
 1  81.94  1.37  0  1  0.99
 0  73.90  0.71  0  0  1.38
 0  77.42  0.40  0  0  0.82
 3  85.75  1.34  1  3  0.99
 0  92.56  0.33  0  0  1.05
 0  61.05  0.62  0  0  0.61
 3  90.98  0.57  1  2  1.52
 3  90.98  1.00  1  3  1.11
 2  77.47  0.61  1  2  1.12
 2  85.75  0.23  1  2  0.87
 3  92.56  1.24  1  3  0.72
 1  92.95  0.71  0  1  1.06
 1  99.70  0.84  0  1  0.57
 0  61.05  0.95  0  1  0.96
 1  78.06  1.37  0  1  0.75
 1  99.70  0.73  0  1  1.43
 2  60.30  0.84  1  2  1.11
 1  74.25  1.34  0  1  0.85
 2  74.25  0.23  1  2  1.28
 2  64.69  0.42  1  2  0.64
 2  62.54  1.06  1  2  0.77
 3  81.94  1.37  1  3  0.59
 3  98.95  0.95  1  3  0.49
 1  77.47  0.96  0  1  3.31
 3  87.33  1.11  1  3  0.98
 0  89.33  0.27  0  0  0.91
 0  70.67  0.27  0  0  2.08
 2  92.56  0.33  1  2  0.70
 1  90.98  0.57  0  1  1.45
 1  86.10  0.71  0  1  0.65
 1  67.44  1.24  0  0  1.93
 2  61.05  0.62  1  2  1.37
 0  87.33  0.46  0  2  1.36
 2  73.90  0.71  1  2  1.03
 1  97.46  1.06  0  1  1.22
 0  77.47  0.61  0  0  0.81
 0  67.05  0.71  0  0  0.72
 1  90.98  1.00  0  1  0.46
 0  72.67  0.46  0  0  0.80
 2  67.05  0.71  1  2  1.14
 0  62.54  0.51  0  0  0.87
 3  99.70  0.84  1  3  1.34
 1  72.67  1.11  0  1  2.36
 0  60.30  0.73  0  0  0.60
 2  62.54  0.51  1  2  1.00
 1  82.53  0.96  0  1  8.22
 1  97.46  0.51  0  1  1.18
 0  60.30  0.84  0  0  0.62
 3  86.10  0.71  1  2  1.32
 0  67.44  0.33  0  0  1.04
 0  69.02  0.57  0  0  0.61
 2  73.90  0.71  1  2  1.05
 1  87.33  1.11  0  1  2.12
 0  67.05  0.71  0  0  1.16
 3  98.95  0.95  1  3  4.46
 3  99.70  0.84  1  3  1.15
 3  87.33  1.11  1  3  1.91
 1  86.10  0.71  0  0  3.65
 3  74.25  1.34  1  3  1.42
 1  77.47  0.96  0  1  1.56
 2  92.56  0.33  1  2  0.82
 1  81.94  1.37  0  1  1.72
 0  87.33  0.46  0  1  1.77
 2  73.90  0.86  1  2  1.09
 1  86.10  0.86  0  1  1.68
 3  95.31  0.42  1  2  0.81
 3  99.70  0.73  1  3  1.16
 2  62.54  0.51  1  2  0.52
 1  98.95  0.95  0  1  1.10
 2  61.05  0.62  1  2  1.83
 0  62.54  0.51  0  0  4.29
 3  95.31  1.16  1  3  1.05
 2  64.69  0.42  1  2  1.33
 1  92.95  0.86  0  1  1.61
 3  90.98  0.57  1  2  2.76
 0  82.53  0.61  0  1  2.60
 2  61.05  0.95  1  2  1.37
 2  82.53  0.61  1  2  1.03
 0  73.90  0.71  0  0  0.73
 2  77.47  0.61  1  2  1.18
 0  77.42  0.40  0  0  3.67
 1  95.31  1.16  0  1  0.81
 3  77.42  1.17  1  2  1.44
 3  82.58  1.17  1  3  0.65
 2  64.69  1.16  1  3  0.65
 2  60.30  0.84  1  2  0.69
 3  89.33  1.30  1  3  1.46
 0  78.06  0.21  0  0  1.78
 1  97.46  1.06  0  1  0.79
 2  67.05  0.86  1  2  1.36
 0  64.69  1.16  0  0  0.97
 3  78.06  1.37  1  3  1.13
 1  72.67  1.11  0  1  1.31
 0  60.30  0.73  0  0  0.94
 0  77.47  0.61  0  1  0.69
 2  69.02  0.57  1  2  1.12
 3  98.95  0.62  1  3  1.12
 0  67.05  0.86  0  0  1.91
 1  99.70  0.84  0  1  1.30
 2  60.30  0.73  1  2  1.32
 0  73.90  0.86  0  0  1.69
 3  90.98  1.00  1  3  1.90
 0  64.69  0.42  0  0  1.38
 3  97.46  1.06  1  3  0.76
 0  61.05  0.62  0  0  0.69
 0  81.94  0.21  0  1  0.79
 0  70.67  0.27  0  0  1.05
 2  67.44  0.33  1  2  1.00
 3  92.56  1.24  1  3  1.10
 1  67.44  1.24  0  1  2.27
 2  69.02  1.00  1  2  3.89
 1  77.42  1.17  0  1  1.58
 3  82.53  0.96  1  2  0.68
 0  72.67  0.46  0  0  1.44
 2  89.33  0.27  1  2  1.39
 2  81.94  0.21  1  2  2.56
 2  74.25  0.23  1  2  0.61
 0  69.02  1.00  0  0  5.73
 2  67.05  0.71  1  2  0.61
 3  97.46  0.51  1  3  0.94
 1  92.56  1.24  0  1  0.96
 1  95.31  0.42  0  1  1.28
 1  74.25  1.34  0  1  0.96
 0  92.56  0.33  0  0  1.06
 0  74.25  0.23  0  0  0.61
 1  70.67  1.30  0  1  1.12
 1  78.06  1.37  0  1  0.71
 2  62.54  1.06  1  2  1.63
 3  72.67  1.11  1  2  0.68
 2  78.06  0.21  1  2  1.29
 2  85.75  0.23  1  2  1.82
 1  90.98  0.57  0  0  1.91
 2  82.58  0.40  1  2  1.47
 2  72.67  0.46  1  2  0.72
 0  85.75  0.23  0  1  1.48
 3  85.75  1.34  1  3  2.92
 2  87.33  0.46  1  2  2.26
 1  98.95  0.62  0  1  1.71
 1  82.58  1.17  0  1  1.42
 1  89.33  1.30  0  1  0.73
 3  92.95  0.86  1  2  1.81
 3  70.67  1.30  1  3  2.95
 1  85.75  1.34  0  1  0.97
 1  99.70  0.73  0  1  0.77
 3  67.44  1.24  1  1  1.69
 1  90.98  1.00  0  1  1.90
 3  92.95  0.71  1  2  3.60
 3  86.10  0.86  1  3  0.85
 3  77.47  0.96  1  3  0.80
 0  61.05  0.95  0  0  1.25
 2  70.67  0.27  1  2  1.14
 2  77.42  0.40  1  2  1.15
 0  62.54  1.06  0  0  1.29
 3  81.94  1.37  1  3  1.24
 1  92.95  0.71  0  1  2.25
 0  89.33  0.27  0  0  1.14
 0  82.58  0.40  0  0  0.49
