 1  92.95  0.86  1  0  2.96
 3  67.44  1.24  0  0  1.37
 0  82.53  0.61  1  1  1.40
 2  64.69  1.16  1  3  3.42
 0  70.67  0.27  0  2  2.87
 3  70.67  1.30  0  0  1.00
 2  62.54  0.51  1  0  1.83
 3  87.33  1.11  0  0  2.01
 2  60.30  0.73  1  0  0.96
 3  82.53  0.96  1  0  0.47
 1  92.95  0.71  1  0  1.58
 1  97.46  0.51  0  0  0.89
 2  62.54  1.06  1  0  0.95
 2  73.90  0.71  1  3  2.32
 0  92.56  0.33  0  0  1.27
 1  97.46  0.51  1  0  1.11
 1  95.31  0.42  0  1  1.43
 1  90.98  0.57  0  2  1.68
 0  78.06  0.21  1  0  1.21
 2  69.02  0.57  1  3  1.25
 2  73.90  0.86  1  2  1.70
 3  72.67  1.11  0  1  1.14
 0  89.33  0.27  0  0  0.62
 0  82.58  0.40  1  0  1.20
 2  60.30  0.84  0  3  2.70
 1  90.98  0.57  1  0  1.50
 2  67.05  0.86  0  2  3.66
 0  77.47  0.61  0  1  1.40
 2  64.69  1.16  0  2  2.77
 3  92.56  1.24  0  3  1.07
 3  81.94  1.37  1  3  0.96
 3  74.25  1.34  0  3  0.70
 0  77.42  0.40  0  1  1.53
 0  87.33  0.46  0  0  0.75
 0  78.06  0.21  0  0  1.01
 3  78.06  1.37  0  2  2.08
 1  95.31  1.16  1  1  2.41
 0  85.75  0.23  0  3  2.50
 1  92.95  0.86  0  2  1.72
 3  89.33  1.30  0  3  1.36
 2  67.05  0.86  1  1  2.46
 2  69.02  1.00  1  0  1.40
 2  69.02  1.00  0  2  0.72
 1  90.98  1.00  1  2  2.16
 2  62.54  0.51  0  1  1.63
 0  77.47  0.61  1  0  0.83
 1  86.10  0.86  1  0  1.56
 3  78.06  1.37  1  3  1.08
 1  90.98  1.00  0  1 21.06
 2  73.90  0.71  0  1  1.25
 3  81.94  1.37  0  3  0.84
 2  60.30  0.73  0  0  0.81
 3  77.47  0.96  0  1  1.51
 0  72.67  0.46  0  2  1.62
 3  67.44  1.24  1  2  2.08
 2  67.05  0.71  1  0  1.27
 0  87.33  0.46  1  0  0.66
 1  95.31  0.42  1  0  1.03
 0  67.44  0.33  0  0  2.16
 0  70.67  0.27  1  0  0.73
 2  61.05  0.62  0  2  2.57
 3  77.47  0.96  1  1  1.51
 2  73.90  0.86  0  3  0.86
 1  98.95  0.95  1  1  1.57
 3  89.33  1.30  1  2  1.56
 3  92.56  1.24  1  3  1.03
 0  74.25  0.23  0  0  2.19
 1  99.70  0.73  1  1  1.67
 0  81.94  0.21  0  0  1.41
 3  85.75  1.34  0  3  1.59
 3  74.25  1.34  1  3  1.46
 1  99.70  0.73  0  1  2.04
 0  82.53  0.61  0  2  1.36
 3  77.42  1.17  0  3  2.14
 3  87.33  1.11  1  3  3.34
 2  61.05  0.62  1  2  1.91
 2  64.69  0.42  1  2  0.89
 1  92.95  0.71  0  1  1.21
 0  77.42  0.40  1  0  0.86
 0  74.25  0.23  1  0  0.83
 0  92.56  0.33  1  0  0.82
 3  85.75  1.34  1  3  1.24
 2  67.05  0.71  0  2  3.17
 3  82.53  0.96  0  1  1.14
 2  61.05  0.95  1  2  1.38
 1  99.70  0.84  1  1  1.02
 0  82.58  0.40  0  0  0.80
 0  72.67  0.46  1  0  0.73
 2  60.30  0.84  1  2  6.63
 3  72.67  1.11  1  2  1.30
 3  82.58  1.17  1  2  4.90
 2  61.05  0.95  0  2  0.99
 3  82.58  1.17  0  3  1.32
 1  97.46  1.06  0  1  1.04
 1  98.95  0.62  0  1  1.86
 3  77.42  1.17  1  2  1.35
 0  89.33  0.27  1  0  1.20
 1  95.31  1.16  0  1  1.07
 1  86.10  0.86  0  1  0.97
 1  86.10  0.71  1  0  0.86
 0  85.75  0.23  1  0  0.58
 2  64.69  0.42  0  2  1.22
 0  81.94  0.21  1  0  0.62
 1  98.95  0.62  1  1  1.09
 1  97.46  1.06  1  1  1.06
 1  86.10  0.71  0  1  1.54
 1  98.95  0.95  0  1  1.39
 0  67.44  0.33  1  2  1.14
 2  69.02  0.57  0  0  0.76
 2  62.54  1.06  0  2  0.87
 1  99.70  0.84  0  1  0.95
 3  70.67  1.30  1  3  1.01
 3  74.25  1.34  1  3  2.24
 3  92.56  1.24  1  3  1.15
 0  81.94  0.21  0  1  1.19
 1  99.70  0.73  0  1  0.58
 1  92.95  0.86  1  1  1.16
 3  74.25  1.34  0  2  1.07
 2  69.02  1.00  0  2  1.25
 1  95.31  0.42  0  1  1.37
 1  95.31  0.42  1  0  0.73
 0  77.42  0.40  1  1  1.45
 1  99.70  0.73  1  1  1.25
 0  67.44  0.33  0  1  2.25
 1  86.10  0.71  0  1  1.14
 3  77.42  1.17  1  2  1.08
 1  99.70  0.84  0  3  1.70
 3  77.47  0.96  0  2  3.72
 0  70.67  0.27  1  0  0.95
 3  70.67  1.30  0  1  2.27
 3  81.94  1.37  1  3  0.84
 1  90.98  0.57  0  2  1.16
 0  77.47  0.61  0  1  0.74
 3  77.42  1.17  0  2  1.43
 1  97.46  1.06  1  2  0.90
 2  61.05  0.62  1  3  3.36
 2  73.90  0.71  0  2  0.80
 1  99.70  0.84  1  1  1.11
 3  87.33  1.11  1  1  1.42
 0  72.67  0.46  0  1  2.27
 0  82.53  0.61  1  0  1.37
 2  69.02  0.57  0  0  0.59
 3  85.75  1.34  0  3  2.49
 1  92.95  0.71  0  1  1.11
 0  70.67  0.27  0  1  1.31
 2  69.02  0.57  1  0  0.80
 1  95.31  1.16  0  3  2.91
 2  60.30  0.84  1  3  5.71
 3  87.33  1.11  0  2  1.24
 1  90.98  1.00  0  3  0.97
 3  82.53  0.96  1  1  1.18
 3  89.33  1.30  1  3  1.99
 0  85.75  0.23  1  0  1.09
 3  67.44  1.24  1  2  1.50
 3  70.67  1.30  1  3  0.88
 1  95.31  1.16  1  1  3.52
 0  89.33  0.27  1  0  0.69
 0  67.44  0.33  1  3  2.41
 3  89.33  1.30  0  3  2.38
 3  72.67  1.11  0  2  1.37
 2  62.54  0.51  1  0  2.44
 0  77.42  0.40  0  1  1.64
 0  87.33  0.46  1  0  1.08
 1  90.98  1.00  1  2  3.90
 2  61.05  0.62  0  2  3.04
 2  64.69  0.42  1  1  1.68
 0  82.53  0.61  0  3  0.48
 1  92.95  0.71  1  1  1.19
 2  73.90  0.86  0  3  6.38
 0  85.75  0.23  0  1  1.23
 2  69.02  1.00  1  2  1.22
 2  64.69  0.42  0  2  0.75
 3  67.44  1.24  0  3  1.39
 0  92.56  0.33  0  1  0.84
 1  98.95  0.95  0  1  1.16
 1  97.46  0.51  1  0  0.80
 1  98.95  0.62  0  1  0.83
 3  78.06  1.37  0  2  1.72
 2  60.30  0.73  1  2  9.16
 2  73.90  0.71  1  2  1.12
 1  92.95  0.86  0  1  2.00
 0  72.67  0.46  1  0  1.41
 3  81.94  1.37  0  2  8.85
 2  73.90  0.86  1  2  1.21
 1  90.98  0.57  1  1  1.04
 0  89.33  0.27  0  0  0.88
 3  78.06  1.37  1  3  1.19
 3  82.53  0.96  0  2  1.30
 1  97.46  0.51  0  1  0.91
 1  86.10  0.86  1  1  2.12
 0  74.25  0.23  0  0  0.79
 1  98.95  0.62  1  0  1.02
 0  92.56  0.33  1  0  0.77
 2  67.05  0.86  0  2  7.89
 3  82.58  1.17  1  2  1.72
 0  78.06  0.21  1  1  0.97
 2  64.69  1.16  1  2  1.34
 1  97.46  1.06  0  1  1.83
 2  60.30  0.73  0  2  1.64
 2  62.54  1.06  0  2  1.11
 0  87.33  0.46  0  1  0.88
 0  82.58  0.40  0  0  0.86
 0  74.25  0.23  1  0  0.68
 3  82.58  1.17  0  1  1.17
 2  60.30  0.84  0  2  1.02
 3  85.75  1.34  1  3  1.07
 3  92.56  1.24  0  3  1.19
 2  64.69  1.16  0  2  0.95
 2  62.54  0.51  0  1  1.21
 2  67.05  0.71  1  2  0.94
 2  61.05  0.95  0  2  0.79
 2  61.05  0.95  1  2  1.07
 1  86.10  0.86  0  3  1.67
 0  82.58  0.40  1  0  1.91
 2  67.05  0.86  1  1  1.69
 1  86.10  0.71  1  1  1.19
 2  62.54  1.06  1  2  0.84
 0  78.06  0.21  0  0  0.86
 0  77.47  0.61  1  0  0.94
 0  81.94  0.21  1  0  0.59
 2  67.05  0.71  0  2  1.02
 1  98.95  0.95  1  1  1.60
 3  77.47  0.96  1  2  1.34
 3  72.67  1.11  1  3  0.67
 2  73.90  0.86  0  2  2.60
 3  77.42  1.17  0  2  0.72
 0  82.58  0.40  1  0  1.36
 0  81.94  0.21  0  1  1.26
 1  90.98  0.57  0  1  0.71
 1  99.70  0.73  0  1  0.64
 0  77.42  0.40  0  1  0.86
 2  64.69  1.16  1  2  1.19
 2  60.30  0.73  0  2  0.86
 3  72.67  1.11  1  3  1.04
 0  81.94  0.21  1  0  0.86
 3  82.58  1.17  0  2  4.57
 3  70.67  1.30  1  3  0.56
 3  92.56  1.24  1  3  0.75
 2  67.05  0.86  1  2  1.03
 0  74.25  0.23  1  0  0.77
 3  77.47  0.96  1  0  0.82
 3  77.42  1.17  1  3  0.82
 3  67.44  1.24  0  2  3.05
 0  77.42  0.40  1  1  1.29
 0  85.75  0.23  0  0  0.95
 3  72.67  1.11  0  2  0.90
 2  69.02  0.57  1  1  1.56
 2  62.54  1.06  1  2  2.49
 2  73.90  0.71  1  1  1.24
 0  82.53  0.61  0  1  1.49
 3  74.25  1.34  1  3  1.34
 1  97.46  1.06  0  2  2.58
 3  85.75  1.34  0  2  1.07
 1  86.10  0.71  0  1  1.13
 2  60.30  0.73  1  2  2.34
 0  92.56  0.33  0  0  1.68
 1  99.70  0.84  1  1  0.74
 2  73.90  0.71  0  1  1.59
 0  74.25  0.23  0  1  1.33
 3  70.67  1.30  0  2  3.58
 0  85.75  0.23  1  0  1.21
 1  86.10  0.71  1  1  2.17
 2  64.69  0.42  0  1  2.13
 1  95.31  0.42  0  1  0.97
 3  78.06  1.37  0  2  1.01
 3  81.94  1.37  0  3  0.56
 3  85.75  1.34  1  3  0.61
 3  77.47  0.96  0  2  0.93
 1  95.31  1.16  1  3  5.46
 0  70.67  0.27  0  0  1.78
 1  90.98  1.00  0  1  2.31
 0  78.06  0.21  0  0  0.81
 3  74.25  1.34  0  2  4.20
 0  78.06  0.21  1  1  1.80
 2  69.02  1.00  0  2  0.92
 2  69.02  1.00  1  2  1.06
 0  82.58  0.40  0  1  0.98
 2  64.69  1.16  0  2  0.80
 2  60.30  0.84  1  2  0.89
 1  98.95  0.62  1  1  0.99
 3  82.53  0.96  0  2  1.59
 2  67.05  0.71  1  2  1.54
 3  89.33  1.30  0  3  0.68
 1  86.10  0.86  1  2  0.87
 2  62.54  0.51  0  2  5.30
 3  67.44  1.24  1  3  0.76
 1  97.46  0.51  1  1  1.29
 3  81.94  1.37  1  3  1.38
 0  87.33  0.46  1  1  0.95
 3  89.33  1.30  1  3  1.31
 2  67.05  0.86  0  2  1.24
 3  82.53  0.96  1  2  3.63
 2  62.54  1.06  0  2  2.19
 3  82.58  1.17  1  3  2.37
 1  90.98  0.57  1  1  1.68
 3  78.06  1.37  1  3  0.91
 1  92.95  0.86  0  2  1.44
 0  77.47  0.61  1  1  1.86
 0  67.44  0.33  1  0  1.19
 0  72.67  0.46  0  0  1.97
 2  73.90  0.86  1  1  1.55
 0  87.33  0.46  0  1  3.77
 1  99.70  0.73  1  1  1.35
 2  61.05  0.62  1  1  3.34
 1  99.70  0.84  0  2  0.91
 1  92.95  0.71  1  1  1.89
 1  98.95  0.95  0  1  2.16
 1  86.10  0.86  0  1  0.78
 3  87.33  1.11  0  1  0.34
 1  90.98  1.00  1  2  0.88
 0  89.33  0.27  1  0  0.81
 2  61.05  0.95  1  2  1.16
 1  98.95  0.95  1  2  2.57
 2  61.05  0.62  0  2  0.91
 0  70.67  0.27  1  1  1.14
 2  61.05  0.95  0  2  1.07
 1  92.95  0.86  1  1  1.24
 0  89.33  0.27  0  0  0.73
 0  67.44  0.33  0  1  1.40
 0  82.53  0.61  1  1  1.41
 2  60.30  0.84  0  2  0.90
 0  92.56  0.33  1  0  1.37
 0  72.67  0.46  1  1  2.07
 1  97.46  1.06  1  3  2.47
 1  98.95  0.62  0  1  0.91
 2  62.54  0.51  1  1  2.44
 3  87.33  1.11  1  2  1.00
 1  92.95  0.71  0  1  1.87
 3  92.56  1.24  0  3  1.03
 2  67.05  0.71  0  2  0.93
 2  64.69  0.42  1  1  1.87
 0  77.47  0.61  0  2  1.39
 2  69.02  0.57  0  0  0.78
 1  95.31  0.42  1  0  1.95
 1  95.31  1.16  0  3  1.63
 1  97.46  0.51  0  1  0.91
 3  82.53  0.96  0  1  1.96
 0  72.67  0.46  1  1  1.04
 3  78.06  1.37  0  3  0.82
 2  64.69  1.16  1  2  1.42
 0  70.67  0.27  0  0  1.57
 0  82.53  0.61  1  1  5.27
 2  69.02  0.57  0  1  1.79
 3  92.56  1.24  1  3  0.81
 3  67.44  1.24  0  2  1.14
 2  62.54  0.51  0  2  4.24
 1  95.31  0.42  1  1  1.08
 3  92.56  1.24  0  3  0.70
 0  77.47  0.61  1  1  1.76
 0  77.42  0.40  0  0  0.88
 1  99.70  0.84  0  1  1.70
 0  77.47  0.61  0  1  1.20
 3  70.67  1.30  1  2  0.98
 2  60.30  0.84  1  2  1.02
 3  72.67  1.11  1  3  0.95
 2  62.54  1.06  0  2  1.25
 2  64.69  0.42  1  1  1.23
 1  92.95  0.71  0  1 13.20
 0  89.33  0.27  0  0  0.72
 0  81.94  0.21  1  0  0.63
 1  90.98  0.57  1  0  9.55
 2  73.90  0.71  0  2  1.39
 3  87.33  1.11  0  3  1.05
 0  82.53  0.61  0  1  1.21
 1  95.31  1.16  0  3  0.93
 3  78.06  1.37  1  3  0.73
 1  92.95  0.86  0  1  1.46
 1  90.98  1.00  1  2  1.72
 0  82.58  0.40  0  1  1.22
 1  90.98  1.00  0  1  1.67
 0  67.44  0.33  1  0  1.63
 0  92.56  0.33  1  0  0.87
 1  90.98  0.57  0  1  0.91
 2  67.05  0.71  1  2  2.42
 2  69.02  0.57  1  2  0.73
 1  86.10  0.71  0  1  1.15
 3  72.67  1.11  0  3  1.13
 3  85.75  1.34  1  3  0.77
 3  67.44  1.24  1  3  1.34
 3  74.25  1.34  1  3  0.63
 1  97.46  1.06  1  1  1.22
 1  99.70  0.73  1  1  1.28
 2  61.05  0.95  0  2  0.92
 0  81.94  0.21  0  0  0.73
 3  77.42  1.17  0  2  1.03
 2  73.90  0.86  0  2  0.93
 3  77.42  1.17  1  2  0.95
 1  92.95  0.86  1  1  1.18
 1  92.95  0.71  1  1  1.01
 3  81.94  1.37  1  3  1.08
 2  67.05  0.71  0  2  1.16
 2  64.69  1.16  0  2  1.51
 0  74.25  0.23  0  1  1.14
 3  81.94  1.37  0  3  0.74
 2  61.05  0.62  0  2  2.78
 1  98.95  0.62  0  1  0.97
 0  77.42  0.40  1  0  1.19
 2  73.90  0.86  1  1  2.00
 0  87.33  0.46  1  0  2.59
 0  85.75  0.23  0  0  0.82
 3  77.47  0.96  1  2  1.53
 2  60.30  0.73  1  2  1.17
 2  67.05  0.86  1  2  0.68
 1  97.46  0.51  1  0  1.16
 0  74.25  0.23  1  0  0.63
 2  67.05  0.86  0  2  1.62
 3  85.75  1.34  0  3  0.71
 1  95.31  0.42  0  0  1.21
 3  77.47  0.96  0  2  1.04
 0  85.75  0.23  1  0  0.89
 1  95.31  1.16  1  3  2.60
 0  67.44  0.33  0  1  1.56
 2  62.54  0.51  1  2  1.60
 2  61.05  0.95  1  2  0.66
 2  62.54  1.06  1  2  0.57
 2  73.90  0.71  1  2  0.62
 3  74.25  1.34  0  3  0.72
 3  82.58  1.17  1  3  1.94
 2  60.30  0.73  0  2  0.99
 2  69.02  1.00  1  2  0.83
 2  69.02  1.00  0  2  1.11
 2  64.69  0.42  0  1  1.20
 0  92.56  0.33  0  1  0.96
 3  82.53  0.96  1  2  2.20
 3  82.58  1.17  0  3  0.85
 1  86.10  0.86  1  2  2.38
 2  61.05  0.62  1  2  3.47
 0  78.06  0.21  0  0  1.35
 1  86.10  0.71  1  1  0.93
 3  89.33  1.30  0  3  0.95
 2  60.30  0.84  0  2  0.78
 1  97.46  1.06  0  1  1.55
 1  98.95  0.95  0  1  0.97
 3  87.33  1.11  1  1  1.11
 1  97.46  0.51  0  1  0.69
 3  89.33  1.30  1  3  1.12
 1  99.70  0.73  0  1  2.68
 1  86.10  0.86  0  1  1.02
 1  98.95  0.62  1  1  1.03
 0  82.58  0.40  1  0  2.41
 0  78.06  0.21  1  0  0.72
 1  99.70  0.84  1  1  1.37
 0  87.33  0.46  0  1  0.81
 0  72.67  0.46  0  0  0.70
 0  89.33  0.27  1  1  1.11
 3  70.67  1.30  0  3  1.63
 1  98.95  0.95  1  1  1.24
 0  70.67  0.27  1  0  0.99
 1  99.70  0.84  1  1  3.41
 1  99.70  0.73  1  1  1.00
 1  90.98  0.57  0  1  1.10
 2  73.90  0.71  0  1  1.78
 1  95.31  1.16  1  1  1.91
 1  90.98  1.00  1  1  5.59
 3  81.94  1.37  1  3  1.62
 2  62.54  1.06  1  2  0.75
 0  81.94  0.21  1  0  0.83
 2  60.30  0.73  1  2  0.87
 1  90.98  1.00  0  1  0.87
 2  69.02  1.00  0  2  0.83
 0  87.33  0.46  1  1  1.40
 0  85.75  0.23  1  0  0.56
 3  87.33  1.11  1  1  1.19
 2  67.05  0.71  0  1  1.52
 0  89.33  0.27  1  0  0.74
 0  82.58  0.40  0  1  2.16
 2  61.05  0.62  1  2  1.27
 3  92.56  1.24  0  3  0.96
 1  97.46  0.51  0  1  0.66
 2  69.02  0.57  0  2  2.81
 1  98.95  0.95  0  1  1.72
 3  89.33  1.30  0  3  1.37
 3  77.42  1.17  1  2  2.41
 0  78.06  0.21  1  0  2.49
 1  95.31  0.42  0  1  1.12
 3  82.58  1.17  0  3  0.99
 0  82.53  0.61  0  1  1.52
 3  82.53  0.96  0  2  3.00
 3  87.33  1.11  0  3  0.86
 2  73.90  0.71  1  2  3.97
 0  67.44  0.33  0  0  3.38
 0  82.53  0.61  1  1  0.92
 2  64.69  1.16  1  2  0.93
 3  85.75  1.34  1  3  0.58
 3  67.44  1.24  1  3  0.92
 3  72.67  1.11  1  3  0.69
 3  77.47  0.96  1  2  1.01
 1  97.46  1.06  0  1  1.12
 3  72.67  1.11  0  2  1.20
 3  92.56  1.24  1  3  1.20
 2  62.54  0.51  1  2  1.77
 1  95.31  0.42  1  1  0.87
 3  78.06  1.37  1  3  0.89
 0  92.56  0.33  1  0  3.26
 0  72.67  0.46  0  1  2.33
 1  98.95  0.62  0  1  1.08
 2  61.05  0.62  0  2  0.93
 3  89.33  1.30  1  3  0.93
 2  61.05  0.95  1  2  1.28
 3  67.44  1.24  0  3  1.01
 3  82.53  0.96  1  2  5.41
 2  64.69  0.42  1  2  1.40
 0  70.67  0.27  0  2  1.20
 0  89.33  0.27  0  0  0.97
 3  82.58  1.17  1  3  2.87
 0  77.42  0.40  0  1  3.40
 1  92.95  0.86  0  1  2.07
 0  77.42  0.40  1  0  1.63
 2  67.05  0.86  0  2  1.36
 0  87.33  0.46  0  1  2.64
 2  69.02  0.57  1  0  7.41
 1  86.10  0.86  1  2  1.21
 1  90.98  0.57  1  1  1.12
 0  85.75  0.23  0  0  0.84
 1  86.10  0.86  0  2  1.96
 2  73.90  0.86  1  2  0.93
 2  62.54  1.06  0  2  1.30
 3  85.75  1.34  0  3  1.37
 1  92.95  0.71  1  1  2.55
 3  77.42  1.17  0  2  1.33
 1  98.95  0.95  1  1  1.38
 0  74.25  0.23  0  0  1.29
 0  72.67  0.46  1  1  1.34
 3  78.06  1.37  0  3  1.33
 1  92.95  0.71  0  1  5.09
 0  67.44  0.33  1  0  1.37
 0  77.47  0.61  1  1  0.98
 2  60.30  0.84  0  2  0.91
 3  70.67  1.30  0  3  0.85
 2  60.30  0.73  0  2  1.10
 3  70.67  1.30  1  3  0.85
 1  92.95  0.86  1  1  0.94
 1  97.46  1.06  1  1  2.34
 3  81.94  1.37  0  3  0.77
 0  92.56  0.33  0  0  1.75
 1  86.10  0.71  1  1  2.11
 1  86.10  0.71  0  1  1.63
 2  64.69  1.16  0  2  0.79
 2  62.54  0.51  0  0  2.13
 1  97.46  0.51  1  1  1.19
 1  98.95  0.62  1  1  1.47
 0  70.67  0.27  1  0  1.89
 1  99.70  0.73  0  1  1.55
 3  77.47  0.96  0  2  2.72
 3  74.25  1.34  1  3  0.60
 1  95.31  1.16  0  1  5.38
 1  99.70  0.84  0  1  0.92
 2  69.02  1.00  1  2  0.91
 2  60.30  0.84  1  2  0.84
 0  82.58  0.40  1  1  1.03
 2  64.69  0.42  0  0  1.75
 0  78.06  0.21  0  1  1.00
 0  74.25  0.23  1  0  0.85
 2  73.90  0.86  0  2  2.44
 0  77.47  0.61  0  2  1.17
 3  74.25  1.34  0  3  0.64
 2  67.05  0.71  1  2  0.84
 2  67.05  0.86  1  2  1.21
 2  61.05  0.95  0  2  1.84
 0  81.94  0.21  0  1  2.20
