 3  67.05  0.86  1  0  2.42
 1  61.05  0.62  0  1  3.27
 1  64.69  1.16  0  1  3.59
 2  74.25  1.34  1  2  4.10
 2  77.42  1.17  1  2  1.47
 2  86.10  0.71  1  0  3.74
 1  67.05  0.86  0  1  2.07
 1  69.02  0.57  0  1  1.13
 2  78.06  1.37  1  2  2.51
 1  67.05  0.71  0  1  3.11
 1  73.90  0.71  0  1  1.16
 2  82.53  0.96  1  2  0.99
 1  64.69  0.42  0  1  1.34
 3  74.25  0.23  1  2  0.81
 0  99.70  0.73  0  1  1.61
 3  67.44  0.33  1  3  1.30
 3  64.69  0.42  1  2  3.24
 0  89.33  1.30  0  1  1.70
 1  89.33  0.27  0  0  1.76
 1  81.94  0.21  0  1  1.03
 2  77.47  0.96  1  2  1.60
 0  95.31  1.16  0  3  2.20
 0  77.47  0.96  0  0  2.15
 0  78.06  1.37  0  0  2.51
 0  77.42  1.17  0  0  1.36
 2  89.33  1.30  1  2  1.60
 3  62.54  1.06  1  2  2.08
 0  90.98  1.00  0  0  1.64
 3  62.54  0.51  1  3  3.83
 0  86.10  0.86  0  1  2.15
 3  72.67  0.46  1  3  1.66
 2  95.31  0.42  1  2  4.51
 1  62.54  1.06  0  1  3.01
 3  82.53  0.61  1  0  2.16
 3  69.02  1.00  1  1  1.46
 0  74.25  1.34  0  1  1.48
 2  86.10  0.86  1  2  2.11
 3  82.58  0.40  1  3  4.05
 1  74.25  0.23  0  1  1.89
 2  85.75  1.34  1  2  1.08
 1  77.47  0.61  0  1  2.45
 3  60.30  0.84  1  2  2.08
 0  82.58  1.17  0  0  1.87
 2  92.95  0.71  1  2  1.72
 1  73.90  0.86  0  0  3.04
 1  61.05  0.95  0  1  1.94
 1  62.54  0.51  0  1  1.11
 1  82.58  0.40  0  1  0.66
 3  67.05  0.71  1  2  4.83
 3  69.02  0.57  1  3  1.43
 0  82.53  0.96  0  0  3.61
 3  89.33  0.27  1  2  4.47
 0  92.95  0.86  0  0  5.71
 1  82.53  0.61  0  1  3.67
 2  95.31  1.16  1  2  1.16
 0  87.33  1.11  0  0  1.36
 2  70.67  1.30  1  2  1.28
 2  90.98  0.57  1  3  2.64
 2  67.44  1.24  1  2  1.55
 2  72.67  1.11  1  2  0.88
 3  61.05  0.95  1  2  0.96
 3  81.94  0.21  1  3  2.42
 2  98.95  0.95  1  2  1.55
 2  98.95  0.62  1  2  3.41
 1  60.30  0.73  0  0  4.82
 2  99.70  0.73  1  2  1.76
 0  81.94  1.37  0  0  2.15
 3  85.75  0.23  1  3  2.55
 0  98.95  0.95  0  0  3.13
 0  99.70  0.84  0  0  3.33
 1  69.02  1.00  0  1  2.30
 2  97.46  0.51  1  2  1.70
 0  97.46  0.51  0  1  3.62
 3  60.30  0.73  1  1  1.70
 0  95.31  0.42  0  2  1.28
 2  99.70  0.84  1  2  4.04
 1  85.75  0.23  0  1  3.85
 2  81.94  1.37  1  2  2.32
 3  73.90  0.86  1  2  2.74
 3  92.56  0.33  1  2  0.77
 0  97.46  1.06  0  0  2.50
 3  64.69  1.16  1  3  3.36
 0  72.67  1.11  0  0  3.58
 3  73.90  0.71  1  0  3.27
 3  87.33  0.46  1  2  4.37
 3  78.06  0.21  1  2  0.64
 2  87.33  1.11  1  3  1.31
 3  77.47  0.61  1  2  1.60
 0  85.75  1.34  0  0  1.85
 0  86.10  0.71  0  0  1.63
 1  77.42  0.40  0  0  2.14
 2  97.46  1.06  1  2  4.43
 0  98.95  0.62  0  0  1.56
 1  60.30  0.84  0  1  2.61
 1  72.67  0.46  0  0  2.86
 0  70.67  1.30  0  0  1.92
 0  90.98  0.57  0  0  1.32
 2  82.58  1.17  1  2  2.48
 0  92.95  0.71  0  0  1.79
 2  90.98  1.00  1  2  0.82
 3  70.67  0.27  1  1  1.09
 3  61.05  0.62  1  3  2.57
 1  70.67  0.27  0  1  1.58
 0  92.56  1.24  0  0  0.99
 1  87.33  0.46  0  0  3.94
 2  92.95  0.86  1  2  4.89
 1  67.44  0.33  0  1  3.98
 0  67.44  1.24  0  0  0.88
 3  77.42  0.40  1  1  2.68
 2  92.56  1.24  1  2  1.24
 1  92.56  0.33  0  0  4.75
 1  78.06  0.21  0  1  0.94
 0  72.67  1.11  0  0  7.32
 3  73.90  0.71  1  0  3.52
 0  99.70  0.84  0  0  3.41
 3  69.02  0.57  1  2  1.66
 1  82.53  0.61  0  1  2.17
 1  85.75  0.23  0  1  2.11
 3  61.05  0.95  1  2  4.88
 3  78.06  0.21  1  3  2.64
 1  87.33  0.46  0  1  3.06
 2  72.67  1.11  1  2  3.47
 0  92.56  1.24  0  0  3.08
 3  70.67  0.27  1  3  4.61
 0  95.31  0.42  0  0  1.98
 3  72.67  0.46  1  2  6.18
 3  60.30  0.73  1  2  1.84
 3  60.30  0.84  1  3  1.12
 1  60.30  0.84  0  0  2.22
 0  92.95  0.71  0  0  1.92
 1  81.94  0.21  0  1  0.86
 1  64.69  1.16  0  0  1.20
 2  92.56  1.24  1  2  2.15
 1  89.33  0.27  0  1  3.86
 0  82.53  0.96  0  0  1.32
 1  62.54  1.06  0  1  2.31
 2  85.75  1.34  1  2  1.14
 3  64.69  1.16  1  2  0.81
 2  77.42  1.17  1  2  1.44
 2  78.06  1.37  1  2  0.72
 2  99.70  0.84  1  2  1.01
 2  95.31  1.16  1  2  0.65
 3  67.05  0.86  1  3  1.76
 1  61.05  0.95  0  0  2.45
 0  98.95  0.62  0  0  2.10
 3  73.90  0.86  1  2  4.54
 2  90.98  1.00  1  2  2.06
 0  90.98  1.00  0  0  1.39
 2  97.46  0.51  1  2  1.96
 2  89.33  1.30  1  2  2.60
 2  87.33  1.11  1  2  0.82
 1  62.54  0.51  0  1  3.20
 1  72.67  0.46  0  1  1.38
 0  86.10  0.86  0  0  1.45
 0  86.10  0.71  0  0  2.11
 2  90.98  0.57  1  2  4.21
 1  77.42  0.40  0  1  2.12
 0  85.75  1.34  0  0  1.34
 0  87.33  1.11  0  0  1.01
 0  67.44  1.24  0  0  2.36
 3  62.54  0.51  1  3  2.72
 3  61.05  0.62  1  3  0.77
 2  70.67  1.30  1  2  0.81
 3  64.69  0.42  1  3  3.49
 0  89.33  1.30  0  0  1.09
 1  74.25  0.23  0  1  1.21
 0  74.25  1.34  0  0  1.04
 1  67.05  0.71  0  0  1.48
 0  99.70  0.73  0  0  2.10
 2  67.44  1.24  1  2  1.31
 3  77.47  0.61  1  3  2.39
 0  82.58  1.17  0  0  1.31
 2  95.31  0.42  1  2  2.27
 1  67.05  0.86  0  1  5.09
 2  98.95  0.62  1  2  1.43
 3  89.33  0.27  1  2  1.15
 2  97.46  1.06  1  2  0.85
 1  61.05  0.62  0  1  1.64
 1  73.90  0.71  0  0  2.00
 3  62.54  1.06  1  1  1.41
 1  60.30  0.73  0  1  4.70
 3  82.53  0.61  1  2  1.34
 2  82.53  0.96  1  2  1.00
 2  77.47  0.96  1  2  2.57
 0  90.98  0.57  0  0  1.60
 0  77.42  1.17  0  0  1.18
 0  97.46  1.06  0  0  0.86
 0  98.95  0.95  0  0  2.57
 2  92.95  0.71  1  2  2.65
 2  86.10  0.86  1  2  0.57
 1  92.56  0.33  0  1  1.50
 3  85.75  0.23  1  3  1.65
 2  74.25  1.34  1  2  1.27
 0  92.95  0.86  0  0  4.32
 3  82.58  0.40  1  3  2.29
 3  81.94  0.21  1  3  1.42
 2  99.70  0.73  1  2  1.31
 1  64.69  0.42  0  1  3.28
 1  69.02  1.00  0  0  1.14
 3  92.56  0.33  1  2  2.16
 3  77.42  0.40  1  3  3.66
 1  69.02  0.57  0  1  1.51
 2  92.95  0.86  1  0  1.00
 1  77.47  0.61  0  1  2.98
 3  67.44  0.33  1  3  5.73
 1  82.58  0.40  0  1  2.05
 2  98.95  0.95  1  2  0.95
 0  70.67  1.30  0  0  1.93
 3  69.02  1.00  1  2  3.73
 3  67.05  0.71  1  3  3.43
 0  81.94  1.37  0  0  3.06
 1  67.44  0.33  0  1  1.31
 2  81.94  1.37  1  2  1.01
 0  77.47  0.96  0  0  5.79
 1  70.67  0.27  0  1  0.79
 0  95.31  1.16  0  0  1.12
 2  82.58  1.17  1  2  2.32
 0  97.46  0.51  0  0  2.25
 3  74.25  0.23  1  3  1.65
 0  78.06  1.37  0  0  1.07
 2  86.10  0.71  1  2  4.78
 1  73.90  0.86  0  1  2.74
 3  87.33  0.46  1  3  1.91
 1  78.06  0.21  0  1  1.60
 1  87.33  0.46  0  1  7.47
 3  74.25  0.23  1  3  4.81
 2  86.10  0.86  1  2  1.33
 2  87.33  1.11  1  2  4.27
 2  92.95  0.71  1  2  1.73
 0  95.31  1.16  0  0  1.72
 3  62.54  1.06  1  1  3.43
 2  81.94  1.37  1  2  0.82
 0  78.06  1.37  0  1  1.93
 0  85.75  1.34  0  0  2.53
 1  62.54  1.06  0  0  4.03
 2  98.95  0.95  1  2  1.68
 2  86.10  0.71  1  2  2.90
 3  85.75  0.23  1  3  3.63
 3  60.30  0.73  1  3  7.06
 0  82.53  0.96  0  0  1.30
 3  73.90  0.71  1  3  3.00
 3  77.42  0.40  1  3  1.83
 2  90.98  1.00  1  2  1.22
 3  77.47  0.61  1  2  1.03
 3  73.90  0.86  1  2  1.08
 2  67.44  1.24  1  2  1.36
 0  99.70  0.84  0  0  2.02
 0  92.95  0.86  0  0  1.29
 1  67.44  0.33  0  1  0.84
 1  67.05  0.86  0  1  1.67
 3  64.69  0.42  1  3  2.42
 3  89.33  0.27  1  3  4.03
 3  81.94  0.21  1  3  0.92
 2  99.70  0.73  1  2  2.97
 1  73.90  0.71  0  0  3.87
 1  61.05  0.95  0  1  1.29
 0  97.46  1.06  0  0  1.94
 2  77.47  0.96  1  2  2.11
 0  86.10  0.86  0  0  4.09
 3  78.06  0.21  1  3  2.41
 1  82.53  0.61  0  1  4.58
 2  82.58  1.17  1  2  3.94
 3  61.05  0.62  1  3  1.58
 1  64.69  0.42  0  1  2.70
 3  70.67  0.27  1  3  2.92
 1  62.54  0.51  0  1  1.92
 1  73.90  0.86  0  0  1.47
 3  69.02  0.57  1  3  1.64
 2  77.42  1.17  1  2  1.19
 1  82.58  0.40  0  1  2.19
 1  72.67  0.46  0  1  1.43
 0  87.33  1.11  0  0  1.46
 0  81.94  1.37  0  0  2.18
 0  90.98  1.00  0  0  1.04
 2  72.67  1.11  1  2  1.18
 2  97.46  1.06  1  2  1.35
 3  92.56  0.33  1  3  1.80
 2  78.06  1.37  1  2  2.69
 0  92.95  0.71  0  0  4.45
 1  69.02  1.00  0  1  2.09
 3  64.69  1.16  1  3  3.12
 0  89.33  1.30  0  0  2.70
 3  67.44  0.33  1  3  4.41
 3  82.53  0.61  1  2  2.75
 3  87.33  0.46  1  3  1.13
 3  67.05  0.71  1  3  1.68
 2  92.56  1.24  1  2  1.11
 2  90.98  0.57  1  3  0.99
 3  72.67  0.46  1  3  0.91
 3  67.05  0.86  1  2  1.64
 2  74.25  1.34  1  2  1.40
 0  92.56  1.24  0  0  1.40
 3  82.58  0.40  1  3  1.47
 1  67.05  0.71  0  1  1.36
 0  77.42  1.17  0  0  1.39
 2  82.53  0.96  1  2  3.19
 2  97.46  0.51  1  3  3.76
 0  95.31  0.42  0  0  2.82
 0  97.46  0.51  0  0  1.60
 1  74.25  0.23  0  1  1.72
 1  81.94  0.21  0  1  0.73
 0  98.95  0.95  0  0  1.02
 3  62.54  0.51  1  3  1.66
 1  92.56  0.33  0  1  1.80
 0  82.58  1.17  0  0  1.20
 2  95.31  1.16  1  2  1.09
 0  77.47  0.96  0  0  1.93
 0  86.10  0.71  0  0  2.64
 1  60.30  0.73  0  1  0.90
 1  77.47  0.61  0  0  1.43
 1  69.02  0.57  0  1  2.02
 0  99.70  0.73  0  0  1.06
 2  70.67  1.30  1  2  1.64
 1  78.06  0.21  0  1  2.37
 0  90.98  0.57  0  0  1.24
 2  85.75  1.34  1  2  1.08
 1  64.69  1.16  0  0  2.06
 0  67.44  1.24  0  1  1.13
 2  92.95  0.86  1  2  1.56
 1  89.33  0.27  0  2  5.11
 1  61.05  0.62  0  1  2.23
 2  89.33  1.30  1  2  0.80
 1  77.42  0.40  0  1  1.22
 2  98.95  0.62  1  2  2.08
 2  99.70  0.84  1  2  0.73
 0  98.95  0.62  0  0  1.36
 3  69.02  1.00  1  3  2.96
 0  70.67  1.30  0  0  1.84
 0  72.67  1.11  0  0  1.57
 1  70.67  0.27  0  1  1.25
 1  60.30  0.84  0  1  1.26
 3  61.05  0.95  1  3  1.34
 1  85.75  0.23  0  1  2.05
 2  95.31  0.42  1  3  5.41
 0  74.25  1.34  0  1  1.60
 3  60.30  0.84  1  1  1.11
 3  60.30  0.73  1  3  6.66
 3  70.67  0.27  1  3 10.13
 1  67.05  0.86  0  0  3.99
 2  77.47  0.96  1  2  1.34
 3  67.05  0.71  1  2  9.40
 1  82.58  0.40  0  1  1.59
 1  61.05  0.62  0  1  5.15
 1  82.53  0.61  0  0  1.27
 1  87.33  0.46  0  0  3.09
 0  82.58  1.17  0  0  1.48
 3  64.69  1.16  1  2  2.12
 1  72.67  0.46  0  1  5.99
 2  97.46  0.51  1  2  2.69
 2  85.75  1.34  1  2  2.26
 0  89.33  1.30  0  0  1.04
 2  98.95  0.95  1  2  5.19
 1  77.47  0.61  0  1  1.00
 1  64.69  1.16  0  1  1.23
 0  87.33  1.11  0  0  1.48
 2  90.98  0.57  1  3  1.37
 3  69.02  0.57  1  3  1.60
 3  81.94  0.21  1  3  0.91
 1  62.54  1.06  0  1  5.83
 3  92.56  0.33  1  3  1.05
 2  78.06  1.37  1  2  5.53
 1  92.56  0.33  0  1  2.13
 3  74.25  0.23  1  3  2.86
 2  67.44  1.24  1  2  0.77
 0  99.70  0.73  0  0  1.61
 0  70.67  1.30  0  0  1.95
 1  61.05  0.95  0  1  1.46
 1  77.42  0.40  0  1  1.46
 2  74.25  1.34  1  2  1.71
 1  85.75  0.23  0  1  1.58
 0  99.70  0.84  0  0  1.43
 3  67.44  0.33  1  3  3.18
 3  62.54  1.06  1  2  7.41
 2  99.70  0.73  1  2  0.91
 1  89.33  0.27  0  1  0.90
 0  90.98  1.00  0  0  0.96
 3  72.67  0.46  1  3  2.75
 0  98.95  0.95  0  0  1.23
 3  62.54  0.51  1  1  1.06
 0  92.95  0.71  0  0  2.15
 1  69.02  0.57  0  1  2.01
 1  81.94  0.21  0  1  0.92
 1  70.67  0.27  0  1  1.01
 2  99.70  0.84  1  2  1.56
 1  73.90  0.71  0  1  1.64
 3  82.53  0.61  1  2  0.88
 1  64.69  0.42  0  1  2.28
 0  86.10  0.86  0  0  1.32
 0  95.31  0.42  0  0  2.01
 3  61.05  0.62  1  1  2.68
 2  90.98  1.00  1  2  0.70
 3  77.47  0.61  1  3  1.68
 3  78.06  0.21  1  3  0.81
 3  87.33  0.46  1  3  1.86
 0  72.67  1.11  0  0  1.40
 0  95.31  1.16  0  0  1.92
 2  87.33  1.11  1  2  1.30
 0  90.98  0.57  0  1  3.13
 3  64.69  0.42  1  3  2.05
 0  85.75  1.34  0  0  1.58
 2  92.95  0.86  1  2  4.94
 1  62.54  0.51  0  1  1.31
 3  67.05  0.86  1  3  3.27
 3  61.05  0.95  1  3  1.14
 3  69.02  1.00  1  2  1.22
 1  67.05  0.71  0  1  1.95
 2  92.56  1.24  1  2  1.71
 0  77.47  0.96  0  0  1.91
 0  78.06  1.37  0  0  1.05
 2  95.31  0.42  1  3  1.61
 2  86.10  0.86  1  2  2.10
 0  74.25  1.34  0  0  1.31
 1  73.90  0.86  0  0  5.05
 2  81.94  1.37  1  2  1.16
 3  85.75  0.23  1  3  0.97
 2  70.67  1.30  1  2  0.88
 1  69.02  1.00  0  0  1.97
 1  60.30  0.73  0  1  0.93
 0  67.44  1.24  0  1  0.67
 0  97.46  1.06  0  0  0.93
 0  98.95  0.62  0  0  5.06
 2  82.58  1.17  1  2  2.29
 1  74.25  0.23  0  1  1.71
 3  82.58  0.40  1  3  2.26
 2  89.33  1.30  1  2  3.70
 0  81.94  1.37  0  0  3.50
 1  60.30  0.84  0  1  0.90
 2  72.67  1.11  1  2  1.35
 2  95.31  1.16  1  2  0.83
 2  77.42  1.17  1  2  0.79
 0  92.95  0.86  0  0  2.92
 1  78.06  0.21  0  1  0.80
 0  92.56  1.24  0  0  0.80
 3  60.30  0.84  1  3  2.79
 2  82.53  0.96  1  3  1.46
 3  73.90  0.86  1  2  0.67
 2  86.10  0.71  1  2  0.62
 1  67.44  0.33  0  1  1.18
 3  73.90  0.71  1  2  1.87
 2  92.95  0.71  1  3  1.14
 0  82.53  0.96  0  0  1.67
 0  86.10  0.71  0  0  2.03
 2  98.95  0.62  1  3  2.14
 0  97.46  0.51  0  0  3.56
 3  89.33  0.27  1  3  1.74
 2  97.46  1.06  1  2  1.37
 0  77.42  1.17  0  0  1.85
 3  77.42  0.40  1  3  1.34
 0  92.95  0.86  0  0  8.93
 3  60.30  0.84  1  3  4.84
 2  99.70  0.73  1  2  3.48
 0  82.58  1.17  0  0  1.72
 2  78.06  1.37  1  2  1.63
 3  64.69  1.16  1  3  1.46
 3  64.69  0.42  1  3  1.99
 3  72.67  0.46  1  3  2.64
 0  90.98  1.00  0  0  1.25
 2  85.75  1.34  1  2  1.96
 2  89.33  1.30  1  2  1.35
 3  70.67  0.27  1  3  1.53
 0  90.98  0.57  0  0  3.89
 3  82.58  0.40  1  2  2.68
 1  89.33  0.27  0  0  1.80
 0  72.67  1.11  0  0  1.52
 1  81.94  0.21  0  1  2.04
 1  62.54  1.06  0  1  2.48
 3  67.05  0.71  1  3  5.43
 2  82.58  1.17  1  2  0.76
 1  82.53  0.61  0  1  3.61
 2  97.46  0.51  1  2  1.27
 0  78.06  1.37  0  0  1.16
 0  92.56  1.24  0  0  1.02
 1  64.69  0.42  0  1  3.25
 0  74.25  1.34  0  0  1.25
 1  92.56  0.33  0  1  1.35
 2  74.25  1.34  1  2  1.55
 0  89.33  1.30  0  0  7.08
 2  92.95  0.71  1  2  2.09
 3  61.05  0.62  1  3  1.49
 2  86.10  0.71  1  2  2.45
 1  74.25  0.23  0  1  0.96
 0  77.47  0.96  0  0  1.87
 3  87.33  0.46  1  3  4.84
 0  77.42  1.17  0  0  1.14
 3  85.75  0.23  1  3  1.01
 0  97.46  0.51  0  2  2.32
 0  98.95  0.62  0  0  1.34
 3  60.30  0.73  1  3  3.13
 2  90.98  0.57  1  2  2.43
 1  72.67  0.46  0  1  3.52
 2  81.94  1.37  1  2  2.03
 1  60.30  0.84  0  1  2.40
 0  86.10  0.71  0  0  3.69
 0  92.95  0.71  0  0  0.83
 1  67.44  0.33  0  1  0.88
 0  87.33  1.11  0  0  0.92
 1  77.42  0.40  0  0  2.03
 0  86.10  0.86  0  0  1.04
 1  67.05  0.71  0  1  0.72
 0  98.95  0.95  0  0  1.20
 3  77.42  0.40  1  3  1.33
 2  95.31  1.16  1  2  1.11
 2  87.33  1.11  1  2  0.89
 0  82.53  0.96  0  0  3.66
 2  86.10  0.86  1  2  0.98
 0  67.44  1.24  0  0  5.07
 2  98.95  0.62  1  2  2.19
 2  92.95  0.86  1  2  0.65
 1  69.02  0.57  0  0  1.03
 1  85.75  0.23  0  1  1.00
 3  77.47  0.61  1  2  2.81
 2  77.47  0.96  1  2  0.94
 1  77.47  0.61  0  0  3.76
 2  99.70  0.84  1  2  4.09
 1  73.90  0.86  0  1  3.37
 0  95.31  1.16  0  0  0.65
 1  60.30  0.73  0  1  0.78
 3  67.05  0.86  1  3  2.25
 0  81.94  1.37  0  0  2.26
 2  98.95  0.95  1  2  0.75
 2  90.98  1.00  1  2  0.67
 3  62.54  0.51  1  3  2.08
 3  82.53  0.61  1  2  1.84
 0  97.46  1.06  0  0  1.00
 2  70.67  1.30  1  3  1.40
 3  78.06  0.21  1  3  1.64
 3  92.56  0.33  1  3  1.99
 3  73.90  0.86  1  3  3.53
 0  99.70  0.84  0  0  1.58
 2  97.46  1.06  1  2  4.91
 1  64.69  1.16  0  1  0.76
 2  72.67  1.11  1  3  1.03
 3  89.33  0.27  1  3  1.29
 0  95.31  0.42  0  2  2.47
 1  70.67  0.27  0  1  1.23
 1  69.02  1.00  0  1  1.88
 3  74.25  0.23  1  3  0.85
 3  67.44  0.33  1  3  0.59
 0  99.70  0.73  0  0  2.54
 2  67.44  1.24  1  2  5.30
 2  77.42  1.17  1  2  0.92
 3  69.02  1.00  1  3  2.20
 1  73.90  0.71  0  0  4.07
 2  92.56  1.24  1  2  3.00
 1  67.05  0.86  0  1  1.18
 0  85.75  1.34  0  0  0.83
 3  62.54  1.06  1  3  2.32
 1  87.33  0.46  0  0  3.15
 3  61.05  0.95  1  3  3.71
 2  95.31  0.42  1  3  1.47
 1  62.54  0.51  0  1  5.89
 2  82.53  0.96  1  2  3.03
 0  70.67  1.30  0  0  1.39
 1  82.58  0.40  0  1  3.23
 1  61.05  0.62  0  1  3.67
 3  73.90  0.71  1  2  1.27
 1  61.05  0.95  0  1  2.19
 1  78.06  0.21  0  1  2.30
 3  81.94  0.21  1  3  1.10
 3  69.02  0.57  1  3  0.51
