 2  86.10  0.71  1  1  1.40
 1  61.05  0.62  0  2  1.55
 3  81.94  0.21  1  0  2.53
 2  98.95  0.62  1  3  3.22
 3  61.05  0.62  1  2  4.66
 0  90.98  0.57  0  2  3.62
 2  86.10  0.86  1  1  1.85
 2  92.95  0.71  1  0  1.96
 2  70.67  1.30  1  0  2.38
 0  77.42  1.17  0  2  0.97
 3  87.33  0.46  1  0  3.46
 1  82.58  0.40  0  3  0.81
 1  67.05  0.71  0  2  1.97
 3  77.42  0.40  1  1  1.14
 0  97.46  0.51  0  0  2.21
 3  82.58  0.40  1  0  0.77
 2  67.44  1.24  1  2  1.35
 0  74.25  1.34  0  2  1.01
 2  95.31  1.16  1  0  1.08
 3  61.05  0.95  1  2  1.10
 2  82.53  0.96  1  2  8.37
 3  62.54  0.51  1  1  1.26
 1  78.06  0.21  0  1  1.46
 3  73.90  0.86  1  1  1.34
 0  95.31  0.42  0  0  0.89
 2  90.98  1.00  1  2  1.76
 2  81.94  1.37  1  2  0.97
 1  69.02  0.57  0  1  1.59
 0  67.44  1.24  0  2  1.10
 3  67.44  0.33  1  2  3.03
 0  82.58  1.17  0  0  2.24
 0  86.10  0.71  0  0  1.77
 2  95.31  0.42  1  2  4.90
 0  77.47  0.96  0  1  7.34
 0  89.33  1.30  0  0  2.95
 2  97.46  1.06  1  0  1.21
 2  87.33  1.11  1  2  0.83
 2  77.47  0.96  1  0  2.23
 1  61.05  0.95  0  1  2.60
 3  70.67  0.27  1  0  1.89
 3  74.25  0.23  1  3  1.00
 0  97.46  1.06  0  0  2.25
 0  70.67  1.30  0  1  6.36
 1  85.75  0.23  0  0  1.71
 0  78.06  1.37  0  0  1.60
 0  92.95  0.86  0  1  1.56
 2  92.56  1.24  1  0  0.85
 2  72.67  1.11  1  2  2.76
 1  77.47  0.61  0  1  1.85
 2  99.70  0.84  1  0  1.51
 2  89.33  1.30  1  0  1.46
 0  86.10  0.86  0  1  3.34
 3  60.30  0.73  1  2  3.92
 1  89.33  0.27  0  0  2.11
 0  98.95  0.95  0  0  1.72
 2  82.58  1.17  1  0  0.94
 3  62.54  1.06  1  3  4.18
 0  87.33  1.11  0  0  3.68
 3  69.02  0.57  1  2  2.98
 1  72.67  0.46  0  3  1.85
 0  82.53  0.96  0  0  1.48
 1  67.05  0.86  0  3  2.87
 3  85.75  0.23  1  0  1.04
 1  62.54  1.06  0  3  8.11
 2  99.70  0.73  1  0  1.16
 1  82.53  0.61  0  2  3.48
 0  85.75  1.34  0  0 17.86
 1  87.33  0.46  0  0  2.78
 3  73.90  0.71  1  0  2.97
 2  98.95  0.95  1  1  4.67
 1  67.44  0.33  0  0  3.68
 3  82.53  0.61  1  1  1.53
 3  67.05  0.86  1  3  4.31
 0  95.31  1.16  0  2  4.96
 2  78.06  1.37  1  0  4.55
 0  92.95  0.71  0  1  3.43
 1  70.67  0.27  0  0 13.25
 0  98.95  0.62  0  0  0.99
 0  90.98  1.00  0  0  1.03
 1  81.94  0.21  0  0  1.33
 1  64.69  1.16  0  2  3.21
 3  60.30  0.84  1  1  1.32
 0  99.70  0.84  0  1  2.82
 3  92.56  0.33  1  0  0.61
 3  72.67  0.46  1  1  3.24
 3  77.47  0.61  1  0  3.30
 1  60.30  0.84  0  3  1.04
 1  77.42  0.40  0  0 23.14
 0  99.70  0.73  0  0  0.98
 2  74.25  1.34  1  1  2.36
 3  89.33  0.27  1  1  1.77
 1  60.30  0.73  0  3  2.02
 0  92.56  1.24  0  0  1.24
 1  74.25  0.23  0  1  1.68
 1  69.02  1.00  0  1  1.18
 0  81.94  1.37  0  1  2.57
 2  90.98  0.57  1  0  1.73
 1  73.90  0.71  0  2  1.07
 3  64.69  0.42  1  0  2.28
 3  69.02  1.00  1  2 14.19
 1  73.90  0.86  0  1  2.17
 1  64.69  0.42  0  1  1.42
 2  97.46  0.51  1  0  0.83
 3  64.69  1.16  1  0  0.89
 2  92.95  0.86  1  1  0.91
 2  77.42  1.17  1  2  3.58
 3  67.05  0.71  1  1  2.48
 0  72.67  1.11  0  3  0.87
 1  92.56  0.33  0  0  0.95
 2  85.75  1.34  1  0  2.01
 3  78.06  0.21  1  2  3.15
 1  62.54  0.51  0  2  1.50
 2  77.42  1.17  1  3  6.32
 3  87.33  0.46  1  0  5.83
 0  74.25  1.34  0  3  2.05
 2  95.31  0.42  1  0  0.84
 2  89.33  1.30  1  1  2.50
 0  95.31  0.42  0  0  2.31
 2  77.47  0.96  1  3  5.09
 2  92.56  1.24  1  1  1.54
 3  73.90  0.71  1  1  0.95
 1  89.33  0.27  0  0  0.96
 3  74.25  0.23  1  1  1.05
 3  61.05  0.62  1  3  1.61
 3  69.02  1.00  1  2  1.31
 0  77.47  0.96  0  3  1.04
 0  99.70  0.73  0  0  0.90
 1  67.44  0.33  0  3  2.04
 2  90.98  0.57  1  1  2.10
 3  85.75  0.23  1  2  1.17
 3  82.53  0.61  1  3  4.04
 1  69.02  1.00  0  3  1.32
 3  67.44  0.33  1  1  1.11
 3  64.69  1.16  1  2  5.60
 3  60.30  0.84  1  3  0.66
 1  70.67  0.27  0  1  1.22
 2  86.10  0.86  1  2  1.26
 1  62.54  0.51  0  1  0.90
 1  67.05  0.86  0  2  1.21
 2  97.46  0.51  1  0  0.82
 0  86.10  0.86  0  2  1.16
 3  89.33  0.27  1  2  1.65
 0  87.33  1.11  0  3  1.10
 0  92.95  0.71  0  0  3.75
 0  90.98  0.57  0  0  0.71
 1  73.90  0.86  0  2  1.32
 3  72.67  0.46  1  1  0.66
 3  70.67  0.27  1  1  1.90
 1  62.54  1.06  0  2  1.37
 3  73.90  0.86  1  2  1.14
 0  81.94  1.37  0  2 18.74
 1  74.25  0.23  0  2  1.45
 1  82.53  0.61  0  1  1.32
 2  72.67  1.11  1  2  1.07
 3  82.58  0.40  1  1  0.75
 1  85.75  0.23  0  1  2.62
 1  87.33  0.46  0  1  1.20
 1  60.30  0.73  0  2  1.47
 3  67.05  0.71  1  2  1.14
 0  99.70  0.84  0  0  1.12
 3  77.42  0.40  1  1  1.20
 1  69.02  0.57  0  3  0.79
 2  67.44  1.24  1  2 14.85
 1  60.30  0.84  0  2  1.06
 3  62.54  1.06  1  1  1.50
 1  78.06  0.21  0  0  1.08
 2  99.70  0.73  1  0  2.37
 0  67.44  1.24  0  3  1.74
 2  86.10  0.71  1  1  4.90
 1  67.05  0.71  0  1  1.51
 0  97.46  0.51  0  0  0.75
 2  87.33  1.11  1  0  1.40
 3  69.02  0.57  1  1  0.93
 1  81.94  0.21  0  0  1.38
 1  92.56  0.33  0  0  0.61
 0  98.95  0.95  0  1  0.89
 0  90.98  1.00  0  1  1.43
 3  81.94  0.21  1  1  1.15
 2  82.58  1.17  1  3  2.69
 0  70.67  1.30  0  3  0.83
 1  72.67  0.46  0  0  0.87
 3  61.05  0.95  1  2  0.86
 2  82.53  0.96  1  1  1.67
 2  98.95  0.95  1  0  1.15
 1  64.69  0.42  0  1  2.00
 3  60.30  0.73  1  1  0.92
 2  70.67  1.30  1  1  1.69
 0  97.46  1.06  0  0  0.92
 3  62.54  0.51  1  1  0.99
 2  90.98  1.00  1  1  1.09
 0  86.10  0.71  0  1  0.87
 2  74.25  1.34  1  2  1.52
 3  92.56  0.33  1  0  1.49
 2  95.31  1.16  1  2  2.77
 2  92.95  0.86  1  1  6.45
 3  77.47  0.61  1  1  1.55
 0  77.42  1.17  0  2  1.70
 2  85.75  1.34  1  0  1.05
 3  78.06  0.21  1  0  1.98
 2  81.94  1.37  1  2  1.23
 0  92.56  1.24  0  1  1.30
 0  78.06  1.37  0  2  1.10
 3  64.69  0.42  1  3  1.30
 1  77.42  0.40  0  1  1.98
 2  99.70  0.84  1  0  0.92
 0  82.53  0.96  0  2  1.62
 0  82.58  1.17  0  0  1.39
 2  97.46  1.06  1  0  1.48
 3  67.05  0.86  1  3  1.38
 1  61.05  0.95  0  3  1.21
 0  72.67  1.11  0  2  1.62
 0  89.33  1.30  0  2  1.50
 2  92.95  0.71  1  2  2.50
 1  73.90  0.71  0  1  2.90
 0  95.31  1.16  0  0  2.59
 2  78.06  1.37  1  2  3.29
 0  98.95  0.62  0  2  4.63
 1  61.05  0.62  0  1  2.59
 0  85.75  1.34  0  2  1.86
 0  92.95  0.86  0  2  2.48
 1  77.47  0.61  0  2  1.85
 1  82.58  0.40  0  0  2.61
 1  64.69  1.16  0  2  3.55
 2  98.95  0.62  1  0  4.16
 0  77.42  1.17  0  0  6.18
 0  98.95  0.62  0  0  1.23
 2  92.95  0.71  1  2  2.76
 0  82.53  0.96  0  0  3.02
 1  89.33  0.27  0  2  2.76
 3  81.94  0.21  1  1  0.77
 0  92.95  0.71  0  2  2.35
 2  77.42  1.17  1  2  1.03
 1  73.90  0.71  0  2  1.19
 2  86.10  0.86  1  0  3.27
 3  67.05  0.71  1  3  0.95
 0  78.06  1.37  0  2  1.27
 1  62.54  0.51  0  3  1.21
 1  77.47  0.61  0  2  2.27
 1  78.06  0.21  0  2  2.24
 1  92.56  0.33  0  0  2.12
 1  70.67  0.27  0  1  2.06
 1  64.69  0.42  0  1  0.96
 2  98.95  0.62  1  0  1.29
 3  61.05  0.62  1  3  0.98
 0  72.67  1.11  0  2  2.89
 1  81.94  0.21  0  2  1.61
 1  67.05  0.86  0  2  1.12
 0  67.44  1.24  0  2  1.24
 1  62.54  1.06  0  2  1.21
 2  81.94  1.37  1  0  2.73
 1  60.30  0.73  0  3  1.36
 0  74.25  1.34  0  2  1.80
 0  90.98  1.00  0  2  2.11
 3  87.33  0.46  1  2  1.29
 3  89.33  0.27  1  0  1.96
 1  74.25  0.23  0  0  2.25
 0  87.33  1.11  0  2  1.21
 0  86.10  0.86  0  0  0.90
 0  89.33  1.30  0  2  0.82
 2  77.47  0.96  1  0  1.59
 2  82.53  0.96  1  2  0.91
 2  89.33  1.30  1  0  1.74
 2  97.46  1.06  1  0  1.54
 2  98.95  0.95  1  1  1.39
 1  69.02  0.57  0  3  1.42
 1  87.33  0.46  0  0  0.72
 2  86.10  0.71  1  1  0.95
 1  72.67  0.46  0  1  1.79
 3  92.56  0.33  1  0  1.00
 1  61.05  0.62  0  3  0.78
 0  97.46  0.51  0  0  3.16
 3  82.53  0.61  1  0  2.32
 1  69.02  1.00  0  3  1.01
 3  70.67  0.27  1  3  1.12
 0  95.31  0.42  0  0  1.47
 3  64.69  1.16  1  1  2.04
 1  85.75  0.23  0  0  1.10
 3  62.54  1.06  1  1  3.10
 2  90.98  0.57  1  0  1.46
 0  77.47  0.96  0  2  2.77
 2  92.95  0.86  1  0  2.27
 3  67.05  0.86  1  2  1.28
 3  60.30  0.84  1  3  0.70
 0  97.46  1.06  0  0  1.11
 1  82.53  0.61  0  0  0.73
 1  64.69  1.16  0  1  3.00
 3  77.42  0.40  1  1  1.25
 3  73.90  0.71  1  3  0.67
 2  99.70  0.84  1  2  5.13
 0  82.58  1.17  0  0  2.37
 1  77.42  0.40  0  1  1.64
 2  85.75  1.34  1  0  1.39
 2  67.44  1.24  1  0  3.50
 0  99.70  0.73  0  0  2.85
 3  82.58  0.40  1  1  1.31
 3  85.75  0.23  1  0  2.93
 3  69.02  0.57  1  3  0.99
 1  82.58  0.40  0  1  1.55
 2  78.06  1.37  1  0  1.79
 0  92.56  1.24  0  0  1.42
 0  86.10  0.71  0  1  2.19
 3  60.30  0.73  1  3  1.74
 2  87.33  1.11  1  0  2.11
 1  61.05  0.95  0  1  1.94
 3  74.25  0.23  1  1  1.60
 2  90.98  1.00  1  0  1.41
 3  72.67  0.46  1  3  1.06
 3  62.54  0.51  1  3  0.83
 0  98.95  0.95  0  0  2.44
 0  95.31  1.16  0  2  1.14
 3  77.47  0.61  1  3  0.98
 0  92.95  0.86  0  0  1.32
 2  95.31  0.42  1  0  1.38
 2  99.70  0.73  1  0  1.34
 0  70.67  1.30  0  0  2.06
 2  97.46  0.51  1  2  0.78
 3  61.05  0.95  1  0  2.24
 0  81.94  1.37  0  0  1.62
 3  67.44  0.33  1  3  0.62
 1  73.90  0.86  0  1  2.43
 3  64.69  0.42  1  3  2.35
 3  73.90  0.86  1  3  1.69
 2  92.56  1.24  1  0  2.33
 0  99.70  0.84  0  0  1.51
 2  82.58  1.17  1  2  1.65
 1  67.05  0.71  0  3  1.46
 0  90.98  0.57  0  0  2.44
 3  69.02  1.00  1  3  1.60
 0  85.75  1.34  0  2  1.66
 2  95.31  1.16  1  2  2.06
 2  72.67  1.11  1  3  1.57
 1  67.44  0.33  0  3  1.14
 2  70.67  1.30  1  2  2.86
 3  78.06  0.21  1  1  3.59
 1  60.30  0.84  0  1  1.06
 2  74.25  1.34  1  2  3.26
 0  98.95  0.95  0  0  4.20
 3  61.05  0.95  1  3  1.24
 2  82.58  1.17  1  2  5.07
 1  73.90  0.71  0  1  1.12
 1  64.69  0.42  0  1  2.18
 3  81.94  0.21  1  0  2.61
 2  99.70  0.73  1  0  2.32
 3  64.69  1.16  1  2  2.40
 1  62.54  0.51  0  1  1.41
 0  99.70  0.84  0  0  2.04
 1  73.90  0.86  0  1  2.89
 0  97.46  0.51  0  0  1.19
 2  78.06  1.37  1  2  3.04
 2  67.44  1.24  1  2  2.33
 3  87.33  0.46  1  0  2.40
 3  74.25  0.23  1  3  2.26
 1  74.25  0.23  0  1  1.03
 2  95.31  0.42  1  0  3.51
 1  82.53  0.61  0  1  1.19
 0  70.67  1.30  0  2  3.98
 3  69.02  1.00  1  3  1.68
 2  90.98  0.57  1  2  1.74
 2  86.10  0.86  1  0  2.79
 3  64.69  0.42  1  3  1.79
 0  77.47  0.96  0  1  1.46
 0  99.70  0.73  0  0  1.88
 1  61.05  0.62  0  1  1.57
 0  78.06  1.37  0  0  1.94
 2  97.46  0.51  1  2  1.10
 2  90.98  1.00  1  0  2.25
 1  77.47  0.61  0  1  1.20
 0  90.98  1.00  0  0  1.58
 3  62.54  0.51  1  3  0.92
 3  82.53  0.61  1  0  2.83
 1  64.69  1.16  0  2  2.30
 2  99.70  0.84  1  0  4.89
 1  67.05  0.86  0  1  1.26
 2  86.10  0.71  1  2  2.53
 3  89.33  0.27  1  0  1.27
 3  70.67  0.27  1  3  0.66
 2  92.56  1.24  1  2  2.27
 0  90.98  0.57  0  1  3.28
 1  85.75  0.23  0  0  1.47
 2  89.33  1.30  1  0  2.17
 1  60.30  0.73  0  1  1.31
 2  97.46  1.06  1  2  2.56
 2  92.95  0.71  1  2  2.35
 0  86.10  0.86  0  1  1.21
 3  77.47  0.61  1  3  0.75
 3  73.90  0.71  1  3  0.67
 0  86.10  0.71  0  0  3.04
 3  61.05  0.62  1  3  1.10
 1  82.58  0.40  0  0  4.44
 3  85.75  0.23  1  0  1.95
 1  67.05  0.71  0  1  1.04
 3  72.67  0.46  1  3  0.62
 2  87.33  1.11  1  2  2.86
 3  77.42  0.40  1  3  0.71
 2  98.95  0.62  1  0  2.52
 1  77.42  0.40  0  0  2.52
 3  62.54  1.06  1  3  2.09
 2  98.95  0.95  1  2  1.73
 1  60.30  0.84  0  1  1.56
 0  81.94  1.37  0  0  2.74
 1  78.06  0.21  0  1  2.44
 3  67.44  0.33  1  3  1.29
 0  74.25  1.34  0  0  6.92
 0  82.53  0.96  0  1  4.63
 0  67.44  1.24  0  1  2.37
 1  81.94  0.21  0  0  3.41
 0  72.67  1.11  0  0  3.83
 3  67.05  0.86  1  3  1.27
 0  82.58  1.17  0  0  1.40
 2  77.47  0.96  1  3  2.94
 0  95.31  1.16  0  0  1.35
 3  60.30  0.73  1  3  1.11
 1  70.67  0.27  0  1  2.16
 2  82.53  0.96  1  3  2.59
 2  70.67  1.30  1  2  1.89
 2  77.42  1.17  1  2  2.25
 2  72.67  1.11  1  2  1.86
 0  92.95  0.86  0  0  1.60
 1  69.02  0.57  0  1  1.76
 1  87.33  0.46  0  0  1.51
 0  89.33  1.30  0  0  1.20
 0  97.46  1.06  0  2  2.87
 0  92.56  1.24  0  0  1.92
 1  69.02  1.00  0  1  1.39
 3  92.56  0.33  1  0  1.41
 0  95.31  0.42  0  0  1.41
 1  61.05  0.95  0  1  1.42
 1  89.33  0.27  0  0  2.11
 2  81.94  1.37  1  2  1.90
 3  73.90  0.86  1  3  0.72
 0  85.75  1.34  0  0  1.21
 2  92.95  0.86  1  2  5.65
 0  87.33  1.11  0  0  2.33
 0  77.42  1.17  0  1  3.46
 0  98.95  0.62  0  0  3.69
 1  72.67  0.46  0  1  2.02
 2  85.75  1.34  1  2  1.23
 0  92.95  0.71  0  0  4.44
 3  60.30  0.84  1  3  1.34
 1  62.54  1.06  0  1  1.27
 3  82.58  0.40  1  0  2.34
 3  78.06  0.21  1  0  1.83
 3  67.05  0.71  1  3  1.17
 1  67.44  0.33  0  1  1.20
 2  95.31  1.16  1  2  1.30
 3  69.02  0.57  1  3  1.35
 1  92.56  0.33  0  0  2.45
 2  74.25  1.34  1  2  1.11
 3  67.44  0.33  1  3  1.26
 3  72.67  0.46  1  3  0.93
 0  81.94  1.37  0  2  2.70
 1  61.05  0.95  0  1  1.56
 1  78.06  0.21  0  1 11.84
 0  67.44  1.24  0  1  2.45
 3  64.69  1.16  1  2  1.92
 0  98.95  0.62  0  0  2.23
 0  72.67  1.11  0  0  3.41
 2  97.46  0.51  1  2  3.26
 0  70.67  1.30  0  0  5.49
 2  67.44  1.24  1  2  2.23
 3  82.53  0.61  1  3  0.86
 1  60.30  0.73  0  1  2.67
 1  67.44  0.33  0  0  5.32
 2  95.31  1.16  1  2  3.17
 1  81.94  0.21  0  0  2.21
 3  67.05  0.71  1  3  2.49
 2  87.33  1.11  1  2  3.09
 3  78.06  0.21  1  0  2.93
 1  77.42  0.40  0  0  2.20
 1  64.69  1.16  0  1  2.19
 1  85.75  0.23  0  1  2.90
 2  81.94  1.37  1  2  1.93
 2  92.95  0.71  1  3  0.97
 0  89.33  1.30  0  0  1.85
 3  61.05  0.95  1  3  1.99
 2  97.46  1.06  1  2  2.85
 0  99.70  0.73  0  0  2.30
 0  92.95  0.86  0  0  4.53
 0  78.06  1.37  0  0  4.87
 0  99.70  0.84  0  0  5.11
 3  60.30  0.73  1  3  1.29
 3  70.67  0.27  1  3  2.98
 3  82.58  0.40  1  3  1.99
 3  69.02  0.57  1  3  1.49
 1  67.05  0.71  0  1  3.92
 2  99.70  0.84  1  2  2.39
 0  82.53  0.96  0  0  2.83
 0  85.75  1.34  0  0  2.24
 1  77.47  0.61  0  1  4.26
 0  87.33  1.11  0  0  2.39
 3  67.05  0.86  1  3  1.54
 2  77.42  1.17  1  2  1.84
 2  92.56  1.24  1  0  2.77
 2  86.10  0.71  1  3  2.82
 1  72.67  0.46  0  1  3.79
 3  92.56  0.33  1  0  2.60
 3  74.25  0.23  1  3  1.15
 3  87.33  0.46  1  3  0.85
 1  87.33  0.46  0  0  3.80
 0  97.46  0.51  0  0  2.73
 3  69.02  1.00  1  2  2.73
 0  98.95  0.95  0  0  1.19
 3  77.47  0.61  1  3  1.75
 2  72.67  1.11  1  2  2.56
 1  92.56  0.33  0  0  1.21
 3  64.69  0.42  1  3  1.14
 3  60.30  0.84  1  3  4.47
 2  82.58  1.17  1  2  1.96
 0  82.58  1.17  0  0  2.13
 2  99.70  0.73  1  2  5.35
 0  92.95  0.71  0  1  2.29
 0  95.31  1.16  0  0  2.69
 2  85.75  1.34  1  2  1.46
 1  64.69  0.42  0  1  1.73
 3  73.90  0.71  1  3  1.09
 1  62.54  0.51  0  1  1.15
 1  82.58  0.40  0  1  2.71
 0  95.31  0.42  0  0  0.98
 2  90.98  0.57  1  2  1.04
 3  61.05  0.62  1  3  1.41
 1  60.30  0.84  0  1  6.37
 3  89.33  0.27  1  2  5.31
 2  89.33  1.30  1  2  1.25
 2  92.95  0.86  1  3  4.51
 0  90.98  1.00  0  0  1.53
 0  77.42  1.17  0  0  2.42
 1  73.90  0.86  0  1  1.93
 2  82.53  0.96  1  0  6.69
 3  85.75  0.23  1  0  2.48
 2  77.47  0.96  1  2  1.99
 1  61.05  0.62  0  1  1.17
 0  92.56  1.24  0  0  2.49
 2  86.10  0.86  1  2  4.62
 1  89.33  0.27  0  0  2.57
 1  82.53  0.61  0  1  2.77
 1  74.25  0.23  0  1  3.40
 1  69.02  0.57  0  1  3.02
 3  81.94  0.21  1  2  6.56
 3  73.90  0.86  1  2  1.30
 1  70.67  0.27  0  1  1.59
 2  74.25  1.34  1  2  1.01
 1  67.05  0.86  0  1  1.62
 0  77.47  0.96  0  0  2.04
 1  69.02  1.00  0  1  2.42
 0  86.10  0.71  0  0  2.74
 2  95.31  0.42  1  0  2.75
 1  62.54  1.06  0  1  2.65
 0  86.10  0.86  0  0  1.82
 2  98.95  0.95  1  2  1.81
 1  73.90  0.71  0  1  1.88
 0  90.98  0.57  0  1  2.40
 3  62.54  0.51  1  3  2.59
 3  77.42  0.40  1  3  5.08
 2  90.98  1.00  1  0  2.72
 2  78.06  1.37  1  2  1.33
 0  97.46  1.06  0  0  1.50
 0  74.25  1.34  0  1  4.14
 2  70.67  1.30  1  2  1.86
 2  98.95  0.62  1  2  5.70
 3  62.54  1.06  1  3  3.38
