 3  77.42  0.40  1  1  2.48
 0  86.10  0.71  0  2  1.73
 1  62.54  1.06  0  1  1.87
 3  64.69  1.16  1  1  0.77
 3  82.53  0.61  1  2  2.71
 0  90.98  1.00  0  2  1.55
 2  95.31  0.42  1  3  2.44
 1  85.75  0.23  0  2  0.94
 3  61.05  0.95  1  3  2.04
 0  89.33  1.30  0  0  1.19
 0  70.67  1.30  0  0  1.37
 2  87.33  1.11  1  2  2.42
 0  87.33  1.11  0  2  0.60
 0  92.95  0.71  0  0  0.73
 1  89.33  0.27  0  0  0.55
 2  77.42  1.17  1  3  1.25
 2  92.95  0.86  1  3  0.92
 2  99.70  0.84  1  2  0.82
 2  70.67  1.30  1  0  1.56
 2  89.33  1.30  1  2  0.77
 1  82.58  0.40  0  1  1.10
 1  73.90  0.71  0  1  0.56
 0  86.10  0.86  0  1  1.15
 3  67.05  0.86  1  2  1.25
 3  85.75  0.23  1  1  0.91
 2  98.95  0.62  1  3  1.04
 3  82.58  0.40  1  2  1.19
 0  95.31  1.16  0  0  1.44
 3  69.02  1.00  1  3  1.65
 0  67.44  1.24  0  3  0.91
 2  82.58  1.17  1  2  5.87
 1  67.05  0.86  0  0  1.29
 1  67.05  0.71  0  1  1.49
 1  62.54  0.51  0  1  0.78
 2  99.70  0.73  1  2  2.20
 1  60.30  0.73  0  0  0.93
 1  77.42  0.40  0  1  0.84
 1  61.05  0.62  0  1  1.26
 3  69.02  0.57  1  1  0.74
 0  92.95  0.86  0  0  1.21
 0  95.31  0.42  0  1  0.70
 3  62.54  1.06  1  2  1.21
 2  85.75  1.34  1  3  1.45
 0  74.25  1.34  0  0  1.32
 1  64.69  1.16  0  0  4.95
 3  87.33  0.46  1  2  1.71
 3  67.44  0.33  1  2  1.29
 0  82.58  1.17  0  0  1.27
 1  72.67  0.46  0  1  0.98
 0  98.95  0.62  0  1  0.60
 3  72.67  0.46  1  3  1.95
 2  90.98  0.57  1  2  1.53
 3  73.90  0.71  1  3  0.98
 1  64.69  0.42  0  1  1.26
 2  74.25  1.34  1  2  1.13
 3  77.47  0.61  1  3  0.99
 0  72.67  1.11  0  0  1.06
 3  73.90  0.86  1  2  1.53
 2  98.95  0.95  1  3  2.80
 0  82.53  0.96  0  1  1.33
 3  92.56  0.33  1  3  2.25
 2  97.46  1.06  1  2  1.49
 2  81.94  1.37  1  2  1.77
 0  81.94  1.37  0  0  7.30
 0  99.70  0.73  0  1  0.92
 3  74.25  0.23  1  2  1.45
 3  60.30  0.73  1  2  1.16
 1  69.02  0.57  0  1  1.14
 1  87.33  0.46  0  1  1.25
 3  70.67  0.27  1  2  1.64
 0  85.75  1.34  0  0  2.53
 2  78.06  1.37  1  2  6.67
 0  90.98  0.57  0  1  1.27
 2  97.46  0.51  1  3  2.20
 2  92.56  1.24  1  2  1.40
 1  69.02  1.00  0  0  1.60
 2  86.10  0.71  1  2  5.97
 2  86.10  0.86  1  2  0.83
 1  77.47  0.61  0  1  0.94
 1  92.56  0.33  0  1  1.49
 3  60.30  0.84  1  2  2.39
 0  77.47  0.96  0  0  1.28
 3  89.33  0.27  1  3  1.48
 1  74.25  0.23  0  1  0.98
 1  70.67  0.27  0  1  0.64
 1  60.30  0.84  0  0  0.63
 2  77.47  0.96  1  2  1.48
 0  78.06  1.37  0  0  0.97
 0  77.42  1.17  0  1  7.35
 2  90.98  1.00  1  3  1.15
 3  61.05  0.62  1  3  1.42
 0  97.46  1.06  0  0  1.53
 1  61.05  0.95  0  1  1.26
 0  97.46  0.51  0  1  0.54
 3  78.06  0.21  1  3  1.34
 0  92.56  1.24  0  0  1.23
 3  67.05  0.71  1  2  4.25
 3  62.54  0.51  1  2  2.33
 3  64.69  0.42  1  3  0.50
 1  82.53  0.61  0  1  1.04
 0  98.95  0.95  0  0  2.75
 1  78.06  0.21  0  1  0.63
 2  92.95  0.71  1  3  0.88
 1  81.94  0.21  0  1  1.05
 2  95.31  1.16  1  2  3.69
 0  99.70  0.84  0  1  0.91
 1  73.90  0.86  0  1  0.87
 2  82.53  0.96  1  2  1.73
 3  81.94  0.21  1  3  0.89
 1  67.44  0.33  0  1  0.99
 2  67.44  1.24  1  2  2.37
 2  72.67  1.11  1  2  0.49
 3  89.33  0.27  1  2  1.87
 2  70.67  1.30  1  2  2.10
 1  67.44  0.33  0  3  0.84
 1  87.33  0.46  0  1  0.80
 2  78.06  1.37  1  2  1.31
 2  99.70  0.84  1  3  0.99
 3  64.69  0.42  1  2  0.52
 1  67.05  0.86  0  1  1.49
 0  90.98  0.57  0  1  1.26
 2  98.95  0.62  1  3  1.36
 0  98.95  0.62  0  0  1.48
 0  98.95  0.95  0  1  0.87
 2  97.46  0.51  1  3  1.25
 2  92.95  0.71  1  2  0.74
 0  97.46  1.06  0  0  2.40
 0  90.98  1.00  0  0  0.83
 2  92.56  1.24  1  2  1.13
 3  69.02  0.57  1  3  2.38
 1  61.05  0.95  0  1  9.37
 2  98.95  0.95  1  2  1.34
 3  70.67  0.27  1  3  0.92
 3  60.30  0.84  1  2  2.38
 3  82.58  0.40  1  3  1.01
 2  82.58  1.17  1  2  1.13
 3  92.56  0.33  1  3  0.86
 1  69.02  0.57  0  1  1.37
 1  74.25  0.23  0  1  0.74
 1  62.54  0.51  0  1  0.72
 3  74.25  0.23  1  3  1.35
 3  67.44  0.33  1  3  1.89
 1  69.02  1.00  0  0  2.04
 2  89.33  1.30  1  3  1.06
 0  89.33  1.30  0  1  1.61
 3  72.67  0.46  1  3  2.46
 2  67.44  1.24  1  2  1.10
 1  64.69  1.16  0  0  1.83
 1  77.42  0.40  0  1  2.58
 3  60.30  0.73  1  2  4.32
 0  92.95  0.86  0  0  1.69
 0  95.31  0.42  0  1  0.91
 3  77.47  0.61  1  3  2.06
 1  78.06  0.21  0  1  1.15
 0  92.95  0.71  0  0  2.23
 0  86.10  0.86  0  0  0.94
 1  70.67  0.27  0  1  1.23
 0  77.42  1.17  0  0  1.27
 1  82.53  0.61  0  1  6.50
 0  99.70  0.73  0  1  2.20
 2  90.98  0.57  1  2  2.69
 0  82.53  0.96  0  0  1.06
 2  95.31  0.42  1  1  3.98
 3  77.42  0.40  1  2  1.49
 3  62.54  0.51  1  2  2.70
 0  95.31  1.16  0  0  1.17
 2  72.67  1.11  1  2  1.21
 0  70.67  1.30  0  0  2.43
 2  86.10  0.86  1  3  2.22
 2  81.94  1.37  1  2  1.05
 0  97.46  0.51  0  1  1.39
 1  73.90  0.86  0  1  1.56
 2  86.10  0.71  1  3 14.57
 1  60.30  0.73  0  1  2.55
 0  85.75  1.34  0  0  1.02
 1  85.75  0.23  0  1  1.08
 3  78.06  0.21  1  3  1.60
 3  85.75  0.23  1  3  0.81
 2  77.42  1.17  1  2  1.42
 2  95.31  1.16  1  2  1.87
 1  60.30  0.84  0  1  2.53
 3  67.05  0.86  1  2  1.62
 1  62.54  1.06  0  1  1.50
 2  92.95  0.86  1  2  4.81
 2  74.25  1.34  1  2  1.80
 1  64.69  0.42  0  0  2.36
 3  82.53  0.61  1  3  1.29
 3  87.33  0.46  1  3  1.30
 0  99.70  0.84  0  1  1.72
 1  72.67  0.46  0  1  4.51
 0  77.47  0.96  0  0  1.36
 3  67.05  0.71  1  2  2.92
 1  67.05  0.71  0  1  1.04
 2  87.33  1.11  1  2  5.55
 3  61.05  0.95  1  3  2.60
 3  73.90  0.71  1  2  7.43
 2  99.70  0.73  1  3  1.78
 3  69.02  1.00  1  3  1.39
 2  77.47  0.96  1  3  1.18
 3  64.69  1.16  1  2  1.65
 0  78.06  1.37  0  0  2.06
 0  72.67  1.11  0  0  0.55
 1  81.94  0.21  0  1  2.47
 1  73.90  0.71  0  1  3.70
 0  74.25  1.34  0  0  4.57
 0  92.56  1.24  0  0  0.99
 1  89.33  0.27  0  1  0.48
 0  67.44  1.24  0  0  0.36
 2  97.46  1.06  1  3  1.29
 1  92.56  0.33  0  1  0.62
 0  86.10  0.71  0  1  0.61
 1  82.58  0.40  0  1  1.06
 0  87.33  1.11  0  0  1.39
 3  73.90  0.86  1  2  1.27
 2  85.75  1.34  1  2  0.98
 2  82.53  0.96  1  3  1.89
 3  62.54  1.06  1  2  1.33
 0  81.94  1.37  0  0  1.32
 3  61.05  0.62  1  2 13.35
 1  77.47  0.61  0  1  2.98
 3  81.94  0.21  1  3  5.72
 2  90.98  1.00  1  3  2.46
 0  82.58  1.17  0  0  1.99
 1  61.05  0.62  0  1  2.33
 0  95.31  0.42  0  1 26.15
 2  99.70  0.84  1  3  2.00
 2  67.44  1.24  1  2 16.04
 3  64.69  0.42  1  3  2.76
 3  72.67  0.46  1  3  1.79
 3  61.05  0.62  1  2  3.83
 3  64.69  1.16  1  2  1.84
 3  82.53  0.61  1  3  1.11
 0  97.46  0.51  0  1  1.50
 1  87.33  0.46  0  0  1.42
 0  92.95  0.71  0  1  1.35
 3  85.75  0.23  1  3  1.43
 2  92.56  1.24  1  2  5.53
 3  73.90  0.71  1  2 16.94
 2  78.06  1.37  1  2  3.34
 2  90.98  1.00  1  2  5.86
 1  67.05  0.71  0  1 11.93
 3  87.33  0.46  1  3  0.87
 0  70.67  1.30  0  0  2.33
 0  98.95  0.62  0  1  1.16
 0  86.10  0.86  0  0  5.86
 3  61.05  0.95  1  3  1.13
 0  87.33  1.11  0  0  1.67
 3  77.42  0.40  1  3  1.92
 1  69.02  1.00  0  1  1.04
 1  69.02  0.57  0  1  3.04
 0  82.58  1.17  0  0  1.64
 2  82.53  0.96  1  2  4.60
 1  64.69  0.42  0  1  1.94
 1  73.90  0.71  0  1  0.96
 1  89.33  0.27  0  1  0.99
 1  82.58  0.40  0  1  0.54
 1  61.05  0.95  0  1  0.61
 0  77.47  0.96  0  0  0.91
 1  61.05  0.62  0  1  1.34
 0  67.44  1.24  0  0  0.89
 1  67.05  0.86  0  1  0.95
 1  72.67  0.46  0  1  1.68
 1  85.75  0.23  0  1  3.63
 3  60.30  0.73  1  3  4.71
 2  70.67  1.30  1  2  1.05
 1  67.44  0.33  0  1  1.96
 3  62.54  0.51  1  3  1.78
 0  90.98  1.00  0  0  1.46
 1  60.30  0.84  0  1  0.91
 2  97.46  1.06  1  2  4.74
 1  62.54  0.51  0  1  0.75
 0  99.70  0.84  0  0  1.53
 2  81.94  1.37  1  2  1.41
 1  77.47  0.61  0  1  2.07
 3  69.02  0.57  1  3  1.81
 2  98.95  0.62  1  3  1.12
 1  92.56  0.33  0  1  1.66
 0  81.94  1.37  0  0  1.49
 1  82.53  0.61  0  1  1.08
 3  89.33  0.27  1  3 10.91
 1  60.30  0.73  0  1  0.83
 0  74.25  1.34  0  0  3.26
 0  90.98  0.57  0  1  0.58
 2  97.46  0.51  1  3 14.08
 2  86.10  0.71  1  3  1.88
 3  67.44  0.33  1  3  4.11
 0  95.31  1.16  0  0  5.13
 2  86.10  0.86  1  3  4.31
 3  77.47  0.61  1  3  1.13
 3  67.05  0.86  1  3  1.29
 1  70.67  0.27  0  1  1.93
 0  98.95  0.95  0  0  2.97
 3  60.30  0.84  1  3  2.82
 2  95.31  1.16  1  2  1.90
 0  82.53  0.96  0  1  0.81
 2  99.70  0.73  1  2  1.87
 2  95.31  0.42  1  3  3.03
 1  62.54  1.06  0  1  0.89
 3  67.05  0.71  1  3  4.07
 3  69.02  1.00  1  2  2.86
 0  92.95  0.86  0  1  1.62
 2  77.47  0.96  1  2  2.07
 2  74.25  1.34  1  2  1.55
 2  92.95  0.86  1  2  1.62
 3  62.54  1.06  1  3  2.14
 2  77.42  1.17  1  2  0.93
 1  77.42  0.40  0  1  1.16
 0  78.06  1.37  0  0  0.59
 0  85.75  1.34  0  0  0.56
 1  64.69  1.16  0  1  0.68
 2  90.98  0.57  1  3  0.71
 1  81.94  0.21  0  1  0.97
 1  74.25  0.23  0  1  0.90
 0  89.33  1.30  0  0  0.88
 2  87.33  1.11  1  2  0.56
 2  89.33  1.30  1  2  0.52
 2  72.67  1.11  1  2  1.15
 0  92.56  1.24  0  0  1.21
 2  98.95  0.95  1  1  1.09
 0  99.70  0.73  0  1  2.08
 3  92.56  0.33  1  2  1.10
 3  73.90  0.86  1  3  2.36
 0  97.46  1.06  0  0  1.77
 2  92.95  0.71  1  2  1.04
 1  73.90  0.86  0  1  1.18
 1  78.06  0.21  0  1  0.89
 2  82.58  1.17  1  2  2.03
 0  72.67  1.11  0  1  2.20
 0  86.10  0.71  0  1  0.83
 3  70.67  0.27  1  3  1.87
 0  77.42  1.17  0  0  0.54
 3  74.25  0.23  1  2  2.02
 3  78.06  0.21  1  3  0.83
 3  82.58  0.40  1  3  1.33
 2  85.75  1.34  1  2  3.01
 3  81.94  0.21  1  0  1.83
 2  97.46  0.51  1  3  1.63
 0  67.44  1.24  0  1  1.04
 2  82.53  0.96  1  2  0.46
 3  61.05  0.95  1  3  3.15
 2  92.56  1.24  1  2  1.83
 0  78.06  1.37  0  0  1.45
 1  62.54  0.51  0  1  0.87
 0  92.56  1.24  0  0  1.08
 1  70.67  0.27  0  0  1.20
 0  77.42  1.17  0  0  3.11
 2  90.98  0.57  1  3  3.26
 2  86.10  0.86  1  2  1.54
 2  99.70  0.73  1  2  0.59
 0  77.47  0.96  0  0  1.35
 0  99.70  0.84  0  0  2.03
 2  92.95  0.71  1  2  1.60
 0  97.46  0.51  0  1  0.92
 2  77.42  1.17  1  2  1.68
 0  72.67  1.11  0  0  2.07
 1  78.06  0.21  0  1  0.55
 3  70.67  0.27  1  3  1.68
 2  70.67  1.30  1  2  0.99
 2  95.31  1.16  1  2  1.31
 0  87.33  1.11  0  0  2.15
 1  81.94  0.21  0  1  1.12
 3  62.54  1.06  1  3  1.03
 3  67.05  0.71  1  3  0.49
 0  86.10  0.86  0  0  1.16
 1  77.47  0.61  0  1  4.54
 3  77.47  0.61  1  2  0.97
 0  98.95  0.95  0  0  1.35
 3  74.25  0.23  1  3  1.32
 0  95.31  0.42  0  1  0.96
 0  70.67  1.30  0  0  1.99
 1  67.44  0.33  0  1  1.12
 2  90.98  1.00  1  3  1.22
 0  98.95  0.62  0  1  2.78
 1  64.69  0.42  0  1  0.78
 1  73.90  0.71  0  1  1.54
 2  72.67  1.11  1  2  2.49
 1  73.90  0.86  0  1  5.36
 2  99.70  0.84  1  2  4.49
 1  74.25  0.23  0  1  1.43
 1  67.05  0.86  0  1  6.84
 2  77.47  0.96  1  2  1.62
 0  85.75  1.34  0  0  1.34
 2  98.95  0.95  1  3  1.75
 0  92.95  0.71  0  1  1.36
 1  89.33  0.27  0  1  0.77
 3  67.44  0.33  1  3  1.49
 2  98.95  0.62  1  2  2.02
 1  72.67  0.46  0  1  3.91
 0  86.10  0.71  0  0  1.95
 2  81.94  1.37  1  2  1.93
 1  87.33  0.46  0  1  2.21
 1  67.05  0.71  0  1  1.10
 3  61.05  0.62  1  3  2.09
 0  90.98  0.57  0  0  1.85
 0  74.25  1.34  0  0  1.12
 2  67.44  1.24  1  2  1.80
 3  89.33  0.27  1  3  1.29
 1  64.69  1.16  0  0  1.72
 0  82.58  1.17  0  0  1.11
 3  92.56  0.33  1  0  5.06
 2  78.06  1.37  1  2  1.91
 2  85.75  1.34  1  2  1.22
 2  95.31  0.42  1  3  1.30
 0  90.98  1.00  0  0  2.01
 0  82.53  0.96  0  0  1.54
 3  87.33  0.46  1  3  2.60
 0  89.33  1.30  0  0  3.80
 0  99.70  0.73  0  0  4.45
 3  85.75  0.23  1  3  2.10
 3  64.69  1.16  1  3  1.96
 3  69.02  1.00  1  3  1.49
 1  60.30  0.73  0  1  1.96
 3  81.94  0.21  1  3  3.59
 2  89.33  1.30  1  1  1.76
 1  85.75  0.23  0  1  0.90
 1  82.53  0.61  0  0  1.54
 1  61.05  0.62  0  1  1.28
 3  78.06  0.21  1  1  0.80
 0  81.94  1.37  0  0  2.88
 3  62.54  0.51  1  3  1.04
 1  60.30  0.84  0  1  1.00
 0  92.95  0.86  0  0  1.63
 1  82.58  0.40  0  1  0.98
 3  67.05  0.86  1  3  2.43
 3  73.90  0.71  1  3  0.66
 2  74.25  1.34  1  2  2.17
 2  92.95  0.86  1  2  2.33
 3  73.90  0.86  1  2  0.73
 2  87.33  1.11  1  2  4.38
 1  77.42  0.40  0  1  6.61
 1  69.02  0.57  0  1  0.99
 2  82.58  1.17  1  2  1.31
 1  92.56  0.33  0  1  0.78
 2  97.46  1.06  1  2  1.58
 3  72.67  0.46  1  3  1.13
 2  86.10  0.71  1  2  1.95
 3  60.30  0.84  1  2  0.93
 3  82.58  0.40  1  3  1.06
 0  97.46  1.06  0  0  3.39
 1  61.05  0.95  0  1  0.67
 1  69.02  1.00  0  1  0.58
 3  69.02  0.57  1  3  1.04
 0  95.31  1.16  0  1  1.08
 3  82.53  0.61  1  3  0.98
 3  60.30  0.73  1  3  1.18
 3  77.42  0.40  1  3  1.26
 3  64.69  0.42  1  3  0.57
 1  62.54  1.06  0  0  1.87
 2  86.10  0.71  1  2  7.93
 3  60.30  0.73  1  2  1.26
 2  92.56  1.24  1  2  3.16
 3  62.54  1.06  1  2  1.73
 0  81.94  1.37  0  0  1.26
 1  73.90  0.86  0  1  0.81
 3  60.30  0.84  1  3  7.71
 2  70.67  1.30  1  2  1.40
 3  69.02  0.57  1  3  0.67
 0  99.70  0.84  0  0  1.58
 1  77.42  0.40  0  1  5.63
 0  95.31  1.16  0  1 11.59
 3  70.67  0.27  1  3  3.41
 3  67.44  0.33  1  3  2.01
 3  82.53  0.61  1  2  3.83
 1  77.47  0.61  0  1  1.68
 2  72.67  1.11  1  2  3.52
 2  89.33  1.30  1  2  0.87
 1  87.33  0.46  0  1  0.53
 3  78.06  0.21  1  3  1.08
 3  77.47  0.61  1  2  1.16
 3  61.05  0.95  1  3  1.49
 2  87.33  1.11  1  2  3.70
 0  67.44  1.24  0  0  1.38
 2  86.10  0.86  1  2  2.16
 2  98.95  0.62  1  3  6.12
 0  87.33  1.11  0  0  4.78
 0  85.75  1.34  0  1  0.60
 0  97.46  1.06  0  1  5.99
 0  77.42  1.17  0  1  1.07
 1  89.33  0.27  0  1  0.64
 1  92.56  0.33  0  1  0.64
 2  77.47  0.96  1  2  2.75
 3  67.05  0.71  1  3  7.98
 0  77.47  0.96  0  0  1.26
 3  69.02  1.00  1  2  7.34
 0  90.98  0.57  0  1  0.48
 2  99.70  0.73  1  3  1.21
 2  82.58  1.17  1  2  0.94
 0  99.70  0.73  0  0  1.32
 0  89.33  1.30  0  0  1.14
 0  74.25  1.34  0  1  5.01
 1  82.58  0.40  0  1  0.94
 0  98.95  0.62  0  0  1.01
 0  82.58  1.17  0  0  1.04
 2  67.44  1.24  1  2  2.16
 1  62.54  0.51  0  1  1.23
 3  85.75  0.23  1  3  1.40
 2  97.46  1.06  1  2  1.58
 2  97.46  0.51  1  3  1.01
 1  60.30  0.73  0  1  1.01
 2  78.06  1.37  1  2  1.62
 1  62.54  1.06  0  1  0.96
 1  69.02  1.00  0  0  5.64
 3  64.69  1.16  1  2  1.73
 1  64.69  0.42  0  1  0.91
 0  82.53  0.96  0  0  2.12
 1  61.05  0.62  0  1  2.02
 2  90.98  0.57  1  3  2.15
 0  90.98  1.00  0  0  5.26
 2  82.53  0.96  1  2  7.36
 2  77.42  1.17  1  2  0.65
 1  67.44  0.33  0  1  0.53
 0  95.31  0.42  0  1  0.54
 2  99.70  0.84  1  2  0.86
 0  78.06  1.37  0  0  3.88
 1  85.75  0.23  0  1  0.66
 1  73.90  0.71  0  1  1.03
 2  98.95  0.95  1  2  3.65
 1  67.05  0.71  0  1  2.58
 1  74.25  0.23  0  1  1.35
 3  87.33  0.46  1  3  1.01
 2  81.94  1.37  1  2  1.12
 3  82.58  0.40  1  3  0.84
 3  67.05  0.86  1  2  1.53
 3  73.90  0.86  1  3  0.92
 3  62.54  0.51  1  3  0.70
 2  85.75  1.34  1  2  2.41
 3  74.25  0.23  1  3  0.55
 1  81.94  0.21  0  1  0.59
 0  92.56  1.24  0  0  4.27
 1  70.67  0.27  0  1  1.10
 0  86.10  0.71  0  1  4.63
 2  92.95  0.71  1  3  1.74
 0  92.95  0.86  0  1  3.21
 2  95.31  1.16  1  2  2.62
 0  98.95  0.95  0  1  3.05
 0  92.95  0.71  0  1  0.65
 1  82.53  0.61  0  0  0.64
 1  61.05  0.95  0  1  0.60
 1  64.69  1.16  0  1  0.75
 2  95.31  0.42  1  3  1.11
 0  72.67  1.11  0  0  1.32
 3  72.67  0.46  1  3  1.24
 0  86.10  0.86  0  1  2.11
 2  90.98  1.00  1  2  1.30
 0  70.67  1.30  0  0  1.21
 1  60.30  0.84  0  1  0.69
 0  97.46  0.51  0  1  0.61
 3  89.33  0.27  1  3  1.72
 3  77.42  0.40  1  2  1.82
 3  61.05  0.62  1  3  6.31
 1  78.06  0.21  0  1  0.81
 3  92.56  0.33  1  3  1.37
 1  69.02  0.57  0  1  1.07
 1  72.67  0.46  0  1  0.50
 3  73.90  0.71  1  3  0.72
 3  64.69  0.42  1  3  0.85
 3  81.94  0.21  1  3  0.79
 1  67.05  0.86  0  1  0.63
 2  74.25  1.34  1  2  0.90
 2  92.95  0.86  1  3  0.87
