 0  82.58  1.17  0  0  1.83
 1  74.25  0.23  0  2  1.53
 3  67.05  0.71  1  0  0.72
 1  62.54  0.51  0  0  0.92
 3  61.05  0.62  1  0  1.24
 1  67.44  0.33  0  3  0.51
 1  67.05  0.86  0  0  0.92
 0  92.95  0.71  0  0  0.71
 2  97.46  0.51  1  2  2.37
 1  73.90  0.86  0  1  2.24
 2  95.31  0.42  1  0  0.97
 0  82.53  0.96  0  1  1.76
 3  82.53  0.61  1  1  1.90
 1  87.33  0.46  0  2  1.82
 0  74.25  1.34  0  2  2.35
 1  67.05  0.71  0  1  1.21
 1  85.75  0.23  0  2  1.44
 1  77.47  0.61  0  0  1.08
 1  78.06  0.21  0  0  0.90
 2  92.95  0.86  1  0  0.78
 2  98.95  0.95  1  2  0.94
 0  98.95  0.62  0  2  0.49
 0  86.10  0.71  0  2  0.80
 1  69.02  1.00  0  0  0.94
 0  99.70  0.84  0  0  0.88
 3  64.69  0.42  1  2  1.46
 2  86.10  0.71  1  1  1.39
 3  69.02  0.57  1  1  0.61
 2  92.95  0.71  1  0  0.71
 1  62.54  1.06  0  1  1.33
 3  60.30  0.84  1  3  1.16
 2  95.31  1.16  1  2  1.36
 0  92.95  0.86  0  2  1.37
 0  77.42  1.17  0  0  1.63
 3  62.54  0.51  1  3  1.27
 1  72.67  0.46  0  1  2.19
 0  99.70  0.73  0  2  0.91
 2  81.94  1.37  1  0  1.59
 2  97.46  1.06  1  0  1.27
 0  78.06  1.37  0  1  3.89
 2  82.58  1.17  1  0  4.25
 2  90.98  0.57  1  2  2.47
 2  92.56  1.24  1  0  0.90
 3  73.90  0.86  1  3  2.33
 1  77.42  0.40  0  2  2.84
 3  85.75  0.23  1  1  1.65
 3  70.67  0.27  1  3  1.45
 3  78.06  0.21  1  3  1.29
 2  99.70  0.73  1  2  1.19
 2  89.33  1.30  1  0  2.95
 1  61.05  0.62  0  3  1.08
 2  74.25  1.34  1  1  0.56
 0  98.95  0.95  0  0  1.48
 1  92.56  0.33  0  2  0.96
 3  62.54  1.06  1  3  4.01
 2  77.42  1.17  1  1  1.92
 2  78.06  1.37  1  2  1.61
 3  77.42  0.40  1  0  1.05
 2  86.10  0.86  1  2  2.06
 1  81.94  0.21  0  0  3.96
 3  72.67  0.46  1  1  1.05
 0  86.10  0.86  0  2  1.25
 0  95.31  0.42  0  2  2.31
 2  90.98  1.00  1  0  0.70
 0  95.31  1.16  0  0  0.75
 3  87.33  0.46  1  2  2.39
 2  82.53  0.96  1  1  0.88
 0  87.33  1.11  0  3  1.64
 2  70.67  1.30  1  3  1.14
 1  82.53  0.61  0  0  0.86
 0  85.75  1.34  0  0  0.82
 0  92.56  1.24  0  3  0.92
 1  73.90  0.71  0  3  1.67
 1  89.33  0.27  0  1  0.28
 2  67.44  1.24  1  3  1.38
 3  81.94  0.21  1  2  0.47
 1  64.69  0.42  0  2  0.93
 0  97.46  0.51  0  0  3.77
 3  67.05  0.86  1  3  3.22
 3  77.47  0.61  1  2  1.29
 1  60.30  0.84  0  3  3.28
 0  89.33  1.30  0  2  0.94
 2  77.47  0.96  1  2  0.80
 0  81.94  1.37  0  3  0.51
 1  82.58  0.40  0  0  0.53
 1  60.30  0.73  0  2  0.69
 1  70.67  0.27  0  2  2.17
 3  64.69  1.16  1  3  0.68
 0  97.46  1.06  0  3  0.32
 0  77.47  0.96  0  2  1.07
 0  72.67  1.11  0  0  0.88
 3  89.33  0.27  1  2  1.34
 3  82.58  0.40  1  3  1.04
 3  74.25  0.23  1  2  0.91
 1  64.69  1.16  0  1  0.80
 3  67.44  0.33  1  1  0.52
 0  70.67  1.30  0  0  0.85
 0  90.98  0.57  0  2  1.76
 1  61.05  0.95  0  2  0.73
 2  85.75  1.34  1  0  1.37
 3  60.30  0.73  1  0  4.85
 1  69.02  0.57  0  0  1.36
 2  72.67  1.11  1  1  0.49
 3  73.90  0.71  1  2  0.80
 3  69.02  1.00  1  3  0.54
 3  61.05  0.95  1  3  0.47
 2  87.33  1.11  1  0  1.96
 0  90.98  1.00  0  0  1.00
 2  99.70  0.84  1  2  0.99
 2  98.95  0.62  1  2  0.75
 3  92.56  0.33  1  2  0.56
 0  67.44  1.24  0  3  1.51
 0  99.70  0.73  0  2  2.50
 3  73.90  0.86  1  0  1.33
 1  89.33  0.27  0  3  0.65
 0  67.44  1.24  0  2  0.91
 1  85.75  0.23  0  2  0.99
 2  78.06  1.37  1  3  0.19
 3  87.33  0.46  1  0  0.90
 1  61.05  0.62  0  3  0.30
 2  82.53  0.96  1  3  0.48
 1  64.69  0.42  0  1  0.18
 1  69.02  1.00  0  1  1.78
 2  95.31  0.42  1  2  0.88
 1  78.06  0.21  0  2  0.55
 3  89.33  0.27  1  1  0.93
 2  90.98  1.00  1  0  0.94
 1  81.94  0.21  0  3  0.56
 0  86.10  0.71  0  2  2.93
 3  92.56  0.33  1  0  1.90
 1  74.25  0.23  0  3  0.22
 0  77.42  1.17  0  2  0.45
 1  92.56  0.33  0  3  0.85
 2  81.94  1.37  1  3  0.34
 0  77.47  0.96  0  3  0.20
 3  60.30  0.84  1  3  0.17
 3  69.02  0.57  1  3  0.33
 3  74.25  0.23  1  2  1.30
 2  89.33  1.30  1  1  0.81
 2  92.95  0.71  1  2  0.32
 0  98.95  0.95  0  2  0.37
 0  86.10  0.86  0  0  1.32
 0  72.67  1.11  0  3  1.27
 2  86.10  0.71  1  2  0.22
 2  72.67  1.11  1  2  0.95
 0  97.46  1.06  0  3  1.18
 3  78.06  0.21  1  0  0.75
 1  72.67  0.46  0  3  0.70
 0  92.95  0.71  0  2  0.91
 2  90.98  0.57  1  3  0.72
 0  78.06  1.37  0  2  0.77
 3  70.67  0.27  1  0  0.23
 3  81.94  0.21  1  3  0.27
 1  67.44  0.33  0  0  0.84
 3  67.05  0.71  1  1  0.22
 3  62.54  0.51  1  3  0.25
 0  82.53  0.96  0  1  0.82
 2  77.47  0.96  1  3  0.39
 0  95.31  0.42  0  2  0.95
 3  60.30  0.73  1  3  0.90
 1  77.42  0.40  0  3  0.67
 3  64.69  0.42  1  3  1.40
 3  72.67  0.46  1  0  2.34
 3  62.54  1.06  1  0  0.43
 2  87.33  1.11  1  0  1.08
 2  86.10  0.86  1  2  0.52
 2  95.31  1.16  1  0  1.10
 0  89.33  1.30  0  2  0.42
 3  61.05  0.95  1  2  7.92
 3  64.69  1.16  1  3  0.33
 0  99.70  0.84  0  1  1.53
 1  62.54  1.06  0  3  0.74
 2  67.44  1.24  1  3  0.47
 1  87.33  0.46  0  2  1.26
 2  92.95  0.86  1  0  0.85
 3  67.05  0.86  1  0  0.85
 3  61.05  0.62  1  3  0.23
 1  69.02  0.57  0  3  1.53
 1  62.54  0.51  0  3  1.03
 2  99.70  0.84  1  2  0.91
 0  81.94  1.37  0  0  0.71
 1  73.90  0.71  0  3  0.34
 1  73.90  0.86  0  1  0.71
 0  74.25  1.34  0  1  0.70
 0  82.58  1.17  0  2  1.40
 2  97.46  0.51  1  2  0.96
 2  97.46  1.06  1  2  0.72
 2  82.58  1.17  1  2  0.44
 2  98.95  0.95  1  2  0.64
 0  85.75  1.34  0  1  1.70
 0  92.95  0.86  0  2  0.90
 1  60.30  0.84  0  3  0.99
 3  82.58  0.40  1  2  1.87
 1  67.05  0.71  0  3  0.61
 3  85.75  0.23  1  2  0.73
 0  70.67  1.30  0  1  0.67
 1  70.67  0.27  0  3  0.56
 1  77.47  0.61  0  3  0.53
 0  98.95  0.62  0  0  1.03
 3  67.44  0.33  1  3  1.49
 3  69.02  1.00  1  1  0.80
 2  70.67  1.30  1  1  1.06
 3  77.42  0.40  1  2  4.19
 0  97.46  0.51  0  2  0.87
 1  60.30  0.73  0  3  0.62
 3  82.53  0.61  1  2  0.69
 2  74.25  1.34  1  0  0.38
 2  77.42  1.17  1  2  1.21
 1  82.58  0.40  0  3  5.40
 1  82.53  0.61  0  1  1.64
 0  87.33  1.11  0  0  3.06
 3  73.90  0.71  1  3  0.93
 0  90.98  1.00  0  3  0.80
 2  85.75  1.34  1  3  0.66
 1  61.05  0.95  0  3  0.67
 3  77.47  0.61  1  2  0.91
 0  92.56  1.24  0  1  1.03
 0  95.31  1.16  0  0  1.16
 1  67.05  0.86  0  3  0.87
 0  90.98  0.57  0  2  1.55
 1  64.69  1.16  0  1  0.60
 2  98.95  0.62  1  0  1.60
 2  99.70  0.73  1  2  0.81
 2  92.56  1.24  1  0  1.24
 3  74.25  0.23  1  1  3.22
 1  92.56  0.33  0  3  0.39
 1  82.58  0.40  0  3  0.43
 2  92.95  0.71  1  0  1.10
 2  98.95  0.62  1  2  0.72
 2  72.67  1.11  1  3  0.91
 3  72.67  0.46  1  3  1.22
 1  85.75  0.23  0  1  4.91
 1  64.69  1.16  0  3  0.78
 3  81.94  0.21  1  1  1.11
 3  64.69  1.16  1  3  0.44
 2  99.70  0.73  1  0  3.87
 3  60.30  0.84  1  2  0.32
 1  62.54  0.51  0  3  0.28
 2  86.10  0.71  1  0  0.91
 3  62.54  1.06  1  3  0.80
 3  67.05  0.71  1  3  0.42
 3  60.30  0.73  1  3  0.65
 3  73.90  0.71  1  3  0.64
 3  85.75  0.23  1  1  1.64
 2  90.98  1.00  1  2  1.43
 2  95.31  1.16  1  2  0.35
 3  73.90  0.86  1  2  0.37
 3  67.05  0.86  1  3  0.73
 0  78.06  1.37  0  3  0.75
 1  81.94  0.21  0  3  1.06
 0  92.95  0.71  0  2  1.59
 2  90.98  0.57  1  0  0.95
 0  87.33  1.11  0  2  0.85
 3  61.05  0.95  1  3  0.70
 0  86.10  0.71  0  3  0.48
 0  89.33  1.30  0  2  1.00
 3  69.02  0.57  1  2  1.19
 1  77.47  0.61  0  3  0.57
 2  70.67  1.30  1  3  0.79
 2  85.75  1.34  1  3  0.78
 3  78.06  0.21  1  1  1.29
 1  67.44  0.33  0  3  0.25
 1  74.25  0.23  0  1  0.22
 3  82.58  0.40  1  1  0.77
 2  92.56  1.24  1  0  1.43
 1  82.53  0.61  0  2  0.40
 0  90.98  0.57  0  1  0.20
 3  77.42  0.40  1  0  0.19
 3  62.54  0.51  1  3  0.32
 1  73.90  0.71  0  3  0.65
 0  98.95  0.62  0  2  1.31
 2  97.46  1.06  1  2  0.57
 0  97.46  0.51  0  0  0.81
 1  61.05  0.95  0  3  0.70
 3  77.47  0.61  1  3  0.69
 1  61.05  0.62  0  3  2.70
 1  62.54  1.06  0  3  0.58
 2  77.42  1.17  1  3  0.79
 0  67.44  1.24  0  3  3.04
 2  98.95  0.95  1  2  1.21
 1  72.67  0.46  0  1  1.34
 2  77.47  0.96  1  1  1.00
 1  87.33  0.46  0  0  1.15
 2  87.33  1.11  1  2  0.82
 3  61.05  0.62  1  3  0.73
 3  67.44  0.33  1  1  0.88
 0  82.58  1.17  0  2  1.19
 3  82.53  0.61  1  2  1.04
 1  73.90  0.86  0  3  3.09
 1  69.02  1.00  0  3  0.40
 1  64.69  0.42  0  3  0.70
 3  64.69  0.42  1  1  0.31
 0  86.10  0.86  0  2  1.20
 0  95.31  0.42  0  0  0.26
 0  85.75  1.34  0  2  0.56
 0  99.70  0.73  0  2  1.02
 2  81.94  1.37  1  2  0.56
 1  60.30  0.84  0  2  0.31
 0  70.67  1.30  0  1  0.27
 0  77.47  0.96  0  3  2.60
 2  78.06  1.37  1  3 14.57
 3  87.33  0.46  1  1  1.83
 1  78.06  0.21  0  1  3.11
 0  92.95  0.86  0  2  3.13
 1  70.67  0.27  0  0  0.35
 0  98.95  0.95  0  0  0.78
 2  89.33  1.30  1  2  0.97
 2  74.25  1.34  1  2  0.90
 0  99.70  0.84  0  0  1.56
 0  77.42  1.17  0  1  0.49
 1  89.33  0.27  0  0  0.83
 1  69.02  0.57  0  0  0.72
 2  86.10  0.86  1  1  0.60
 0  95.31  1.16  0  2  0.72
 0  82.53  0.96  0  0  0.45
 1  60.30  0.73  0  1  1.51
 0  72.67  1.11  0  3  1.06
 2  97.46  0.51  1  2  0.83
 0  90.98  1.00  0  0  0.92
 2  92.95  0.86  1  2  0.44
 1  67.05  0.71  0  0  0.45
 3  69.02  1.00  1  1  1.68
 3  89.33  0.27  1  2  1.42
 0  74.25  1.34  0  3  0.27
 2  82.53  0.96  1  3  0.40
 1  67.05  0.86  0  3  0.60
 2  95.31  0.42  1  2  0.82
 3  70.67  0.27  1  1  1.91
 3  92.56  0.33  1  2  0.76
 1  77.42  0.40  0  3  0.65
 2  67.44  1.24  1  1  3.58
 0  97.46  1.06  0  2  6.50
 2  99.70  0.84  1  0  0.62
 0  81.94  1.37  0  0  0.77
 0  92.56  1.24  0  2  0.83
 2  82.58  1.17  1  2  0.87
 1  67.05  0.71  0  3  1.80
 1  74.25  0.23  0  3  0.71
 3  67.44  0.33  1  3  0.37
 0  95.31  1.16  0  2  1.35
 1  73.90  0.86  0  2  0.56
 0  82.53  0.96  0  3  0.42
 0  99.70  0.84  0  0  0.26
 1  67.05  0.86  0  3  0.76
 3  69.02  1.00  1  1  0.38
 3  69.02  0.57  1  1  0.30
 3  74.25  0.23  1  1  0.34
 0  67.44  1.24  0  3  0.43
 2  99.70  0.84  1  2  0.58
 1  78.06  0.21  0  1  3.32
 0  81.94  1.37  0  3  0.68
 2  92.56  1.24  1  2  0.69
 3  62.54  1.06  1  3  0.86
 0  86.10  0.71  0  0  1.43
 3  61.05  0.95  1  1  1.35
 2  95.31  0.42  1  2  0.79
 3  60.30  0.73  1  3  1.66
 0  82.58  1.17  0  0  0.63
 0  97.46  0.51  0  2  1.11
 2  95.31  1.16  1  2  2.23
 2  89.33  1.30  1  2  1.12
 1  72.67  0.46  0  0  1.66
 2  77.47  0.96  1  2  0.71
 3  72.67  0.46  1  1  2.87
 3  61.05  0.62  1  3  0.68
 1  89.33  0.27  0  0  1.42
 1  62.54  1.06  0  3  0.65
 3  89.33  0.27  1  2  0.71
 2  82.58  1.17  1  3  1.31
 2  74.25  1.34  1  3  1.58
 0  78.06  1.37  0  2  0.82
 0  87.33  1.11  0  2  3.41
 1  77.47  0.61  0  1  0.75
 3  67.05  0.71  1  1  0.31
 0  95.31  0.42  0  1  0.47
 0  77.47  0.96  0  2  0.84
 1  87.33  0.46  0  0  0.41
 3  77.42  0.40  1  3  0.40
 2  78.06  1.37  1  3  0.74
 2  86.10  0.86  1  0  0.48
 2  72.67  1.11  1  2  0.40
 0  98.95  0.95  0  0  0.38
 3  70.67  0.27  1  1  0.85
 1  61.05  0.95  0  1  0.33
 2  90.98  1.00  1  2  1.29
 0  97.46  1.06  0  2  0.94
 1  67.44  0.33  0  1  1.22
 0  92.56  1.24  0  2  0.98
 2  97.46  1.06  1  2  0.56
 0  90.98  0.57  0  0  1.83
 0  86.10  0.86  0  2  0.88
 2  67.44  1.24  1  3  0.87
 1  70.67  0.27  0  1  0.98
 3  85.75  0.23  1  2  1.87
 0  92.95  0.71  0  1  0.37
 2  98.95  0.95  1  2  0.34
 0  92.95  0.86  0  0  1.30
 3  81.94  0.21  1  1  1.62
 2  82.53  0.96  1  3  0.83
 0  85.75  1.34  0  0  0.34
 1  64.69  1.16  0  3  2.06
 2  90.98  0.57  1  2  0.66
 1  82.53  0.61  0  0  1.04
 2  77.42  1.17  1  3  0.76
 1  60.30  0.84  0  3  0.75
 2  97.46  0.51  1  2  0.69
 3  77.47  0.61  1  2  0.86
 3  62.54  0.51  1  3  1.24
 0  77.42  1.17  0  1  0.77
 0  74.25  1.34  0  2  0.67
 1  73.90  0.71  0  0  0.59
 1  64.69  0.42  0  3  0.46
 1  77.42  0.40  0  2  0.62
 1  92.56  0.33  0  2  0.59
 2  85.75  1.34  1  2  0.72
 3  78.06  0.21  1  2  0.98
 1  81.94  0.21  0  3  0.47
 3  64.69  0.42  1  3  0.41
 3  87.33  0.46  1  0  0.72
 3  82.58  0.40  1  3  0.33
 1  60.30  0.73  0  3  1.11
 0  72.67  1.11  0  1  0.36
 1  62.54  0.51  0  0  0.47
 1  69.02  0.57  0  1  0.70
 0  70.67  1.30  0  2  2.57
 0  90.98  1.00  0  0  0.32
 2  92.95  0.86  1  0  0.54
 3  60.30  0.84  1  3  0.66
 3  82.53  0.61  1  2  3.54
 2  87.33  1.11  1  3  0.59
 2  70.67  1.30  1  2  0.34
 1  82.58  0.40  0  0  0.79
 3  73.90  0.86  1  1  0.33
 0  99.70  0.73  0  2  1.18
 0  98.95  0.62  0  2  0.64
 1  69.02  1.00  0  2  0.61
 0  89.33  1.30  0  3  1.34
 1  61.05  0.62  0  3  0.66
 2  92.95  0.71  1  2  0.68
 3  64.69  1.16  1  3  0.87
 1  85.75  0.23  0  0  0.67
 3  73.90  0.71  1  3  0.93
 2  98.95  0.62  1  1  0.35
 2  99.70  0.73  1  0  0.54
 3  67.05  0.86  1  3  0.59
 3  92.56  0.33  1  2  1.14
 2  81.94  1.37  1  2  0.74
 2  86.10  0.71  1  0  2.07
 2  85.75  1.34  1  3  1.21
 2  77.42  1.17  1  3  0.68
 1  70.67  0.27  0  3  0.77
 0  70.67  1.30  0  3  0.63
 1  73.90  0.71  0  2  1.04
 1  62.54  0.51  0  1  0.65
 1  81.94  0.21  0  2  0.90
 0  92.56  1.24  0  2  0.50
 2  97.46  1.06  1  0  0.28
 0  90.98  1.00  0  0  0.51
 3  82.53  0.61  1  2  0.51
 1  82.58  0.40  0  0  0.79
 0  98.95  0.62  0  1  0.63
 0  95.31  0.42  0  0  0.38
 0  74.25  1.34  0  3  0.36
 0  97.46  0.51  0  3  0.66
 1  73.90  0.86  0  3  0.65
 2  70.67  1.30  1  3  0.52
 3  74.25  0.23  1  2  1.42
 0  97.46  1.06  0  2  0.70
 3  62.54  0.51  1  0  0.24
 0  89.33  1.30  0  2  0.80
 2  90.98  0.57  1  2  0.85
 2  95.31  1.16  1  2  0.80
 2  99.70  0.84  1  2  0.55
 0  99.70  0.73  0  2  0.97
 3  60.30  0.73  1  3  0.66
 2  82.53  0.96  1  3  0.84
 2  77.47  0.96  1  3  0.97
 3  92.56  0.33  1  0  0.88
 0  67.44  1.24  0  3  0.64
 1  77.42  0.40  0  2  0.58
 1  67.44  0.33  0  1  0.91
 3  72.67  0.46  1  1  1.15
 2  72.67  1.11  1  3  1.24
 1  67.05  0.86  0  2  0.47
 3  85.75  0.23  1  0  0.70
 3  77.47  0.61  1  3  0.61
 1  64.69  0.42  0  3  0.90
 3  62.54  1.06  1  3  0.81
 0  90.98  0.57  0  2  0.72
 1  61.05  0.62  0  1  1.61
 0  77.42  1.17  0  2  1.30
 1  69.02  1.00  0  2  0.84
 1  78.06  0.21  0  2  0.97
 0  92.95  0.71  0  2  0.54
 3  67.44  0.33  1  2  0.70
 2  98.95  0.62  1  2  0.36
 3  73.90  0.86  1  2  4.47
 2  97.46  0.51  1  2  1.16
 2  89.33  1.30  1  0  1.39
 1  72.67  0.46  0  0  0.70
 2  92.95  0.71  1  0  0.40
 3  64.69  1.16  1  1  1.15
 2  78.06  1.37  1  3  0.97
 3  64.69  0.42  1  1  1.25
 3  60.30  0.84  1  1  0.94
 2  74.25  1.34  1  1  0.64
 1  89.33  0.27  0  2  0.77
 0  99.70  0.84  0  2  0.67
 1  92.56  0.33  0  0  0.41
 3  70.67  0.27  1  1  0.79
 0  78.06  1.37  0  3  0.59
 2  67.44  1.24  1  1  1.45
 2  81.94  1.37  1  2  0.44
 1  60.30  0.84  0  3  0.83
 2  82.58  1.17  1  2  1.07
 2  95.31  0.42  1  0  0.77
 1  62.54  1.06  0  1  1.36
 3  61.05  0.95  1  1  0.42
 1  67.05  0.71  0  3  0.98
 2  87.33  1.11  1  2  1.61
 1  82.53  0.61  0  2  0.41
 1  64.69  1.16  0  2  0.65
 3  67.05  0.86  1  1  1.01
 0  98.95  0.95  0  2  0.87
 0  81.94  1.37  0  0  0.80
 3  78.06  0.21  1  0  0.60
 3  82.58  0.40  1  3  0.31
 3  69.02  1.00  1  3  1.34
 3  87.33  0.46  1  2  0.83
 0  82.53  0.96  0  3  0.38
 1  60.30  0.73  0  1  0.80
 0  82.58  1.17  0  0  5.95
 1  87.33  0.46  0  2  2.72
 0  87.33  1.11  0  2  4.25
 2  99.70  0.73  1  0  0.37
 0  86.10  0.71  0  0  0.56
 1  61.05  0.95  0  1  1.08
 1  85.75  0.23  0  0  1.48
 2  92.56  1.24  1  2  1.32
 0  77.47  0.96  0  3  0.65
 2  86.10  0.71  1  2  1.08
 0  72.67  1.11  0  0  0.42
 3  77.42  0.40  1  0  0.79
 3  67.05  0.71  1  3  0.76
 3  61.05  0.62  1  1  1.08
 1  77.47  0.61  0  2  0.88
 2  90.98  1.00  1  2  0.59
 3  73.90  0.71  1  0  0.69
 3  69.02  0.57  1  3  0.34
 0  85.75  1.34  0  1  0.57
 0  92.95  0.86  0  0  0.36
 2  86.10  0.86  1  0  2.12
 2  98.95  0.95  1  2  0.41
 3  81.94  0.21  1  1  0.77
 3  89.33  0.27  1  3  0.43
 0  86.10  0.86  0  2  0.93
 0  95.31  1.16  0  0  0.25
 2  92.95  0.86  1  0  1.29
 1  74.25  0.23  0  2  0.43
 1  69.02  0.57  0  1  0.41
