 2  61.05  0.95  1  0  1.39
 2  73.90  0.71  0  0  2.71
 3  70.67  1.30  1  0  2.17
 1  99.70  0.84  1  0  2.00
 0  85.75  0.23  0  0  1.27
 0  81.94  0.21  0  0  1.39
 0  89.33  0.27  0  0  0.98
 1  97.46  1.06  0  1  2.07
 3  70.67  1.30  0  1  1.56
 3  82.53  0.96  1  2  3.13
 1  92.95  0.71  1  3  1.10
 1  90.98  1.00  1  1  2.31
 0  87.33  0.46  1  0  0.79
 2  62.54  1.06  1  3  2.44
 0  77.42  0.40  1  0  1.49
 2  73.90  0.71  1  1  1.54
 3  77.47  0.96  0  2  0.91
 1  99.70  0.73  1  2  2.27
 3  78.06  1.37  0  3  1.87
 1  90.98  0.57  1  0  1.98
 2  60.30  0.84  0  2  1.30
 1  90.98  1.00  0  1  2.27
 1  92.95  0.71  0  1  1.93
 2  67.05  0.71  0  2  1.15
 0  82.53  0.61  1  1  0.87
 2  64.69  1.16  0  2  1.90
 3  77.42  1.17  0  3  1.77
 3  82.58  1.17  1  3  0.79
 0  77.47  0.61  1  1  2.81
 0  77.47  0.61  0  1  1.29
 1  98.95  0.62  1  1  0.82
 0  74.25  0.23  0  0  0.93
 0  67.44  0.33  1  0  1.60
 3  72.67  1.11  1  3  2.90
 2  73.90  0.86  0  2  1.40
 0  72.67  0.46  1  0  2.82
 3  89.33  1.30  0  3  2.30
 3  74.25  1.34  1  2  0.94
 2  60.30  0.73  0  2  1.03
 3  92.56  1.24  1  3  2.26
 3  74.25  1.34  0  3  1.74
 1  98.95  0.62  0  1  1.21
 2  69.02  0.57  0  0  2.09
 1  99.70  0.73  0  1  1.22
 1  95.31  1.16  0  3  1.45
 1  99.70  0.84  0  1  1.47
 0  70.67  0.27  0  0  2.69
 3  81.94  1.37  0  3  3.63
 1  97.46  0.51  0  1  1.14
 2  62.54  1.06  0  2  2.98
 3  82.58  1.17  0  3  1.63
 0  74.25  0.23  1  0  2.81
 3  72.67  1.11  0  2  2.11
 0  72.67  0.46  0  0  1.53
 2  69.02  0.57  1  0  1.47
 3  77.47  0.96  1  2  2.25
 2  67.05  0.86  0  2  2.90
 3  87.33  1.11  1  3  1.79
 2  62.54  0.51  1  0  2.25
 1  92.95  0.86  1  1  2.69
 2  61.05  0.62  1  2  1.20
 1  86.10  0.86  1  1  1.35
 2  64.69  0.42  0  0  2.29
 2  73.90  0.86  1  0  2.13
 3  78.06  1.37  1  3  1.31
 2  67.05  0.71  1  2  1.10
 0  81.94  0.21  1  1  1.42
 0  89.33  0.27  1  0  1.95
 2  64.69  0.42  1  0  1.94
 0  82.58  0.40  0  1  2.81
 2  69.02  1.00  1  2  1.44
 0  67.44  0.33  0  0  5.54
 3  92.56  1.24  0  3  1.62
 1  86.10  0.86  0  1  4.01
 3  85.75  1.34  1  3  1.15
 1  86.10  0.71  0  1  1.20
 1  92.95  0.86  0  2  1.76
 3  81.94  1.37  1  3  1.29
 2  64.69  1.16  1  2  1.24
 1  95.31  1.16  1  2  1.21
 1  97.46  1.06  1  1  0.95
 1  95.31  0.42  1  1  2.72
 0  87.33  0.46  0  0  2.75
 3  85.75  1.34  0  3  1.11
 0  78.06  0.21  1  0  1.99
 1  90.98  0.57  0  1  1.34
 2  62.54  0.51  0  0  3.03
 0  78.06  0.21  0  0  1.25
 1  97.46  0.51  1  1  1.44
 1  86.10  0.71  1  2  3.18
 2  61.05  0.62  0  2  1.89
 0  92.56  0.33  0  1  0.91
 0  82.58  0.40  1  0  4.41
 0  92.56  0.33  1  0  1.23
 2  69.02  1.00  0  2  2.77
 3  67.44  1.24  0  3  1.33
 3  89.33  1.30  1  3  1.87
 2  60.30  0.73  1  2  2.49
 3  82.53  0.96  0  1  1.55
 3  87.33  1.11  0  2  1.77
 2  60.30  0.84  1  2  1.73
 3  67.44  1.24  1  3  1.04
 1  98.95  0.95  0  1  2.03
 0  82.53  0.61  0  1  1.35
 0  70.67  0.27  1  0  1.84
 3  77.42  1.17  1  2  3.69
 2  61.05  0.95  0  1  1.37
 0  85.75  0.23  1  0  2.53
 0  77.42  0.40  0  0  1.12
 1  95.31  0.42  0  1  1.59
 1  98.95  0.95  1  1  2.20
 2  67.05  0.86  1  2  2.77
 0  92.56  0.33  1  1  2.53
 2  61.05  0.62  0  0  6.78
 1  98.95  0.62  1  1  1.12
 2  69.02  0.57  0  2  7.40
 1  97.46  0.51  0  1  3.32
 1  86.10  0.86  1  2  3.05
 1  86.10  0.71  0  1  1.17
 3  82.53  0.96  0  2  2.41
 2  60.30  0.73  0  2  3.17
 0  72.67  0.46  0  2  4.52
 0  92.56  0.33  0  1  1.03
 1  90.98  0.57  1  1  1.37
 2  69.02  1.00  0  3  1.40
 3  74.25  1.34  0  3  0.76
 1  97.46  1.06  1  3  2.96
 0  85.75  0.23  0  0  1.35
 2  64.69  0.42  1  0  6.13
 2  62.54  1.06  0  2  2.77
 1  86.10  0.86  0  2  4.85
 3  87.33  1.11  0  2  2.61
 0  81.94  0.21  0  0  9.27
 0  78.06  0.21  1  0  1.40
 2  62.54  0.51  1  0  2.56
 3  70.67  1.30  0  3  1.11
 0  81.94  0.21  1  1  1.98
 2  61.05  0.95  0  2  1.71
 1  95.31  0.42  0  1  1.71
 1  98.95  0.95  1  1  2.89
 0  70.67  0.27  0  0  1.50
 2  62.54  0.51  0  0  0.93
 1  86.10  0.71  1  1  1.21
 3  82.58  1.17  1  1  2.73
 1  99.70  0.73  1  1  0.87
 1  92.95  0.71  1  1  0.79
 3  70.67  1.30  1  3  1.29
 1  97.46  1.06  0  1  2.44
 1  99.70  0.73  0  1  1.10
 0  87.33  0.46  0  1  0.75
 2  61.05  0.95  1  2  1.59
 2  67.05  0.71  1  2  0.89
 1  90.98  0.57  0  1  0.88
 1  95.31  1.16  1  1  4.15
 2  64.69  1.16  1  2  2.39
 2  62.54  1.06  1  2  0.79
 3  77.42  1.17  1  2  1.83
 2  60.30  0.84  1  2  0.96
 0  78.06  0.21  0  0  2.20
 0  82.53  0.61  1  1  2.27
 1  99.70  0.84  1  1  0.73
 3  74.25  1.34  1  3  1.00
 2  64.69  1.16  0  2  1.98
 2  67.05  0.86  1  2  0.89
 0  74.25  0.23  1  0  1.12
 3  67.44  1.24  0  3  1.18
 3  77.47  0.96  1  2  2.77
 2  60.30  0.73  1  2  1.08
 3  77.42  1.17  0  2  2.46
 3  72.67  1.11  1  3  0.95
 0  72.67  0.46  1  0  1.14
 1  97.46  0.51  1  1  0.77
 0  82.58  0.40  1  1  0.98
 3  85.75  1.34  1  3  0.90
 3  78.06  1.37  0  3  0.85
 3  78.06  1.37  1  3  0.68
 1  95.31  0.42  1  1  0.67
 3  92.56  1.24  0  3  0.86
 0  77.42  0.40  0  1  0.67
 3  89.33  1.30  0  3  0.86
 1  92.95  0.86  0  1  0.93
 3  81.94  1.37  0  3  0.80
 2  61.05  0.62  1  2  2.03
 2  60.30  0.84  0  2  0.70
 2  73.90  0.71  0  0  1.58
 0  82.58  0.40  0  1  1.15
 1  92.95  0.86  1  1  0.85
 0  67.44  0.33  1  0  1.78
 2  69.02  0.57  1  0  0.91
 2  73.90  0.86  0  2  1.47
 2  67.05  0.86  0  2  1.39
 3  82.53  0.96  1  1  1.97
 3  87.33  1.11  1  3  3.37
 2  73.90  0.71  1  0  3.21
 2  67.05  0.71  0  2  0.92
 3  72.67  1.11  0  3  2.50
 3  85.75  1.34  0  3  0.74
 0  87.33  0.46  1  1  1.05
 0  89.33  0.27  1  1  0.69
 1  90.98  1.00  0  1  2.77
 1  99.70  0.84  0  1  0.88
 3  67.44  1.24  1  3  1.70
 0  70.67  0.27  1  0  2.48
 0  77.47  0.61  0  0  1.91
 0  74.25  0.23  0  0  1.19
 2  64.69  0.42  0  0  0.66
 3  81.94  1.37  1  3  1.08
 0  85.75  0.23  1  1  1.10
 3  89.33  1.30  1  3  1.15
 1  90.98  1.00  1  2  1.76
 0  67.44  0.33  0  0  2.05
 3  77.47  0.96  0  2  2.77
 0  89.33  0.27  0  1  1.04
 3  82.58  1.17  0  3  1.56
 0  77.42  0.40  1  0  3.39
 1  92.95  0.71  0  1  0.78
 1  95.31  1.16  0  3  2.32
 0  82.53  0.61  0  1  1.79
 1  98.95  0.62  0  1  0.83
 0  77.47  0.61  1  0  1.82
 2  73.90  0.86  1  2  1.45
 3  92.56  1.24  1  3  1.00
 1  98.95  0.95  0  1  1.09
 2  69.02  1.00  1  2  2.23
 0  67.44  0.33  1  0  6.55
 2  60.30  0.73  1  2  1.00
 2  61.05  0.62  0  2  0.87
 1  92.95  0.71  0  1  0.80
 1  90.98  0.57  1  1  0.91
 2  64.69  0.42  1  0  1.02
 1  90.98  1.00  0  1  0.90
 1  98.95  0.62  0  1  0.68
 1  97.46  0.51  1  1  0.72
 2  69.02  0.57  1  2  0.88
 0  87.33  0.46  0  1  0.84
 1  98.95  0.62  1  1  0.64
 1  98.95  0.95  1  3  1.13
 0  89.33  0.27  0  1  1.27
 3  85.75  1.34  0  3  0.95
 1  90.98  1.00  1  1  1.64
 1  97.46  1.06  1  1  1.14
 3  77.47  0.96  0  2  2.30
 2  73.90  0.86  1  2  1.05
 3  77.42  1.17  1  3  0.82
 2  62.54  0.51  1  0  1.87
 0  72.67  0.46  1  2  1.55
 2  60.30  0.84  0  2  1.64
 1  95.31  0.42  0  1  0.79
 2  67.05  0.86  0  2  0.88
 0  72.67  0.46  0  0  1.31
 1  95.31  1.16  1  3  1.83
 1  99.70  0.84  0  1  0.75
 3  92.56  1.24  1  3  1.25
 1  97.46  0.51  0  1  0.73
 1  92.95  0.86  1  1  1.82
 1  97.46  1.06  0  3  0.78
 1  86.10  0.71  0  1  0.68
 0  78.06  0.21  0  0  0.83
 0  78.06  0.21  1  0  0.69
 0  92.56  0.33  0  1  0.91
 2  64.69  0.42  0  0  1.09
 2  62.54  1.06  1  2  1.03
 2  67.05  0.86  1  2  0.91
 0  82.53  0.61  0  1  1.04
 2  61.05  0.95  1  2  0.86
 3  77.42  1.17  0  3  1.50
 1  92.95  0.86  0  1  0.78
 3  78.06  1.37  1  3  0.96
 3  72.67  1.11  0  3  2.47
 3  74.25  1.34  0  3  0.74
 0  77.47  0.61  0  0  2.89
 0  89.33  0.27  1  1  2.65
 2  61.05  0.62  1  2  2.11
 3  72.67  1.11  1  3  2.51
 0  67.44  0.33  0  0  2.50
 3  70.67  1.30  1  3  1.07
 0  70.67  0.27  1  0  2.54
 3  92.56  1.24  0  3  1.21
 3  81.94  1.37  0  3  0.72
 1  86.10  0.86  1  1  2.26
 0  87.33  0.46  1  1  1.09
 0  82.58  0.40  1  0  0.90
 1  95.31  0.42  1  1  0.89
 3  82.58  1.17  1  3  0.82
 3  78.06  1.37  0  3  0.75
 2  73.90  0.71  1  2  2.81
 1  92.95  0.71  1  1  1.44
 2  62.54  0.51  0  2  3.34
 3  74.25  1.34  1  3  0.69
 3  67.44  1.24  1  3  1.29
 1  90.98  0.57  0  1  0.75
 2  60.30  0.84  1  2  1.22
 3  67.44  1.24  0  3  0.80
 3  77.47  0.96  1  2  2.59
 2  67.05  0.71  0  2  0.79
 0  77.47  0.61  1  0  2.01
 3  89.33  1.30  1  3  0.97
 2  69.02  1.00  1  2  1.89
 2  60.30  0.73  0  2  0.74
 0  85.75  0.23  1  1  1.78
 0  74.25  0.23  0  0  1.01
 3  87.33  1.11  0  3  1.64
 0  82.58  0.40  0  0  1.77
 0  70.67  0.27  0  0  0.98
 1  86.10  0.86  0  1  0.91
 2  69.02  1.00  0  2  0.91
 1  86.10  0.71  1  1  3.01
 0  74.25  0.23  1  0  0.67
 3  89.33  1.30  0  3  0.91
 3  81.94  1.37  1  3  1.04
 0  85.75  0.23  0  0  1.75
 2  64.69  1.16  0  3  1.57
 2  61.05  0.95  0  2  0.78
 2  73.90  0.71  0  2  3.11
 1  99.70  0.84  1  1  1.82
 1  99.70  0.73  1  1  1.30
 3  87.33  1.11  1  3  0.88
 3  82.53  0.96  0  2  2.96
 1  99.70  0.73  0  1  0.93
 2  64.69  1.16  1  3  1.12
 0  92.56  0.33  1  1  2.26
 3  82.53  0.96  1  3  2.28
 0  77.42  0.40  0  0  1.28
 3  70.67  1.30  0  3  1.04
 0  82.53  0.61  1  0  2.54
 2  67.05  0.71  1  0  2.22
 3  82.58  1.17  0  3  0.85
 0  81.94  0.21  1  0  1.83
 1  98.95  0.95  0  1  0.92
 0  77.42  0.40  1  0  1.02
 1  95.31  1.16  0  3  1.35
 2  62.54  1.06  0  2  1.09
 0  81.94  0.21  0  0  1.29
 3  85.75  1.34  1  3  0.96
 2  73.90  0.86  0  2  1.31
 2  69.02  0.57  0  0  2.85
 3  77.47  0.96  1  2  1.77
 1  90.98  1.00  0  1  2.27
 2  61.05  0.62  1  2  1.37
 3  87.33  1.11  1  3  1.28
 2  61.05  0.95  0  2  0.92
 3  78.06  1.37  1  3  0.77
 2  62.54  1.06  0  2  0.80
 0  72.67  0.46  1  0  2.01
 3  81.94  1.37  0  3  0.80
 2  69.02  0.57  0  0  1.44
 2  73.90  0.71  1  2  1.39
 2  60.30  0.84  0  2  1.38
 0  70.67  0.27  0  0  1.03
 1  90.98  1.00  1  1  1.19
 3  82.53  0.96  1  2  3.36
 3  77.47  0.96  0  2  2.04
 1  95.31  1.16  1  1  1.55
 0  85.75  0.23  1  0  1.10
 1  99.70  0.73  1  1  0.98
 2  62.54  0.51  0  0  1.94
 0  82.58  0.40  1  0  0.93
 3  74.25  1.34  1  3  1.13
 0  87.33  0.46  0  0  2.56
 0  89.33  0.27  1  0  1.37
 3  77.42  1.17  1  3  0.83
 1  86.10  0.71  1  2  5.01
 0  92.56  0.33  0  0  2.12
 1  92.95  0.86  0  1  1.75
 0  89.33  0.27  0  0  1.24
 2  69.02  1.00  1  2  4.59
 1  92.95  0.86  1  1  1.19
 0  82.53  0.61  0  0  1.77
 3  82.53  0.96  0  1  2.74
 0  81.94  0.21  0  0  1.26
 1  98.95  0.62  0  1  0.93
 2  60.30  0.73  0  2  1.71
 3  67.44  1.24  0  3  0.94
 2  67.05  0.86  0  2  1.53
 0  72.67  0.46  0  0  0.91
 0  67.44  0.33  1  0  1.12
 0  81.94  0.21  1  0  1.81
 1  92.95  0.71  0  1  0.78
 3  89.33  1.30  1  3  0.77
 3  85.75  1.34  0  3  0.70
 2  73.90  0.86  1  2  1.50
 2  67.05  0.86  1  2  0.74
 2  69.02  0.57  1  0  2.02
 1  99.70  0.73  0  1  0.71
 1  95.31  1.16  0  1  3.43
 2  73.90  0.86  0  2  2.50
 2  64.69  1.16  0  3  2.70
 2  67.05  0.71  0  2  2.70
 0  92.56  0.33  1  1  1.11
 2  67.05  0.71  1  2  1.71
 2  60.30  0.84  1  2  0.91
 0  78.06  0.21  1  0  1.11
 1  90.98  0.57  1  1  1.27
 0  87.33  0.46  1  1  1.30
 0  82.53  0.61  1  0  1.01
 0  85.75  0.23  0  0  1.52
 0  77.47  0.61  0  2  2.41
 1  97.46  0.51  1  1  0.69
 3  87.33  1.11  0  3  0.81
 1  97.46  1.06  1  1  1.53
 0  77.42  0.40  1  0  1.67
 3  74.25  1.34  0  3  0.77
 2  62.54  0.51  1  0  1.98
 3  78.06  1.37  0  3  0.70
 3  70.67  1.30  1  3  1.13
 1  86.10  0.86  0  2  2.52
 3  89.33  1.30  0  3  0.82
 3  77.42  1.17  0  2  2.67
 0  82.58  0.40  0  0  1.37
 2  62.54  1.06  1  2  1.88
 1  86.10  0.86  1  1  1.89
 2  61.05  0.62  0  2  1.13
 3  81.94  1.37  1  3  0.72
 1  86.10  0.71  0  1  1.12
 3  72.67  1.11  1  3  2.18
 3  92.56  1.24  1  3  0.76
 0  70.67  0.27  1  0  1.40
 0  74.25  0.23  0  0  0.90
 0  78.06  0.21  0  0  1.31
 1  97.46  1.06  0  1  3.21
 0  77.42  0.40  0  0  0.92
 3  72.67  1.11  0  3  1.26
 1  98.95  0.95  0  1  1.19
 0  77.47  0.61  1  0  0.95
 1  98.95  0.62  1  1  0.99
 2  64.69  0.42  1  0  3.26
 3  67.44  1.24  1  3  1.00
 3  92.56  1.24  0  1  1.37
 1  95.31  0.42  0  1  0.67
 0  67.44  0.33  0  2  2.70
 2  73.90  0.71  0  2  1.08
 1  99.70  0.84  1  1  1.56
 2  69.02  1.00  0  2  1.12
 1  98.95  0.95  1  1  3.00
 1  90.98  0.57  0  1  2.45
 1  97.46  0.51  0  1  1.07
 0  74.25  0.23  1  0  2.12
 1  99.70  0.84  0  1  1.52
 1  92.95  0.71  1  1  1.20
 1  95.31  0.42  1  1  1.77
 3  82.58  1.17  1  3  1.29
 2  64.69  1.16  1  2  1.67
 3  70.67  1.30  0  3  1.24
 3  82.58  1.17  0  3  2.34
 2  60.30  0.73  1  2  0.96
 2  64.69  0.42  0  2  2.23
 2  61.05  0.95  1  2  1.76
 3  85.75  1.34  1  3  1.04
 2  73.90  0.86  1  2  3.13
 2  67.05  0.86  0  2  1.22
 0  92.56  0.33  1  1  0.97
 3  82.58  1.17  1  3  0.99
 2  64.69  0.42  0  2  1.77
 2  67.05  0.71  1  2  0.65
 2  69.02  0.57  0  2  1.27
 1  98.95  0.95  1  1  3.10
 3  74.25  1.34  0  3  2.06
 0  82.58  0.40  0  0 13.19
 3  78.06  1.37  1  3  0.91
 3  77.47  0.96  0  3  4.37
 3  72.67  1.11  0  3  0.73
 1  86.10  0.86  0  2  3.48
 0  78.06  0.21  1  0  0.92
 3  82.53  0.96  0  3  4.11
 3  82.58  1.17  0  3  0.80
 1  98.95  0.62  0  1  1.00
 2  73.90  0.71  1  2  3.97
 3  85.75  1.34  0  3  0.85
 3  85.75  1.34  1  3  0.63
 2  60.30  0.73  1  2  1.78
 0  85.75  0.23  1  0  2.89
 2  62.54  0.51  0  2  3.01
 0  77.42  0.40  1  0  2.18
 0  81.94  0.21  0  0  1.00
 2  64.69  1.16  1  3  0.83
 3  89.33  1.30  0  3  0.67
 3  72.67  1.11  1  3  2.30
 1  97.46  0.51  0  1  4.36
 3  77.42  1.17  1  3  0.93
 0  67.44  0.33  1  0  2.17
 3  89.33  1.30  1  3  0.82
 1  99.70  0.84  0  1  1.24
 1  97.46  1.06  0  3  2.64
 3  77.47  0.96  1  2  1.66
 3  70.67  1.30  1  3  0.75
 3  87.33  1.11  1  3  5.66
 0  82.58  0.40  1  0  0.93
 1  86.10  0.71  0  2  3.29
 3  74.25  1.34  1  3  0.94
 0  77.47  0.61  1  0  2.70
 1  99.70  0.73  0  1  0.66
 2  67.05  0.86  1  2  1.02
 0  81.94  0.21  1  0  0.97
 2  67.05  0.71  0  2  1.92
 0  77.47  0.61  0  2  1.73
 2  64.69  1.16  0  3  0.97
 1  95.31  0.42  1  1  0.93
 0  82.53  0.61  1  2  1.79
 0  87.33  0.46  0  0  1.75
 1  92.95  0.71  0  1  1.96
 1  99.70  0.73  1  1  0.78
 1  90.98  0.57  0  1  1.13
 2  61.05  0.62  0  2  0.67
 3  82.53  0.96  1  2  1.27
 3  87.33  1.11  0  3  0.55
 3  78.06  1.37  0  3  0.50
 0  77.42  0.40  0  0  2.61
 0  67.44  0.33  0  0  0.66
 1  98.95  0.95  0  1  1.21
 2  62.54  1.06  1  2  1.19
 1  95.31  1.16  0  1  1.27
 1  99.70  0.84  1  1  0.69
 2  73.90  0.86  0  2  0.76
 0  70.67  0.27  1  0  0.76
 0  78.06  0.21  0  0  0.73
 2  62.54  0.51  1  0  1.65
 1  95.31  0.42  0  1  1.06
 2  69.02  1.00  1  2  1.18
 0  72.67  0.46  1  0  2.79
 2  60.30  0.84  1  2  0.87
 2  69.02  1.00  0  2  1.02
 2  61.05  0.62  1  2  0.85
 2  69.02  0.57  1  2  0.68
 3  81.94  1.37  1  3  0.82
 3  92.56  1.24  0  3  0.64
 0  74.25  0.23  0  0  0.73
 3  70.67  1.30  0  3  0.86
 3  67.44  1.24  0  3  1.95
 0  82.53  0.61  0  0  4.73
 0  85.75  0.23  0  0  1.13
 1  95.31  1.16  1  3  0.90
 0  87.33  0.46  1  1  1.01
 1  97.46  1.06  1  1  0.77
 0  92.56  0.33  0  1  0.95
 1  98.95  0.62  1  1  0.67
 0  70.67  0.27  0  0  1.05
 2  61.05  0.95  1  2  0.97
 1  92.95  0.86  0  1  1.81
 3  67.44  1.24  1  3  0.94
 0  72.67  0.46  0  0  0.99
 2  60.30  0.84  0  2  0.87
 2  73.90  0.71  0  2  2.31
 2  62.54  1.06  0  2  1.26
 1  86.10  0.71  1  1  0.95
 1  90.98  0.57  1  1  0.71
 1  97.46  0.51  1  1  0.80
 0  89.33  0.27  1  1  0.72
 2  60.30  0.73  0  2  0.74
 1  90.98  1.00  0  1  0.98
 0  89.33  0.27  0  1  1.13
 3  77.42  1.17  0  3  1.28
 3  92.56  1.24  1  3  0.62
 0  74.25  0.23  1  0  0.86
 1  90.98  1.00  1  1  0.91
 3  81.94  1.37  0  3  0.69
 1  86.10  0.86  1  0  4.89
 1  92.95  0.71  1  0  2.91
 2  64.69  0.42  1  2  0.82
 2  61.05  0.95  0  2  0.67
 1  92.95  0.86  1  1  0.81
