 0  77.47  0.61  0  2  2.50
 2  60.30  0.84  0  0  4.12
 1  90.98  0.57  0  1  5.87
 0  89.33  0.27  0  1  1.22
 2  61.05  0.95  0  3  2.94
 2  69.02  1.00  0  2  1.37
 3  81.94  1.37  1  3  1.29
 1  92.95  0.71  0  1  2.01
 2  67.05  0.86  1  2  2.23
 2  73.90  0.71  0  1  1.23
 0  70.67  0.27  0  0  1.51
 0  82.53  0.61  1  1  1.78
 1  97.46  1.06  0  2  2.81
 2  69.02  0.57  0  1  3.85
 1  98.95  0.95  0  1  1.69
 3  72.67  1.11  1  2  1.12
 3  77.42  1.17  1  3  4.58
 1  99.70  0.84  0  1  2.03
 2  73.90  0.86  0  2  2.59
 0  92.56  0.33  1  0  2.84
 0  89.33  0.27  1  0  0.94
 3  70.67  1.30  1  3  3.01
 2  69.02  0.57  1  2  2.90
 1  92.95  0.86  0  1  2.16
 1  97.46  0.51  0  1  1.02
 2  64.69  0.42  1  2  2.55
 0  74.25  0.23  0  0  2.52
 1  99.70  0.73  1  1  1.07
 3  78.06  1.37  1  3  1.33
 2  67.05  0.71  0  2  1.76
 1  95.31  0.42  1  1  1.32
 0  78.06  0.21  0  0  0.81
 3  92.56  1.24  1  3  3.79
 3  72.67  1.11  0  2  1.62
 1  95.31  1.16  1  3  5.30
 2  62.54  1.06  0  2  1.62
 3  81.94  1.37  0  3  1.42
 0  85.75  0.23  0  0  1.16
 2  67.05  0.71  1  2  2.86
 3  74.25  1.34  0  3  1.41
 0  67.44  0.33  0  0  1.48
 1  98.95  0.62  1  1  0.94
 3  82.53  0.96  0  2  3.98
 3  67.44  1.24  0  3  1.35
 0  77.42  0.40  0  0  3.00
 3  87.33  1.11  0  2  8.61
 0  82.53  0.61  0  1  1.36
 2  60.30  0.84  1  2  0.80
 2  60.30  0.73  0  2  0.83
 0  92.56  0.33  0  1  0.69
 3  74.25  1.34  1  2  1.30
 1  95.31  1.16  0  3  2.28
 0  70.67  0.27  1  0  1.31
 0  77.47  0.61  1  1  2.76
 2  73.90  0.86  1  1  3.43
 1  99.70  0.84  1  1  0.85
 1  90.98  1.00  0  3  1.81
 1  86.10  0.86  1  2  2.90
 0  82.58  0.40  1  0  1.53
 3  89.33  1.30  0  3  0.94
 2  64.69  1.16  0  2  0.89
 3  85.75  1.34  1  3  0.84
 3  77.42  1.17  0  3  1.55
 0  74.25  0.23  1  0  1.13
 1  98.95  0.62  0  1  1.03
 0  67.44  0.33  1  0  1.32
 3  87.33  1.11  1  3  2.08
 1  99.70  0.73  0  1  1.05
 0  87.33  0.46  0  1  0.78
 2  73.90  0.71  1  1  4.42
 3  77.47  0.96  1  2  1.94
 0  81.94  0.21  1  0  1.18
 1  90.98  1.00  1  1  1.12
 2  61.05  0.62  1  2  1.79
 1  86.10  0.71  1  1  0.90
 3  78.06  1.37  0  3  0.97
 1  86.10  0.71  0  1  1.21
 1  95.31  0.42  0  1  0.70
 1  92.95  0.86  1  1  0.95
 2  62.54  0.51  1  2  3.31
 1  90.98  0.57  1  1  0.92
 1  97.46  1.06  1  1  1.02
 0  81.94  0.21  0  0  1.45
 0  77.42  0.40  1  0  4.06
 1  97.46  0.51  1  1  0.73
 3  77.47  0.96  0  1  3.26
 0  82.58  0.40  0  1  1.47
 3  82.58  1.17  0  3  2.06
 2  62.54  0.51  0  2  1.30
 3  92.56  1.24  0  1  1.45
 2  62.54  1.06  1  2  2.13
 2  61.05  0.62  0  2  0.79
 1  92.95  0.71  1  1  0.91
 2  67.05  0.86  0  2  0.94
 0  72.67  0.46  0  3  4.60
 3  89.33  1.30  1  3  2.44
 2  60.30  0.73  1  2  0.72
 0  78.06  0.21  1  0  1.20
 2  64.69  0.42  0  3  3.14
 1  98.95  0.95  1  1  0.85
 2  61.05  0.95  1  2  0.65
 0  87.33  0.46  1  1  0.95
 3  82.53  0.96  1  1  3.81
 1  86.10  0.86  0  1  0.96
 0  85.75  0.23  1  0  0.91
 3  70.67  1.30  0  3  1.53
 0  72.67  0.46  1  0  3.44
 3  85.75  1.34  0  3  1.22
 2  64.69  1.16  1  2  0.74
 2  69.02  1.00  1  2  2.84
 3  82.58  1.17  1  3  2.73
 3  67.44  1.24  1  2  0.70
 0  67.44  0.33  1  0  1.97
 0  82.53  0.61  1  1  1.18
 0  81.94  0.21  0  0  1.53
 2  73.90  0.71  1  2  3.48
 2  62.54  1.06  0  2  0.70
 3  85.75  1.34  0  3  2.76
 2  64.69  1.16  0  2  1.40
 3  78.06  1.37  0  3  2.57
 2  62.54  0.51  0  0  3.79
 1  92.95  0.71  0  1  0.81
 0  92.56  0.33  0  1  0.89
 3  82.53  0.96  1  1  6.58
 0  82.58  0.40  1  3  1.79
 1  97.46  0.51  0  1  0.75
 1  95.31  1.16  1  1  2.92
 3  87.33  1.11  0  3  1.83
 2  60.30  0.84  1  2  0.66
 1  92.95  0.71  1  1  2.17
 3  70.67  1.30  0  3  1.26
 3  85.75  1.34  1  3  5.04
 1  92.95  0.86  0  1  0.90
 3  74.25  1.34  1  3  1.48
 1  99.70  0.84  0  1  0.61
 1  97.46  0.51  1  1  0.67
 2  67.05  0.86  1  2  0.64
 0  72.67  0.46  0  0  3.38
 2  64.69  1.16  1  2  0.74
 2  64.69  0.42  0  0  3.42
 1  98.95  0.62  1  1  0.86
 3  74.25  1.34  0  3  0.93
 3  67.44  1.24  1  2  1.02
 3  89.33  1.30  0  3  2.11
 1  97.46  1.06  1  1  2.75
 0  67.44  0.33  0  0  1.23
 2  73.90  0.71  0  0  2.20
 2  60.30  0.73  0  2  0.71
 0  89.33  0.27  0  1  0.72
 1  99.70  0.84  1  1  0.72
 1  86.10  0.86  1  1  3.78
 2  69.02  1.00  1  3  1.74
 1  99.70  0.73  1  1  0.63
 2  61.05  0.95  1  2  0.84
 0  78.06  0.21  0  0  1.15
 1  90.98  1.00  1  1  0.81
 0  77.47  0.61  0  1  6.32
 3  78.06  1.37  1  3  1.23
 0  70.67  0.27  0  0  1.13
 3  82.58  1.17  0  3  1.41
 1  95.31  0.42  1  1  0.68
 1  97.46  1.06  0  1  1.44
 2  62.54  1.06  1  2  0.85
 3  89.33  1.30  1  3  1.26
 3  67.44  1.24  0  2  0.88
 1  98.95  0.95  1  1  0.70
 2  61.05  0.62  1  2  3.05
 0  78.06  0.21  1  0  1.03
 2  62.54  0.51  1  2  4.64
 3  92.56  1.24  0  1  4.50
 1  86.10  0.86  0  1  1.56
 2  67.05  0.86  0  2  4.07
 2  73.90  0.86  1  2  8.50
 1  95.31  1.16  0  1  1.02
 0  74.25  0.23  0  0  0.89
 2  61.05  0.95  0  2  0.98
 3  77.42  1.17  1  3  1.04
 0  85.75  0.23  0  0  3.02
 1  90.98  0.57  0  1  0.78
 2  69.02  1.00  0  3  2.51
 0  70.67  0.27  1  0  1.32
 3  77.47  0.96  0  3  4.82
 1  98.95  0.95  0  1  0.91
 1  86.10  0.71  0  1  2.21
 0  92.56  0.33  1  1  1.32
 2  73.90  0.86  0  1  1.90
 2  60.30  0.84  0  2  0.60
 0  85.75  0.23  1  0  1.94
 0  77.42  0.40  0  0  4.12
 0  89.33  0.27  1  0  1.32
 2  64.69  0.42  1  2  2.21
 0  74.25  0.23  1  0  1.23
 3  82.53  0.96  0  3  3.38
 1  90.98  1.00  0  1  1.38
 2  60.30  0.73  1  2  0.88
 3  77.47  0.96  1  1  2.83
 2  69.02  0.57  0  2  2.28
 3  82.58  1.17  1  3  2.40
 2  67.05  0.71  0  2  1.65
 3  77.42  1.17  0  3  1.23
 0  81.94  0.21  1  0  1.07
 3  81.94  1.37  0  3  1.23
 3  72.67  1.11  0  3  2.62
 2  61.05  0.62  0  2  3.19
 0  77.42  0.40  1  0  1.44
 2  67.05  0.71  1  2  1.19
 3  92.56  1.24  1  3  1.78
 0  72.67  0.46  1  2  2.51
 1  95.31  0.42  0  1  0.86
 1  90.98  0.57  1  1  0.59
 0  82.53  0.61  0  1  0.98
 0  77.47  0.61  1  0  3.70
 2  69.02  0.57  1  2  2.67
 1  92.95  0.86  1  1  0.76
 1  98.95  0.62  0  1  0.57
 0  82.58  0.40  0  1  2.32
 0  87.33  0.46  0  1  1.73
 1  99.70  0.73  0  1  0.77
 0  87.33  0.46  1  1  0.72
 3  70.67  1.30  1  3  1.56
 1  86.10  0.71  1  1  1.21
 3  72.67  1.11  1  3  3.25
 3  81.94  1.37  1  3  1.04
 3  87.33  1.11  1  1  1.76
 3  78.06  1.37  1  3  2.06
 1  99.70  0.84  1  1  0.75
 0  85.75  0.23  0  0  0.87
 0  72.67  0.46  0  0  3.59
 0  78.06  0.21  1  0  0.72
 2  73.90  0.86  0  1  5.57
 1  95.31  1.16  1  1  0.62
 3  74.25  1.34  1  3  2.02
 0  89.33  0.27  0  0  3.18
 0  87.33  0.46  0  1  0.90
 2  73.90  0.71  0  2  3.13
 3  89.33  1.30  0  3  1.74
 2  61.05  0.62  0  2  0.84
 2  73.90  0.86  1  2  7.49
 0  85.75  0.23  1  0  1.25
 2  64.69  1.16  0  2  1.22
 3  72.67  1.11  1  2  7.14
 1  92.95  0.86  1  1  2.80
 0  77.42  0.40  1  0  0.93
 0  72.67  0.46  1  0  4.36
 0  78.06  0.21  0  0  0.91
 0  74.25  0.23  0  0  0.50
 3  74.25  1.34  0  3  1.01
 1  86.10  0.86  0  1  0.97
 1  86.10  0.71  1  1  1.19
 3  82.53  0.96  0  1  3.60
 3  89.33  1.30  1  3  3.06
 3  81.94  1.37  1  3  2.34
 2  62.54  1.06  0  2  0.79
 1  97.46  1.06  0  1  0.81
 3  85.75  1.34  0  3  1.27
 0  77.47  0.61  0  1  5.78
 3  81.94  1.37  0  3  1.42
 1  90.98  0.57  1  1  0.63
 2  73.90  0.71  1  1  6.83
 1  86.10  0.86  1  1  1.04
 3  67.44  1.24  0  2  0.65
 2  60.30  0.73  1  2  0.63
 0  92.56  0.33  1  1  0.77
 0  92.56  0.33  0  1  1.58
 0  82.58  0.40  1  0  1.87
 0  82.58  0.40  0  0  1.46
 2  60.30  0.84  1  2  0.84
 1  90.98  1.00  0  1  1.22
 1  90.98  1.00  1  1  0.95
 2  69.02  1.00  0  2  2.85
 1  99.70  0.73  1  1  0.63
 1  92.95  0.71  0  1  0.60
 2  69.02  0.57  0  2  2.15
 3  82.53  0.96  1  1  3.04
 2  69.02  0.57  1  2  2.75
 1  98.95  0.62  1  1  0.62
 0  89.33  0.27  1  1  0.73
 1  95.31  0.42  0  1  0.71
 2  60.30  0.73  0  2  0.61
 1  97.46  1.06  1  1  0.71
 1  95.31  0.42  1  1  0.61
 2  69.02  1.00  1  2  3.62
 1  92.95  0.71  1  1  0.58
 3  77.47  0.96  1  2  2.30
 3  78.06  1.37  0  3  0.70
 3  87.33  1.11  1  1  3.90
 1  98.95  0.95  1  1  0.73
 2  64.69  0.42  0  0  4.11
 2  67.05  0.71  1  2  2.24
 2  67.05  0.86  1  2  0.64
 3  77.47  0.96  0  3  2.78
 1  86.10  0.71  0  1  2.25
 3  92.56  1.24  1  3  2.68
 2  61.05  0.95  1  2  1.03
 0  87.33  0.46  1  1  2.09
 3  82.58  1.17  0  3  1.60
 2  62.54  0.51  0  2  1.72
 3  72.67  1.11  0  3  1.82
 1  99.70  0.84  0  1  1.11
 2  67.05  0.71  0  2  1.00
 1  90.98  0.57  0  1  0.70
 1  97.46  0.51  0  1  0.63
 0  81.94  0.21  0  0  0.78
 3  92.56  1.24  0  3  1.06
 1  98.95  0.95  0  1  0.78
 2  64.69  1.16  1  2  0.69
 3  77.42  1.17  1  3  1.43
 0  77.47  0.61  1  1  3.42
 3  70.67  1.30  1  3  1.54
 2  61.05  0.95  0  2  0.70
 0  74.25  0.23  1  0  0.93
 3  67.44  1.24  1  3  0.80
 1  98.95  0.62  0  1  0.65
 1  99.70  0.73  0  1  0.67
 0  82.53  0.61  0  1  1.58
 3  82.58  1.17  1  3  1.44
 0  67.44  0.33  0  2  5.43
 2  64.69  0.42  1  0  2.36
 0  81.94  0.21  1  0  1.08
 2  61.05  0.62  1  2  0.65
 2  62.54  0.51  1  0  2.79
 2  62.54  1.06  1  2  0.77
 1  97.46  0.51  1  1  0.70
 1  92.95  0.86  0  1  0.80
 0  77.42  0.40  0  0  3.59
 0  67.44  0.33  1  0  0.85
 0  82.53  0.61  1  1  5.19
 1  95.31  1.16  0  1  2.15
 3  87.33  1.11  0  1  1.88
 2  67.05  0.86  0  2  0.79
 0  70.67  0.27  1  0  0.88
 0  70.67  0.27  0  0  1.13
 3  70.67  1.30  0  3  0.80
 3  85.75  1.34  1  3  0.65
 3  77.42  1.17  0  3  1.08
 2  60.30  0.84  0  2  0.70
 0  81.94  0.21  1  0  1.34
 1  90.98  1.00  1  1  0.84
 1  92.95  0.71  0  1  0.89
 3  74.25  1.34  1  3  0.82
 1  99.70  0.73  1  1  0.65
 2  69.02  1.00  0  2  2.18
 1  86.10  0.71  0  1  1.20
 1  99.70  0.73  0  1  0.66
 0  89.33  0.27  1  0  1.22
 3  82.53  0.96  1  1  1.51
 3  72.67  1.11  1  2  1.12
 1  92.95  0.71  1  1  0.96
 3  74.25  1.34  0  3  0.92
 1  97.46  1.06  1  1  0.74
 3  81.94  1.37  1  3  0.79
 0  87.33  0.46  1  0  4.26
 2  67.05  0.86  0  2  1.67
 0  85.75  0.23  0  0  0.92
 0  82.58  0.40  1  0  1.40
 2  64.69  1.16  0  2  0.70
 2  73.90  0.86  1  1  3.70
 1  90.98  1.00  0  1  1.06
 3  77.42  1.17  1  3  1.28
 2  62.54  1.06  0  2  0.68
 2  60.30  0.73  1  2  2.30
 2  62.54  0.51  0  2  1.63
 2  61.05  0.62  0  2  0.76
 3  89.33  1.30  1  3  1.33
 1  92.95  0.86  1  1  0.87
 2  73.90  0.86  0  2  4.78
 0  77.47  0.61  1  2  2.61
 2  69.02  0.57  1  2  2.25
 3  89.33  1.30  0  3  1.48
 3  77.47  0.96  0  2  4.91
 2  61.05  0.62  1  2  0.73
 0  70.67  0.27  0  0  1.44
 0  85.75  0.23  1  0  0.69
 0  67.44  0.33  1  0  1.98
 0  78.06  0.21  1  0  0.72
 0  78.06  0.21  0  0  0.59
 0  82.53  0.61  1  1  1.31
 1  86.10  0.86  0  1  0.84
 0  82.53  0.61  0  1  0.62
 2  60.30  0.73  0  2  0.59
 1  98.95  0.95  0  1  0.70
 0  92.56  0.33  0  1  0.63
 1  95.31  1.16  0  1  0.72
 1  95.31  0.42  1  0  3.69
 2  67.05  0.86  1  2  0.78
 3  78.06  1.37  1  3  0.81
 2  61.05  0.95  1  2  0.69
 2  64.69  1.16  1  3  3.55
 0  92.56  0.33  1  1  1.11
 1  86.10  0.86  1  1  1.66
 3  78.06  1.37  0  3  0.93
 0  72.67  0.46  1  0  2.45
 0  72.67  0.46  0  0  2.60
 1  98.95  0.95  1  1  0.90
 3  67.44  1.24  1  3  1.85
 0  87.33  0.46  0  0  3.03
 3  85.75  1.34  1  3  1.32
 3  72.67  1.11  0  2  1.40
 2  67.05  0.71  0  2  0.73
 2  60.30  0.84  1  2  0.65
 2  73.90  0.71  1  2  2.96
 2  69.02  1.00  1  2  0.79
 2  67.05  0.71  1  2  0.64
 3  87.33  1.11  1  1  4.47
 0  77.42  0.40  0  0  1.70
 1  99.70  0.84  1  1  1.26
 3  81.94  1.37  0  3  0.77
 3  82.53  0.96  0  1  2.95
 0  70.67  0.27  1  0  1.07
 2  62.54  1.06  1  2  0.68
 3  67.44  1.24  0  3  1.38
 0  89.33  0.27  0  0  1.09
 1  92.95  0.86  0  1  1.08
 0  74.25  0.23  0  0  0.97
 2  69.02  0.57  0  3  8.05
 2  60.30  0.84  0  2  0.74
 1  97.46  0.51  1  1  0.62
 3  77.42  1.17  0  3  0.83
 1  95.31  1.16  1  1  0.97
 1  99.70  0.84  0  1  0.55
 1  90.98  0.57  1  1  0.62
 3  82.58  1.17  0  3  0.98
 0  67.44  0.33  0  0  1.30
 2  62.54  0.51  1  2  0.69
 3  87.33  1.11  0  1  1.27
 0  77.47  0.61  0  3  7.16
 0  81.94  0.21  0  0  1.73
 2  61.05  0.95  0  2  0.67
 3  92.56  1.24  1  3  2.26
 3  70.67  1.30  0  3  1.10
 1  98.95  0.62  0  1  0.88
 3  77.47  0.96  1  3  4.78
 1  95.31  0.42  0  1  0.72
 1  98.95  0.62  1  1  0.61
 3  92.56  1.24  0  3  1.06
 1  97.46  1.06  0  1  1.23
 1  97.46  0.51  0  1  1.18
 3  82.58  1.17  1  3  3.51
 0  77.42  0.40  1  0  0.90
 2  64.69  0.42  0  2  3.03
 3  85.75  1.34  0  3  1.24
 0  82.58  0.40  0  0  1.94
 1  86.10  0.71  1  1  1.72
 2  73.90  0.71  0  1  2.24
 1  90.98  0.57  0  1  0.79
 0  74.25  0.23  1  0  0.72
 3  70.67  1.30  1  3  0.79
 2  64.69  0.42  1  0  1.26
 2  69.02  0.57  0  2  5.02
 3  82.53  0.96  1  1  3.13
 3  74.25  1.34  1  3  0.87
 0  82.58  0.40  0  1  0.67
 2  62.54  0.51  0  2  0.79
 3  70.67  1.30  1  3  0.98
 1  86.10  0.86  1  1  0.79
 2  60.30  0.84  0  2  0.75
 3  89.33  1.30  1  3  1.20
 3  92.56  1.24  0  3  3.02
 1  97.46  1.06  1  1  0.90
 0  77.47  0.61  0  2  2.45
 2  69.02  1.00  1  2  2.44
 3  87.33  1.11  0  1  0.99
 0  87.33  0.46  0  1  1.30
 1  90.98  0.57  1  1  0.56
 0  89.33  0.27  1  0  1.06
 3  77.42  1.17  0  3  0.88
 3  87.33  1.11  1  3  2.09
 3  82.53  0.96  0  1  3.06
 0  77.47  0.61  1  3  3.01
 2  67.05  0.71  1  2  1.57
 1  90.98  1.00  1  1  0.99
 1  97.46  0.51  1  1  0.66
 2  73.90  0.86  1  2  5.10
 3  81.94  1.37  1  3  0.98
 2  60.30  0.84  1  2  0.76
 3  77.47  0.96  1  3  1.45
 0  85.75  0.23  0  0  2.24
 0  82.53  0.61  1  0  5.08
 2  67.05  0.86  1  2  1.34
 2  64.69  1.16  1  2  0.75
 1  86.10  0.71  0  1  1.31
 1  92.95  0.71  1  1  0.75
 0  82.53  0.61  0  1  7.34
 1  98.95  0.62  0  1  0.79
 2  64.69  1.16  0  2  0.68
 3  77.47  0.96  0  3  2.18
 0  78.06  0.21  1  0  0.77
 0  72.67  0.46  0  0  1.84
 1  95.31  0.42  0  1  0.83
 0  81.94  0.21  0  0  0.91
 1  95.31  1.16  1  1  0.94
 1  98.95  0.95  1  1  0.69
 0  70.67  0.27  1  0  1.41
 2  69.02  0.57  1  2  3.25
 1  90.98  1.00  0  1  3.78
 1  95.31  1.16  0  1  0.74
 1  99.70  0.73  1  1  0.73
 3  74.25  1.34  0  3  0.95
 2  60.30  0.73  1  2  0.67
 0  81.94  0.21  1  0  0.89
 0  74.25  0.23  1  0  1.13
 0  67.44  0.33  1  0  2.58
 0  85.75  0.23  1  0  1.19
 3  92.56  1.24  1  3  1.57
 2  61.05  0.62  0  2  6.57
 0  67.44  0.33  0  0  1.72
 3  89.33  1.30  0  3  1.27
 0  77.42  0.40  0  0  2.44
 1  86.10  0.86  0  1  1.87
 3  67.44  1.24  0  3  2.87
 3  67.44  1.24  1  3  0.98
 2  67.05  0.71  0  2  1.44
 0  92.56  0.33  1  1  1.07
 3  82.58  1.17  0  3  1.95
 2  62.54  1.06  1  2  0.82
 3  85.75  1.34  0  3  0.99
 2  67.05  0.86  0  2  0.88
 1  99.70  0.73  0  1  0.99
 2  64.69  0.42  1  0  2.15
 1  98.95  0.95  0  1  0.77
 2  69.02  1.00  0  2 11.44
 0  89.33  0.27  0  0  1.04
 3  72.67  1.11  1  3  1.77
 0  74.25  0.23  0  0  0.65
 1  90.98  0.57  0  1  0.95
 2  61.05  0.95  0  2  0.85
 3  78.06  1.37  0  3  0.76
 1  98.95  0.62  1  1  0.92
 2  60.30  0.73  0  2  0.64
 0  77.42  0.40  1  0  1.21
 2  61.05  0.95  1  2  0.79
 1  99.70  0.84  1  1  0.74
 3  82.58  1.17  1  3  0.82
 2  73.90  0.86  0  2  8.27
 0  78.06  0.21  0  0  0.80
 2  62.54  1.06  0  2  0.60
 0  82.58  0.40  1  0  1.48
 1  97.46  0.51  0  1  0.68
 3  72.67  1.11  0  3  1.86
 1  92.95  0.86  0  1  1.16
 2  73.90  0.71  1  2  2.79
 1  95.31  0.42  1  1  1.38
 2  62.54  0.51  1  2  3.02
 3  85.75  1.34  1  3  0.85
 0  87.33  0.46  1  1  1.13
 2  61.05  0.62  1  2  0.72
 2  73.90  0.71  0  2  2.58
 0  70.67  0.27  0  0  1.09
 3  81.94  1.37  0  3  0.75
 1  92.95  0.86  1  1  1.18
 1  99.70  0.84  0  1  0.82
 3  77.42  1.17  1  3  0.85
 1  97.46  1.06  0  1  1.19
 0  72.67  0.46  1  0  4.49
 1  92.95  0.71  0  1  1.12
 2  64.69  0.42  0  0  2.73
 3  70.67  1.30  0  3  0.74
 3  78.06  1.37  1  3  0.76
 0  92.56  0.33  0  0  2.05
 1  86.10  0.71  1  1  1.56
