 2  60.30  0.73  0  2  3.36
 1  86.10  0.71  0  3  2.33
 0  81.94  0.21  0  1  1.47
 3  70.67  1.30  0  2  3.28
 0  82.58  0.40  1  1  2.63
 2  73.90  0.86  0  3  1.81
 1  92.95  0.86  1  0  3.11
 3  87.33  1.11  0  3  6.86
 2  69.02  1.00  0  2  2.13
 0  78.06  0.21  0  0  1.37
 2  64.69  0.42  1  2  1.59
 1  95.31  0.42  1  0  2.75
 1  90.98  0.57  0  1  3.42
 3  82.53  0.96  1  3  1.35
 3  70.67  1.30  1  2  1.35
 1  92.95  0.71  1  1  1.08
 3  77.47  0.96  1  3  2.35
 1  99.70  0.73  0  1  1.07
 3  77.42  1.17  0  2  0.95
 0  67.44  0.33  0  2  3.41
 0  77.42  0.40  0  1  3.47
 2  62.54  1.06  1  2  0.87
 0  87.33  0.46  1  1  1.51
 3  92.56  1.24  0  3  1.90
 2  61.05  0.62  1  2  0.72
 1  97.46  1.06  0  0  2.80
 2  64.69  1.16  1  2  0.78
 1  98.95  0.95  0  1  1.72
 0  89.33  0.27  1  1  1.87
 1  97.46  0.51  1  1  0.77
 1  90.98  0.57  1  1  3.67
 3  89.33  1.30  0  3  1.25
 0  82.58  0.40  0  1  1.87
 2  73.90  0.86  1  2  0.67
 2  62.54  0.51  0  2  0.77
 3  85.75  1.34  0  3  1.52
 3  74.25  1.34  1  3  2.99
 1  97.46  0.51  0  1  1.84
 2  64.69  1.16  0  2  0.72
 1  86.10  0.86  0  1  1.32
 2  73.90  0.71  1  0  2.67
 3  85.75  1.34  1  3  1.51
 0  77.47  0.61  0  0  2.89
 0  74.25  0.23  1  0  0.54
 0  72.67  0.46  1  3  4.14
 0  70.67  0.27  0  0  0.88
 0  85.75  0.23  1  1  0.62
 3  77.47  0.96  0  1  4.07
 3  72.67  1.11  0  2  1.64
 1  99.70  0.73  1  1  0.92
 1  99.70  0.84  1  1  0.54
 1  98.95  0.95  1  1  0.54
 1  92.95  0.71  0  1  0.56
 1  86.10  0.86  1  0  3.66
 0  85.75  0.23  0  0  1.34
 1  95.31  1.16  0  3  4.36
 3  81.94  1.37  1  2  0.70
 2  60.30  0.84  1  2  0.58
 3  74.25  1.34  0  2  0.56
 3  67.44  1.24  0  2  0.65
 0  72.67  0.46  0  2  0.71
 2  62.54  0.51  1  2  0.83
 2  62.54  1.06  0  2  0.69
 0  77.42  0.40  1  1  7.07
 1  99.70  0.84  0  1  0.62
 0  77.47  0.61  1  0  0.84
 2  61.05  0.95  0  2  0.73
 3  89.33  1.30  1  3  1.10
 1  97.46  1.06  1  1  2.16
 1  98.95  0.62  1  1  1.67
 2  61.05  0.62  0  2  1.07
 1  86.10  0.71  1  1  4.31
 0  82.53  0.61  1  1  0.65
 3  82.58  1.17  0  0  5.07
 3  77.42  1.17  1  3  1.13
 0  67.44  0.33  1  3  5.00
 0  74.25  0.23  0  0  1.75
 0  70.67  0.27  1  0  0.76
 3  78.06  1.37  1  3  1.03
 0  92.56  0.33  1  1  0.83
 0  87.33  0.46  0  1  1.04
 3  81.94  1.37  0  3  1.23
 2  67.05  0.71  0  2  0.52
 2  69.02  0.57  0  3  3.91
 2  69.02  0.57  1  2  0.70
 0  78.06  0.21  1  0  1.41
 2  67.05  0.86  0  2  1.90
 2  61.05  0.95  1  2  1.02
 3  82.53  0.96  0  1  2.87
 2  60.30  0.84  0  2  0.69
 2  60.30  0.73  1  2  0.69
 3  87.33  1.11  1  3  0.70
 3  82.58  1.17  1  3  0.89
 2  73.90  0.71  0  3  3.69
 1  90.98  1.00  1  1  1.15
 3  78.06  1.37  0  3  5.51
 2  67.05  0.71  1  2  6.86
 1  90.98  1.00  0  3  2.59
 0  92.56  0.33  0  1  0.83
 0  82.53  0.61  0  1  0.57
 0  81.94  0.21  1  0  5.53
 3  67.44  1.24  1  2  1.81
 3  72.67  1.11  1  3  1.43
 2  69.02  1.00  1  2 23.44
 3  92.56  1.24  1  3  6.54
 2  67.05  0.86  1  2  1.52
 0  89.33  0.27  0  0  2.01
 1  92.95  0.86  0  0  0.69
 1  95.31  1.16  1  1  1.45
 2  64.69  0.42  0  2  1.40
 1  95.31  0.42  0  1  1.86
 1  98.95  0.62  0  1  1.11
 1  86.10  0.86  0  1  5.05
 1  95.31  0.42  1  1  4.04
 3  89.33  1.30  0  3  4.66
 2  61.05  0.62  1  2  2.56
 0  77.42  0.40  1  0 15.10
 2  64.69  1.16  0  2  2.70
 3  70.67  1.30  1  3  1.91
 1  99.70  0.84  1  1  8.65
 1  99.70  0.84  0  1  2.56
 0  82.53  0.61  0  0  0.59
 0  77.47  0.61  0  0  0.53
 0  74.25  0.23  0  0  0.92
 3  81.94  1.37  0  3  3.39
 3  78.06  1.37  0  3  1.09
 0  77.42  0.40  0  0  1.91
 2  62.54  0.51  1  2  0.96
 2  62.54  1.06  1  2  0.48
 2  67.05  0.71  1  2  2.54
 2  73.90  0.86  1  2  6.31
 1  92.95  0.71  0  1  0.85
 2  73.90  0.71  1  2  1.81
 1  90.98  1.00  0  1  1.08
 0  74.25  0.23  1  0  0.83
 2  62.54  1.06  0  2  0.78
 0  67.44  0.33  0  0  2.37
 1  97.46  1.06  0  1  0.67
 1  90.98  0.57  0  0  3.25
 3  67.44  1.24  1  2  0.76
 3  87.33  1.11  1  0  1.08
 2  67.05  0.71  0  2  2.26
 2  69.02  1.00  1  2  2.30
 1  90.98  1.00  1  1  0.82
 3  85.75  1.34  1  1  0.50
 2  67.05  0.86  1  2  1.22
 1  98.95  0.62  0  1  1.06
 2  61.05  0.95  1  2  0.70
 3  67.44  1.24  0  2  0.77
 3  74.25  1.34  0  3  0.86
 2  61.05  0.62  0  2  0.98
 0  85.75  0.23  0  0  1.74
 1  92.95  0.86  1  1  1.18
 1  97.46  0.51  0  1  0.86
 0  70.67  0.27  1  0  1.33
 0  87.33  0.46  1  1  0.81
 1  86.10  0.71  1  0  2.68
 3  77.47  0.96  1  0  0.76
 2  61.05  0.95  0  2  0.68
 0  92.56  0.33  1  1  0.94
 3  89.33  1.30  1  3  0.72
 3  81.94  1.37  1  3  0.54
 3  77.42  1.17  1  2  4.89
 1  95.31  1.16  1  1  3.04
 3  82.53  0.96  0  0  1.36
 1  92.95  0.71  1  1  1.08
 0  82.58  0.40  1  0  1.48
 2  64.69  0.42  1  2  1.88
 3  92.56  1.24  1  3  1.86
 2  64.69  1.16  1  2  0.75
 2  69.02  1.00  0  2  1.28
 0  82.58  0.40  0  1  3.30
 0  70.67  0.27  0  2  3.12
 0  87.33  0.46  0  1  0.63
 0  72.67  0.46  1  0  1.42
 0  78.06  0.21  1  0  1.11
 2  64.69  0.42  0  2  1.08
 3  70.67  1.30  0  3  0.75
 3  85.75  1.34  0  3  0.67
 1  90.98  0.57  1  1  2.97
 3  74.25  1.34  1  3  0.78
 3  72.67  1.11  0  2  1.18
 0  77.47  0.61  1  1  2.54
 1  95.31  0.42  0  1  1.04
 3  78.06  1.37  1  3  0.83
 0  67.44  0.33  1  0  1.44
 0  78.06  0.21  0  0  0.76
 3  82.53  0.96  1  1  0.50
 1  86.10  0.86  1  1  1.99
 3  87.33  1.11  0  3  1.09
 0  81.94  0.21  0  0  1.59
 2  62.54  0.51  0  2  0.79
 3  77.47  0.96  0  3  1.13
 2  60.30  0.84  1  2  3.95
 2  69.02  0.57  0  2  2.17
 1  97.46  1.06  1  1  1.73
 1  92.95  0.86  0  1  1.30
 3  82.58  1.17  0  1  0.56
 3  92.56  1.24  0  3  1.24
 0  85.75  0.23  1  0  2.16
 2  67.05  0.86  0  2  0.72
 2  60.30  0.73  1  2  0.70
 1  95.31  1.16  0  3  1.69
 0  82.53  0.61  1  0  3.30
 2  73.90  0.71  0  2  0.97
 0  81.94  0.21  1  0  1.47
 2  73.90  0.86  0  2  0.68
 1  99.70  0.73  1  1  0.65
 1  86.10  0.71  0  1  1.03
 2  60.30  0.84  0  2  1.12
 2  60.30  0.73  0  2  0.76
 1  98.95  0.62  1  1  1.87
 0  89.33  0.27  0  0  1.46
 1  98.95  0.95  1  1  1.70
 3  72.67  1.11  1  3  1.12
 1  97.46  0.51  1  1  1.34
 2  69.02  0.57  1  2  1.70
 0  72.67  0.46  0  2  2.76
 1  98.95  0.95  0  1  0.39
 0  89.33  0.27  1  0  1.02
 0  92.56  0.33  0  1  5.75
 3  77.42  1.17  0  3  1.01
 1  99.70  0.73  0  1  3.26
 3  82.58  1.17  1  3  1.36
 3  82.53  0.96  1  2  8.71
 3  82.58  1.17  0  3  0.65
 0  87.33  0.46  0  1  1.55
 1  90.98  0.57  1  1  1.02
 1  98.95  0.95  0  1  0.65
 3  77.47  0.96  0  2  0.37
 2  60.30  0.73  1  2  0.36
 2  61.05  0.95  1  2  0.30
 2  64.69  0.42  1  2  0.95
 1  95.31  0.42  1  1  0.69
 2  61.05  0.62  1  2  0.58
 0  67.44  0.33  0  2  0.73
 3  87.33  1.11  1  1  0.98
 3  82.53  0.96  0  3  4.97
 1  98.95  0.62  0  1  1.17
 2  73.90  0.86  1  2  0.48
 0  81.94  0.21  0  0  1.18
 1  95.31  0.42  0  1  0.76
 2  61.05  0.95  0  2  0.65
 0  82.53  0.61  1  0  1.25
 3  67.44  1.24  0  2  0.61
 3  81.94  1.37  0  3  0.90
 1  97.46  0.51  1  1  1.51
 3  72.67  1.11  1  2  0.69
 2  60.30  0.73  0  2  0.58
 0  82.58  0.40  1  0  1.65
 3  70.67  1.30  1  3  0.99
 1  99.70  0.73  1  1  1.01
 2  62.54  0.51  0  2  0.67
 2  64.69  1.16  0  2  1.81
 2  64.69  1.16  1  2  0.86
 0  70.67  0.27  0  2  3.56
 3  67.44  1.24  1  2  0.75
 2  60.30  0.84  0  2  0.73
 3  82.58  1.17  1  3  1.28
 0  89.33  0.27  1  0  3.42
 1  90.98  0.57  0  1  0.61
 0  77.47  0.61  0  0  2.10
 1  99.70  0.84  1  1  0.56
 1  97.46  1.06  1  1  0.71
 3  92.56  1.24  0  3  0.95
 2  64.69  0.42  0  2  0.53
 0  78.06  0.21  0  0  2.09
 3  74.25  1.34  0  3  0.85
 0  67.44  0.33  1  2  0.90
 0  85.75  0.23  1  0  1.21
 1  86.10  0.71  0  0  2.12
 1  92.95  0.86  0  1  0.64
 2  69.02  1.00  1  2  0.67
 3  81.94  1.37  1  3  0.41
 0  92.56  0.33  0  3  0.53
 3  78.06  1.37  0  3  0.98
 1  92.95  0.71  1  1  0.74
 1  92.95  0.86  1  1  0.69
 1  95.31  1.16  1  1  0.99
 0  81.94  0.21  1  0  3.87
 0  89.33  0.27  0  0  5.44
 2  61.05  0.62  0  2  0.93
 2  67.05  0.86  0  2  0.64
 0  82.53  0.61  0  0  5.57
 3  85.75  1.34  1  3  0.78
 0  72.67  0.46  0  0  1.87
 0  77.42  0.40  1  0  1.78
 3  85.75  1.34  0  3  0.78
 0  87.33  0.46  1  0  1.59
 1  97.46  0.51  0  1  0.75
 1  86.10  0.86  0  3  4.33
 3  77.47  0.96  1  3  5.57
 3  89.33  1.30  0  3  0.58
 0  77.47  0.61  1  0  1.18
 0  72.67  0.46  1  0  0.83
 2  62.54  0.51  1  2  0.85
 2  69.02  0.57  1  2  2.10
 2  67.05  0.71  0  2  0.55
 0  78.06  0.21  1  0  1.39
 1  97.46  1.06  0  1  0.72
 1  86.10  0.86  1  1  3.24
 2  73.90  0.86  0  0  2.12
 2  73.90  0.71  1  2  0.76
 1  95.31  1.16  0  1  0.77
 0  74.25  0.23  0  0  0.79
 1  99.70  0.84  0  1  0.70
 3  70.67  1.30  0  3  0.81
 0  85.75  0.23  0  1  1.02
 2  73.90  0.71  0  0  1.20
 0  82.58  0.40  0  1  1.20
 3  77.42  1.17  0  3  1.10
 1  98.95  0.95  1  1  0.81
 1  92.95  0.71  0  1  1.45
 0  92.56  0.33  1  1  0.93
 3  74.25  1.34  1  2  0.78
 3  77.42  1.17  1  2  1.62
 0  74.25  0.23  1  0  1.49
 3  92.56  1.24  1  3  1.81
 1  98.95  0.62  1  1  0.84
 2  69.02  1.00  0  2  2.27
 2  67.05  0.86  1  2  0.67
 2  62.54  1.06  0  2  0.60
 3  78.06  1.37  1  3  0.85
 3  87.33  1.11  0  3  5.14
 1  86.10  0.71  1  1  0.81
 2  67.05  0.71  1  2  1.16
 2  62.54  1.06  1  2  0.66
 2  69.02  0.57  0  2  5.04
 0  77.42  0.40  0  0  2.59
 3  72.67  1.11  0  3  1.06
 1  90.98  1.00  1  1  2.94
 1  99.70  0.73  0  1  0.74
 0  70.67  0.27  1  0  0.62
 1  90.98  1.00  0  1  0.58
 3  89.33  1.30  1  3  1.62
 2  60.30  0.84  1  2  0.55
 3  78.06  1.37  0  3  1.38
 2  64.69  0.42  1  2  1.94
 1  98.95  0.62  1  1  0.44
 1  98.95  0.62  0  1  0.87
 2  69.02  0.57  1  2  0.71
 1  97.46  1.06  0  1  2.26
 0  87.33  0.46  1  1  2.18
 2  62.54  0.51  1  2  0.88
 0  72.67  0.46  1  2  8.01
 1  92.95  0.71  1  1  2.42
 1  95.31  0.42  1  1  0.69
 1  90.98  0.57  0  0  1.27
 1  95.31  1.16  0  3  0.93
 1  92.95  0.86  1  1  1.29
 2  69.02  0.57  0  2  0.77
 3  87.33  1.11  1  3  0.78
 2  64.69  1.16  1  2  2.17
 2  61.05  0.62  0  2  0.61
 2  73.90  0.71  1  2  2.54
 0  92.56  0.33  0  1  1.64
 0  72.67  0.46  0  2  3.55
 3  67.44  1.24  0  3  0.73
 2  69.02  1.00  1  3  0.63
 2  67.05  0.86  0  2  0.92
 2  64.69  0.42  0  2  0.52
 1  92.95  0.86  0  1  0.72
 3  82.53  0.96  1  1  3.91
 2  60.30  0.73  0  2  0.60
 0  77.42  0.40  1  0  1.73
 3  72.67  1.11  1  2  1.63
 3  81.94  1.37  0  3  0.73
 3  82.58  1.17  1  3  1.31
 3  82.53  0.96  0  3  1.59
 0  70.67  0.27  1  0  5.64
 2  64.69  1.16  0  3  1.32
 2  69.02  1.00  0  2  1.09
 0  77.47  0.61  1  0  1.84
 1  95.31  0.42  0  1  0.81
 3  89.33  1.30  0  3  0.81
 0  67.44  0.33  0  2  2.25
 3  85.75  1.34  1  3  0.91
 3  70.67  1.30  0  2  1.85
 1  90.98  1.00  1  1  1.77
 2  60.30  0.84  0  2  0.67
 2  67.05  0.71  1  2  3.67
 2  62.54  1.06  0  2  2.78
 2  67.05  0.86  1  2  0.59
 1  97.46  0.51  0  1  0.81
 0  92.56  0.33  1  1  0.52
 1  99.70  0.84  1  1  0.61
 3  92.56  1.24  0  1  1.28
 0  85.75  0.23  1  0  1.18
 2  60.30  0.73  1  2  0.61
 3  78.06  1.37  1  3  1.00
 0  77.47  0.61  0  0  1.83
 3  81.94  1.37  1  3  1.02
 2  73.90  0.86  0  2  7.00
 3  77.42  1.17  0  3  1.77
 2  61.05  0.95  1  2  0.55
 0  74.25  0.23  0  0  1.25
 1  90.98  0.57  1  1  0.63
 3  85.75  1.34  0  3  0.95
 1  86.10  0.71  0  1  2.39
 0  70.67  0.27  0  0  2.31
 0  85.75  0.23  0  0  1.44
 3  77.42  1.17  1  3  2.33
 0  82.53  0.61  0  0  3.66
 1  98.95  0.95  1  1  1.27
 3  89.33  1.30  1  1  1.38
 0  78.06  0.21  1  0  0.82
 3  82.58  1.17  0  3  0.43
 1  99.70  0.73  0  1  0.92
 3  74.25  1.34  1  3  1.68
 2  73.90  0.86  1  3  4.72
 3  70.67  1.30  1  2  0.52
 0  74.25  0.23  1  0  1.40
 2  61.05  0.62  1  2  0.59
 1  98.95  0.95  0  1  0.73
 1  86.10  0.71  1  0  1.26
 0  89.33  0.27  0  0  3.35
 0  77.42  0.40  0  0  0.88
 0  82.53  0.61  1  1  2.91
 0  82.58  0.40  0  0  0.76
 3  77.47  0.96  1  3  1.92
 3  74.25  1.34  0  3  1.33
 1  97.46  1.06  1  1  1.53
 3  72.67  1.11  0  3  1.12
 3  87.33  1.11  0  3  1.29
 1  90.98  1.00  0  1  3.19
 1  97.46  0.51  1  1  1.15
 0  87.33  0.46  0  0  2.17
 1  92.95  0.71  0  1  1.38
 0  78.06  0.21  0  0  1.29
 2  61.05  0.95  0  2  0.79
 2  62.54  1.06  1  2  0.34
 2  67.05  0.71  0  2  0.38
 2  62.54  0.51  0  2  0.43
 1  99.70  0.73  1  1  1.13
 2  60.30  0.84  1  2  0.55
 1  95.31  1.16  1  3  1.45
 3  67.44  1.24  1  3  0.91
 1  86.10  0.86  1  1  4.16
 0  89.33  0.27  1  0  3.35
 0  67.44  0.33  1  2  1.05
 2  73.90  0.71  0  3  1.71
 0  82.58  0.40  1  0  2.33
 0  81.94  0.21  0  0  1.39
 1  99.70  0.84  0  1  0.81
 3  92.56  1.24  1  3  0.98
 1  86.10  0.86  0  3  1.38
 3  77.47  0.96  0  3  0.90
 0  81.94  0.21  1  0  1.27
 1  90.98  0.57  0  1  4.59
 3  89.33  1.30  0  3  0.91
 2  62.54  0.51  0  2  0.33
 3  78.06  1.37  0  3  0.78
 0  82.53  0.61  1  0  1.47
 2  60.30  0.73  1  2  0.70
 1  95.31  0.42  1  1  1.63
 0  67.44  0.33  0  2  1.67
 1  99.70  0.84  0  1  1.13
 3  74.25  1.34  1  3  0.80
 3  72.67  1.11  0  3  2.32
 1  92.95  0.71  0  1  0.73
 1  98.95  0.95  0  1  1.14
 0  85.75  0.23  0  0  2.10
 0  78.06  0.21  0  0  0.82
 1  98.95  0.95  1  1  0.94
 2  61.05  0.62  1  2  0.85
 0  87.33  0.46  0  0  1.38
 1  99.70  0.73  0  1  0.53
 3  77.47  0.96  0  0  3.48
 0  81.94  0.21  0  0  1.28
 1  92.95  0.86  1  1  1.24
 0  72.67  0.46  0  0  2.26
 1  86.10  0.86  0  0  3.65
 3  89.33  1.30  1  3  0.90
 1  86.10  0.86  1  0  1.34
 2  61.05  0.95  1  2  0.70
 1  97.46  0.51  0  1  0.69
 2  67.05  0.86  1  2  0.67
 0  85.75  0.23  1  0  1.98
 2  62.54  1.06  0  2  0.62
 0  67.44  0.33  1  2  1.54
 0  70.67  0.27  0  0  3.70
 1  95.31  1.16  0  1  0.49
 0  87.33  0.46  1  1  1.38
 1  97.46  1.06  0  1  0.84
 0  82.53  0.61  0  1  3.46
 3  67.44  1.24  1  2  0.50
 1  95.31  1.16  1  1  2.14
 2  61.05  0.95  0  2  0.73
 0  74.25  0.23  1  0  1.02
 3  67.44  1.24  0  3  1.34
 3  92.56  1.24  1  3  0.88
 0  77.42  0.40  0  0  0.98
 2  60.30  0.84  0  2  0.71
 0  70.67  0.27  1  0  1.43
 3  81.94  1.37  1  3  0.73
 3  82.53  0.96  1  3  2.38
 1  92.95  0.71  1  1  1.08
 1  99.70  0.73  1  1  0.59
 1  95.31  0.42  0  1  1.90
 2  69.02  0.57  1  0  3.94
 2  62.54  0.51  1  2  0.53
 0  74.25  0.23  0  0  1.46
 0  81.94  0.21  1  0  0.98
 0  72.67  0.46  1  0  1.28
 1  97.46  1.06  1  3  0.81
 0  82.58  0.40  1  1  2.20
 3  87.33  1.11  1  1  0.47
 2  73.90  0.86  1  3  0.85
 3  77.42  1.17  1  3  0.91
 2  61.05  0.62  0  2  0.50
 2  62.54  1.06  1  2  0.43
 2  64.69  0.42  0  2  1.38
 3  77.47  0.96  1  3  0.90
 0  89.33  0.27  0  1  1.20
 3  87.33  1.11  0  1  0.39
 3  70.67  1.30  0  3  1.32
 3  70.67  1.30  1  3  1.16
 3  81.94  1.37  0  3  0.86
 1  92.95  0.86  0  1  1.12
 3  78.06  1.37  1  3  0.91
 3  82.58  1.17  1  3  0.92
 2  73.90  0.71  1  0  3.63
 2  69.02  1.00  0  2  0.82
 3  85.75  1.34  1  3  0.70
 1  99.70  0.84  1  1  1.87
 2  60.30  0.73  0  2  0.62
 0  92.56  0.33  1  0  3.53
 0  89.33  0.27  1  0  0.52
 2  64.69  1.16  0  2  0.65
 3  72.67  1.11  1  3  1.02
 2  73.90  0.71  0  2  1.64
 3  82.58  1.17  0  3  0.67
 1  90.98  1.00  0  1  2.00
 2  60.30  0.84  1  2  0.80
 1  90.98  0.57  1  1  1.40
 0  78.06  0.21  1  0  0.66
 2  64.69  0.42  1  2  1.21
 1  86.10  0.71  1  1  1.88
 3  74.25  1.34  0  3  0.83
 1  97.46  0.51  1  1  1.09
 2  67.05  0.71  0  2  0.48
 2  69.02  1.00  1  3  2.13
 0  77.47  0.61  0  0  1.70
 3  82.53  0.96  0  0  2.31
 1  98.95  0.62  1  1  0.72
 2  67.05  0.71  1  2  0.78
 1  86.10  0.71  0  0  2.53
 3  77.42  1.17  0  3  0.40
 0  77.42  0.40  1  0  0.92
 1  98.95  0.62  0  1  0.65
 3  92.56  1.24  0  3  0.77
 0  77.47  0.61  1  0  3.13
 0  82.58  0.40  0  0  1.75
 2  69.02  0.57  0  2  2.25
 2  73.90  0.86  0  3  0.95
 2  67.05  0.86  0  2  0.82
 2  64.69  1.16  1  2  0.51
 1  90.98  1.00  1  3  1.09
 0  92.56  0.33  0  1  1.24
 3  85.75  1.34  0  3  0.69
