 1  89.33  0.27  0  1  4.26
 3  77.47  0.61  1  1  3.44
 3  73.90  0.71  1  3  1.88
 0  99.70  0.73  0  2  3.39
 3  70.67  0.27  1  1  4.12
 0  98.95  0.95  0  2  2.80
 3  82.58  0.40  1  3  1.98
 2  72.67  1.11  1  1  2.10
 1  67.44  0.33  0  0  4.28
 3  78.06  0.21  1  0  2.52
 2  82.58  1.17  1  2  2.79
 0  92.95  0.71  0  3  3.39
 0  72.67  1.11  0  2  4.13
 1  61.05  0.62  0  2  2.88
 0  67.44  1.24  0  1  1.33
 2  90.98  1.00  1  3  3.85
 2  78.06  1.37  1  0  2.63
 2  92.95  0.71  1  3  3.67
 0  82.58  1.17  0  2  2.10
 0  98.95  0.62  0  3  1.06
 0  90.98  1.00  0  0  2.10
 3  67.05  0.71  1  1  3.78
 0  86.10  0.71  0  3  4.01
 0  77.47  0.96  0  0  1.40
 3  82.53  0.61  1  3  2.19
 1  64.69  0.42  0  0  1.30
 2  74.25  1.34  1  0  3.77
 3  62.54  0.51  1  3  5.54
 3  62.54  1.06  1  3  5.73
 0  85.75  1.34  0  0  3.48
 2  89.33  1.30  1  3  4.06
 2  92.95  0.86  1  3  1.59
 3  92.56  0.33  1  3  1.33
 0  87.33  1.11  0  0  2.35
 0  97.46  0.51  0  1  3.44
 3  74.25  0.23  1  3  2.03
 0  82.53  0.96  0  0  0.83
 3  64.69  0.42  1  3  2.79
 0  70.67  1.30  0  0  0.82
 2  90.98  0.57  1  3  0.80
 1  74.25  0.23  0  1  4.92
 2  82.53  0.96  1  3  5.36
 2  98.95  0.95  1  2  1.98
 1  77.47  0.61  0  1  1.94
 1  73.90  0.86  0  0  1.37
 0  86.10  0.86  0  1  1.53
 0  92.56  1.24  0  0  1.01
 2  85.75  1.34  1  3  2.19
 0  90.98  0.57  0  0  4.86
 1  92.56  0.33  0  0  0.78
 2  77.47  0.96  1  3  6.25
 2  99.70  0.84  1  3  1.48
 1  67.05  0.86  0  1  3.53
 1  61.05  0.95  0  1  1.72
 1  69.02  1.00  0  1  0.80
 0  81.94  1.37  0  0  1.07
 2  95.31  0.42  1  3  2.62
 1  85.75  0.23  0  1  2.71
 2  95.31  1.16  1  2  1.54
 3  89.33  0.27  1  2  0.62
 1  67.05  0.71  0  0  2.84
 3  87.33  0.46  1  3  4.59
 3  85.75  0.23  1  3  0.76
 3  67.44  0.33  1  2  1.01
 2  98.95  0.62  1  3  0.93
 1  73.90  0.71  0  0  9.04
 3  72.67  0.46  1  2  1.68
 2  67.44  1.24  1  2  1.14
 2  99.70  0.73  1  3  3.89
 2  86.10  0.86  1  3  0.98
 2  87.33  1.11  1  2  0.76
 0  95.31  0.42  0  1  2.17
 1  82.53  0.61  0  0  1.02
 3  69.02  1.00  1  3  6.97
 1  82.58  0.40  0  1  2.39
 1  81.94  0.21  0  1  0.93
 1  72.67  0.46  0  0  0.70
 3  81.94  0.21  1  3  2.60
 2  70.67  1.30  1  2  0.80
 2  81.94  1.37  1  2  0.72
 2  97.46  1.06  1  3  0.59
 2  92.56  1.24  1  3  1.69
 1  60.30  0.84  0  0  1.90
 2  86.10  0.71  1  2  4.60
 3  77.42  0.40  1  2  1.18
 0  92.95  0.86  0  0  1.71
 0  89.33  1.30  0  0  1.25
 1  70.67  0.27  0  1  0.72
 1  77.42  0.40  0  1  1.13
 0  77.42  1.17  0  1  1.63
 0  99.70  0.84  0  0  0.76
 0  95.31  1.16  0  0  1.07
 3  69.02  0.57  1  2  1.67
 3  73.90  0.86  1  3  1.86
 1  64.69  1.16  0  1  2.11
 1  69.02  0.57  0  1  4.59
 1  87.33  0.46  0  0  1.51
 3  60.30  0.73  1  3  4.50
 3  64.69  1.16  1  2  2.85
 3  67.05  0.86  1  3  3.34
 1  60.30  0.73  0  1  6.43
 2  77.42  1.17  1  2  7.67
 1  78.06  0.21  0  0  1.51
 0  97.46  1.06  0  0  1.36
 3  61.05  0.62  1  3  3.48
 1  62.54  1.06  0  1  3.56
 3  61.05  0.95  1  3  3.80
 0  74.25  1.34  0  1  6.39
 1  62.54  0.51  0  1  1.98
 3  60.30  0.84  1  3  1.84
 2  97.46  0.51  1  3  1.15
 0  78.06  1.37  0  0  3.57
 1  67.05  0.86  0  1  2.69
 1  64.69  1.16  0  1  0.53
 0  77.42  1.17  0  1  3.13
 2  97.46  0.51  1  3  1.91
 3  62.54  0.51  1  3  1.06
 3  81.94  0.21  1  2  0.49
 3  60.30  0.84  1  3  1.04
 3  92.56  0.33  1  2  0.90
 1  60.30  0.84  0  1  2.35
 2  70.67  1.30  1  2  2.34
 2  82.58  1.17  1  3  2.08
 1  82.53  0.61  0  0  1.96
 1  78.06  0.21  0  0  1.22
 3  73.90  0.71  1  2  1.39
 0  99.70  0.73  0  0  1.70
 3  67.05  0.71  1  2  1.99
 0  77.47  0.96  0  1  3.70
 3  87.33  0.46  1  2  3.65
 2  90.98  0.57  1  3  1.50
 3  77.42  0.40  1  1 130.51
 0  87.33  1.11  0  1  3.13
 0  82.58  1.17  0  1  1.17
 1  92.56  0.33  0  0  1.22
 3  70.67  0.27  1  2  8.56
 1  72.67  0.46  0  0  2.64
 3  61.05  0.95  1  3  6.68
 1  61.05  0.62  0  1  1.57
 2  92.95  0.71  1  2  1.17
 2  72.67  1.11  1  3  0.63
 3  82.53  0.61  1  2  0.82
 3  77.47  0.61  1  3  3.72
 0  90.98  1.00  0  1  3.51
 1  81.94  0.21  0  1  1.15
 1  85.75  0.23  0  1  0.76
 3  61.05  0.62  1  3  1.50
 1  69.02  1.00  0  0  0.97
 0  89.33  1.30  0  0  0.72
 2  99.70  0.73  1  3  1.54
 1  70.67  0.27  0  1  1.03
 0  72.67  1.11  0  0  0.62
 1  77.47  0.61  0  1  0.89
 1  89.33  0.27  0  1  0.95
 2  77.42  1.17  1  2  1.65
 1  69.02  0.57  0  1  0.97
 1  62.54  0.51  0  1  0.83
 2  89.33  1.30  1  2  1.25
 2  97.46  1.06  1  3  1.41
 1  73.90  0.86  0  1  1.66
 0  90.98  0.57  0  1  0.65
 0  85.75  1.34  0  0  0.72
 3  85.75  0.23  1  3  1.73
 3  64.69  1.16  1  2  1.32
 0  67.44  1.24  0  0  2.08
 1  77.42  0.40  0  1  1.89
 0  99.70  0.84  0  1  2.29
 1  62.54  1.06  0  0  1.06
 2  67.44  1.24  1  2  1.50
 1  60.30  0.73  0  1  1.61
 3  69.02  0.57  1  3  1.24
 3  89.33  0.27  1  3  1.01
 2  95.31  0.42  1  3  0.63
 2  98.95  0.95  1  2  1.33
 2  98.95  0.62  1  3  0.66
 3  64.69  0.42  1  3  0.75
 2  86.10  0.86  1  2  1.11
 2  81.94  1.37  1  2  0.88
 0  97.46  1.06  0  0  1.80
 0  95.31  0.42  0  1  1.22
 1  87.33  0.46  0  1  3.32
 2  86.10  0.71  1  2  2.82
 2  77.47  0.96  1  2  1.15
 0  97.46  0.51  0  1  1.41
 2  87.33  1.11  1  3  1.85
 2  95.31  1.16  1  2  1.18
 2  78.06  1.37  1  2  0.80
 0  92.56  1.24  0  0  1.67
 0  78.06  1.37  0  0  1.01
 0  86.10  0.86  0  1  0.94
 0  70.67  1.30  0  0  0.78
 0  82.53  0.96  0  0  2.08
 1  67.05  0.71  0  1  1.40
 0  74.25  1.34  0  0  0.91
 0  92.95  0.71  0  0  1.65
 2  85.75  1.34  1  2  2.24
 0  98.95  0.95  0  0  2.41
 1  64.69  0.42  0  1  1.20
 2  92.56  1.24  1  2  1.40
 3  69.02  1.00  1  2  1.54
 2  74.25  1.34  1  2  0.81
 3  82.58  0.40  1  3  1.14
 3  67.44  0.33  1  3  0.53
 1  67.44  0.33  0  1  2.11
 2  82.53  0.96  1  2  1.40
 1  82.58  0.40  0  0  3.36
 2  92.95  0.86  1  2  1.58
 2  99.70  0.84  1  3  1.13
 3  60.30  0.73  1  3  1.09
 3  62.54  1.06  1  2  1.47
 3  78.06  0.21  1  3  1.47
 0  86.10  0.71  0  0  2.26
 2  90.98  1.00  1  2  0.86
 3  67.05  0.86  1  2  1.99
 0  95.31  1.16  0  0  1.89
 1  74.25  0.23  0  1  1.26
 0  92.95  0.86  0  0  0.91
 3  73.90  0.86  1  3  1.17
 3  74.25  0.23  1  2  1.80
 1  61.05  0.95  0  1  3.53
 0  81.94  1.37  0  0  0.90
 3  72.67  0.46  1  3  3.13
 0  98.95  0.62  0  0  4.53
 1  73.90  0.71  0  1  1.35
 3  82.58  0.40  1  3  3.35
 1  77.42  0.40  0  1  1.01
 1  89.33  0.27  0  0  1.37
 1  87.33  0.46  0  1  2.40
 2  98.95  0.62  1  2  2.69
 1  67.05  0.86  0  1  3.38
 1  64.69  1.16  0  0  1.06
 1  69.02  1.00  0  1  0.84
 0  92.95  0.71  0  0  2.36
 2  98.95  0.95  1  2  2.49
 0  95.31  1.16  0  0  2.82
 0  67.44  1.24  0  1  1.77
 2  95.31  1.16  1  2  1.25
 3  67.44  0.33  1  3  2.69
 1  67.44  0.33  0  1  2.37
 0  97.46  1.06  0  0  2.34
 2  87.33  1.11  1  3  5.87
 1  73.90  0.71  0  1  2.23
 0  70.67  1.30  0  0  1.58
 1  73.90  0.86  0  1  1.46
 0  97.46  0.51  0  0  0.86
 0  89.33  1.30  0  0  1.97
 3  82.53  0.61  1  3  1.94
 0  77.47  0.96  0  1  1.46
 1  78.06  0.21  0  0  1.16
 2  72.67  1.11  1  3  1.40
 0  99.70  0.84  0  0  1.12
 3  62.54  0.51  1  3  3.78
 2  92.95  0.86  1  2  2.06
 3  81.94  0.21  1  2  1.67
 1  82.58  0.40  0  1  1.89
 1  85.75  0.23  0  0  0.94
 0  87.33  1.11  0  1  2.03
 3  67.05  0.86  1  3  1.93
 1  62.54  1.06  0  1  2.24
 3  62.54  1.06  1  3  1.62
 1  64.69  0.42  0  1  1.36
 2  67.44  1.24  1  3  2.19
 0  72.67  1.11  0  1  1.24
 2  81.94  1.37  1  2  3.44
 3  60.30  0.84  1  3  1.37
 1  62.54  0.51  0  1  1.31
 2  86.10  0.86  1  3  2.66
 3  87.33  0.46  1  3  1.86
 1  82.53  0.61  0  1  3.23
 3  72.67  0.46  1  3  1.69
 3  73.90  0.86  1  3  1.40
 2  97.46  1.06  1  2  0.98
 0  85.75  1.34  0  0  2.31
 0  82.53  0.96  0  1  1.72
 1  69.02  0.57  0  1  2.24
 0  98.95  0.62  0  0  0.76
 1  72.67  0.46  0  1  0.90
 1  67.05  0.71  0  1  0.73
 0  95.31  0.42  0  0  0.81
 0  74.25  1.34  0  1  1.87
 3  77.47  0.61  1  3  1.42
 2  82.58  1.17  1  2  2.92
 0  82.58  1.17  0  1  2.13
 1  60.30  0.73  0  1  0.78
 0  92.56  1.24  0  0  0.86
 3  64.69  0.42  1  3  2.10
 0  78.06  1.37  0  0  4.48
 0  86.10  0.71  0  0  1.19
 1  74.25  0.23  0  1  0.93
 3  77.42  0.40  1  2  4.57
 2  92.56  1.24  1  2  2.22
 1  61.05  0.95  0  1  1.15
 2  99.70  0.84  1  2  0.95
 2  90.98  1.00  1  2  0.90
 1  92.56  0.33  0  0  1.26
 1  70.67  0.27  0  1  1.61
 3  61.05  0.62  1  3  1.26
 0  98.95  0.95  0  0  1.51
 2  97.46  0.51  1  3  1.02
 3  89.33  0.27  1  2  0.68
 3  67.05  0.71  1  3  1.19
 2  74.25  1.34  1  2  1.21
 0  81.94  1.37  0  0  1.68
 1  60.30  0.84  0  1  2.60
 2  85.75  1.34  1  2  4.94
 1  61.05  0.62  0  1  0.92
 0  99.70  0.73  0  0  1.16
 1  81.94  0.21  0  1  0.96
 0  90.98  0.57  0  0  0.72
 0  86.10  0.86  0  0  1.52
 3  73.90  0.71  1  3  1.43
 3  70.67  0.27  1  3  1.20
 2  99.70  0.73  1  2  0.78
 2  78.06  1.37  1  3  1.10
 0  90.98  1.00  0  1  1.99
 3  60.30  0.73  1  3  1.46
 3  61.05  0.95  1  3  0.64
 2  70.67  1.30  1  2  1.31
 1  77.47  0.61  0  1  1.44
 2  77.42  1.17  1  2  1.47
 2  89.33  1.30  1  2  0.84
 3  64.69  1.16  1  3  1.86
 3  74.25  0.23  1  3  1.06
 0  92.95  0.86  0  0  2.26
 3  78.06  0.21  1  3  1.40
 0  77.42  1.17  0  1  2.28
 2  77.47  0.96  1  3  1.45
 3  69.02  0.57  1  3  0.66
 3  85.75  0.23  1  2  0.64
 3  69.02  1.00  1  3  0.51
 2  92.95  0.71  1  2  1.25
 2  86.10  0.71  1  3  1.98
 2  95.31  0.42  1  2  0.79
 2  90.98  0.57  1  2  2.46
 3  92.56  0.33  1  2  0.95
 2  82.53  0.96  1  3  1.85
 2  98.95  0.95  1  2  4.11
 3  62.54  1.06  1  3  2.25
 1  89.33  0.27  0  0  1.76
 1  85.75  0.23  0  1  1.10
 1  92.56  0.33  0  0  3.23
 0  67.44  1.24  0  0  1.66
 0  90.98  0.57  0  0  0.71
 2  95.31  0.42  1  2  1.70
 1  73.90  0.71  0  1  1.74
 1  64.69  1.16  0  1  4.71
 0  98.95  0.95  0  0  1.78
 0  82.58  1.17  0  1  3.22
 3  78.06  0.21  1  3  1.71
 0  92.95  0.86  0  0  1.69
 1  64.69  0.42  0  1  0.94
 2  97.46  0.51  1  2  1.14
 0  95.31  0.42  0  0  0.92
 1  77.47  0.61  0  1  1.06
 3  69.02  1.00  1  3  2.68
 2  92.95  0.71  1  2  1.31
 2  89.33  1.30  1  2  2.88
 1  62.54  1.06  0  1  1.09
 3  82.58  0.40  1  3  1.20
 0  99.70  0.84  0  0  1.39
 2  98.95  0.62  1  2  1.19
 3  74.25  0.23  1  3  2.07
 2  90.98  0.57  1  2  1.18
 0  72.67  1.11  0  1  2.33
 0  74.25  1.34  0  0  1.02
 3  73.90  0.86  1  3  5.86
 1  61.05  0.62  0  1  1.00
 0  89.33  1.30  0  0  0.99
 1  61.05  0.95  0  1  0.92
 1  72.67  0.46  0  1  0.91
 0  77.42  1.17  0  0  2.44
 0  78.06  1.37  0  0  0.98
 0  85.75  1.34  0  0  1.03
 0  70.67  1.30  0  1  1.92
 2  82.53  0.96  1  3  2.69
 0  90.98  1.00  0  0  1.05
 1  62.54  0.51  0  1  0.86
 0  97.46  1.06  0  0  0.97
 2  87.33  1.11  1  2  1.65
 2  77.42  1.17  1  2  1.92
 0  81.94  1.37  0  0  1.19
 2  86.10  0.86  1  3  2.77
 1  67.44  0.33  0  1  1.24
 3  92.56  0.33  1  2  1.35
 3  62.54  0.51  1  3  1.37
 2  95.31  1.16  1  2  1.17
 0  77.47  0.96  0  1  6.07
 3  60.30  0.84  1  3  1.53
 3  77.42  0.40  1  3  1.67
 2  82.58  1.17  1  2  1.28
 2  77.47  0.96  1  3  1.42
 3  77.47  0.61  1  3  0.94
 2  78.06  1.37  1  2  1.11
 1  82.53  0.61  0  1  2.37
 1  77.42  0.40  0  1  1.04
 1  78.06  0.21  0  1  0.85
 3  67.44  0.33  1  3  1.01
 3  81.94  0.21  1  2  2.16
 3  87.33  0.46  1  2  0.99
 1  60.30  0.73  0  1  1.37
 1  67.05  0.71  0  1  0.94
 1  69.02  1.00  0  1  1.63
 0  97.46  0.51  0  0  1.18
 1  82.58  0.40  0  0  1.08
 3  70.67  0.27  1  3 27.64
 1  74.25  0.23  0  1  1.51
 0  95.31  1.16  0  2  3.39
 2  85.75  1.34  1  2  0.78
 0  92.56  1.24  0  0  0.67
 0  86.10  0.86  0  1  1.80
 3  64.69  0.42  1  3  2.59
 1  81.94  0.21  0  1  1.89
 3  82.53  0.61  1  3  1.94
 1  67.05  0.86  0  1  1.06
 2  99.70  0.84  1  2  1.12
 3  61.05  0.62  1  3  1.41
 1  73.90  0.86  0  1  1.62
 2  67.44  1.24  1  2  3.02
 2  99.70  0.73  1  2  1.27
 0  92.95  0.71  0  0  1.96
 1  69.02  0.57  0  1  1.49
 2  74.25  1.34  1  2  1.60
 3  72.67  0.46  1  3  2.72
 2  92.56  1.24  1  2  1.15
 3  64.69  1.16  1  3  3.68
 0  99.70  0.73  0  0  1.11
 2  70.67  1.30  1  2 31.48
 2  72.67  1.11  1  3  1.62
 3  85.75  0.23  1  2  1.35
 3  61.05  0.95  1  3  1.04
 3  60.30  0.73  1  3  1.55
 1  70.67  0.27  0  1  1.18
 2  97.46  1.06  1  2  1.07
 3  67.05  0.71  1  3  1.48
 2  86.10  0.71  1  3  1.72
 2  92.95  0.86  1  2  1.47
 3  89.33  0.27  1  3  1.37
 2  90.98  1.00  1  2  1.80
 0  86.10  0.71  0  1  1.89
 2  81.94  1.37  1  2  1.35
 3  73.90  0.71  1  3  1.16
 1  60.30  0.84  0  1  1.20
 0  82.53  0.96  0  0  1.32
 1  87.33  0.46  0  0  1.98
 3  69.02  0.57  1  3  1.16
 3  67.05  0.86  1  3  1.98
 0  98.95  0.62  0  0  2.56
 0  87.33  1.11  0  0  1.61
 2  92.95  0.71  1  2  2.05
 0  86.10  0.71  0  1  1.69
 1  60.30  0.84  0  1  1.17
 1  73.90  0.86  0  1  1.63
 1  67.44  0.33  0  1  1.08
 0  92.95  0.86  0  0  0.82
 2  92.95  0.86  1  2  0.87
 1  62.54  0.51  0  1  0.83
 0  90.98  1.00  0  0  0.77
 0  98.95  0.62  0  0  0.73
 0  77.47  0.96  0  1  0.77
 2  90.98  0.57  1  2  1.78
 1  69.02  1.00  0  1  1.99
 0  78.06  1.37  0  0  0.85
 2  81.94  1.37  1  2  3.95
 0  92.56  1.24  0  0  1.38
 3  69.02  0.57  1  3  1.88
 1  73.90  0.71  0  1  1.97
 2  74.25  1.34  1  2 23.77
 3  69.02  1.00  1  3  1.03
 1  64.69  1.16  0  1  1.43
 0  97.46  1.06  0  0  1.17
 2  92.56  1.24  1  2  2.20
 1  67.05  0.71  0  1  0.91
 0  98.95  0.95  0  0  0.88
 3  67.05  0.86  1  3  1.79
 0  77.42  1.17  0  0  2.11
 0  97.46  0.51  0  0  1.07
 3  89.33  0.27  1  2  1.92
 3  78.06  0.21  1  3  1.18
 3  72.67  0.46  1  3  0.94
 0  90.98  0.57  0  0  0.99
 1  77.42  0.40  0  1  1.91
 3  67.05  0.71  1  3  1.21
 1  69.02  0.57  0  1  0.92
 0  82.53  0.96  0  0  0.81
 3  87.33  0.46  1  2  1.10
 2  95.31  1.16  1  2  0.92
 1  85.75  0.23  0  1  1.85
 1  64.69  0.42  0  1  0.86
 2  82.53  0.96  1  2  1.45
 0  72.67  1.11  0  0  1.01
 1  89.33  0.27  0  1  2.51
 1  62.54  1.06  0  1  0.96
 0  74.25  1.34  0  0  0.92
 3  60.30  0.73  1  3  1.28
 2  87.33  1.11  1  2  1.05
 2  70.67  1.30  1  2  1.00
 3  61.05  0.62  1  3  1.24
 1  92.56  0.33  0  1  1.05
 0  81.94  1.37  0  0  0.76
 0  95.31  1.16  0  0  0.87
 2  86.10  0.86  1  2  1.18
 3  70.67  0.27  1  3  1.46
 0  87.33  1.11  0  0  1.20
 2  82.58  1.17  1  2  1.29
 1  70.67  0.27  0  1  1.42
 1  87.33  0.46  0  1  2.60
 0  95.31  0.42  0  0  2.01
 3  82.58  0.40  1  3  1.27
 1  67.05  0.86  0  1  1.31
 1  61.05  0.95  0  1  1.87
 0  85.75  1.34  0  0  1.47
 0  92.95  0.71  0  0  0.95
 3  64.69  0.42  1  3  2.13
 2  98.95  0.95  1  2  1.60
 3  92.56  0.33  1  3  1.13
 1  60.30  0.73  0  1  1.01
 3  73.90  0.71  1  3  1.19
 2  95.31  0.42  1  2  0.96
 3  62.54  0.51  1  3  1.06
 1  74.25  0.23  0  1  0.76
 0  89.33  1.30  0  0  0.91
 2  85.75  1.34  1  2  0.90
 3  77.47  0.61  1  3  1.06
 2  89.33  1.30  1  2  0.95
 0  99.70  0.84  0  0  2.13
 2  78.06  1.37  1  2  1.33
 2  99.70  0.73  1  2  2.26
 2  67.44  1.24  1  2  0.92
 0  99.70  0.73  0  0  1.38
 3  67.44  0.33  1  3  1.71
 3  73.90  0.86  1  3  1.17
 2  77.42  1.17  1  2  0.93
 1  82.53  0.61  0  1  0.83
 2  86.10  0.71  1  3  1.14
 3  60.30  0.84  1  3  1.45
 1  61.05  0.62  0  1  1.04
 0  82.58  1.17  0  0  1.05
 1  81.94  0.21  0  1  1.08
 2  90.98  1.00  1  2  0.97
 0  86.10  0.86  0  0  1.03
 3  74.25  0.23  1  3  1.42
 2  98.95  0.62  1  2  1.03
 0  70.67  1.30  0  0  4.53
 3  64.69  1.16  1  2  3.94
 2  72.67  1.11  1  3  1.57
 2  77.47  0.96  1  3  1.06
 2  97.46  1.06  1  2  1.03
 3  82.53  0.61  1  3  1.17
 0  67.44  1.24  0  0  1.34
 2  97.46  0.51  1  2  1.01
 2  99.70  0.84  1  2  1.01
 3  77.42  0.40  1  3  1.08
 1  77.47  0.61  0  1  1.09
 1  78.06  0.21  0  1  0.85
 3  62.54  1.06  1  3  1.46
 1  82.58  0.40  0  1  0.92
 3  81.94  0.21  1  3  1.46
 1  72.67  0.46  0  1  0.90
 3  85.75  0.23  1  3  2.25
 3  61.05  0.95  1  3  0.98
