 2  72.67  0.46  1  0  3.48
 2  85.75  0.23  1  1  5.14
 2  62.54  1.06  1  1  3.98
 1  86.10  0.71  0  0  5.32
 2  64.69  0.42  1  2  1.64
 0  60.30  0.84  0  1  2.34
 0  69.02  0.57  0  1  0.99
 3  77.47  0.96  1  2  1.13
 2  70.67  0.27  1  2  1.18
 1  98.95  0.95  0  1  1.87
 1  99.70  0.84  0  1  0.96
 0  89.33  0.27  0  0  1.08
 2  69.02  0.57  1  3  1.55
 3  78.06  1.37  1  3  0.77
 1  82.53  0.96  0  1  1.86
 2  61.05  0.95  1  2  1.34
 2  78.06  0.21  1  2  1.47
 1  67.44  1.24  0  0  1.34
 2  69.02  1.00  1  2  1.44
 2  60.30  0.84  1  2  0.92
 2  82.53  0.61  1  2  1.75
 1  82.58  1.17  0  1  0.90
 2  89.33  0.27  1  0  1.73
 0  92.56  0.33  0  0  0.59
 3  92.95  0.86  1  2  1.14
 0  64.69  1.16  0  1  2.38
 3  99.70  0.84  1  2  1.20
 3  95.31  1.16  1  3  1.38
 3  92.56  1.24  1  3  1.00
 1  99.70  0.73  0  0  3.04
 0  78.06  0.21  0  0  1.16
 2  81.94  0.21  1  2  1.52
 3  90.98  1.00  1  2  1.95
 3  86.10  0.86  1  2  1.11
 0  74.25  0.23  0  0  1.16
 1  95.31  0.42  0  1  0.60
 0  61.05  0.62  0  1  3.72
 3  99.70  0.73  1  2  1.04
 1  90.98  0.57  0  3  1.01
 3  97.46  1.06  1  3  0.73
 2  74.25  0.23  1  2  1.12
 3  87.33  1.11  1  2  1.12
 2  61.05  0.62  1  2  1.08
 0  67.44  0.33  0  0  1.16
 1  90.98  1.00  0  1  1.50
 1  97.46  1.06  0  3  0.79
 3  81.94  1.37  1  3  1.94
 3  70.67  1.30  1  3  1.22
 0  62.54  0.51  0  1  1.62
 3  92.95  0.71  1  2  2.68
 2  67.05  0.86  1  2  1.11
 1  70.67  1.30  0  0  1.41
 3  74.25  1.34  1  2  1.46
 2  67.05  0.71  1  1  1.61
 2  82.58  0.40  1  2  1.12
 0  64.69  0.42  0  0  3.02
 3  82.53  0.96  1  3  1.86
 3  82.58  1.17  1  3  0.68
 3  95.31  0.42  1  2  1.68
 0  72.67  0.46  0  1  2.09
 1  85.75  1.34  0  1  0.77
 0  77.47  0.61  0  0  0.96
 0  82.58  0.40  0  1  2.19
 3  86.10  0.71  1  3  1.43
 0  67.05  0.71  0  0  1.56
 2  77.47  0.61  1  3  2.02
 3  89.33  1.30  1  3  0.73
 2  67.44  0.33  1  2  1.24
 0  73.90  0.71  0  0  1.83
 1  92.56  1.24  0  1  1.05
 2  77.42  0.40  1  2  1.17
 0  82.53  0.61  0  1  1.33
 1  86.10  0.86  0  0  0.97
 1  92.95  0.86  0  1  1.21
 0  60.30  0.73  0  0  1.89
 2  87.33  0.46  1  3  1.66
 2  60.30  0.73  1  2  1.00
 3  72.67  1.11  1  2  1.06
 0  61.05  0.95  0  0  1.19
 2  64.69  1.16  1  2  1.12
 0  77.42  0.40  0  1  1.58
 1  97.46  0.51  0  1  0.81
 1  87.33  1.11  0  1  0.90
 0  62.54  1.06  0  0  0.84
 1  72.67  1.11  0  0  0.68
 0  70.67  0.27  0  1  1.30
 1  78.06  1.37  0  1  0.71
 0  73.90  0.86  0  1  0.76
 2  73.90  0.86  1  0  1.34
 3  98.95  0.62  1  1  1.65
 3  67.44  1.24  1  2  3.45
 2  92.56  0.33  1  3  1.15
 3  77.42  1.17  1  2  0.95
 3  90.98  0.57  1  2  1.40
 1  89.33  1.30  0  1  1.13
 1  81.94  1.37  0  1  1.20
 0  81.94  0.21  0  1  1.22
 0  85.75  0.23  0  0  0.93
 0  67.05  0.86  0  0  1.29
 1  74.25  1.34  0  1  2.06
 0  69.02  1.00  0  1  0.72
 1  98.95  0.62  0  1  0.84
 1  77.47  0.96  0  0  1.57
 0  87.33  0.46  0  1  0.79
 2  62.54  0.51  1  2  1.23
 2  73.90  0.71  1  3  3.81
 3  97.46  0.51  1  3  0.82
 1  77.42  1.17  0  0  1.64
 1  92.95  0.71  0  1  0.74
 3  85.75  1.34  1  3  1.66
 3  98.95  0.95  1  3  0.75
 1  95.31  1.16  0  1  1.25
 2  81.94  0.21  1  2  3.80
 1  82.53  0.96  0  1  1.17
 2  60.30  0.73  1  2  1.29
 2  72.67  0.46  1  2  1.10
 1  92.95  0.86  0  1  0.95
 3  77.42  1.17  1  3  1.69
 1  99.70  0.84  0  1  0.89
 1  85.75  1.34  0  1  0.98
 0  82.58  0.40  0  1  0.80
 1  90.98  1.00  0  1  0.76
 1  99.70  0.73  0  1  0.60
 3  95.31  0.42  1  3  1.70
 1  87.33  1.11  0  1  0.99
 3  99.70  0.73  1  3  1.24
 0  73.90  0.86  0  0  1.22
 0  62.54  0.51  0  0  0.68
 2  70.67  0.27  1  2  1.08
 2  67.44  0.33  1  2  0.87
 3  90.98  0.57  1  3  0.83
 3  78.06  1.37  1  2  1.04
 3  98.95  0.62  1  3  0.89
 3  86.10  0.71  1  3  0.80
 1  92.95  0.71  0  1  1.42
 3  82.53  0.96  1  3  1.62
 2  87.33  0.46  1  3  0.79
 1  77.47  0.96  0  0  1.38
 0  72.67  0.46  0  0  0.90
 2  74.25  0.23  1  2  1.18
 2  69.02  0.57  1  2  4.73
 3  74.25  1.34  1  2  0.90
 3  87.33  1.11  1  3  0.98
 0  60.30  0.73  0  0  1.01
 2  62.54  1.06  1  0  0.89
 3  70.67  1.30  1  2  1.07
 1  95.31  0.42  0  3  0.80
 2  78.06  0.21  1  2  2.03
 0  78.06  0.21  0  0  1.13
 2  82.53  0.61  1  1  1.46
 0  64.69  0.42  0  0  0.73
 3  82.58  1.17  1  3  1.84
 1  97.46  1.06  0  1  0.84
 2  67.05  0.71  1  2  1.65
 0  64.69  1.16  0  0  1.01
 2  64.69  0.42  1  2  1.15
 2  73.90  0.71  1  3  2.70
 0  81.94  0.21  0  1  0.99
 0  77.47  0.61  0  0  0.91
 1  82.58  1.17  0  1  0.83
 2  73.90  0.86  1  3  1.39
 3  90.98  1.00  1  3  1.51
 0  61.05  0.95  0  0  1.34
 0  82.53  0.61  0  0  1.72
 0  67.05  0.86  0  0  0.85
 2  69.02  1.00  1  2  1.88
 3  77.47  0.96  1  3  0.66
 2  85.75  0.23  1  3  1.31
 3  95.31  1.16  1  3  0.97
 1  81.94  1.37  0  1  2.19
 3  92.95  0.86  1  1  0.77
 0  74.25  0.23  0  0  1.32
 3  81.94  1.37  1  3  1.53
 3  72.67  1.11  1  2  0.88
 3  86.10  0.86  1  3  0.67
 3  98.95  0.95  1  3  1.03
 0  67.44  0.33  0  0  1.59
 3  67.44  1.24  1  0  0.85
 0  67.05  0.71  0  0  1.28
 1  92.56  1.24  0  1  0.92
 2  61.05  0.95  1  2  1.69
 3  97.46  0.51  1  3  1.17
 1  86.10  0.71  0  1  1.73
 2  77.42  0.40  1  2  3.21
 0  89.33  0.27  0  1  1.71
 2  77.47  0.61  1  0  1.14
 2  60.30  0.84  1  2  1.17
 2  67.05  0.86  1  2  3.05
 1  98.95  0.62  0  1  1.04
 1  77.42  1.17  0  1  1.79
 1  98.95  0.95  0  1  0.65
 1  78.06  1.37  0  0  1.04
 3  92.95  0.71  1  3  1.34
 0  87.33  0.46  0  1  1.75
 0  62.54  1.06  0  0  1.15
 1  90.98  0.57  0  1  0.88
 0  60.30  0.84  0  0  2.82
 1  70.67  1.30  0  1  2.36
 0  69.02  1.00  0  1  1.92
 2  89.33  0.27  1  3  1.01
 1  72.67  1.11  0  0  1.90
 1  67.44  1.24  0  0  0.82
 2  61.05  0.62  1  2  1.17
 2  82.58  0.40  1  2  1.79
 0  61.05  0.62  0  0  1.31
 3  89.33  1.30  1  3  1.74
 3  92.56  1.24  1  3  0.65
 3  99.70  0.84  1  3  0.92
 1  95.31  1.16  0  1  1.53
 0  69.02  0.57  0  0  1.15
 1  74.25  1.34  0  1  1.26
 0  77.42  0.40  0  0  3.40
 0  92.56  0.33  0  0 18.62
 3  85.75  1.34  1  3  2.73
 3  97.46  1.06  1  3  0.69
 2  92.56  0.33  1  2  1.57
 0  70.67  0.27  0  0  1.48
 1  97.46  0.51  0  1  0.76
 2  62.54  0.51  1  0  0.77
 0  85.75  0.23  0  0  1.49
 0  73.90  0.71  0  1  1.57
 2  64.69  1.16  1  2  1.67
 1  86.10  0.86  0  1  2.45
 1  89.33  1.30  0  1  1.92
 3  95.31  0.42  1  2  2.85
 2  70.67  0.27  1  2  1.17
 3  95.31  1.16  1  3  2.17
 3  92.56  1.24  1  3  0.73
 3  90.98  0.57  1  3  1.12
 0  69.02  0.57  0  0  1.38
 2  61.05  0.95  1  2  1.50
 1  85.75  1.34  0  1  1.32
 1  77.42  1.17  0  1  0.62
 3  77.47  0.96  1  2  1.92
 2  60.30  0.84  1  2  0.84
 2  82.58  0.40  1  2  1.44
 2  64.69  1.16  1  2  0.89
 0  74.25  0.23  0  0  1.94
 2  85.75  0.23  1  3  1.69
 3  99.70  0.73  1  3  1.73
 0  73.90  0.71  0  0  2.64
 1  92.56  1.24  0  1  1.22
 2  61.05  0.62  1  2  0.88
 0  77.47  0.61  0  0  2.21
 0  61.05  0.62  0  0  0.89
 1  67.44  1.24  0  1  2.67
 3  86.10  0.86  1  3  1.17
 0  85.75  0.23  0  1  1.11
 3  86.10  0.71  1  1  1.13
 1  95.31  1.16  0  1  2.38
 2  77.47  0.61  1  3  1.78
 3  89.33  1.30  1  3  1.36
 0  67.44  0.33  0  0  3.16
 3  87.33  1.11  1  3  1.28
 2  69.02  0.57  1  2  1.08
 0  77.42  0.40  0  1  3.18
 1  72.67  1.11  0  1  1.10
 3  85.75  1.34  1  3  2.94
 2  89.33  0.27  1  2  1.65
 0  81.94  0.21  0  0  2.17
 3  82.58  1.17  1  2  2.04
 3  98.95  0.62  1  3  1.93
 0  62.54  1.06  0  0  1.05
 2  62.54  0.51  1  2  1.37
 2  87.33  0.46  1  2  1.80
 3  74.25  1.34  1  2  0.81
 1  92.95  0.86  0  1  1.60
 0  67.05  0.71  0  0  0.96
 3  72.67  1.11  1  2  1.37
 1  90.98  1.00  0  1  1.07
 1  97.46  1.06  0  1  0.85
 1  77.47  0.96  0  0  1.72
 2  82.53  0.61  1  0  1.60
 1  98.95  0.62  0  1  0.94
 3  70.67  1.30  1  2  2.06
 2  67.44  0.33  1  2  0.75
 3  77.42  1.17  1  3  1.44
 3  67.44  1.24  1  3  1.05
 2  69.02  1.00  1  3  0.59
 3  82.53  0.96  1  2  1.65
 1  86.10  0.86  0  1  1.64
 1  70.67  1.30  0  1  2.24
 0  61.05  0.95  0  0  1.09
 3  97.46  1.06  1  3  1.18
 1  97.46  0.51  0  1  1.01
 0  64.69  1.16  0  0  0.88
 3  78.06  1.37  1  3  2.12
 3  92.95  0.71  1  3  1.06
 2  81.94  0.21  1  2  1.08
 1  99.70  0.84  0  1  1.28
 3  90.98  1.00  1  2  2.07
 2  78.06  0.21  1  2  0.85
 1  78.06  1.37  0  1  3.68
 0  72.67  0.46  0  0  1.14
 1  86.10  0.71  0  1  0.87
 0  67.05  0.86  0  0  0.85
 2  92.56  0.33  1  3  1.22
 3  97.46  0.51  1  2  0.90
 1  95.31  0.42  0  0  2.82
 0  60.30  0.73  0  0  0.75
 2  72.67  0.46  1  2  1.56
 0  89.33  0.27  0  1  2.13
 3  98.95  0.95  1  3  1.51
 0  69.02  1.00  0  1  2.35
 0  64.69  0.42  0  0  0.78
 2  60.30  0.73  1  0  0.79
 1  92.95  0.71  0  1  1.39
 1  82.58  1.17  0  1  1.64
 1  98.95  0.95  0  1  2.30
 2  74.25  0.23  1  2  1.30
 1  99.70  0.73  0  1  0.78
 1  74.25  1.34  0  1  2.62
 1  81.94  1.37  0  1  0.86
 2  73.90  0.86  1  2  1.85
 2  62.54  1.06  1  2  0.77
 0  60.30  0.84  0  0  1.24
 2  77.42  0.40  1  2  1.39
 3  99.70  0.84  1  3  1.74
 0  62.54  0.51  0  0  1.62
 0  92.56  0.33  0  1  2.82
 1  89.33  1.30  0  1  0.78
 2  73.90  0.71  1  2  1.70
 0  82.58  0.40  0  0  2.24
 2  67.05  0.71  1  2  1.31
 0  87.33  0.46  0  0  1.26
 1  87.33  1.11  0  1  1.06
 0  82.53  0.61  0  0  0.66
 0  78.06  0.21  0  0  1.34
 1  90.98  0.57  0  1  0.81
 0  73.90  0.86  0  1  2.08
 0  70.67  0.27  0  0  1.39
 3  92.95  0.86  1  3  1.36
 3  81.94  1.37  1  3  0.97
 2  67.05  0.86  1  3  1.08
 1  82.53  0.96  0  1  1.21
 2  64.69  0.42  1  2  0.87
 3  89.33  1.30  1  3  3.38
 3  82.53  0.96  1  2  0.84
 2  69.02  0.57  1  2  0.80
 1  97.46  1.06  0  1  1.35
 1  98.95  0.62  0  1  2.06
 1  67.44  1.24  0  0  1.00
 2  73.90  0.71  1  2  1.80
 3  92.56  1.24  1  3  0.89
 2  64.69  0.42  1  2  1.14
 2  77.47  0.61  1  2  2.55
 1  78.06  1.37  0  1  1.11
 0  77.47  0.61  0  1  1.67
 1  72.67  1.11  0  1  0.93
 1  95.31  0.42  0  0  1.98
 0  82.58  0.40  0  0  0.94
 2  89.33  0.27  1  3  1.67
 2  77.42  0.40  1  3  0.79
 3  86.10  0.86  1  3  0.79
 1  95.31  1.16  0  1  1.15
 1  74.25  1.34  0  1  0.83
 1  81.94  1.37  0  1  1.17
 3  98.95  0.95  1  3  2.12
 3  87.33  1.11  1  3  0.69
 0  64.69  0.42  0  0  4.27
 2  69.02  1.00  1  3  2.30
 0  73.90  0.86  0  0  2.72
 2  61.05  0.95  1  2  1.11
 0  82.53  0.61  0  1  1.24
 1  90.98  0.57  0  1  0.69
 1  82.53  0.96  0  1  0.89
 0  73.90  0.71  0  1  3.75
 1  86.10  0.86  0  1  1.91
 1  86.10  0.71  0  1  0.95
 1  90.98  1.00  0  1  1.13
 2  82.53  0.61  1  0  1.59
 3  85.75  1.34  1  3  1.50
 2  62.54  0.51  1  2  1.42
 2  67.05  0.71  1  2  1.12
 3  99.70  0.73  1  3  1.16
 2  82.58  0.40  1  2  1.88
 3  82.58  1.17  1  3  1.09
 3  70.67  1.30  1  2  1.69
 0  70.67  0.27  0  0  2.48
 0  69.02  0.57  0  1  1.26
 1  77.42  1.17  0  1  1.05
 3  77.42  1.17  1  3  1.38
 1  77.47  0.96  0  2  2.20
 0  61.05  0.95  0  0  3.36
 2  67.44  0.33  1  2  2.05
 3  78.06  1.37  1  3  1.21
 0  60.30  0.84  0  0  1.26
 1  70.67  1.30  0  1  2.83
 2  62.54  1.06  1  2  1.41
 2  87.33  0.46  1  3  0.84
 1  92.95  0.71  0  1  1.03
 3  74.25  1.34  1  2  1.00
 0  69.02  1.00  0  0  1.12
 2  73.90  0.86  1  2  3.81
 2  74.25  0.23  1  2  0.96
 0  61.05  0.62  0  0  0.90
 3  92.95  0.86  1  3  1.43
 0  89.33  0.27  0  1  1.35
 3  97.46  0.51  1  3  1.58
 0  62.54  1.06  0  0  2.48
 1  89.33  1.30  0  1  0.97
 3  86.10  0.71  1  2  1.93
 1  99.70  0.73  0  1  1.10
 0  67.05  0.71  0  0  1.17
 1  99.70  0.84  0  1  3.19
 3  81.94  1.37  1  3  3.46
 2  60.30  0.84  1  2  0.79
 1  85.75  1.34  0  1  1.01
 0  64.69  1.16  0  0  2.47
 0  81.94  0.21  0  0  1.41
 3  77.47  0.96  1  2  2.28
 0  60.30  0.73  0  0  1.30
 3  95.31  1.16  1  3  1.48
 2  92.56  0.33  1  2  1.12
 0  67.05  0.86  0  0  2.13
 1  97.46  0.51  0  1  1.08
 0  92.56  0.33  0  1  0.71
 0  74.25  0.23  0  0  1.42
 3  92.95  0.71  1  3  2.12
 1  98.95  0.95  0  3  0.93
 3  72.67  1.11  1  2  1.02
 2  67.05  0.86  1  2  1.59
 1  92.95  0.86  0  1  1.00
 2  78.06  0.21  1  0  1.17
 0  87.33  0.46  0  1  1.30
 2  85.75  0.23  1  0  0.98
 3  95.31  0.42  1  3  1.40
 1  82.58  1.17  0  1  1.64
 0  85.75  0.23  0  0  1.60
 2  61.05  0.62  1  2  0.94
 3  99.70  0.84  1  2  3.04
 2  70.67  0.27  1  2  0.69
 2  72.67  0.46  1  2  0.88
 2  60.30  0.73  1  2  0.80
 1  87.33  1.11  0  1  1.21
 0  78.06  0.21  0  0  2.20
 3  98.95  0.62  1  3  2.32
 0  62.54  0.51  0  0  1.07
 0  77.42  0.40  0  0  4.35
 3  67.44  1.24  1  3  1.57
 2  64.69  1.16  1  3  1.09
 2  81.94  0.21  1  2  1.19
 3  90.98  0.57  1  3  1.04
 3  90.98  1.00  1  3  0.78
 0  67.44  0.33  0  0  2.88
 3  97.46  1.06  1  3  1.08
 1  92.56  1.24  0  1  1.34
 0  72.67  0.46  0  0  1.08
 0  70.67  0.27  0  0  1.71
 0  87.33  0.46  0  1  0.95
 3  85.75  1.34  1  3  1.54
 0  60.30  0.73  0  0  1.32
 1  77.42  1.17  0  1  1.22
 1  92.95  0.86  0  1  1.21
 0  61.05  0.95  0  0  1.42
 0  69.02  1.00  0  0  0.62
 2  81.94  0.21  1  2  2.57
 3  89.33  1.30  1  3  0.76
 2  64.69  1.16  1  3  1.61
 1  90.98  0.57  0  1  1.26
 2  69.02  0.57  1  2  1.19
 0  69.02  0.57  0  0  3.75
 1  67.44  1.24  0  1  0.85
 2  69.02  1.00  1  3  2.12
 2  62.54  1.06  1  2  0.75
 1  72.67  1.11  0  0  3.16
 3  99.70  0.73  1  3  1.20
 3  82.53  0.96  1  3  2.03
 3  72.67  1.11  1  2  1.56
 1  74.25  1.34  0  1  1.47
 1  95.31  0.42  0  1  1.00
 2  85.75  0.23  1  2  2.23
 1  99.70  0.73  0  1  1.21
 1  85.75  1.34  0  0  2.67
 0  72.67  0.46  0  0  3.19
 1  95.31  1.16  0  1  1.08
 2  61.05  0.95  1  2  1.12
 0  92.56  0.33  0  1  1.43
 3  95.31  0.42  1  2  2.44
 0  67.05  0.71  0  0  1.27
 3  78.06  1.37  1  3  1.75
 3  97.46  1.06  1  3  2.27
 3  77.47  0.96  1  3  1.60
 3  86.10  0.71  1  1  5.20
 0  89.33  0.27  0  1  1.03
 0  67.44  0.33  0  0  0.88
 1  86.10  0.86  0  1  0.95
 0  78.06  0.21  0  0  1.99
 2  73.90  0.86  1  2  1.23
 0  67.05  0.86  0  0  1.00
 2  64.69  0.42  1  2  0.97
 2  77.47  0.61  1  3  1.55
 0  81.94  0.21  0  0  2.45
 3  82.58  1.17  1  3  2.36
 0  73.90  0.71  0  1  3.92
 0  82.58  0.40  0  1  0.73
 1  97.46  1.06  0  1  0.77
 3  74.25  1.34  1  2  2.90
 2  67.05  0.86  1  2  0.92
 3  77.42  1.17  1  3  0.82
 0  77.42  0.40  0  0  2.68
 2  67.44  0.33  1  2  2.73
 2  92.56  0.33  1  3  1.88
 3  92.95  0.86  1  3  1.13
 2  77.42  0.40  1  2  1.45
 0  61.05  0.62  0  0  1.16
 2  60.30  0.73  1  2  1.05
 3  70.67  1.30  1  3  0.80
 0  62.54  1.06  0  1  1.71
 3  98.95  0.62  1  3  1.23
 3  86.10  0.86  1  3  1.46
 1  97.46  0.51  0  1  0.91
 2  82.53  0.61  1  1  0.67
 3  95.31  1.16  1  1  1.04
 0  60.30  0.84  0  0  0.88
 1  98.95  0.62  0  1  1.31
 2  74.25  0.23  1  0  3.12
 1  99.70  0.84  0  1  0.78
 0  74.25  0.23  0  0  1.49
 1  90.98  1.00  0  1  1.09
 3  99.70  0.84  1  3  1.36
 3  92.56  1.24  1  3  0.78
 1  89.33  1.30  0  1  1.64
 0  82.53  0.61  0  1  1.57
 2  78.06  0.21  1  0  1.11
 0  85.75  0.23  0  0  1.48
 2  89.33  0.27  1  2  2.34
 0  64.69  0.42  0  0  0.84
 2  67.05  0.71  1  2  1.00
 3  98.95  0.95  1  3  1.18
 2  73.90  0.71  1  2  1.57
 1  70.67  1.30  0  1  2.94
 1  92.95  0.71  0  1  0.83
 3  90.98  0.57  1  1  0.85
 2  87.33  0.46  1  3  1.47
 3  81.94  1.37  1  3  1.21
 1  86.10  0.71  0  1  1.19
 0  62.54  0.51  0  0  1.61
 1  82.53  0.96  0  1  0.93
 3  97.46  0.51  1  3  1.03
 2  82.58  0.40  1  2  1.66
 1  77.47  0.96  0  0  2.48
 0  77.47  0.61  0  1  1.51
 1  92.56  1.24  0  1  0.84
 0  73.90  0.86  0  1  1.83
 3  90.98  1.00  1  3  1.67
 2  61.05  0.62  1  2  1.16
 1  82.58  1.17  0  1  0.96
 2  70.67  0.27  1  2  2.06
 1  78.06  1.37  0  1  1.50
 3  92.95  0.71  1  3  1.00
 3  87.33  1.11  1  3  2.09
 2  62.54  0.51  1  2  0.94
 2  72.67  0.46  1  2  0.73
 0  64.69  1.16  0  0  1.15
 3  67.44  1.24  1  2  1.29
 1  81.94  1.37  0  1  1.43
 2  60.30  0.84  1  2  2.61
 1  87.33  1.11  0  1  0.96
 1  98.95  0.95  0  1  1.67
