 2  60.30  0.84  1  0  5.91
 1  97.46  0.51  0  1  2.86
 0  64.69  1.16  0  0  1.71
 2  78.06  0.21  1  3  0.80
 0  82.58  0.40  0  2  1.63
 0  78.06  0.21  0  3  4.00
 2  62.54  1.06  1  2  1.61
 1  92.95  0.86  0  2  1.38
 3  90.98  1.00  1  1  1.14
 0  77.47  0.61  0  2  3.39
 3  82.53  0.96  1  2  2.47
 3  87.33  1.11  1  1  1.73
 3  97.46  1.06  1  3  0.90
 0  61.05  0.62  0  0  1.32
 1  67.44  1.24  0  0  0.73
 2  64.69  1.16  1  2  2.07
 3  81.94  1.37  1  2  3.30
 0  67.44  0.33  0  1  2.35
 1  92.56  1.24  0  1  1.48
 1  85.75  1.34  0  1  0.93
 1  77.42  1.17  0  1  0.49
 0  62.54  0.51  0  0  1.02
 0  72.67  0.46  0  1  1.51
 3  92.56  1.24  1  3  1.51
 2  62.54  0.51  1  2  2.00
 3  77.47  0.96  1  3  1.79
 0  67.05  0.86  0  1  1.88
 3  97.46  0.51  1  2  1.85
 1  70.67  1.30  0  1  1.50
 2  64.69  0.42  1  2  1.78
 2  69.02  1.00  1  3  1.34
 0  73.90  0.71  0  0  1.46
 2  89.33  0.27  1  2  1.67
 1  99.70  0.84  0  3  2.83
 1  86.10  0.71  0  1  0.71
 2  87.33  0.46  1  2  1.37
 3  78.06  1.37  1  3  1.80
 2  72.67  0.46  1  2  2.44
 3  99.70  0.84  1  2  2.20
 1  78.06  1.37  0  1  1.18
 2  67.05  0.71  1  2  1.47
 0  64.69  0.42  0  0  4.82
 3  95.31  0.42  1  2  1.48
 1  81.94  1.37  0  1  1.18
 0  85.75  0.23  0  3  1.64
 1  77.47  0.96  0  1  1.13
 3  82.58  1.17  1  2  4.01
 3  70.67  1.30  1  3  0.64
 1  97.46  1.06  0  1  2.42
 2  81.94  0.21  1  2  1.47
 3  86.10  0.86  1  3  2.60
 2  67.44  0.33  1  2  1.31
 1  95.31  0.42  0  0  1.48
 1  74.25  1.34  0  1  0.93
 2  61.05  0.95  1  1  0.92
 2  60.30  0.73  1  2  0.79
 3  85.75  1.34  1  3  1.60
 1  98.95  0.95  0  1  4.10
 3  92.95  0.71  1  2  2.53
 2  73.90  0.86  1  3  0.76
 3  92.95  0.86  1  3  1.53
 2  77.47  0.61  1  2  0.72
 1  82.58  1.17  0  1  1.82
 0  77.42  0.40  0  0  1.16
 1  98.95  0.62  0  0  0.99
 2  92.56  0.33  1  3  2.49
 2  61.05  0.62  1  2  1.60
 0  73.90  0.86  0  0  1.85
 1  90.98  1.00  0  1  2.04
 0  60.30  0.84  0  0  4.27
 0  70.67  0.27  0  0  6.00
 0  92.56  0.33  0  1  2.01
 2  74.25  0.23  1  2  1.38
 2  70.67  0.27  1  2  2.85
 0  89.33  0.27  0  0  2.27
 2  73.90  0.71  1  2  1.48
 3  95.31  1.16  1  3  2.58
 2  67.05  0.86  1  2  1.23
 0  81.94  0.21  0  0  1.24
 2  69.02  0.57  1  2  1.78
 3  67.44  1.24  1  3  2.67
 0  62.54  1.06  0  1  2.22
 0  87.33  0.46  0  1  1.22
 3  72.67  1.11  1  2  1.59
 0  60.30  0.73  0  0  0.85
 1  86.10  0.86  0  1  1.08
 1  89.33  1.30  0  1  1.03
 1  87.33  1.11  0  0  1.54
 1  92.95  0.71  0  0  0.49
 2  77.42  0.40  1  2  1.14
 0  69.02  0.57  0  0  1.20
 3  99.70  0.73  1  3  4.85
 1  72.67  1.11  0  1  2.94
 2  82.58  0.40  1  2  1.19
 0  61.05  0.95  0  0  1.42
 3  86.10  0.71  1  2  1.38
 1  82.53  0.96  0  1  2.60
 2  82.53  0.61  1  2  1.20
 3  74.25  1.34  1  3  1.35
 1  99.70  0.73  0  1  1.26
 1  95.31  1.16  0  1  0.71
 0  69.02  1.00  0  0  0.94
 3  98.95  0.95  1  3  1.65
 0  82.53  0.61  0  0  3.24
 0  74.25  0.23  0  0  0.87
 3  77.42  1.17  1  3  1.47
 2  85.75  0.23  1  2  0.73
 3  89.33  1.30  1  3  0.96
 3  98.95  0.62  1  3  1.58
 0  67.05  0.71  0  0  1.02
 1  90.98  0.57  0  1  1.51
 3  90.98  0.57  1  2  2.66
 0  89.33  0.27  0  2 11.05
 3  70.67  1.30  1  2  2.90
 0  61.05  0.95  0  0  1.09
 3  77.47  0.96  1  2  3.61
 2  87.33  0.46  1  3  3.93
 2  77.42  0.40  1  2  2.01
 3  85.75  1.34  1  3  1.63
 2  67.05  0.71  1  2  1.45
 2  81.94  0.21  1  2  1.47
 3  95.31  0.42  1  2  0.67
 0  77.42  0.40  0  0  1.45
 2  70.67  0.27  1  0  2.46
 3  99.70  0.84  1  3  2.49
 2  64.69  1.16  1  2  1.47
 0  67.05  0.86  0  0  0.77
 0  60.30  0.73  0  0  0.69
 3  92.56  1.24  1  3  1.11
 1  97.46  0.51  0  2  0.80
 2  62.54  1.06  1  2  2.12
 0  62.54  0.51  0  0  1.38
 1  95.31  1.16  0  1  1.53
 1  99.70  0.73  0  1  1.40
 1  89.33  1.30  0  1  1.08
 1  92.56  1.24  0  1  1.00
 3  86.10  0.86  1  3  2.56
 3  90.98  0.57  1  2  1.26
 1  85.75  1.34  0  1  1.55
 3  99.70  0.73  1  3  2.57
 2  61.05  0.95  1  2  1.00
 2  73.90  0.86  1  2  2.02
 0  73.90  0.71  0  1  1.85
 1  98.95  0.95  0  1  0.86
 1  97.46  1.06  0  1  1.04
 3  97.46  1.06  1  3  1.40
 2  82.53  0.61  1  2  1.89
 2  74.25  0.23  1  2  1.25
 2  77.47  0.61  1  2  1.02
 2  62.54  0.51  1  2  0.75
 2  60.30  0.73  1  2  1.09
 0  81.94  0.21  0  0  1.25
 2  78.06  0.21  1  2  1.00
 3  97.46  0.51  1  3  1.73
 2  61.05  0.62  1  2  1.09
 2  60.30  0.84  1  2  0.94
 0  82.53  0.61  0  1  4.09
 0  69.02  1.00  0  0  0.56
 1  67.44  1.24  0  1  1.26
 0  70.67  0.27  0  0  0.95
 3  82.58  1.17  1  3  1.37
 0  61.05  0.62  0  0  1.79
 1  81.94  1.37  0  1  4.28
 2  72.67  0.46  1  2  3.43
 3  92.95  0.71  1  3  0.99
 0  74.25  0.23  0  0  1.62
 3  89.33  1.30  1  3  1.28
 2  82.58  0.40  1  3  2.13
 1  82.58  1.17  0  1  1.10
 1  90.98  1.00  0  1  1.64
 3  72.67  1.11  1  2  3.85
 0  73.90  0.86  0  1  1.02
 3  95.31  1.16  1  3  6.44
 3  87.33  1.11  1  3  0.55
 2  89.33  0.27  1  2  3.06
 3  92.95  0.86  1  3  0.91
 1  74.25  1.34  0  1  1.44
 3  82.53  0.96  1  3  0.85
 1  99.70  0.84  0  1  1.05
 1  86.10  0.71  0  1  0.61
 1  92.95  0.86  0  1  0.66
 0  87.33  0.46  0  1  0.63
 0  72.67  0.46  0  0  1.79
 2  67.44  0.33  1  2  1.16
 0  85.75  0.23  0  2  1.14
 1  92.95  0.71  0  1  1.73
 1  77.47  0.96  0  1  0.87
 3  74.25  1.34  1  2  1.16
 2  92.56  0.33  1  2  1.46
 3  86.10  0.71  1  2  0.82
 3  81.94  1.37  1  3  0.51
 1  87.33  1.11  0  1  2.90
 1  77.42  1.17  0  1  0.85
 2  69.02  0.57  1  2  1.00
 0  69.02  0.57  0  0  1.25
 2  73.90  0.71  1  2  1.06
 3  77.42  1.17  1  2  1.35
 2  69.02  1.00  1  3  0.84
 0  78.06  0.21  0  1  1.64
 1  82.53  0.96  0  1  0.79
 0  67.05  0.71  0  0  1.16
 0  77.47  0.61  0  0  2.84
 2  64.69  0.42  1  2  1.32
 3  98.95  0.62  1  3  1.45
 0  62.54  1.06  0  0  1.15
 1  72.67  1.11  0  1  1.10
 0  82.58  0.40  0  0  1.97
 0  64.69  0.42  0  0  0.89
 0  64.69  1.16  0  1  0.88
 0  60.30  0.84  0  0  0.60
 1  86.10  0.86  0  1  0.64
 1  70.67  1.30  0  0  0.82
 3  78.06  1.37  1  2  1.03
 3  90.98  1.00  1  3  1.21
 2  85.75  0.23  1  2  0.84
 1  98.95  0.62  0  1  1.12
 2  67.05  0.86  1  2  2.40
 0  92.56  0.33  0  0  2.19
 1  95.31  0.42  0  0  0.95
 1  90.98  0.57  0  1  1.02
 3  67.44  1.24  1  3  2.01
 1  78.06  1.37  0  1  0.95
 0  67.44  0.33  0  0  1.16
 3  98.95  0.95  1  3  1.56
 1  92.56  1.24  0  1  2.47
 3  70.67  1.30  1  3  1.53
 2  69.02  0.57  1  2  1.92
 2  64.69  1.16  1  2  2.94
 3  90.98  0.57  1  3  2.03
 0  61.05  0.95  0  0  1.33
 1  92.95  0.86  0  1  0.98
 2  82.53  0.61  1  2  2.26
 3  97.46  0.51  1  0  1.53
 1  72.67  1.11  0  1  0.94
 3  82.53  0.96  1  3  2.31
 0  62.54  1.06  0  1  1.66
 3  86.10  0.71  1  3  1.00
 3  74.25  1.34  1  3  2.42
 2  77.47  0.61  1  2  0.91
 3  82.58  1.17  1  3  0.94
 1  99.70  0.84  0  1  1.08
 2  69.02  1.00  1  2  0.95
 0  81.94  0.21  0  0  1.70
 1  81.94  1.37  0  1  0.99
 0  72.67  0.46  0  0  1.03
 1  98.95  0.95  0  1  1.00
 3  77.42  1.17  1  3  1.58
 3  99.70  0.73  1  2  2.56
 0  61.05  0.62  0  0  1.10
 3  97.46  1.06  1  3  1.47
 1  82.58  1.17  0  1  1.25
 3  89.33  1.30  1  3  3.46
 3  98.95  0.62  1  2  0.93
 2  73.90  0.86  1  2  1.61
 1  98.95  0.62  0  1  1.33
 1  99.70  0.73  0  1  1.15
 3  95.31  0.42  1  3  1.73
 2  87.33  0.46  1  3  1.29
 2  60.30  0.73  1  2  1.73
 0  73.90  0.86  0  1  2.49
 1  67.44  1.24  0  0  0.86
 3  85.75  1.34  1  3  1.11
 1  95.31  0.42  0  0  3.00
 1  86.10  0.71  0  1  1.20
 2  77.42  0.40  1  2  1.33
 1  90.98  1.00  0  1  1.20
 2  82.58  0.40  1  2  1.18
 2  61.05  0.95  1  2  0.80
 1  90.98  0.57  0  0  2.86
 2  60.30  0.84  1  2  1.34
 0  64.69  0.42  0  0  1.85
 3  98.95  0.95  1  3  3.60
 0  77.42  0.40  0  0  1.82
 0  82.53  0.61  0  1  3.49
 0  67.05  0.86  0  1  1.56
 3  90.98  1.00  1  3  1.24
 1  87.33  1.11  0  1  1.05
 1  82.53  0.96  0  1  1.13
 0  67.05  0.71  0  0  1.75
 1  97.46  1.06  0  1  0.99
 0  74.25  0.23  0  0  1.19
 2  92.56  0.33  1  2  1.64
 3  81.94  1.37  1  3  0.82
 1  86.10  0.86  0  1  2.21
 1  95.31  1.16  0  1  0.79
 0  78.06  0.21  0  0  0.92
 1  85.75  1.34  0  1  0.92
 0  62.54  0.51  0  0  0.94
 3  77.47  0.96  1  2  3.54
 0  87.33  0.46  0  0  2.11
 1  77.47  0.96  0  2  1.57
 0  70.67  0.27  0  0  1.01
 0  64.69  1.16  0  1  1.51
 3  67.44  1.24  1  2  1.48
 2  85.75  0.23  1  2  0.82
 3  99.70  0.84  1  3  2.61
 2  62.54  1.06  1  2  0.81
 3  92.95  0.86  1  3  1.04
 0  85.75  0.23  0  0  1.12
 1  77.42  1.17  0  1  0.99
 0  60.30  0.84  0  0  1.29
 0  77.47  0.61  0  1  1.89
 1  70.67  1.30  0  1  1.07
 0  67.44  0.33  0  0  1.43
 0  89.33  0.27  0  0  1.22
 3  95.31  1.16  1  3  2.24
 2  74.25  0.23  1  2  1.12
 0  60.30  0.73  0  0  1.67
 3  92.95  0.71  1  3  2.13
 1  92.95  0.71  0  1  1.40
 1  78.06  1.37  0  1  2.53
 2  89.33  0.27  1  2  1.45
 2  78.06  0.21  1  2  1.25
 3  92.56  1.24  1  3  1.25
 1  74.25  1.34  0  1  2.90
 0  73.90  0.71  0  0  1.64
 1  89.33  1.30  0  1  0.99
 2  81.94  0.21  1  2  1.14
 0  92.56  0.33  0  0  1.05
 0  69.02  1.00  0  0  3.32
 0  82.58  0.40  0  0  1.02
 2  67.05  0.71  1  2  1.02
 2  67.05  0.86  1  2  2.66
 1  97.46  0.51  0  1  2.51
 2  67.44  0.33  1  2  1.03
 2  61.05  0.62  1  2  1.96
 2  73.90  0.71  1  2  1.66
 3  78.06  1.37  1  3  0.95
 3  86.10  0.86  1  3  1.90
 3  72.67  1.11  1  3  1.68
 2  70.67  0.27  1  2  0.85
 2  62.54  0.51  1  2  0.92
 3  87.33  1.11  1  3  0.92
 2  64.69  0.42  1  2  0.82
 2  72.67  0.46  1  2  0.92
 0  69.02  0.57  0  0  2.65
 2  62.54  0.51  1  2  1.66
 0  64.69  1.16  0  0  2.19
 0  74.25  0.23  0  0  1.04
 3  85.75  1.34  1  3  1.35
 1  90.98  0.57  0  1  1.12
 0  67.05  0.71  0  0  0.84
 2  70.67  0.27  1  2  1.13
 1  74.25  1.34  0  1  1.83
 0  67.44  0.33  0  0  0.97
 2  69.02  1.00  1  2  1.57
 2  61.05  0.62  1  2  1.04
 1  87.33  1.11  0  1  1.01
 0  62.54  1.06  0  0  1.14
 3  67.44  1.24  1  2  0.91
 1  92.95  0.71  0  1  1.21
 3  99.70  0.84  1  3  0.98
 3  74.25  1.34  1  3  1.04
 1  77.42  1.17  0  1  2.03
 1  82.58  1.17  0  1  0.76
 0  81.94  0.21  0  1  0.83
 0  69.02  1.00  0  0  1.24
 2  67.05  0.86  1  2  1.12
 1  95.31  0.42  0  1  1.89
 3  82.58  1.17  1  3  1.10
 3  99.70  0.73  1  3  1.08
 0  73.90  0.71  0  1  1.86
 3  86.10  0.71  1  2  1.40
 0  77.42  0.40  0  1  1.49
 0  61.05  0.95  0  0  1.10
 3  95.31  0.42  1  2  1.77
 0  72.67  0.46  0  0  1.85
 1  90.98  1.00  0  1  0.97
 3  70.67  1.30  1  3  1.58
 2  77.47  0.61  1  3  1.80
 2  89.33  0.27  1  3  1.25
 1  70.67  1.30  0  3  1.94
 3  78.06  1.37  1  3  1.03
 1  86.10  0.71  0  1  1.64
 2  62.54  1.06  1  3  1.34
 3  72.67  1.11  1  3  2.73
 1  99.70  0.84  0  1  1.02
 3  90.98  1.00  1  3  3.41
 0  60.30  0.84  0  0  1.09
 0  61.05  0.62  0  0  0.88
 2  82.53  0.61  1  2  1.91
 3  97.46  0.51  1  3  1.20
 2  92.56  0.33  1  3  0.94
 0  64.69  0.42  0  0  1.12
 0  82.58  0.40  0  1  2.04
 2  60.30  0.84  1  2  0.91
 0  82.53  0.61  0  0  2.59
 0  92.56  0.33  0  1  1.14
 1  92.95  0.86  0  1  0.71
 2  81.94  0.21  1  2  1.50
 0  77.47  0.61  0  0  1.84
 0  87.33  0.46  0  0  1.27
 2  74.25  0.23  1  2  0.94
 2  87.33  0.46  1  2  0.91
 0  78.06  0.21  0  0  2.29
 1  98.95  0.62  0  1  1.77
 1  92.56  1.24  0  1  2.59
 3  90.98  0.57  1  2  9.39
 2  82.58  0.40  1  3  1.40
 1  99.70  0.73  0  1  1.92
 0  69.02  0.57  0  0  1.52
 2  73.90  0.71  1  2  2.00
 1  95.31  1.16  0  1  1.01
 2  64.69  0.42  1  2  2.46
 1  85.75  1.34  0  1  2.95
 1  97.46  0.51  0  1  4.23
 3  95.31  1.16  1  3  1.51
 3  87.33  1.11  1  3  1.24
 1  67.44  1.24  0  0  1.11
 3  82.53  0.96  1  2  2.31
 1  81.94  1.37  0  1  1.03
 3  77.47  0.96  1  2  3.69
 3  86.10  0.86  1  2  1.21
 2  72.67  0.46  1  2  0.62
 2  85.75  0.23  1  2  0.96
 3  92.95  0.71  1  3  0.86
 1  89.33  1.30  0  1  1.11
 0  85.75  0.23  0  0  1.24
 2  60.30  0.73  1  2  1.27
 3  92.95  0.86  1  3  0.92
 3  89.33  1.30  1  3  0.97
 2  67.44  0.33  1  2  0.88
 1  77.47  0.96  0  1  1.22
 0  67.05  0.86  0  0  1.34
 0  62.54  0.51  0  0  0.79
 1  82.53  0.96  0  1  1.12
 0  70.67  0.27  0  0  0.94
 2  69.02  0.57  1  2  0.98
 2  64.69  1.16  1  1  2.52
 1  72.67  1.11  0  0  1.29
 3  98.95  0.95  1  3  1.10
 2  78.06  0.21  1  2  0.99
 1  98.95  0.95  0  1  2.03
 2  77.42  0.40  1  2  1.19
 2  73.90  0.86  1  2  2.73
 3  92.56  1.24  1  3  0.89
 3  97.46  1.06  1  3  0.79
 2  61.05  0.95  1  2  1.02
 0  73.90  0.86  0  0  1.71
 1  97.46  1.06  0  1  0.77
 3  98.95  0.62  1  2  1.49
 0  60.30  0.73  0  0  1.46
 1  86.10  0.86  0  0  1.90
 1  78.06  1.37  0  1  0.97
 2  67.05  0.71  1  2  2.19
 0  89.33  0.27  0  0  2.40
 3  81.94  1.37  1  3  2.02
 3  77.42  1.17  1  3  7.10
 3  85.75  1.34  1  3  4.31
 3  99.70  0.73  1  2  3.42
 2  77.47  0.61  1  2  0.67
 3  78.06  1.37  1  3  1.44
 2  61.05  0.62  1  2  0.93
 3  98.95  0.95  1  3  1.01
 3  87.33  1.11  1  3  1.84
 2  60.30  0.73  1  2  1.36
 3  92.95  0.71  1  3  1.19
 1  92.56  1.24  0  1  7.44
 1  77.42  1.17  0  0  1.01
 1  82.53  0.96  0  1  5.09
 2  61.05  0.95  1  2  0.92
 1  90.98  0.57  0  2  9.72
 0  69.02  1.00  0  0  1.11
 2  81.94  0.21  1  2  1.19
 0  77.42  0.40  0  0  1.98
 3  72.67  1.11  1  3  2.31
 3  77.42  1.17  1  3  2.31
 2  73.90  0.86  1  2  1.15
 3  92.56  1.24  1  3  2.10
 1  86.10  0.71  0  1  2.77
 1  77.47  0.96  0  1  1.22
 0  82.53  0.61  0  1  0.97
 3  67.44  1.24  1  3  1.53
 0  60.30  0.84  0  0  2.55
 2  78.06  0.21  1  2 23.70
 2  82.58  0.40  1  2  1.35
 3  95.31  1.16  1  3  0.76
 3  70.67  1.30  1  3  1.03
 3  89.33  1.30  1  3  0.90
 2  85.75  0.23  1  2  1.29
 2  69.02  0.57  1  2  1.17
 0  60.30  0.73  0  0  1.38
 3  82.58  1.17  1  3  2.91
 0  69.02  0.57  0  0  2.18
 3  99.70  0.84  1  3  1.92
 1  78.06  1.37  0  1  1.61
 1  95.31  0.42  0  1  1.41
 2  74.25  0.23  1  2  1.73
 3  90.98  1.00  1  3  1.38
 2  89.33  0.27  1  2  1.26
 1  99.70  0.73  0  1  1.77
 3  98.95  0.62  1  3  1.46
 3  97.46  1.06  1  3  0.90
 2  67.05  0.71  1  2  1.13
 1  99.70  0.84  0  1  1.55
 0  81.94  0.21  0  0  1.42
 0  64.69  0.42  0  0  1.46
 0  64.69  1.16  0  1  1.74
 3  95.31  0.42  1  2  1.86
 0  67.05  0.86  0  0  3.80
 0  77.47  0.61  0  0  1.22
 1  86.10  0.86  0  1  3.21
 2  67.05  0.86  1  2  1.71
 0  73.90  0.86  0  0  1.92
 0  85.75  0.23  0  0  1.86
 1  82.58  1.17  0  1  1.38
 1  98.95  0.62  0  1  1.37
 1  92.95  0.71  0  1  1.03
 0  87.33  0.46  0  1 10.61
 2  62.54  1.06  1  2  1.02
 2  70.67  0.27  1  2  1.17
 0  78.06  0.21  0  0  1.01
 2  67.44  0.33  1  2  0.88
 1  98.95  0.95  0  1  0.92
 0  73.90  0.71  0  0  3.52
 0  61.05  0.95  0  0  0.75
 3  90.98  0.57  1  2  2.33
 1  89.33  1.30  0  1  1.41
 1  70.67  1.30  0  1  1.60
 0  74.25  0.23  0  0  1.21
 0  62.54  1.06  0  0  0.97
 1  90.98  1.00  0  1  1.18
 2  92.56  0.33  1  2  1.69
 1  92.95  0.86  0  1  2.87
 0  92.56  0.33  0  1  0.93
 0  67.44  0.33  0  0  0.01
 3  86.10  0.86  1  2  3.96
 3  82.53  0.96  1  3  2.05
 2  87.33  0.46  1  2  1.48
 0  62.54  0.51  0  0  1.59
 1  74.25  1.34  0  1  2.26
 2  64.69  1.16  1  2  1.72
 0  89.33  0.27  0  0  1.66
 1  72.67  1.11  0  1  6.94
 2  60.30  0.84  1  2  2.04
 1  87.33  1.11  0  1  1.55
 2  64.69  0.42  1  2  1.68
 2  82.53  0.61  1  2  3.34
 0  70.67  0.27  0  0  1.25
 2  72.67  0.46  1  0  1.02
 3  97.46  0.51  1  2  1.58
 1  97.46  1.06  0  1  1.26
 3  86.10  0.71  1  2  1.89
 3  92.95  0.86  1  3  0.82
 1  95.31  1.16  0  1  1.04
 1  97.46  0.51  0  0  2.00
 1  85.75  1.34  0  1  0.85
 2  62.54  0.51  1  2  1.04
 2  73.90  0.71  1  1  2.47
 3  74.25  1.34  1  3  1.31
 0  67.05  0.71  0  0  1.14
 1  67.44  1.24  0  1  1.21
 0  82.58  0.40  0  1  1.67
 3  77.47  0.96  1  2  1.39
 1  81.94  1.37  0  1  1.14
 0  72.67  0.46  0  0  2.12
 2  77.42  0.40  1  2  0.95
 2  69.02  1.00  1  2  2.75
 3  81.94  1.37  1  3  1.30
 0  61.05  0.62  0  0  1.64
