 2  73.90  0.71  1  2  8.55
 3  78.06  1.37  0  3  1.58
 3  77.42  1.17  1  3  0.99
 3  78.06  1.37  1  3  1.08
 1  98.95  0.95  0  2  1.25
 0  87.33  0.46  1  2  3.45
 1  97.46  0.51  1  2  1.52
 3  72.67  1.11  0  3  2.64
 1  97.46  1.06  1  2  4.76
 0  89.33  0.27  0  1  2.16
 1  99.70  0.84  0  1  1.96
 0  82.58  0.40  1  0  0.96
 3  87.33  1.11  0  2  2.86
 1  98.95  0.62  0  1  1.17
 0  85.75  0.23  0  0  1.28
 3  70.67  1.30  1  2  1.41
 2  61.05  0.95  0  2  2.22
 0  74.25  0.23  1  0  2.46
 0  78.06  0.21  1  0  1.12
 1  86.10  0.71  1  1  1.98
 0  70.67  0.27  1  0  2.00
 3  81.94  1.37  1  3  1.71
 3  77.42  1.17  0  2  2.80
 1  92.95  0.71  1  1  1.77
 3  77.47  0.96  1  2  1.92
 3  67.44  1.24  1  3  0.90
 0  81.94  0.21  0  0  1.33
 0  67.44  0.33  1  0  1.50
 0  82.53  0.61  0  1  2.86
 0  74.25  0.23  0  0  1.31
 1  97.46  1.06  0  2  1.38
 3  87.33  1.11  1  1  1.35
 2  64.69  0.42  1  1  3.69
 1  86.10  0.86  0  1  4.13
 3  92.56  1.24  1  2  6.95
 1  95.31  1.16  0  2  1.93
 1  95.31  0.42  1  0  4.19
 1  95.31  1.16  1  1  2.06
 2  62.54  0.51  1  1  2.56
 2  69.02  0.57  1  1  1.59
 3  85.75  1.34  0  3  1.21
 0  89.33  0.27  1  0  3.50
 0  81.94  0.21  1  0  1.39
 2  61.05  0.62  1  2  4.18
 3  74.25  1.34  1  3  1.90
 3  89.33  1.30  0  3  1.35
 3  82.58  1.17  0  3  1.99
 1  95.31  0.42  0  1  3.41
 0  82.58  0.40  0  1  2.27
 2  62.54  1.06  1  2  3.58
 0  78.06  0.21  0  0  2.20
 2  69.02  1.00  0  2  4.07
 2  60.30  0.84  0  2  1.91
 1  97.46  0.51  0  1  2.13
 1  86.10  0.86  1  1  6.20
 1  86.10  0.71  0  1  0.98
 3  89.33  1.30  1  3  1.74
 1  99.70  0.84  1  1  0.86
 1  99.70  0.73  1  1  1.02
 2  61.05  0.62  0  2  1.24
 2  69.02  0.57  0  2  0.97
 0  77.42  0.40  1  1  3.25
 0  92.56  0.33  1  0  1.59
 2  60.30  0.73  0  2  1.27
 3  82.58  1.17  1  3  2.71
 2  64.69  1.16  0  3  3.79
 1  90.98  1.00  1  1  3.07
 2  67.05  0.71  1  2  2.33
 0  67.44  0.33  0  2  1.48
 1  90.98  0.57  0  1  2.21
 2  67.05  0.71  0  2  0.97
 3  67.44  1.24  0  3  4.52
 1  90.98  1.00  0  1  3.97
 1  98.95  0.95  1  1  1.47
 0  70.67  0.27  0  0  1.03
 1  99.70  0.73  0  1  2.40
 1  92.95  0.86  1  1  1.44
 2  73.90  0.86  1  2  2.02
 2  73.90  0.71  0  2  0.92
 1  90.98  0.57  1  1  2.59
 0  77.42  0.40  0  1  6.09
 0  85.75  0.23  1  0  0.91
 3  82.53  0.96  1  1 10.36
 1  92.95  0.71  0  1  1.00
 0  77.47  0.61  0  2  2.97
 2  67.05  0.86  1  2  1.14
 2  69.02  1.00  1  2  0.91
 0  82.53  0.61  1  1  2.42
 3  70.67  1.30  0  3  1.92
 2  60.30  0.84  1  2  1.40
 1  98.95  0.62  1  1  1.63
 2  61.05  0.95  1  2  2.40
 0  92.56  0.33  0  1  2.05
 2  67.05  0.86  0  2  1.78
 3  74.25  1.34  0  3  5.00
 3  92.56  1.24  0  2  2.30
 0  72.67  0.46  1  2  1.47
 3  81.94  1.37  0  3  1.49
 2  62.54  0.51  0  2  1.37
 3  72.67  1.11  1  3  1.99
 2  60.30  0.73  1  2  1.26
 0  77.47  0.61  1  2  1.69
 2  64.69  1.16  1  2  2.53
 3  85.75  1.34  1  3  3.21
 0  72.67  0.46  0  0  3.15
 2  62.54  1.06  0  2  1.93
 3  77.47  0.96  0  2  1.37
 2  64.69  0.42  0  2  1.34
 0  87.33  0.46  0  2  2.14
 1  92.95  0.86  0  1  4.17
 3  82.53  0.96  0  2  6.71
 2  73.90  0.86  0  3  0.98
 0  74.25  0.23  1  0  2.19
 2  60.30  0.84  1  2  1.78
 3  77.47  0.96  0  3  4.11
 2  69.02  1.00  1  2  2.04
 3  67.44  1.24  0  3  1.07
 1  86.10  0.86  1  1  3.09
 2  60.30  0.84  0  2  1.67
 3  67.44  1.24  1  3  2.05
 0  70.67  0.27  0  0  1.49
 3  72.67  1.11  0  3  3.75
 2  73.90  0.71  0  2  1.59
 3  74.25  1.34  1  3  1.26
 1  92.95  0.71  0  1  1.65
 1  95.31  0.42  0  0  2.02
 0  81.94  0.21  1  0  1.83
 1  92.95  0.86  1  1  1.42
 3  77.42  1.17  1  3  2.74
 3  72.67  1.11  1  3  0.97
 1  90.98  1.00  1  1  1.57
 1  98.95  0.62  1  1  0.95
 3  81.94  1.37  0  3  0.95
 2  67.05  0.71  1  2  1.27
 2  61.05  0.62  1  2  0.87
 2  73.90  0.86  1  2  2.27
 0  78.06  0.21  0  0  1.38
 0  77.42  0.40  1  0  2.00
 0  77.47  0.61  1  0  1.44
 2  69.02  0.57  0  0  3.24
 0  74.25  0.23  0  0  1.50
 0  89.33  0.27  0  1  1.61
 3  87.33  1.11  1  1  2.41
 0  85.75  0.23  1  0  2.54
 1  97.46  0.51  1  1  1.44
 0  67.44  0.33  1  0  4.97
 2  61.05  0.95  1  2  1.72
 1  97.46  1.06  0  1  3.04
 1  99.70  0.73  1  1  1.18
 1  99.70  0.84  0  1  1.09
 0  70.67  0.27  1  0  2.34
 2  73.90  0.86  0  2  2.50
 2  60.30  0.73  1  2  1.17
 2  64.69  1.16  0  2  1.43
 1  97.46  1.06  1  1  2.22
 2  62.54  1.06  1  2  1.79
 1  90.98  1.00  0  3  5.93
 1  90.98  0.57  1  1  1.24
 2  61.05  0.95  0  2  1.37
 0  92.56  0.33  0  0  3.22
 0  85.75  0.23  0  0  1.42
 0  77.47  0.61  0  0  1.07
 2  69.02  0.57  1  0  3.19
 0  82.58  0.40  0  0  1.56
 2  69.02  1.00  0  2  1.61
 0  89.33  0.27  1  0  1.45
 3  85.75  1.34  0  3  1.27
 3  87.33  1.11  0  3  0.89
 3  78.06  1.37  1  3  0.75
 3  78.06  1.37  0  3  0.94
 1  86.10  0.86  0  2  2.19
 0  82.53  0.61  0  1  1.66
 3  82.53  0.96  1  2  2.55
 3  82.58  1.17  0  3  1.24
 3  89.33  1.30  0  3  0.69
 2  64.69  0.42  0  2  1.11
 1  90.98  0.57  0  1  1.35
 1  95.31  0.42  1  1  1.82
 2  64.69  1.16  1  2  0.94
 0  72.67  0.46  0  2  1.22
 2  64.69  0.42  1  2  1.75
 3  81.94  1.37  1  3  2.16
 1  86.10  0.71  1  0  8.01
 3  74.25  1.34  0  3  1.35
 3  77.42  1.17  0  3  0.73
 0  77.42  0.40  0  0  4.01
 0  87.33  0.46  1  0  1.75
 0  67.44  0.33  0  0  0.84
 2  67.05  0.71  0  0  0.69
 1  95.31  1.16  0  1  2.05
 1  98.95  0.95  1  1  1.04
 0  82.53  0.61  1  0  2.87
 3  70.67  1.30  1  2  1.93
 2  62.54  0.51  0  2  1.65
 0  92.56  0.33  1  1  1.14
 3  70.67  1.30  0  3  2.88
 1  95.31  1.16  1  3  1.68
 2  62.54  1.06  0  2  1.89
 0  81.94  0.21  0  1  1.77
 1  98.95  0.95  0  1  1.75
 2  61.05  0.62  0  2  1.62
 1  99.70  0.84  1  1  1.29
 1  99.70  0.73  0  1  1.08
 2  67.05  0.86  0  2  1.21
 3  89.33  1.30  1  3  0.71
 1  86.10  0.71  0  0  2.70
 2  67.05  0.86  1  2  1.73
 3  92.56  1.24  1  2  1.64
 0  72.67  0.46  1  0  2.41
 1  92.95  0.86  0  1  1.48
 1  98.95  0.62  0  1  1.27
 2  62.54  0.51  1  0  2.09
 3  92.56  1.24  0  1  2.31
 3  85.75  1.34  1  3  2.38
 0  87.33  0.46  0  1  1.42
 3  82.58  1.17  1  3  1.40
 0  78.06  0.21  1  0  0.85
 1  97.46  0.51  0  1  1.98
 2  73.90  0.71  1  2  1.62
 3  77.47  0.96  1  2  1.52
 0  82.58  0.40  1  2  1.44
 3  82.53  0.96  0  2  1.71
 2  60.30  0.73  0  2  2.74
 1  92.95  0.71  1  0  1.94
 2  64.69  1.16  0  2  2.14
 3  82.58  1.17  1  3  3.88
 3  74.25  1.34  0  3  0.82
 1  98.95  0.95  0  1  3.49
 0  67.44  0.33  0  0  1.13
 2  61.05  0.95  0  2  3.36
 3  89.33  1.30  1  3  1.30
 1  92.95  0.86  0  1  1.82
 2  69.02  1.00  1  0  2.62
 2  69.02  0.57  1  0  0.94
 2  73.90  0.71  0  2  1.78
 0  67.44  0.33  1  0  0.93
 3  92.56  1.24  0  3  7.70
 2  67.05  0.71  0  2  1.14
 1  97.46  1.06  1  1  4.10
 3  67.44  1.24  0  2  0.99
 3  77.47  0.96  0  2  1.84
 0  82.58  0.40  1  0  2.98
 3  72.67  1.11  1  3  4.88
 0  92.56  0.33  1  1  1.66
 1  92.95  0.71  1  1  1.23
 3  82.53  0.96  0  0  5.03
 2  64.69  0.42  0  0 10.14
 2  61.05  0.62  1  2  1.20
 0  82.53  0.61  0  1  2.19
 2  67.05  0.71  1  2  3.31
 2  62.54  1.06  0  3  1.86
 0  77.47  0.61  0  0  2.85
 2  69.02  0.57  0  0  2.22
 0  87.33  0.46  1  1  2.66
 3  85.75  1.34  0  3  1.07
 0  89.33  0.27  0  0  1.75
 2  61.05  0.62  0  2  1.13
 2  64.69  0.42  1  0  2.26
 3  87.33  1.11  0  2  3.58
 3  89.33  1.30  0  3  1.09
 3  82.53  0.96  1  2  1.96
 1  92.95  0.86  1  1  2.29
 1  86.10  0.71  1  1  0.76
 3  87.33  1.11  1  3  2.06
 3  67.44  1.24  1  2  0.78
 3  70.67  1.30  1  3  1.26
 2  60.30  0.84  0  2  1.34
 1  99.70  0.73  0  1  2.21
 3  85.75  1.34  1  3  0.83
 0  85.75  0.23  0  0  1.43
 0  74.25  0.23  0  0  0.92
 0  78.06  0.21  1  0  0.70
 3  74.25  1.34  1  3  1.39
 3  70.67  1.30  0  3  1.93
 0  72.67  0.46  0  0  3.58
 0  92.56  0.33  0  1  0.84
 1  86.10  0.71  0  0  3.61
 2  64.69  1.16  1  3  2.51
 2  62.54  0.51  0  2  0.86
 3  77.42  1.17  1  2  1.68
 1  98.95  0.95  1  1  2.34
 3  72.67  1.11  0  3  1.98
 0  70.67  0.27  0  0  1.38
 1  99.70  0.73  1  1  1.48
 3  92.56  1.24  1  3  1.58
 2  73.90  0.86  1  0  4.27
 2  62.54  1.06  1  2  1.09
 0  74.25  0.23  1  0  0.83
 1  86.10  0.86  0  3  3.56
 1  99.70  0.84  1  1  1.18
 3  82.58  1.17  0  3  2.96
 1  99.70  0.84  0  1  1.32
 1  90.98  1.00  0  1  1.31
 2  73.90  0.71  1  0  1.54
 1  95.31  1.16  0  1  2.55
 2  67.05  0.86  0  2  1.29
 3  77.47  0.96  1  2  1.31
 1  98.95  0.62  0  1  1.20
 0  77.42  0.40  1  0  1.80
 1  97.46  1.06  0  1  2.72
 0  70.67  0.27  1  0  2.12
 1  90.98  1.00  1  1  2.05
 0  72.67  0.46  1  0  1.06
 0  85.75  0.23  1  0  0.83
 0  78.06  0.21  0  0  0.92
 2  69.02  1.00  0  2  1.11
 1  97.46  0.51  0  1  1.84
 0  81.94  0.21  0  0  1.99
 0  82.58  0.40  0  0  0.97
 1  90.98  0.57  0  0  3.65
 1  95.31  1.16  1  1  1.46
 0  89.33  0.27  1  1  1.54
 1  97.46  0.51  1  1  1.11
 2  60.30  0.73  0  2  0.72
 2  67.05  0.86  1  2  1.07
 1  95.31  0.42  1  1  0.95
 1  98.95  0.62  1  1  1.24
 2  62.54  0.51  1  2  0.70
 3  78.06  1.37  1  3  0.87
 2  73.90  0.86  0  2  2.34
 0  81.94  0.21  1  0  1.12
 2  60.30  0.73  1  2  0.87
 2  60.30  0.84  1  2  1.39
 0  82.53  0.61  1  1  1.93
 0  87.33  0.46  0  0  0.92
 1  95.31  0.42  0  0  0.71
 1  92.95  0.71  0  1  1.30
 3  81.94  1.37  0  3  0.88
 1  90.98  0.57  1  1  3.94
 3  78.06  1.37  0  3  0.91
 0  77.42  0.40  0  1  2.78
 0  77.47  0.61  1  0  7.68
 3  81.94  1.37  1  3  0.91
 2  61.05  0.95  1  2  1.01
 3  77.42  1.17  0  3  2.34
 1  86.10  0.86  1  1  3.98
 3  87.33  1.11  1  3  5.81
 3  82.53  0.96  0  1  3.95
 1  90.98  1.00  1  3  1.23
 3  72.67  1.11  1  3  1.77
 3  92.56  1.24  0  1  1.46
 2  64.69  1.16  0  2  1.24
 1  95.31  1.16  0  3  1.17
 0  72.67  0.46  0  0  1.99
 3  77.47  0.96  0  2  2.94
 1  95.31  1.16  1  1  2.26
 3  78.06  1.37  0  3  0.76
 0  77.42  0.40  0  0  4.54
 3  81.94  1.37  0  3  1.00
 3  77.42  1.17  0  3  1.67
 3  89.33  1.30  0  3  0.66
 0  82.53  0.61  0  0  3.43
 1  98.95  0.62  1  1  1.65
 0  74.25  0.23  1  0  0.91
 3  70.67  1.30  0  3  1.36
 0  89.33  0.27  1  0  4.03
 2  61.05  0.62  0  2  0.91
 1  86.10  0.86  0  3  2.23
 1  90.98  0.57  1  1  0.89
 0  82.53  0.61  1  1  4.57
 0  67.44  0.33  0  0  1.86
 1  92.95  0.86  1  1  1.31
 0  78.06  0.21  1  0  2.76
 2  61.05  0.95  1  2  1.25
 0  89.33  0.27  0  1  1.16
 3  78.06  1.37  1  3  1.90
 1  98.95  0.62  0  1  1.03
 3  87.33  1.11  0  3  2.26
 2  61.05  0.62  1  2  1.21
 0  74.25  0.23  0  0  0.74
 3  92.56  1.24  1  3  2.82
 0  72.67  0.46  1  0  1.48
 2  60.30  0.73  0  2  1.56
 3  82.58  1.17  0  3  1.62
 0  67.44  0.33  1  0  2.07
 2  73.90  0.86  0  3  4.82
 0  70.67  0.27  0  0  3.31
 2  64.69  1.16  1  2  1.88
 2  73.90  0.86  1  2  0.98
 2  69.02  0.57  0  2  0.75
 2  67.05  0.71  1  2  0.72
 3  89.33  1.30  1  3  1.25
 2  62.54  0.51  1  2  4.84
 0  81.94  0.21  0  0  4.03
 3  85.75  1.34  1  3  1.07
 2  67.05  0.86  0  2  1.47
 1  97.46  0.51  0  1  1.06
 0  77.47  0.61  1  0  5.67
 1  92.95  0.86  0  1  1.52
 2  60.30  0.73  1  2  0.75
 1  99.70  0.84  1  1  1.93
 0  77.42  0.40  1  0  1.82
 1  99.70  0.73  0  1  1.43
 1  92.95  0.71  0  1  0.75
 2  73.90  0.71  1  0  1.86
 0  87.33  0.46  0  0  1.51
 3  77.42  1.17  1  3  1.23
 1  97.46  0.51  1  1  1.15
 3  85.75  1.34  0  3  0.92
 2  69.02  1.00  1  2  1.21
 2  64.69  0.42  1  0  1.69
 1  97.46  1.06  1  1  2.03
 0  85.75  0.23  1  0  1.47
 1  92.95  0.71  1  1  2.55
 1  86.10  0.71  0  1  1.28
 2  64.69  0.42  0  2  1.17
 3  67.44  1.24  1  3  1.26
 3  74.25  1.34  0  3  0.88
 0  70.67  0.27  1  0  1.36
 0  81.94  0.21  1  0  1.64
 0  77.47  0.61  0  0  2.36
 1  98.95  0.95  1  1  1.08
 1  90.98  0.57  0  1  2.72
 3  70.67  1.30  1  3  0.81
 0  82.58  0.40  1  1  4.18
 2  62.54  1.06  1  2  1.71
 2  61.05  0.95  0  2  0.77
 3  81.94  1.37  1  3  1.38
 0  78.06  0.21  0  0  1.32
 2  60.30  0.84  0  2  1.01
 1  99.70  0.84  0  1  0.98
 1  95.31  0.42  0  1  1.90
 1  98.95  0.95  0  1  2.20
 3  74.25  1.34  1  3  0.66
 2  69.02  1.00  0  2  3.60
 2  62.54  1.06  0  2  1.65
 0  82.58  0.40  0  0  2.72
 1  86.10  0.71  1  0  1.07
 3  82.53  0.96  1  1  2.40
 0  92.56  0.33  1  1  2.20
 2  67.05  0.71  0  2  1.54
 3  72.67  1.11  0  3  0.94
 0  87.33  0.46  1  0  2.51
 1  95.31  0.42  1  0  1.05
 0  85.75  0.23  0  0  1.49
 2  73.90  0.71  0  2  4.95
 2  60.30  0.84  1  2  0.67
 3  77.47  0.96  1  3  4.91
 3  67.44  1.24  0  3  1.18
 1  90.98  1.00  0  1  1.77
 2  62.54  0.51  0  2  1.05
 3  82.58  1.17  1  3  1.42
 1  97.46  1.06  0  1  1.41
 2  67.05  0.86  1  2  1.36
 1  99.70  0.73  1  1  0.85
 1  86.10  0.86  1  1  4.21
 2  69.02  0.57  1  0  0.72
 0  92.56  0.33  0  1  1.47
 3  87.33  1.11  1  3  2.37
 0  67.44  0.33  0  0  1.91
 2  67.05  0.86  1  2  5.24
 0  70.67  0.27  0  0  6.18
 3  70.67  1.30  0  3  0.72
 2  61.05  0.95  0  2  1.50
 3  82.58  1.17  1  3  0.67
 3  72.67  1.11  0  3  0.71
 3  78.06  1.37  0  3  0.66
 1  86.10  0.71  0  1  0.91
 3  81.94  1.37  1  3  0.70
 0  82.53  0.61  1  1  1.35
 0  82.58  0.40  0  0  0.81
 3  78.06  1.37  1  3  1.00
 2  61.05  0.95  1  2  0.75
 2  69.02  0.57  1  0  2.87
 2  62.54  0.51  0  2  1.07
 2  73.90  0.71  0  0  2.62
 2  67.05  0.71  1  2  5.34
 3  89.33  1.30  0  3  2.15
 1  92.95  0.71  0  1  1.17
 0  74.25  0.23  0  0  1.09
 0  85.75  0.23  1  0  0.78
 0  72.67  0.46  1  0  2.46
 3  85.75  1.34  1  3  0.57
 1  97.46  0.51  1  1  0.71
 2  62.54  1.06  1  2  0.83
 1  95.31  0.42  0  1  0.75
 0  82.58  0.40  1  0  1.91
 2  69.02  1.00  0  2  1.92
 3  92.56  1.24  1  3  1.99
 3  89.33  1.30  1  3  0.78
 0  92.56  0.33  0  1  0.88
 1  98.95  0.62  1  1  0.94
 3  70.67  1.30  1  3  1.82
 1  95.31  1.16  0  3  1.46
 2  62.54  1.06  0  2  0.78
 3  82.53  0.96  1  3  2.17
 0  89.33  0.27  1  0  1.52
 2  73.90  0.71  1  0  2.38
 0  72.67  0.46  0  2  1.64
 2  69.02  1.00  1  2  1.65
 1  99.70  0.73  1  1  0.92
 3  67.44  1.24  1  3  2.31
 2  61.05  0.62  0  2  1.19
 0  77.47  0.61  1  0  1.81
 2  60.30  0.73  1  0  1.62
 0  78.06  0.21  1  0  2.08
 1  97.46  1.06  1  3  1.90
 2  64.69  1.16  0  2  0.87
 1  98.95  0.62  0  1  0.77
 3  81.94  1.37  0  3  0.86
 2  62.54  0.51  1  0  3.76
 1  86.10  0.86  0  1  2.29
 1  99.70  0.73  0  1  0.58
 0  89.33  0.27  0  0  1.97
 2  69.02  0.57  0  0  1.46
 0  70.67  0.27  1  0  0.69
 1  92.95  0.71  1  1  0.79
 0  87.33  0.46  0  0  2.69
 1  97.46  1.06  0  1  2.74
 1  90.98  0.57  0  0  2.49
 3  74.25  1.34  1  3  1.07
 3  77.47  0.96  1  2  6.00
 2  64.69  0.42  1  0  2.73
 2  60.30  0.73  0  2  1.08
 3  82.58  1.17  0  3  1.21
 3  67.44  1.24  0  3  2.04
 0  85.75  0.23  0  1  1.45
 0  77.42  0.40  1  0  1.01
 3  72.67  1.11  1  3  2.34
 3  77.42  1.17  1  3  0.72
 2  64.69  1.16  1  2  1.99
 0  81.94  0.21  0  0  5.33
 2  60.30  0.84  0  2  0.95
 0  74.25  0.23  1  0  0.83
 3  82.53  0.96  0  3  3.20
 3  92.56  1.24  0  3  1.62
 0  67.44  0.33  1  0  1.80
 2  67.05  0.86  0  2  2.98
 1  99.70  0.84  0  1  0.93
 1  92.95  0.86  0  1  1.92
 3  87.33  1.11  0  3  2.16
 1  90.98  1.00  1  3  1.51
 0  81.94  0.21  1  0  0.99
 1  86.10  0.86  1  0  4.19
 0  82.53  0.61  0  1  1.38
 1  95.31  0.42  1  1  3.52
 1  95.31  1.16  1  1  1.13
 1  90.98  0.57  1  0  2.56
 2  73.90  0.86  0  2  4.48
 0  87.33  0.46  1  0  1.92
 2  60.30  0.84  1  2  0.92
 0  78.06  0.21  0  0  1.65
 1  99.70  0.84  1  1  1.23
 1  98.95  0.95  0  1  0.59
 1  90.98  1.00  0  1  1.05
 2  61.05  0.62  1  2  1.20
 2  73.90  0.86  1  3  3.17
 1  86.10  0.71  1  2  3.05
 3  77.42  1.17  0  3  1.75
 0  77.47  0.61  0  2  3.26
 3  74.25  1.34  0  3  1.08
 2  64.69  0.42  0  0  2.23
 0  92.56  0.33  1  1  0.73
 3  85.75  1.34  0  3  2.41
 1  92.95  0.86  1  1  2.05
 2  67.05  0.71  0  2  1.43
 1  97.46  0.51  0  1  0.87
 0  77.42  0.40  0  0  1.73
 1  98.95  0.95  1  1  0.84
 3  77.47  0.96  0  2  7.75
