 1  90.98  1.00  0  0  1.09
 0  62.54  1.06  0  0  1.00
 3  95.31  0.42  1  2  1.00
 2  73.90  0.71  1  1  1.65
 0  77.47  0.61  0  0  1.30
 3  85.75  1.34  1  2  1.79
 0  60.30  0.84  0  1  1.95
 3  89.33  1.30  1  1  1.04
 0  78.06  0.21  0  0  0.76
 3  92.56  1.24  1  2  1.28
 2  72.67  0.46  1  1  1.38
 0  69.02  0.57  0  0  0.66
 1  90.98  0.57  0  0  0.60
 1  72.67  1.11  0  0  0.85
 3  90.98  1.00  1  2  1.14
 0  64.69  0.42  0  0  0.82
 0  89.33  0.27  0  1  0.87
 0  92.56  0.33  0  0  0.66
 2  85.75  0.23  1  2  1.15
 3  97.46  0.51  1  3  1.18
 0  73.90  0.71  0  1  1.22
 2  70.67  0.27  1  2  1.21
 3  86.10  0.71  1  2  1.98
 0  81.94  0.21  0  0  2.85
 2  69.02  0.57  1  2  1.71
 1  97.46  1.06  0  1  0.95
 1  70.67  1.30  0  0  0.81
 1  67.44  1.24  0  1  1.10
 2  69.02  1.00  1  2  0.95
 2  82.53  0.61  1  3  2.03
 3  81.94  1.37  1  2  1.02
 1  92.56  1.24  0  1  1.49
 3  72.67  1.11  1  2  1.41
 0  67.05  0.86  0  0  2.11
 1  92.95  0.71  0  1  0.93
 3  86.10  0.86  1  2  2.08
 1  82.53  0.96  0  1  2.74
 3  77.42  1.17  1  2  1.33
 0  69.02  1.00  0  0  1.02
 0  87.33  0.46  0  1  0.78
 2  61.05  0.95  1  2  2.23
 1  86.10  0.71  0  1  3.13
 1  98.95  0.95  0  1  1.96
 0  72.67  0.46  0  0  1.13
 1  95.31  1.16  0  1  1.44
 2  60.30  0.84  1  3  2.41
 2  87.33  0.46  1  3  0.69
 2  64.69  1.16  1  3  1.51
 0  74.25  0.23  0  1  1.24
 2  78.06  0.21  1  2  0.90
 3  70.67  1.30  1  2  2.17
 2  61.05  0.62  1  2  0.81
 2  67.44  0.33  1  3  1.18
 2  60.30  0.73  1  2  0.64
 2  64.69  0.42  1  3  0.97
 1  87.33  1.11  0  1  1.54
 3  78.06  1.37  1  2  1.29
 0  73.90  0.86  0  0  1.89
 1  78.06  1.37  0  2  1.29
 3  82.53  0.96  1  1  1.84
 0  60.30  0.73  0  0  2.24
 2  92.56  0.33  1  3  1.16
 0  82.53  0.61  0  1  3.82
 3  92.95  0.71  1  2  1.02
 1  86.10  0.86  0  1  4.33
 3  99.70  0.84  1  2  5.47
 2  74.25  0.23  1  1  2.35
 1  74.25  1.34  0  0  2.05
 2  89.33  0.27  1  2  2.38
 2  62.54  1.06  1  3  1.82
 0  82.58  0.40  0  1  1.87
 1  77.47  0.96  0  0  0.87
 3  67.44  1.24  1  2  0.86
 3  77.47  0.96  1  0  1.81
 1  89.33  1.30  0  1  1.04
 1  82.58  1.17  0  1  1.14
 0  85.75  0.23  0  1  1.20
 2  67.05  0.86  1  2  1.28
 1  85.75  1.34  0  1  1.23
 3  97.46  1.06  1  3  1.94
 3  98.95  0.62  1  3  0.85
 1  92.95  0.86  0  1  3.54
 0  67.05  0.71  0  2  1.07
 1  97.46  0.51  0  1  0.70
 2  67.05  0.71  1  2  2.06
 3  95.31  1.16  1  3  1.33
 3  74.25  1.34  1  2  1.12
 3  99.70  0.73  1  3  0.55
 2  62.54  0.51  1  2  0.79
 3  82.58  1.17  1  3  1.01
 1  99.70  0.73  0  1  1.11
 2  77.42  0.40  1  3  1.03
 0  64.69  1.16  0  0  2.67
 1  95.31  0.42  0  1  0.55
 2  77.47  0.61  1  3  1.14
 3  90.98  0.57  1  3  0.61
 1  99.70  0.84  0  1  0.74
 0  70.67  0.27  0  0  4.40
 3  87.33  1.11  1  3  1.00
 1  77.42  1.17  0  1  5.27
 2  82.58  0.40  1  3  0.89
 1  98.95  0.62  0  1  1.22
 2  81.94  0.21  1  3  0.85
 0  61.05  0.95  0  0  1.65
 0  62.54  0.51  0  0  0.73
 1  81.94  1.37  0  1  0.70
 0  61.05  0.62  0  0  0.51
 3  92.95  0.86  1  3  1.08
 3  98.95  0.95  1  3  0.70
 0  77.42  0.40  0  1  0.93
 2  73.90  0.86  1  2  1.24
 0  67.44  0.33  0  0  0.97
 1  67.44  1.24  0  0  0.99
 3  78.06  1.37  1  3  1.23
 3  98.95  0.62  1  1  2.02
 1  97.46  0.51  0  1  0.60
 2  92.56  0.33  1  3  0.47
 3  70.67  1.30  1  2  1.29
 2  62.54  1.06  1  2  0.66
 3  92.56  1.24  1  3  0.73
 0  67.44  0.33  0  1  0.82
 2  78.06  0.21  1  3  2.40
 2  77.42  0.40  1  2  1.03
 3  99.70  0.84  1  3  0.69
 3  86.10  0.71  1  3  0.84
 2  77.47  0.61  1  3  1.44
 2  74.25  0.23  1  3  1.15
 0  60.30  0.73  0  0  1.04
 0  73.90  0.86  0  1  1.05
 2  69.02  1.00  1  2  0.69
 2  62.54  0.51  1  2  0.62
 1  74.25  1.34  0  1  1.99
 1  77.47  0.96  0  1  0.65
 0  70.67  0.27  0  0  2.46
 3  92.95  0.86  1  3  1.13
 0  77.47  0.61  0  1  2.89
 0  61.05  0.95  0  0  0.63
 0  73.90  0.71  0  0  1.45
 1  78.06  1.37  0  1  2.25
 3  90.98  1.00  1  3  0.96
 1  92.56  1.24  0  1  1.26
 1  86.10  0.86  0  1  0.67
 1  95.31  0.42  0  1  0.70
 3  77.42  1.17  1  2  2.21
 0  89.33  0.27  0  1  2.30
 3  89.33  1.30  1  3  2.29
 3  82.58  1.17  1  2  0.92
 2  60.30  0.73  1  2  0.51
 3  97.46  0.51  1  3  0.57
 0  69.02  0.57  0  0  1.54
 2  73.90  0.86  1  2  2.02
 1  82.58  1.17  0  1  1.19
 2  70.67  0.27  1  3  2.51
 0  72.67  0.46  0  1  1.77
 3  77.47  0.96  1  2  0.93
 2  69.02  0.57  1  2  4.18
 0  81.94  0.21  0  1  1.42
 1  77.42  1.17  0  0  0.98
 3  92.95  0.71  1  3  1.65
 3  87.33  1.11  1  3  0.87
 1  81.94  1.37  0  1  1.42
 0  62.54  0.51  0  0  0.56
 2  61.05  0.62  1  2  0.86
 2  60.30  0.84  1  2  0.58
 2  87.33  0.46  1  3  0.73
 3  81.94  1.37  1  3  1.69
 1  86.10  0.71  0  1  1.43
 0  64.69  1.16  0  0  1.00
 0  92.56  0.33  0  1  0.66
 3  74.25  1.34  1  2  0.89
 3  67.44  1.24  1  2  1.30
 0  60.30  0.84  0  0  1.33
 2  72.67  0.46  1  3  2.22
 1  98.95  0.95  0  1  0.91
 3  98.95  0.95  1  3  3.11
 3  72.67  1.11  1  2  0.93
 2  82.53  0.61  1  2  1.18
 3  99.70  0.73  1  3  1.07
 2  67.44  0.33  1  2  1.37
 0  74.25  0.23  0  1  1.31
 0  77.42  0.40  0  0  0.66
 2  64.69  1.16  1  2  0.64
 2  85.75  0.23  1  3  1.75
 3  95.31  1.16  1  3  1.36
 2  67.05  0.86  1  2  1.03
 3  90.98  0.57  1  2  2.53
 0  69.02  1.00  0  0  2.10
 0  78.06  0.21  0  1  0.66
 0  87.33  0.46  0  0  0.57
 0  82.58  0.40  0  0  0.71
 1  85.75  1.34  0  1  1.89
 1  99.70  0.73  0  1  3.33
 3  97.46  1.06  1  3  1.59
 2  81.94  0.21  1  2  1.53
 1  89.33  1.30  0  1  2.37
 3  95.31  0.42  1  2  1.33
 3  82.53  0.96  1  2  2.02
 1  72.67  1.11  0  0  1.63
 2  82.58  0.40  1  3  1.08
 2  64.69  0.42  1  2  0.81
 2  89.33  0.27  1  3  0.67
 0  67.05  0.86  0  0  1.17
 1  92.95  0.86  0  1  0.53
 1  90.98  1.00  0  1  0.64
 2  61.05  0.95  1  2  0.66
 2  67.05  0.71  1  2  1.70
 0  62.54  1.06  0  0  1.00
 1  90.98  0.57  0  1  2.01
 3  86.10  0.86  1  3  0.71
 1  95.31  1.16  0  1  0.76
 3  85.75  1.34  1  2  1.70
 1  92.95  0.71  0  1  0.70
 1  99.70  0.84  0  1  1.42
 1  82.53  0.96  0  0  0.96
 0  85.75  0.23  0  0  0.93
 2  73.90  0.71  1  2  0.92
 1  98.95  0.62  0  1  0.76
 1  70.67  1.30  0  0  0.58
 1  87.33  1.11  0  1  0.57
 0  64.69  0.42  0  0  1.09
 0  82.53  0.61  0  1  0.72
 1  97.46  1.06  0  1  1.35
 0  67.05  0.71  0  0  0.67
 0  61.05  0.62  0  0  0.51
 3  77.42  1.17  1  0  1.19
 0  67.05  0.71  0  0  0.83
 2  87.33  0.46  1  1  0.70
 1  92.95  0.86  0  1  0.71
 1  99.70  0.84  0  1  1.34
 0  67.05  0.86  0  0  1.35
 1  98.95  0.95  0  1  0.44
 2  67.05  0.86  1  2  0.61
 0  60.30  0.73  0  0  0.61
 2  60.30  0.73  1  0  0.40
 1  92.56  1.24  0  1  0.63
 3  87.33  1.11  1  3  1.24
 0  69.02  0.57  0  1  1.64
 1  74.25  1.34  0  0  0.58
 0  61.05  0.62  0  0  0.59
 3  77.47  0.96  1  3  0.92
 0  81.94  0.21  0  1  0.75
 2  67.44  0.33  1  2  4.28
 0  85.75  0.23  0  1  1.25
 1  85.75  1.34  0  1  0.91
 2  62.54  1.06  1  2  0.61
 2  70.67  0.27  1  2  1.82
 0  64.69  1.16  0  0  0.77
 0  78.06  0.21  0  0  1.29
 1  95.31  1.16  0  1  1.20
 3  70.67  1.30  1  2  0.92
 2  92.56  0.33  1  2  1.43
 2  61.05  0.95  1  2  1.54
 1  77.47  0.96  0  1  1.91
 2  82.53  0.61  1  3  2.07
 0  82.53  0.61  0  1  1.14
 0  82.58  0.40  0  1  0.95
 3  86.10  0.71  1  3  1.36
 3  90.98  1.00  1  3  1.34
 1  98.95  0.62  0  1  1.77
 3  92.95  0.71  1  2  1.48
 3  82.53  0.96  1  3  1.27
 3  92.95  0.86  1  3  2.70
 1  81.94  1.37  0  1  1.09
 2  69.02  0.57  1  2  0.97
 2  60.30  0.84  1  2  0.68
 1  72.67  1.11  0  1  1.93
 2  77.47  0.61  1  3  2.05
 2  61.05  0.62  1  2  0.68
 1  92.95  0.71  0  1  1.25
 1  95.31  0.42  0  1  0.88
 1  82.53  0.96  0  1  1.76
 0  77.47  0.61  0  1  1.30
 3  89.33  1.30  1  3  1.20
 0  61.05  0.95  0  0  3.35
 1  77.42  1.17  0  1  0.75
 3  97.46  0.51  1  3  1.01
 3  98.95  0.95  1  3  0.67
 1  97.46  0.51  0  1  1.59
 3  98.95  0.62  1  3  1.55
 2  74.25  0.23  1  2  0.92
 0  62.54  1.06  0  0  1.38
 1  90.98  0.57  0  1  0.80
 2  78.06  0.21  1  2  0.91
 1  67.44  1.24  0  1  1.90
 1  86.10  0.71  0  1  1.12
 3  95.31  1.16  1  3  0.97
 0  77.42  0.40  0  1  3.80
 0  72.67  0.46  0  0  0.90
 0  73.90  0.71  0  0  0.60
 3  72.67  1.11  1  2  1.28
 3  81.94  1.37  1  3  1.29
 0  87.33  0.46  0  1  1.15
 1  89.33  1.30  0  1  0.80
 2  69.02  1.00  1  2  2.92
 2  64.69  1.16  1  2  0.58
 0  70.67  0.27  0  0  1.38
 3  95.31  0.42  1  2  2.21
 3  74.25  1.34  1  3  1.76
 1  87.33  1.11  0  1  0.83
 3  67.44  1.24  1  2  0.63
 2  85.75  0.23  1  3  0.82
 3  82.58  1.17  1  3  1.14
 0  89.33  0.27  0  1  0.81
 1  99.70  0.73  0  1  1.15
 3  90.98  0.57  1  2  3.64
 3  99.70  0.73  1  3  1.23
 1  90.98  1.00  0  1  0.94
 2  67.05  0.71  1  2  1.93
 3  85.75  1.34  1  3  0.82
 3  86.10  0.86  1  3  0.59
 2  62.54  0.51  1  2  2.22
 2  89.33  0.27  1  3  0.80
 3  97.46  1.06  1  3  1.35
 2  73.90  0.71  1  2  1.22
 1  78.06  1.37  0  1  1.16
 0  60.30  0.84  0  0  0.95
 1  86.10  0.86  0  1  2.30
 3  78.06  1.37  1  3  2.19
 2  77.42  0.40  1  0  2.00
 2  64.69  0.42  1  2  2.00
 2  72.67  0.46  1  2  0.63
 0  73.90  0.86  0  1  0.77
 0  67.44  0.33  0  1  0.86
 3  92.56  1.24  1  3  0.99
 1  97.46  1.06  0  1  0.86
 2  82.58  0.40  1  2  1.66
 0  92.56  0.33  0  0  0.76
 0  74.25  0.23  0  0  0.74
 1  70.67  1.30  0  1  0.82
 0  62.54  0.51  0  0  0.52
 2  73.90  0.86  1  3  2.00
 3  99.70  0.84  1  3  1.00
 1  82.58  1.17  0  1  1.07
 0  64.69  0.42  0  0  2.13
 2  81.94  0.21  1  3  1.14
 0  69.02  1.00  0  1  0.71
 1  89.33  1.30  0  1  4.16
 3  70.67  1.30  1  2  0.70
 3  92.95  0.71  1  3  1.18
 2  74.25  0.23  1  2  0.80
 2  81.94  0.21  1  2  0.76
 0  64.69  0.42  0  0  1.58
 0  77.42  0.40  0  1  0.71
 3  98.95  0.95  1  2  0.81
 0  69.02  1.00  0  1  2.13
 1  86.10  0.71  0  1  1.19
 0  82.53  0.61  0  1  0.51
 1  78.06  1.37  0  1  1.11
 0  87.33  0.46  0  0  0.99
 0  92.56  0.33  0  0  1.16
 1  86.10  0.86  0  1  0.80
 3  82.53  0.96  1  3  1.17
 1  92.95  0.86  0  1  1.19
 3  95.31  1.16  1  3  0.99
 2  78.06  0.21  1  2  1.30
 1  67.44  1.24  0  0  1.60
 2  82.53  0.61  1  2  1.67
 1  98.95  0.62  0  1  1.28
 0  61.05  0.95  0  0  0.79
 1  95.31  1.16  0  1  0.73
 0  60.30  0.84  0  0  0.57
 2  67.05  0.71  1  2  1.88
 3  97.46  1.06  1  3  0.57
 1  72.67  1.11  0  1  2.29
 1  97.46  0.51  0  1  0.78
 2  77.47  0.61  1  3  1.51
 1  81.94  1.37  0  1  1.43
 2  60.30  0.73  1  2  1.35
 0  64.69  1.16  0  0  1.07
 1  95.31  0.42  0  1  1.29
 2  61.05  0.62  1  2  1.43
 0  73.90  0.86  0  1  1.68
 1  70.67  1.30  0  0  0.79
 3  82.58  1.17  1  3  0.83
 3  78.06  1.37  1  3  1.84
 3  99.70  0.84  1  3  0.62
 1  77.47  0.96  0  1  1.16
 3  98.95  0.62  1  3  1.35
 3  74.25  1.34  1  2  0.73
 3  85.75  1.34  1  3  1.21
 3  97.46  0.51  1  3  0.78
 3  99.70  0.73  1  3  0.71
 0  85.75  0.23  0  0  1.45
 0  89.33  0.27  0  0  0.64
 3  89.33  1.30  1  3  2.24
 1  74.25  1.34  0  1  0.98
 0  62.54  1.06  0  0  0.56
 3  77.42  1.17  1  2  1.34
 0  74.25  0.23  0  0  2.09
 2  87.33  0.46  1  2  0.78
 2  92.56  0.33  1  2  0.59
 1  92.95  0.71  0  2  1.13
 2  62.54  0.51  1  2  2.25
 0  67.44  0.33  0  0  2.38
 2  60.30  0.84  1  2  0.83
 3  81.94  1.37  1  3  1.47
 3  92.56  1.24  1  3  1.06
 3  95.31  0.42  1  2  1.31
 0  78.06  0.21  0  0  1.03
 1  97.46  1.06  0  1  1.68
 2  69.02  0.57  1  2  1.26
 1  98.95  0.95  0  1  1.10
 2  64.69  1.16  1  2  0.61
 0  69.02  0.57  0  1  1.68
 3  86.10  0.71  1  3  2.23
 2  69.02  1.00  1  2  0.71
 0  67.05  0.86  0  0  0.73
 0  81.94  0.21  0  0  1.90
 2  73.90  0.71  1  2  1.13
 1  90.98  1.00  0  1  1.50
 2  64.69  0.42  1  2  0.82
 2  89.33  0.27  1  2  1.71
 1  99.70  0.73  0  1  1.35
 0  67.05  0.71  0  0  1.27
 1  85.75  1.34  0  1  0.77
 3  86.10  0.86  1  3  1.15
 1  82.53  0.96  0  1  1.13
 3  92.95  0.86  1  3  1.23
 2  73.90  0.86  1  2  0.82
 2  67.05  0.86  1  2  0.91
 3  90.98  0.57  1  3  1.26
 1  90.98  0.57  0  1  1.26
 3  77.47  0.96  1  3  1.96
 0  73.90  0.71  0  1  1.56
 2  61.05  0.95  1  0  0.72
 2  82.58  0.40  1  3  0.71
 1  87.33  1.11  0  1  0.66
 0  82.58  0.40  0  0  0.99
 3  67.44  1.24  1  2  0.62
 2  62.54  1.06  1  2  0.64
 2  70.67  0.27  1  3  0.72
 2  67.44  0.33  1  2  0.71
 1  82.58  1.17  0  1  0.87
 0  72.67  0.46  0  0  0.51
 3  90.98  1.00  1  3  1.53
 0  77.47  0.61  0  0  1.94
 1  99.70  0.84  0  1  0.75
 1  77.42  1.17  0  1  1.04
 2  85.75  0.23  1  2  1.22
 2  72.67  0.46  1  2  0.67
 0  61.05  0.62  0  2  0.72
 0  70.67  0.27  0  0  0.65
 2  77.42  0.40  1  2  1.31
 3  72.67  1.11  1  3  1.33
 0  60.30  0.73  0  0  1.04
 1  92.56  1.24  0  1  1.65
 3  87.33  1.11  1  3  0.91
 0  62.54  0.51  0  0  1.98
 0  85.75  0.23  0  1  1.32
 1  86.10  0.86  0  1  0.88
 2  81.94  0.21  1  2  0.70
 2  73.90  0.86  1  3  0.81
 3  89.33  1.30  1  3  0.60
 0  92.56  0.33  0  0  1.49
 3  67.44  1.24  1  2  1.48
 0  73.90  0.86  0  1  1.40
 1  70.67  1.30  0  0  0.61
 3  98.95  0.95  1  3  0.91
 1  67.44  1.24  0  0  2.27
 0  67.44  0.33  0  1  0.87
 0  67.05  0.71  0  0  1.79
 2  62.54  1.06  1  2  0.80
 3  70.67  1.30  1  3  1.51
 2  67.05  0.71  1  3  1.00
 2  69.02  1.00  1  2  0.77
 3  86.10  0.71  1  3  0.84
 1  77.47  0.96  0  1  1.02
 3  86.10  0.86  1  3  2.23
 3  95.31  0.42  1  2  1.54
 2  87.33  0.46  1  3  0.75
 2  73.90  0.71  1  2  1.00
 0  82.53  0.61  0  1  1.68
 2  77.42  0.40  1  2  1.12
 2  70.67  0.27  1  2  2.03
 1  72.67  1.11  0  1  1.61
 0  81.94  0.21  0  1  0.83
 1  89.33  1.30  0  1  0.91
 0  61.05  0.62  0  0  0.71
 1  74.25  1.34  0  1  0.98
 1  77.42  1.17  0  1  0.68
 2  82.53  0.61  1  3  1.85
 1  87.33  1.11  0  3  1.08
 2  60.30  0.84  1  2  2.00
 2  82.58  0.40  1  2  1.52
 0  60.30  0.73  0  0  1.91
 0  72.67  0.46  0  1  0.42
 2  64.69  0.42  1  2  1.43
 1  97.46  1.06  0  1  1.14
 3  82.58  1.17  1  3  1.15
 2  61.05  0.95  1  2  0.51
 0  62.54  1.06  0  0  0.70
 3  95.31  1.16  1  3  0.79
 2  85.75  0.23  1  3  0.51
 1  90.98  1.00  0  1  0.88
 1  95.31  1.16  0  1  0.68
 3  97.46  1.06  1  3  0.85
 3  90.98  0.57  1  3  0.97
 1  97.46  0.51  0  0  1.32
 2  78.06  0.21  1  2  1.00
 0  60.30  0.84  0  0  0.78
 0  77.42  0.40  0  0  0.57
 3  78.06  1.37  1  3  1.70
 2  60.30  0.73  1  2  0.63
 0  87.33  0.46  0  1  2.13
 1  78.06  1.37  0  1  1.06
 3  99.70  0.73  1  3  0.76
 1  86.10  0.71  0  1  0.71
 0  77.47  0.61  0  1  0.80
 0  70.67  0.27  0  0  0.68
 3  92.95  0.86  1  3  1.48
 1  92.56  1.24  0  1  0.84
 2  77.47  0.61  1  3  1.20
 2  61.05  0.62  1  2  1.02
 2  62.54  0.51  1  2  0.55
 3  77.42  1.17  1  3  0.96
 1  85.75  1.34  0  1  0.64
 3  81.94  1.37  1  3  2.43
 1  95.31  0.42  0  1  0.82
 3  85.75  1.34  1  3  0.81
 0  62.54  0.51  0  0  1.30
 1  81.94  1.37  0  1  0.90
 0  78.06  0.21  0  0  0.74
 2  72.67  0.46  1  2  0.82
 0  64.69  1.16  0  0  2.05
 3  92.95  0.71  1  3  1.67
 1  82.58  1.17  0  1  3.40
 1  99.70  0.73  0  1  0.73
 1  90.98  0.57  0  1  0.54
 1  92.95  0.71  0  1  0.70
 1  99.70  0.84  0  1  0.59
 0  64.69  0.42  0  0  1.06
 3  92.56  1.24  1  3  0.95
 3  98.95  0.62  1  3  2.17
 0  82.58  0.40  0  0  1.25
 0  61.05  0.95  0  0  0.70
 3  87.33  1.11  1  3  1.57
 0  69.02  1.00  0  0  1.43
 2  89.33  0.27  1  2  1.08
 3  72.67  1.11  1  3  1.17
 3  82.53  0.96  1  3  0.95
 0  74.25  0.23  0  0  1.56
 2  67.05  0.86  1  2  1.91
 2  92.56  0.33  1  2  0.89
 0  73.90  0.71  0  1  3.24
 1  92.95  0.86  0  1  0.72
 2  69.02  0.57  1  2  2.63
 1  98.95  0.95  0  1  1.53
 2  74.25  0.23  1  2  1.09
 3  97.46  0.51  1  2  1.70
 0  89.33  0.27  0  1  1.37
 1  82.53  0.96  0  1  1.81
 3  74.25  1.34  1  2  0.94
 0  69.02  0.57  0  1  0.73
 3  77.47  0.96  1  3  1.07
 3  99.70  0.84  1  3  1.08
 2  64.69  1.16  1  2  0.70
 2  67.44  0.33  1  3  0.89
 1  98.95  0.62  0  1  2.58
 0  67.05  0.86  0  1  1.96
 3  90.98  1.00  1  3  1.26
