 1  99.70  0.84  0  0  1.91
 0  64.69  0.42  0  1  1.72
 0  81.94  0.21  0  1  1.24
 0  87.33  0.46  0  1  0.78
 1  72.67  1.11  0  1  0.73
 0  97.46  0.51  0  0  0.68
 1  77.47  0.61  0  0  1.39
 1  82.58  1.17  0  0  1.57
 0  70.67  0.27  0  0  1.19
 1  82.53  0.96  0  0  1.90
 0  61.05  0.62  0  0  1.29
 0  78.06  0.21  0  1  1.08
 1  77.42  1.17  0  1  1.16
 1  98.95  0.95  0  1 17.68
 1  81.94  1.37  0  0  1.11
 1  98.95  0.62  0  0  2.35
 0  60.30  0.73  0  1  1.42
 1  97.46  1.06  0  1  0.81
 0  95.31  0.42  0  1  1.14
 1  73.90  0.86  0  1  1.22
 1  85.75  1.34  0  0  0.62
 0  89.33  0.27  0  0  0.43
 0  69.02  1.00  0  1  0.59
 0  67.44  1.24  0  0  1.01
 1  87.33  1.11  0  0  0.80
 1  86.10  0.71  0  1  0.82
 0  82.58  0.40  0  1  0.74
 0  67.05  0.86  0  0  0.71
 1  73.90  0.71  0  1  0.50
 1  74.25  1.34  0  1  1.80
 1  92.95  0.86  0  1  1.90
 0  60.30  0.84  0  0  0.76
 0  70.67  1.30  0  0  0.80
 0  74.25  0.23  0  1  0.58
 1  77.47  0.96  0  0  0.81
 1  89.33  1.30  0  1  0.44
 0  67.05  0.71  0  1  0.47
 0  77.42  0.40  0  0  0.41
 0  92.56  0.33  0  0  0.61
 1  82.53  0.61  0  1  2.87
 0  67.44  0.33  0  1  0.69
 0  62.54  1.06  0  0  0.45
 1  78.06  1.37  0  1  0.41
 1  90.98  1.00  0  0  0.34
 1  99.70  0.73  0  1  0.48
 1  86.10  0.86  0  1  0.80
 0  69.02  0.57  0  0  0.51
 1  95.31  1.16  0  1  0.49
 1  90.98  0.57  0  1  1.08
 0  72.67  0.46  0  0  0.54
 1  92.95  0.71  0  1  0.38
 0  62.54  0.51  0  0  0.71
 0  61.05  0.95  0  0  0.56
 1  92.56  1.24  0  1  0.68
 0  64.69  1.16  0  0  0.40
 0  85.75  0.23  0  1  0.35
 1  77.47  0.96  0  1  2.31
 0  70.67  1.30  0  0  0.27
 1  90.98  1.00  0  1  0.51
 1  90.98  0.57  0  1  0.57
 1  89.33  1.30  0  1  0.45
 1  77.47  0.61  0  1  0.44
 0  72.67  0.46  0  0  0.60
 0  60.30  0.73  0  0  0.57
 0  67.05  0.71  0  0  0.46
 0  77.42  0.40  0  1  0.60
 1  92.95  0.71  0  1  0.50
 1  72.67  1.11  0  0  0.62
 1  92.95  0.86  0  1  0.52
 1  82.53  0.96  0  0  0.52
 1  86.10  0.86  0  1  0.48
 0  78.06  0.21  0  1  0.63
 1  81.94  1.37  0  0  0.60
 1  73.90  0.71  0  1  0.45
 0  85.75  0.23  0  1  0.45
 1  95.31  1.16  0  1  0.58
 0  69.02  1.00  0  0  0.60
 0  82.58  0.40  0  1  2.18
 0  61.05  0.62  0  0  0.56
 0  60.30  0.84  0  0  0.49
 1  98.95  0.95  0  1  0.72
 0  74.25  0.23  0  0  0.62
 1  86.10  0.71  0  1  0.77
 0  67.44  0.33  0  0  0.58
 0  64.69  1.16  0  0  0.58
 1  98.95  0.62  0  1  0.67
 0  64.69  0.42  0  0  0.66
 1  82.53  0.61  0  0  1.24
 0  67.05  0.86  0  0  0.53
 0  95.31  0.42  0  1  0.62
 0  61.05  0.95  0  0  0.43
 1  78.06  1.37  0  0  0.45
 0  67.44  1.24  0  0  0.50
 1  85.75  1.34  0  0  0.71
 0  89.33  0.27  0  1  0.82
 0  69.02  0.57  0  0  0.53
 0  62.54  0.51  0  0  0.58
 1  74.25  1.34  0  0  0.62
 0  81.94  0.21  0  0  1.89
 1  99.70  0.73  0  1  0.99
 1  82.58  1.17  0  1  0.69
 1  73.90  0.86  0  0  1.84
 0  87.33  0.46  0  0  2.99
 1  87.33  1.11  0  0  1.26
 0  70.67  0.27  0  0  0.72
 0  97.46  0.51  0  0  2.01
 1  97.46  1.06  0  0  3.43
 1  77.42  1.17  0  0  0.53
 1  92.56  1.24  0  0  0.89
 1  99.70  0.84  0  1  0.50
 0  92.56  0.33  0  0  1.75
 0  62.54  1.06  0  0  0.61
 1  92.95  0.86  0  0  2.06
 0  60.30  0.73  0  0  0.69
 0  67.05  0.86  0  0  0.52
 1  78.06  1.37  0  0  0.75
 0  61.05  0.62  0  0  0.59
 1  89.33  1.30  0  1  0.80
 1  73.90  0.86  0  0  1.76
 1  77.47  0.61  0  0  0.58
 0  67.44  1.24  0  0  0.56
 1  99.70  0.84  0  1  0.45
 0  74.25  0.23  0  0  0.78
 1  90.98  0.57  0  1  0.75
 0  82.58  0.40  0  0  0.59
 0  62.54  1.06  0  0  0.63
 0  67.44  0.33  0  0  0.57
 0  95.31  0.42  0  1  1.82
 0  92.56  0.33  0  0  0.74
 0  70.67  0.27  0  0  0.62
 1  82.53  0.96  0  0  1.01
 1  98.95  0.95  0  0  1.25
 1  98.95  0.62  0  1  0.81
 0  78.06  0.21  0  0  0.75
 0  64.69  0.42  0  0  0.66
 1  90.98  1.00  0  0  1.75
 0  70.67  1.30  0  0  0.59
 0  81.94  0.21  0  1  1.75
 0  69.02  1.00  0  0  0.58
 0  72.67  0.46  0  0  0.73
 1  82.58  1.17  0  0  0.58
 1  87.33  1.11  0  1  0.55
 1  86.10  0.86  0  0  1.83
 0  89.33  0.27  0  0  2.34
 1  82.53  0.61  0  0  0.78
 0  77.42  0.40  0  0  0.96
 0  87.33  0.46  0  1  1.97
 1  95.31  1.16  0  1  0.94
 1  74.25  1.34  0  0  0.69
 0  67.05  0.71  0  0  0.62
 1  86.10  0.71  0  1  2.61
 0  85.75  0.23  0  0  3.11
 0  69.02  0.57  0  0  0.61
 0  97.46  0.51  0  1  4.03
 1  85.75  1.34  0  0  0.49
 1  77.47  0.96  0  1  0.58
 1  81.94  1.37  0  0  1.18
 1  92.56  1.24  0  1  0.59
 1  73.90  0.71  0  0  0.66
 0  64.69  1.16  0  0  0.62
 1  92.95  0.71  0  1  0.75
 0  60.30  0.84  0  0  0.66
 0  61.05  0.95  0  0  0.62
 1  77.42  1.17  0  0  0.56
 1  97.46  1.06  0  1  0.72
 1  72.67  1.11  0  0  0.71
 0  62.54  0.51  0  0  0.66
 1  99.70  0.73  0  1  0.64
 1  98.95  0.95  0  1  1.17
 1  90.98  1.00  0  0  0.91
 0  67.05  0.71  0  0  0.63
 0  69.02  0.57  0  0  1.47
 1  78.06  1.37  0  1  1.37
 0  82.58  0.40  0  1  1.38
 0  87.33  0.46  0  1  1.58
 1  86.10  0.71  0  0  0.70
 1  77.42  1.17  0  0  0.71
 1  73.90  0.71  0  0  0.61
 1  87.33  1.11  0  1  0.51
 0  97.46  0.51  0  0  1.74
 0  61.05  0.95  0  0  0.73
 0  60.30  0.73  0  0  0.59
 1  89.33  1.30  0  1  0.63
 0  85.75  0.23  0  0  0.82
 0  89.33  0.27  0  1  0.65
 1  92.95  0.86  0  0  0.98
 1  77.47  0.96  0  1  0.35
 0  92.56  0.33  0  0  0.50
 1  95.31  1.16  0  1  0.48
 1  72.67  1.11  0  0  0.47
 1  77.47  0.61  0  1  0.63
 1  86.10  0.86  0  0  0.44
 1  85.75  1.34  0  0  1.33
 0  67.44  0.33  0  0  0.62
 0  70.67  1.30  0  0  0.62
 0  77.42  0.40  0  1  0.65
 1  92.56  1.24  0  1  0.75
 0  62.54  0.51  0  0  0.39
 0  64.69  0.42  0  0  0.51
 1  99.70  0.73  0  1  0.44
 1  82.53  0.61  0  1  0.67
 1  98.95  0.62  0  1  0.54
 0  81.94  0.21  0  1  1.01
 0  62.54  1.06  0  0  0.55
 1  92.95  0.71  0  1  0.69
 1  90.98  0.57  0  1  0.74
 0  67.44  1.24  0  0  0.48
 0  70.67  0.27  0  0  0.57
 0  74.25  0.23  0  0  0.55
 0  60.30  0.84  0  0  0.99
 0  78.06  0.21  0  1  0.92
 0  72.67  0.46  0  0  0.52
 0  61.05  0.62  0  0  0.49
 0  64.69  1.16  0  0  0.75
 1  82.53  0.96  0  0  2.42
 1  99.70  0.84  0  1  0.91
 1  82.58  1.17  0  0  1.37
 0  67.05  0.86  0  0  0.65
 1  81.94  1.37  0  0  6.27
 0  69.02  1.00  0  0  0.71
 0  95.31  0.42  0  1  4.42
 1  73.90  0.86  0  0  0.40
 1  97.46  1.06  0  1  0.42
 1  74.25  1.34  0  0  0.25
 1  78.06  1.37  0  0  0.67
 0  81.94  0.21  0  1  0.84
 1  86.10  0.86  0  0  0.46
 0  77.42  0.40  0  0  0.67
 1  85.75  1.34  0  0  0.65
 1  95.31  1.16  0  1  0.40
 0  61.05  0.95  0  0  0.51
 1  82.53  0.96  0  1  1.27
 0  97.46  0.51  0  1  0.67
 1  99.70  0.84  0  1  0.57
 1  74.25  1.34  0  0  0.46
 0  67.05  0.86  0  0  0.48
 1  77.42  1.17  0  0  0.64
 1  73.90  0.86  0  0  0.62
 1  81.94  1.37  0  0  0.68
 0  74.25  0.23  0  1  0.46
 0  89.33  0.27  0  1  0.63
 1  92.95  0.86  0  0  0.36
 1  90.98  1.00  0  1  0.23
 0  67.44  0.33  0  0  0.47
 1  92.95  0.71  0  1  0.52
 0  95.31  0.42  0  1  0.54
 1  72.67  1.11  0  1  0.36
 0  64.69  1.16  0  1  0.69
 0  70.67  0.27  0  0  0.15
 0  67.44  1.24  0  1  0.36
 0  62.54  0.51  0  0  0.53
 1  98.95  0.62  0  1  0.61
 1  73.90  0.71  0  0  0.46
 1  82.58  1.17  0  1  0.57
 0  60.30  0.73  0  0  0.45
 1  87.33  1.11  0  1  0.65
 1  92.56  1.24  0  1  0.49
 1  86.10  0.71  0  1  0.71
 0  69.02  0.57  0  0  0.78
 0  64.69  0.42  0  0  1.25
 0  82.58  0.40  0  1  1.24
 1  77.47  0.96  0  0  0.44
 0  72.67  0.46  0  1  0.72
 0  61.05  0.62  0  0  0.11
 1  77.47  0.61  0  1  0.75
 0  67.05  0.71  0  0  0.58
 0  92.56  0.33  0  1  0.98
 1  98.95  0.95  0  1  0.60
 1  90.98  0.57  0  1  0.74
 0  69.02  1.00  0  0  0.64
 0  70.67  1.30  0  0  0.79
 0  62.54  1.06  0  1  1.22
 1  89.33  1.30  0  0  0.60
 1  99.70  0.73  0  1  0.45
 0  60.30  0.84  0  0  0.87
 1  97.46  1.06  0  1  1.09
 0  87.33  0.46  0  1  1.46
 0  78.06  0.21  0  0  0.96
 1  82.53  0.61  0  0  0.33
 0  85.75  0.23  0  1  0.53
 1  90.98  0.57  0  0  0.49
 1  92.56  1.24  0  1  0.46
 1  77.42  1.17  0  0  0.63
 0  81.94  0.21  0  1  0.32
 1  86.10  0.86  0  0  0.56
 0  67.44  1.24  0  0  0.52
 1  82.53  0.96  0  1  0.87
 1  81.94  1.37  0  1  1.18
 0  77.42  0.40  0  1  1.25
 0  92.56  0.33  0  1  0.52
 1  90.98  1.00  0  0  0.60
 1  87.33  1.11  0  1  0.24
 1  73.90  0.71  0  0  0.29
 0  95.31  0.42  0  1  0.49
 1  78.06  1.37  0  0  0.54
 1  89.33  1.30  0  1  1.59
 1  77.47  0.61  0  1  1.41
 1  72.67  1.11  0  1  1.09
 1  98.95  0.95  0  0  0.84
 1  92.95  0.86  0  0  0.75
 0  78.06  0.21  0  1  0.97
 1  77.47  0.96  0  0  0.41
 0  67.05  0.71  0  1  0.07
 0  64.69  0.42  0  1  0.16
 0  62.54  0.51  0  1  0.01
 0  62.54  1.06  0  1  0.06
 0  85.75  0.23  0  1  0.19
 1  82.53  0.61  0  0  0.08
 0  64.69  1.16  0  0  0.01
 0  89.33  0.27  0  1  0.03
 0  61.05  0.62  0  0  0.06
 0  69.02  1.00  0  1  0.13
 1  98.95  0.62  0  1  0.12
 1  73.90  0.86  0  1  0.12
 0  61.05  0.95  0  1  0.11
 1  95.31  1.16  0  0  0.03
 0  70.67  0.27  0  0  0.06
 0  87.33  0.46  0  0  0.09
 0  74.25  0.23  0  1  0.10
 0  97.46  0.51  0  0  2.04
 1  82.58  1.17  0  1  1.10
 1  86.10  0.71  0  1  1.40
 1  85.75  1.34  0  0  1.20
 0  72.67  0.46  0  1  0.58
 0  67.44  0.33  0  1  0.74
 0  70.67  1.30  0  1  0.67
 0  69.02  0.57  0  0  0.44
 0  60.30  0.84  0  0  0.81
 1  99.70  0.73  0  0  0.79
 0  67.05  0.86  0  0  0.76
 1  74.25  1.34  0  1  0.48
 1  92.95  0.71  0  0  1.96
 0  60.30  0.73  0  0  0.71
 0  82.58  0.40  0  1  1.00
 1  97.46  1.06  0  1  0.86
 1  99.70  0.84  0  0  0.86
 1  81.94  1.37  0  0  0.95
 0  89.33  0.27  0  1  0.49
 0  64.69  0.42  0  0  0.20
 1  73.90  0.71  0  0  0.84
 0  74.25  0.23  0  0  0.31
 0  97.46  0.51  0  1  0.16
 1  90.98  1.00  0  0  0.36
 1  92.95  0.86  0  1  0.32
 0  72.67  0.46  0  1  0.29
 1  99.70  0.84  0  0  0.04
 0  67.05  0.71  0  0  0.63
 0  77.42  0.40  0  1  0.75
 1  98.95  0.62  0  0  0.20
 0  67.44  1.24  0  1  0.27
 0  60.30  0.84  0  1  0.27
 1  98.95  0.95  0  1  0.51
 1  82.58  1.17  0  0  0.73
 0  67.05  0.86  0  1  0.66
 1  86.10  0.71  0  0  0.32
 0  95.31  0.42  0  1  0.19
 0  69.02  1.00  0  0  0.38
 1  86.10  0.86  0  1  0.33
 1  77.47  0.61  0  1  0.32
 0  64.69  1.16  0  0  0.36
 1  95.31  1.16  0  1  0.51
 1  77.42  1.17  0  1  0.63
 1  72.67  1.11  0  1  0.56
 0  62.54  1.06  0  0  0.56
 1  87.33  1.11  0  1  1.24
 1  89.33  1.30  0  1  0.92
 0  82.58  0.40  0  0  0.91
 0  85.75  0.23  0  0  1.88
 0  62.54  0.51  0  0  0.92
 1  74.25  1.34  0  1  1.31
 0  81.94  0.21  0  1  0.80
 1  85.75  1.34  0  1  0.60
 0  61.05  0.62  0  0  0.69
 0  70.67  1.30  0  0  1.51
 0  60.30  0.73  0  0  1.56
 0  70.67  0.27  0  1  0.70
 0  67.44  0.33  0  0  0.76
 1  97.46  1.06  0  1  0.63
 0  92.56  0.33  0  1  1.07
 1  92.56  1.24  0  1  0.68
 0  87.33  0.46  0  0  0.94
 1  99.70  0.73  0  1  1.13
 0  61.05  0.95  0  0  0.56
 0  69.02  0.57  0  0  0.89
 1  82.53  0.61  0  1  1.80
 1  90.98  0.57  0  1  1.30
 1  78.06  1.37  0  0  0.82
 1  73.90  0.86  0  0  0.75
 1  77.47  0.96  0  1  0.65
 1  92.95  0.71  0  1  2.15
 1  82.53  0.96  0  0  0.72
 0  78.06  0.21  0  0  0.75
 0  89.33  0.27  0  0  0.59
 1  89.33  1.30  0  1  1.14
 1  73.90  0.86  0  0  0.63
 0  64.69  0.42  0  0  0.55
 1  99.70  0.84  0  1  0.52
 1  82.58  1.17  0  1  1.85
 0  87.33  0.46  0  0  2.37
 1  98.95  0.62  0  0  0.98
 0  92.56  0.33  0  1  0.94
 1  85.75  1.34  0  0  0.58
 1  92.95  0.71  0  1  0.63
 0  61.05  0.95  0  0  0.88
 1  92.95  0.86  0  1  0.72
 0  62.54  0.51  0  0  0.67
 0  77.42  0.40  0  0  0.99
 1  86.10  0.86  0  1  0.90
 0  64.69  1.16  0  0  0.56
 0  82.58  0.40  0  1  0.76
 1  82.53  0.96  0  1  0.51
 1  98.95  0.95  0  1  0.66
 0  60.30  0.73  0  0  0.82
 0  70.67  0.27  0  0  0.65
 0  67.44  0.33  0  0  0.57
 1  90.98  0.57  0  1  0.74
 0  85.75  0.23  0  0  0.71
 1  81.94  1.37  0  0  1.00
 1  95.31  1.16  0  1  0.70
 1  86.10  0.71  0  1  0.59
 1  90.98  1.00  0  1  0.51
 1  82.53  0.61  0  0  1.19
 0  69.02  0.57  0  0  1.01
 0  95.31  0.42  0  1  0.58
 0  69.02  1.00  0  0  0.54
 0  97.46  0.51  0  1  0.66
 1  72.67  1.11  0  0  0.44
 0  70.67  1.30  0  0  0.53
 1  77.47  0.96  0  1  0.96
 0  67.05  0.86  0  1  0.48
 0  81.94  0.21  0  0  0.75
 0  62.54  1.06  0  0  0.69
 1  97.46  1.06  0  1  1.08
 1  99.70  0.73  0  0  1.18
 1  77.42  1.17  0  0  0.61
 0  61.05  0.62  0  0  0.53
 1  77.47  0.61  0  1  0.64
 0  60.30  0.84  0  0  0.47
 1  78.06  1.37  0  1  1.01
 1  87.33  1.11  0  0  0.94
 0  67.05  0.71  0  0  0.50
 0  72.67  0.46  0  0  0.74
 1  92.56  1.24  0  1  1.70
 1  73.90  0.71  0  0  0.75
 0  78.06  0.21  0  0  0.53
 1  74.25  1.34  0  1  0.77
 0  67.44  1.24  0  0  0.67
 0  74.25  0.23  0  0  0.61
 0  60.30  0.73  0  0  1.43
 0  69.02  1.00  0  0  0.64
 1  86.10  0.86  0  1  0.69
 0  64.69  1.16  0  0  0.98
 1  78.06  1.37  0  1  0.71
 1  77.47  0.96  0  0  0.56
 1  95.31  1.16  0  1  0.55
 1  86.10  0.71  0  1  0.51
 0  60.30  0.84  0  0  0.45
 0  72.67  0.46  0  0  0.58
 1  77.42  1.17  0  1  0.45
 1  90.98  0.57  0  1  1.56
 0  95.31  0.42  0  1  0.58
 0  61.05  0.95  0  0  0.48
 1  72.67  1.11  0  0  0.55
 1  99.70  0.73  0  1  0.55
 0  67.44  0.33  0  0  0.52
 1  90.98  1.00  0  1  0.88
 0  77.42  0.40  0  0  0.68
 1  74.25  1.34  0  1  0.63
 1  98.95  0.95  0  1  1.05
 1  98.95  0.62  0  1  0.76
 1  73.90  0.86  0  0  0.62
 0  89.33  0.27  0  0  1.92
 0  92.56  0.33  0  0  1.10
 0  97.46  0.51  0  1  0.63
 1  92.95  0.86  0  1  0.64
 0  67.44  1.24  0  0  0.56
 0  70.67  0.27  0  0  2.31
 1  73.90  0.71  0  0  1.87
 0  69.02  0.57  0  0  0.58
 0  82.58  0.40  0  1  1.81
 1  97.46  1.06  0  1  0.58
 1  92.95  0.71  0  1  0.57
 1  99.70  0.84  0  1  0.49
 1  85.75  1.34  0  0  0.64
 0  67.05  0.86  0  0  0.71
 0  62.54  1.06  0  0  0.65
 1  77.47  0.61  0  0  0.54
 0  85.75  0.23  0  0  1.30
 0  74.25  0.23  0  0  0.96
 0  81.94  0.21  0  0  0.55
 1  89.33  1.30  0  1  0.77
 0  67.05  0.71  0  0  0.64
 1  82.53  0.61  0  1  0.88
 1  87.33  1.11  0  1  0.85
 0  70.67  1.30  0  0  0.61
 0  61.05  0.62  0  0  0.65
 1  92.56  1.24  0  1  0.59
 0  87.33  0.46  0  1  1.70
 1  81.94  1.37  0  0  0.63
 0  78.06  0.21  0  0  0.58
 1  82.58  1.17  0  1  0.66
 0  62.54  0.51  0  0  0.51
 1  82.53  0.96  0  1  0.67
 0  64.69  0.42  0  0  0.70
 1  82.53  0.61  0  0  0.83
 0  60.30  0.73  0  0  0.53
 1  92.95  0.71  0  1  0.52
 0  82.58  0.40  0  1  0.58
 1  77.47  0.96  0  0  0.53
 1  78.06  1.37  0  1  0.74
 0  67.05  0.86  0  0  0.47
 1  98.95  0.95  0  1  0.45
 0  70.67  0.27  0  0  0.69
 0  87.33  0.46  0  1  0.87
 1  74.25  1.34  0  0  0.56
 0  97.46  0.51  0  1  0.60
 1  82.58  1.17  0  1  0.67
 0  62.54  1.06  0  0  0.77
 0  60.30  0.84  0  0  1.25
 1  86.10  0.86  0  1  0.81
 1  99.70  0.84  0  1  0.87
 0  95.31  0.42  0  1  0.73
 0  81.94  0.21  0  0  0.61
 0  64.69  0.42  0  0  0.46
 0  77.42  0.40  0  0  0.86
 0  64.69  1.16  0  0  0.51
 0  61.05  0.62  0  0  0.47
 1  92.95  0.86  0  1  0.65
 1  99.70  0.73  0  1  0.58
 1  97.46  1.06  0  1  0.61
 1  95.31  1.16  0  1  0.55
 1  90.98  1.00  0  1  0.72
 1  87.33  1.11  0  1  0.50
 1  77.47  0.61  0  0  0.63
 0  69.02  1.00  0  0  0.61
 0  74.25  0.23  0  0  0.66
 0  67.44  0.33  0  0  0.43
 1  92.56  1.24  0  1  0.78
 1  72.67  1.11  0  0  0.43
 0  92.56  0.33  0  0  0.76
 0  72.67  0.46  0  0  0.48
 0  89.33  0.27  0  1  0.73
 0  85.75  0.23  0  0  0.54
 0  70.67  1.30  0  0  0.57
 1  90.98  0.57  0  1  0.93
 1  73.90  0.86  0  0  0.56
 1  77.42  1.17  0  0  0.54
 1  73.90  0.71  0  0  0.55
 1  86.10  0.71  0  1  0.98
 1  81.94  1.37  0  1  2.38
 1  85.75  1.34  0  0  0.86
 0  67.44  1.24  0  0  0.57
 0  61.05  0.95  0  0  0.70
 0  78.06  0.21  0  0  0.86
 0  67.05  0.71  0  0  0.66
 0  69.02  0.57  0  0  0.50
 0  62.54  0.51  0  0  0.55
 1  98.95  0.62  0  1  0.76
 1  82.53  0.96  0  1  1.24
 1  89.33  1.30  0  1  0.77
