0  67.44  1.24  0  1  2.48
1  74.25  1.34  0  0  2.89
0  69.02  1.00  0  0  1.29
0  89.33  0.27  0  0  1.06
0  61.05  0.62  0  0  1.33
1  99.70  0.84  0  0  1.06
0  61.05  0.95  0  1  0.97
1  90.98  0.57  0  1  1.75
0  95.31  0.42  0  1  1.30
1  92.95  0.86  0  1  4.64
0  62.54  1.06  0  1  1.31
1  73.90  0.71  0  0  1.90
0  60.30  0.73  0  1  1.06
1  98.95  0.95  0  1  1.17
1  89.33  1.30  0  0  0.88
0  87.33  0.46  0  0  2.09
1  86.10  0.86  0  1  0.60
0  67.05  0.71  0  0  4.03
1  95.31  1.16  0  1  0.75
1  73.90  0.86  0  1  2.59
1  77.47  0.61  0  0  0.97
0  85.75  0.23  0  0  0.88
0  69.02  0.57  0  1  0.95
0  67.44  0.33  0  0  2.02
0  97.46  0.51  0  1  1.27
0  82.58  0.40  0  0  0.69
1  98.95  0.62  0  0  0.83
1  81.94  1.37  0  1  0.86
0  60.30  0.84  0  1  0.71
1  77.47  0.96  0  0  0.46
0  70.67  1.30  0  0  0.87
1  87.33  1.11  0  1  0.50
0  72.67  0.46  0  0  0.63
1  82.53  0.61  0  1  0.55
1  97.46  1.06  0  0  0.54
1  99.70  0.73  0  0  0.72
1  92.56  1.24  0  0  0.93
0  70.67  0.27  0  0  0.58
0  74.25  0.23  0  0  0.74
0  78.06  0.21  0  0  0.55
1  82.58  1.17  0  0  1.08
1  85.75  1.34  0  1  0.59
0  64.69  1.16  0  1  0.66
0  92.56  0.33  0  0  0.82
0  67.05  0.86  0  0  1.25
1  86.10  0.71  0  0  1.03
0  64.69  0.42  0  0  0.78
1  77.42  1.17  0  0  2.38
0  81.94  0.21  0  0  0.57
0  62.54  0.51  0  0  0.51
1  92.95  0.71  0  0  0.75
1  72.67  1.11  0  1  0.74
1  82.53  0.96  0  1  0.61
0  77.42  0.40  0  0  0.73
1  78.06  1.37  0  1  0.56
1  90.98  1.00  0  1  0.76
1  87.33  1.11  0  1  0.66
0  92.56  0.33  0  0  0.67
1  92.95  0.86  0  1  1.68
0  67.44  1.24  0  1  1.60
0  64.69  1.16  0  1  0.91
1  77.47  0.96  0  1  0.87
0  87.33  0.46  0  0  1.33
0  64.69  0.42  0  0  0.99
1  98.95  0.95  0  1  0.85
1  82.53  0.61  0  0  1.63
0  72.67  0.46  0  0  1.26
0  67.44  0.33  0  0  0.64
1  95.31  1.16  0  1  0.60
0  70.67  1.30  0  1  0.69
1  99.70  0.84  0  1  0.67
0  82.58  0.40  0  0  0.78
1  74.25  1.34  0  0  1.30
0  74.25  0.23  0  0  0.68
0  62.54  0.51  0  0  0.67
0  85.75  0.23  0  0  0.56
1  82.53  0.96  0  1  0.89
1  77.47  0.61  0  0  0.72
1  92.56  1.24  0  1  0.49
0  81.94  0.21  0  0  0.56
0  69.02  1.00  0  0  1.79
1  73.90  0.71  0  0  0.83
1  92.95  0.71  0  1  1.10
1  86.10  0.71  0  1  0.49
0  95.31  0.42  0  0  0.76
0  60.30  0.84  0  1  2.51
0  61.05  0.62  0  0  1.06
1  90.98  1.00  0  1  1.18
0  89.33  0.27  0  0  1.75
1  78.06  1.37  0  1  0.75
1  99.70  0.73  0  1  1.83
0  67.05  0.86  0  0  1.03
1  86.10  0.86  0  1  0.81
0  69.02  0.57  0  0  0.92
1  82.58  1.17  0  1  0.99
0  78.06  0.21  0  0  0.69
1  97.46  1.06  0  1  0.81
1  98.95  0.62  0  0  1.42
1  73.90  0.86  0  1  1.82
0  97.46  0.51  0  1  0.78
1  77.42  1.17  0  1  0.96
1  81.94  1.37  0  1  1.09
1  85.75  1.34  0  1  0.70
0  60.30  0.73  0  0  0.88
1  90.98  0.57  0  1  1.70
0  77.42  0.40  0  0  1.13
1  72.67  1.11  0  1  0.72
0  62.54  1.06  0  0  1.19
1  89.33  1.30  0  1  0.71
0  70.67  0.27  0  0  0.71
0  61.05  0.95  0  0  2.07
0  67.05  0.71  0  1  1.59
0  61.05  0.62  0  0  4.19
0  89.33  0.27  0  0  1.09
0  70.67  1.30  0  1  1.43
0  60.30  0.84  0  0  6.15
1  85.75  1.34  0  1  0.84
1  98.95  0.62  0  0  2.82
1  82.53  0.96  0  1  1.23
0  78.06  0.21  0  0  0.66
0  77.42  0.40  0  0  0.57
0  81.94  0.21  0  0  0.60
0  64.69  0.42  0  0  0.93
1  99.70  0.73  0  1  0.91
1  73.90  0.86  0  1  1.12
1  74.25  1.34  0  1  1.39
0  87.33  0.46  0  0  0.78
1  82.53  0.61  0  0  0.83
1  87.33  1.11  0  1  0.63
1  92.95  0.71  0  1  1.75
1  99.70  0.84  0  1  0.51
0  67.05  0.86  0  1  1.72
1  78.06  1.37  0  1  0.90
0  74.25  0.23  0  0  1.03
0  67.05  0.71  0  0  0.88
0  85.75  0.23  0  0  0.60
1  89.33  1.30  0  1  0.82
0  69.02  0.57  0  1  0.64
0  61.05  0.95  0  0  1.40
1  90.98  1.00  0  0  2.52
1  82.58  1.17  0  1  1.29
0  62.54  1.06  0  0  0.90
1  72.67  1.11  0  0  0.95
0  69.02  1.00  0  1  1.40
1  97.46  1.06  0  0  1.13
1  81.94  1.37  0  1  1.27
0  67.44  1.24  0  1  0.88
0  95.31  0.42  0  0  0.90
0  60.30  0.73  0  0  0.85
0  67.44  0.33  0  0  0.63
1  77.47  0.96  0  1  0.94
1  77.47  0.61  0  0  0.98
1  92.56  1.24  0  1  4.10
0  97.46  0.51  0  0  1.68
0  72.67  0.46  0  1  3.38
1  86.10  0.71  0  0  1.25
1  90.98  0.57  0  0  0.73
1  95.31  1.16  0  1  0.63
1  77.42  1.17  0  1  4.75
0  64.69  1.16  0  1  1.77
0  92.56  0.33  0  0  2.35
1  86.10  0.86  0  1 11.64
0  82.58  0.40  0  0  0.71
1  92.95  0.86  0  1  1.04
0  62.54  0.51  0  0  0.70
0  70.67  0.27  0  0  0.57
1  98.95  0.95  0  1  0.51
1  73.90  0.71  0  1  2.01
1  92.95  0.71  0  0  1.75
1  73.90  0.71  0  1  0.89
0  67.05  0.86  0  1  0.75
1  77.47  0.96  0  1  0.55
1  98.95  0.95  0  1  0.73
0  81.94  0.21  0  0  0.68
1  97.46  1.06  0  1  0.60
1  77.47  0.61  0  0  0.70
0  61.05  0.95  0  1  0.62
0  97.46  0.51  0  0  1.04
1  87.33  1.11  0  1  0.61
1  92.95  0.86  0  1  0.60
1  86.10  0.71  0  0  0.90
0  78.06  0.21  0  0  0.72
0  95.31  0.42  0  0  0.97
0  60.30  0.84  0  0  0.93
0  87.33  0.46  0  0  0.71
1  92.56  1.24  0  1  1.07
0  70.67  0.27  0  0  0.67
1  86.10  0.86  0  0  0.83
1  99.70  0.73  0  1  0.90
0  89.33  0.27  0  0  0.92
1  90.98  0.57  0  1  2.12
0  61.05  0.62  0  0  1.00
0  64.69  1.16  0  1  0.98
0  69.02  1.00  0  1  1.31
0  67.44  0.33  0  0  0.70
1  81.94  1.37  0  1  0.68
0  92.56  0.33  0  0  1.01
0  62.54  1.06  0  1  0.87
0  67.05  0.71  0  0  0.87
0  70.67  1.30  0  1  1.04
0  64.69  0.42  0  0  0.64
0  77.42  0.40  0  1  1.40
0  69.02  0.57  0  0  1.60
1  74.25  1.34  0  1  1.03
1  82.53  0.96  0  1  1.01
1  78.06  1.37  0  1  0.96
1  82.53  0.61  0  1  1.24
0  60.30  0.73  0  0  0.88
1  82.58  1.17  0  1  0.76
1  72.67  1.11  0  1  0.71
0  62.54  0.51  0  1  2.97
0  82.58  0.40  0  0  1.33
0  72.67  0.46  0  0  0.81
1  85.75  1.34  0  1  0.71
1  73.90  0.86  0  1  1.44
1  98.95  0.62  0  1  1.59
0  74.25  0.23  0  0  0.72
0  85.75  0.23  0  0  0.68
1  95.31  1.16  0  1  0.69
1  90.98  1.00  0  1  0.60
1  89.33  1.30  0  1  0.77
1  77.42  1.17  0  1  0.65
1  99.70  0.84  0  1  0.39
0  67.44  1.24  0  0  1.11
1  81.94  1.37  0  1  1.97
1  82.53  0.96  0  1  0.87
0  82.58  0.40  0  0  0.81
1  74.25  1.34  0  1  0.58
1  98.95  0.62  0  0  0.79
0  62.54  1.06  0  1  2.03
0  72.67  0.46  0  0  0.60
0  85.75  0.23  0  0  0.94
1  90.98  1.00  0  1  0.64
0  77.42  0.40  0  1  0.96
1  78.06  1.37  0  1  5.52
1  90.98  0.57  0  1  0.81
0  81.94  0.21  0  0  0.76
0  60.30  0.73  0  1  0.80
0  78.06  0.21  0  0  0.75
0  74.25  0.23  0  0  0.88
0  70.67  0.27  0  0  0.57
1  92.56  1.24  0  1  0.73
0  69.02  1.00  0  0  1.14
1  98.95  0.95  0  1  0.82
0  70.67  1.30  0  1  1.11
1  97.46  1.06  0  1  0.76
0  62.54  0.51  0  0  0.87
1  99.70  0.73  0  1  0.79
1  87.33  1.11  0  1  0.71
1  82.53  0.61  0  0  1.14
1  73.90  0.71  0  1  0.71
0  69.02  0.57  0  1  1.01
0  64.69  0.42  0  0  1.06
1  73.90  0.86  0  1  0.71
1  86.10  0.71  0  1  1.06
0  61.05  0.62  0  1  0.97
0  87.33  0.46  0  1  1.04
0  64.69  1.16  0  1  0.80
0  95.31  0.42  0  1  1.39
0  67.05  0.71  0  1  0.66
1  85.75  1.34  0  1  0.72
1  77.42  1.17  0  1  0.63
0  61.05  0.95  0  1  0.74
0  67.44  0.33  0  0  0.68
1  72.67  1.11  0  1  0.88
0  67.05  0.86  0  1  0.65
1  82.58  1.17  0  1  0.60
1  86.10  0.86  0  1  0.94
1  95.31  1.16  0  0  0.79
0  60.30  0.84  0  0  1.11
1  89.33  1.30  0  1  0.80
1  77.47  0.96  0  1  1.08
0  92.56  0.33  0  0  0.88
0  67.44  1.24  0  0  2.05
1  77.47  0.61  0  1  1.67
0  89.33  0.27  0  0  1.17
1  92.95  0.86  0  1  0.74
0  97.46  0.51  0  0  1.31
1  92.95  0.71  0  1  0.89
1  99.70  0.84  0  1  1.11
1  73.90  0.86  0  1  0.88
0  92.56  0.33  0  0  0.79
0  61.05  0.95  0  1  0.92
1  85.75  1.34  0  1  1.05
0  67.44  1.24  0  1  1.00
1  72.67  1.11  0  0  0.75
0  89.33  0.27  0  0  0.89
1  98.95  0.95  0  1  0.77
1  74.25  1.34  0  1  0.92
0  61.05  0.62  0  0  0.95
0  85.75  0.23  0  0  1.00
0  70.67  1.30  0  1  0.67
0  67.05  0.86  0  0  1.24
1  77.47  0.96  0  1  0.68
1  98.95  0.62  0  1  1.25
0  82.58  0.40  0  0  0.78
0  72.67  0.46  0  1  1.03
1  77.42  1.17  0  1  1.03
1  92.95  0.71  0  1  1.75
1  78.06  1.37  0  1  0.79
0  70.67  0.27  0  0  1.70
0  64.69  1.16  0  1  0.77
1  97.46  1.06  0  1  1.67
1  77.47  0.61  0  1  1.28
1  95.31  1.16  0  1  0.85
0  60.30  0.73  0  1  1.73
1  81.94  1.37  0  1  0.73
0  60.30  0.84  0  0  0.94
1  90.98  0.57  0  1  1.32
0  74.25  0.23  0  0  0.74
0  81.94  0.21  0  0  0.64
1  92.56  1.24  0  1  0.56
0  78.06  0.21  0  0  0.70
0  67.44  0.33  0  0  0.78
0  69.02  0.57  0  1  0.96
1  87.33  1.11  0  1  0.60
1  99.70  0.84  0  1  0.71
0  64.69  0.42  0  0  0.77
1  99.70  0.73  0  1  0.64
1  89.33  1.30  0  1  0.73
1  86.10  0.71  0  1  0.88
0  62.54  0.51  0  0  2.74
0  69.02  1.00  0  1  0.67
1  82.58  1.17  0  1  1.02
0  77.42  0.40  0  1  3.76
0  62.54  1.06  0  1  0.75
0  95.31  0.42  0  0  1.00
1  73.90  0.71  0  1  0.75
1  90.98  1.00  0  1  2.91
0  97.46  0.51  0  0  0.90
0  87.33  0.46  0  0  0.70
1  82.53  0.96  0  1  0.73
1  86.10  0.86  0  1  0.65
1  82.53  0.61  0  0  0.72
1  92.95  0.86  0  1  0.81
0  67.05  0.71  0  1  0.80
0  82.58  0.40  0  0  3.93
1  77.47  0.61  0  1  1.39
1  99.70  0.84  0  1  0.76
0  62.54  1.06  0  1  1.32
0  69.02  0.57  0  1  0.97
0  72.67  0.46  0  1  0.73
0  67.05  0.86  0  1  0.72
0  78.06  0.21  0  0  0.73
1  92.56  1.24  0  1  2.11
0  95.31  0.42  0  0  0.70
0  89.33  0.27  0  0  0.74
1  89.33  1.30  0  1  0.77
0  81.94  0.21  0  0  0.67
0  92.56  0.33  0  0  0.77
0  62.54  0.51  0  0  0.87
0  87.33  0.46  0  0  0.52
1  99.70  0.73  0  1  1.00
1  82.53  0.61  0  1  0.73
1  90.98  1.00  0  1  0.62
1  85.75  1.34  0  1  0.66
0  61.05  0.95  0  0  0.76
0  67.44  0.33  0  1  1.44
1  82.58  1.17  0  1  0.55
0  70.67  0.27  0  0  0.71
1  77.42  1.17  0  1  0.65
1  98.95  0.62  0  1  2.10
0  85.75  0.23  0  0  0.65
0  97.46  0.51  0  0  1.42
1  82.53  0.96  0  1  0.68
1  74.25  1.34  0  1  0.73
0  77.42  0.40  0  0  0.65
1  87.33  1.11  0  1  0.51
1  81.94  1.37  0  1  0.70
1  73.90  0.86  0  1  0.89
1  86.10  0.71  0  1  0.92
1  98.95  0.95  0  1  0.63
1  92.95  0.86  0  1  0.60
0  70.67  1.30  0  1  1.00
0  74.25  0.23  0  1  0.95
0  60.30  0.84  0  1  0.90
1  72.67  1.11  0  0  0.93
1  92.95  0.71  0  1  0.86
1  77.47  0.96  0  1  0.68
0  64.69  0.42  0  0  0.64
1  86.10  0.86  0  1  0.58
0  64.69  1.16  0  0  0.95
0  61.05  0.62  0  0  0.94
0  67.05  0.71  0  0  0.82
1  97.46  1.06  0  1  0.81
1  73.90  0.71  0  0  1.96
1  95.31  1.16  0  1  0.61
0  67.44  1.24  0  1  0.63
1  90.98  0.57  0  1  1.28
1  78.06  1.37  0  1  0.62
0  60.30  0.73  0  0  1.81
0  69.02  1.00  0  1  1.57
0  61.05  0.62  0  0  1.60
1  92.56  1.24  0  1  1.27
0  67.05  0.86  0  1  0.83
0  67.05  0.71  0  0  0.94
1  98.95  0.62  0  1  0.78
0  61.05  0.95  0  0  1.10
1  97.46  1.06  0  1  0.51
1  87.33  1.11  0  1  0.69
1  82.53  0.61  0  1  1.09
1  99.70  0.73  0  1  0.67
0  60.30  0.73  0  1  1.33
1  92.95  0.71  0  1  0.75
0  60.30  0.84  0  0  1.22
0  95.31  0.42  0  1  1.54
0  64.69  0.42  0  0  2.71
1  90.98  0.57  0  1  0.85
1  72.67  1.11  0  1  0.96
0  81.94  0.21  0  0  0.66
0  62.54  0.51  0  1  1.50
1  81.94  1.37  0  1  0.68
0  64.69  1.16  0  1  1.18
1  85.75  1.34  0  1  0.64
0  69.02  0.57  0  0  1.00
0  70.67  0.27  0  0  0.81
1  73.90  0.71  0  1  0.82
0  67.44  0.33  0  0  0.83
1  77.47  0.61  0  1  0.75
0  97.46  0.51  0  1  0.87
1  73.90  0.86  0  1  0.78
1  98.95  0.95  0  1  0.60
1  82.53  0.96  0  1  0.51
1  86.10  0.71  0  1  1.13
0  82.58  0.40  0  0  0.83
1  77.47  0.96  0  1  0.66
1  82.58  1.17  0  1  0.88
1  89.33  1.30  0  1  0.61
1  90.98  1.00  0  1  0.80
1  99.70  0.84  0  1  0.78
0  69.02  1.00  0  1  0.71
0  78.06  0.21  0  0  0.61
0  77.42  0.40  0  1  0.78
1  95.31  1.16  0  1  0.70
0  62.54  1.06  0  0  0.90
1  86.10  0.86  0  1  0.58
1  77.42  1.17  0  1  0.62
1  92.95  0.86  0  1  0.77
0  72.67  0.46  0  0  0.68
0  92.56  0.33  0  0  0.94
0  67.44  1.24  0  1  1.25
0  89.33  0.27  0  0  0.76
0  85.75  0.23  0  0  0.69
0  87.33  0.46  0  1  1.27
0  70.67  1.30  0  1  1.08
0  74.25  0.23  0  0  2.68
1  74.25  1.34  0  1  1.11
1  78.06  1.37  0  1  0.63
1  89.33  1.30  0  0  1.41
0  70.67  0.27  0  0  0.63
0  69.02  1.00  0  1  0.81
1  77.42  1.17  0  1  0.96
0  92.56  0.33  0  0  0.84
0  64.69  0.42  0  0  0.66
0  97.46  0.51  0  0  4.09
0  61.05  0.95  0  0  1.02
1  77.47  0.61  0  0  1.36
1  81.94  1.37  0  1  0.83
0  67.05  0.71  0  1  4.21
1  82.53  0.96  0  1  0.66
0  87.33  0.46  0  0  0.87
1  86.10  0.86  0  1  2.35
0  72.67  0.46  0  0  0.99
1  85.75  1.34  0  1  0.51
1  82.53  0.61  0  1  2.89
1  86.10  0.71  0  1  0.67
1  87.33  1.11  0  1  1.64
0  62.54  1.06  0  0  0.77
1  77.47  0.96  0  1  0.84
1  99.70  0.84  0  1  0.82
1  82.58  1.17  0  1  0.79
1  72.67  1.11  0  1  0.64
0  60.30  0.73  0  0  0.67
1  90.98  0.57  0  1  0.73
0  95.31  0.42  0  1  0.82
0  62.54  0.51  0  0  3.59
0  74.25  0.23  0  0  0.75
1  73.90  0.71  0  1  1.42
0  67.44  0.33  0  0  0.64
0  82.58  0.40  0  0  0.87
0  85.75  0.23  0  0  0.65
1  92.95  0.71  0  1  0.74
1  97.46  1.06  0  1  0.72
0  60.30  0.84  0  1 12.42
0  70.67  1.30  0  1  0.66
0  61.05  0.62  0  1  0.80
0  77.42  0.40  0  1  1.84
0  78.06  0.21  0  0  0.88
0  67.44  1.24  0  1  0.78
0  89.33  0.27  0  1  1.13
1  78.06  1.37  0  1  1.13
0  69.02  0.57  0  1  0.83
1  99.70  0.73  0  1  1.56
1  95.31  1.16  0  1  0.60
1  74.25  1.34  0  1  0.68
0  81.94  0.21  0  1  0.94
1  98.95  0.62  0  1  0.62
0  67.05  0.86  0  1  0.91
1  92.95  0.86  0  1  0.81
0  64.69  1.16  0  0  0.69
1  98.95  0.95  0  1  0.54
1  90.98  1.00  0  1  0.52
1  73.90  0.86  0  1  0.83
1  92.56  1.24  0  1  0.55
0  78.06  0.21  0  0  0.74
0  67.05  0.86  0  0  1.67
1  82.53  0.96  0  1  0.75
1  98.95  0.62  0  1  0.59
0  67.05  0.71  0  1  0.83
0  87.33  0.46  0  1  1.01
1  89.33  1.30  0  1  0.79
1  78.06  1.37  0  1  0.62
0  92.56  0.33  0  0  0.65
0  62.54  1.06  0  0  0.92
1  82.58  1.17  0  1  0.66
0  62.54  0.51  0  0  0.54
1  87.33  1.11  0  1  0.71
0  97.46  0.51  0  0  2.13
0  82.58  0.40  0  0  0.62
1  92.56  1.24  0  1  0.63
1  77.47  0.96  0  1  1.33
1  72.67  1.11  0  1  0.56
0  72.67  0.46  0  0  0.79
1  99.70  0.84  0  1  0.90
0  61.05  0.95  0  0  0.80
1  92.95  0.86  0  1  0.75
1  85.75  1.34  0  1  0.77
1  95.31  1.16  0  1  1.07
1  98.95  0.95  0  1  0.67
1  86.10  0.86  0  1  0.84
1  86.10  0.71  0  1  1.20
0  64.69  1.16  0  0  0.71
0  67.44  1.24  0  0  0.74
0  60.30  0.84  0  0  0.61
0  74.25  0.23  0  0  0.61
1  77.42  1.17  0  1  0.82
0  70.67  0.27  0  0  0.54
1  82.53  0.61  0  1  0.86
1  77.47  0.61  0  1  0.76
0  61.05  0.62  0  0  0.78
0  85.75  0.23  0  0  0.80
1  92.95  0.71  0  1  0.82
0  77.42  0.40  0  1  0.66
1  97.46  1.06  0  1  0.73
0  67.44  0.33  0  0  0.72
0  60.30  0.73  0  1  0.76
0  89.33  0.27  0  0  0.63
0  69.02  1.00  0  1  0.75
0  95.31  0.42  0  0  0.72
0  69.02  0.57  0  0  1.13
1  73.90  0.71  0  0  0.66
1  73.90  0.86  0  1  0.71
0  70.67  1.30  0  1  0.84
1  90.98  1.00  0  1  1.05
1  81.94  1.37  0  1  0.68
1  90.98  0.57  0  1  1.51
0  64.69  0.42  0  0  0.84
1  74.25  1.34  0  1  0.61
0  81.94  0.21  0  0  0.64
1  99.70  0.73  0  1  0.64
