 1  81.94  1.37  0  0  4.33
 0  62.54  0.51  0  1  7.15
 3  85.75  0.23  1  2  8.10
 0  67.44  1.24  0  2  2.14
 0  60.30  0.73  0  2  3.27
 2  86.10  0.86  1  3  7.21
 1  77.47  0.61  0  3  4.76
 1  78.06  1.37  0  2  5.98
 0  67.44  0.33  0  3  5.26
 0  69.02  0.57  0  2  2.92
 2  97.46  1.06  1  1  6.96
 3  92.56  0.33  1  0  4.45
 0  78.06  0.21  0  0  1.49
 0  67.05  0.71  0  3  8.27
 3  67.05  0.71  1  1  7.47
 2  81.94  1.37  1  0  5.62
 1  99.70  0.73  0  2  3.17
 2  90.98  0.57  1  1  1.74
 3  62.54  0.51  1  0  1.02
 3  64.69  0.42  1  0  1.66
 2  82.53  0.96  1  2  2.94
 3  61.05  0.95  1  3  5.39
 0  87.33  0.46  0  1  2.69
 2  78.06  1.37  1  1  1.69
 0  81.94  0.21  0  3  6.63
 1  74.25  1.34  0  2  1.91
 0  67.05  0.86  0  1  2.54
 0  89.33  0.27  0  1  1.03
 1  77.42  1.17  0  2  6.95
 0  82.58  0.40  0  0  5.60
 0  70.67  1.30  0  2  5.78
 0  95.31  0.42  0  0  1.08
 0  92.56  0.33  0  0  0.69
 2  97.46  0.51  1  0  0.76
 2  67.44  1.24  1  3  3.86
 2  87.33  1.11  1  1  3.45
 0  61.05  0.62  0  0  1.59
 3  69.02  0.57  1  1  1.76
 1  97.46  1.06  0  2  1.35
 2  72.67  1.11  1  0  2.00
 3  74.25  0.23  1  0  1.71
 0  69.02  1.00  0  0  2.45
 2  92.95  0.71  1  2  3.83
 3  82.53  0.61  1  2  0.76
 2  99.70  0.84  1  2  0.78
 3  60.30  0.73  1  3  1.49
 1  92.95  0.71  0  1  2.13
 1  92.95  0.86  0  1  0.99
 0  85.75  0.23  0  2  3.25
 0  61.05  0.95  0  0  2.78
 1  85.75  1.34  0  1  1.25
 2  77.47  0.96  1  2  1.42
 3  67.05  0.86  1  3  2.99
 1  82.53  0.96  0  2  4.01
 1  98.95  0.62  0  0  1.03
 3  81.94  0.21  1  3  2.28
 3  73.90  0.86  1  0  2.93
 2  98.95  0.62  1  0  6.41
 2  70.67  1.30  1  0  1.15
 2  99.70  0.73  1  3  2.79
 2  98.95  0.95  1  0  1.34
 2  92.95  0.86  1  2  2.38
 3  69.02  1.00  1  0  2.44
 1  86.10  0.86  0  0  0.86
 3  64.69  1.16  1  3  2.84
 2  82.58  1.17  1  2  1.35
 2  92.56  1.24  1  1  1.14
 3  70.67  0.27  1  0  1.59
 1  90.98  1.00  0  0  3.73
 3  60.30  0.84  1  0  2.18
 0  97.46  0.51  0  0  4.73
 1  87.33  1.11  0  1  2.08
 2  77.42  1.17  1  2  1.14
 0  64.69  0.42  0  3  1.57
 2  89.33  1.30  1  2  3.42
 2  95.31  1.16  1  2  0.66
 0  74.25  0.23  0  0  2.37
 0  60.30  0.84  0  3  2.31
 0  77.42  0.40  0  3  1.54
 1  99.70  0.84  0  1  2.38
 1  73.90  0.71  0  2  2.25
 0  70.67  0.27  0  0  2.80
 1  77.47  0.96  0  2  3.21
 3  62.54  1.06  1  3  1.53
 1  72.67  1.11  0  1  1.56
 3  89.33  0.27  1  3  2.17
 3  87.33  0.46  1  3  0.72
 1  73.90  0.86  0  1  4.22
 1  86.10  0.71  0  2  1.70
 2  85.75  1.34  1  2  6.46
 0  72.67  0.46  0  0  2.40
 1  89.33  1.30  0  3  2.45
 3  77.47  0.61  1  3  1.56
 3  72.67  0.46  1  3  0.73
 1  82.58  1.17  0  0  5.40
 3  78.06  0.21  1  3  1.57
 0  64.69  1.16  0  2  5.50
 2  74.25  1.34  1  1  0.88
 3  61.05  0.62  1  1  1.80
 1  92.56  1.24  0  0  3.21
 2  86.10  0.71  1  3  1.32
 3  77.42  0.40  1  3  1.38
 1  98.95  0.95  0  2  4.82
 2  95.31  0.42  1  3  1.93
 1  82.53  0.61  0  2  8.54
 2  90.98  1.00  1  0  3.40
 3  82.58  0.40  1  0  1.93
 0  62.54  1.06  0  2  1.17
 1  90.98  0.57  0  0  2.33
 3  67.44  0.33  1  0  4.36
 3  73.90  0.71  1  0  1.21
 1  95.31  1.16  0  3  0.86
 0  67.05  0.71  0  2  2.90
 2  86.10  0.71  1  3  1.66
 0  60.30  0.84  0  2  1.94
 2  70.67  1.30  1  2  2.50
 2  86.10  0.86  1  1  2.38
 1  85.75  1.34  0  1  1.66
 1  99.70  0.73  0  3  1.46
 1  90.98  0.57  0  0  1.21
 0  62.54  1.06  0  2  6.03
 2  92.95  0.71  1  3  1.38
 1  74.25  1.34  0  1  2.34
 2  98.95  0.95  1  0  3.49
 3  69.02  0.57  1  0  0.88
 0  72.67  0.46  0  0  1.10
 1  73.90  0.86  0  1  2.40
 3  73.90  0.86  1  2  3.33
 3  74.25  0.23  1  3  1.44
 3  82.58  0.40  1  3  0.75
 2  82.58  1.17  1  0  2.27
 1  77.47  0.61  0  1  2.66
 3  70.67  0.27  1  0  0.67
 2  92.56  1.24  1  0  1.46
 2  99.70  0.84  1  2  1.40
 3  61.05  0.62  1  2  4.96
 3  61.05  0.95  1  1  1.29
 0  69.02  1.00  0  3  2.25
 2  67.44  1.24  1  1  2.80
 2  90.98  0.57  1  3  2.38
 2  95.31  1.16  1  2  1.10
 2  72.67  1.11  1  1  4.15
 1  87.33  1.11  0  2  2.39
 0  60.30  0.73  0  3  2.80
 0  70.67  0.27  0  0  6.42
 1  78.06  1.37  0  1  3.23
 1  98.95  0.62  0  2  2.66
 3  60.30  0.73  1  2  4.34
 0  67.44  0.33  0  0  2.59
 2  81.94  1.37  1  1  3.35
 2  95.31  0.42  1  3  2.02
 1  97.46  1.06  0  3  3.36
 3  81.94  0.21  1  3  2.61
 3  77.42  0.40  1  3  0.60
 1  82.58  1.17  0  2  3.17
 2  97.46  0.51  1  3  1.68
 1  95.31  1.16  0  2 12.34
 2  85.75  1.34  1  3  2.57
 0  70.67  1.30  0  3  3.09
 2  77.42  1.17  1  1  2.91
 0  97.46  0.51  0  3  1.20
 0  82.58  0.40  0  0  1.65
 1  73.90  0.71  0  1  2.99
 1  81.94  1.37  0  3  1.52
 0  67.44  1.24  0  2  4.81
 3  92.56  0.33  1  3  3.70
 0  85.75  0.23  0  0  1.20
 0  87.33  0.46  0  0  1.84
 3  67.44  0.33  1  2  3.93
 0  64.69  1.16  0  1  1.58
 3  73.90  0.71  1  3  1.98
 1  98.95  0.95  0  0  2.51
 0  61.05  0.95  0  1  3.85
 3  64.69  1.16  1  1  2.06
 1  99.70  0.84  0  2  2.94
 3  77.47  0.61  1  3  2.55
 1  89.33  1.30  0  2  3.02
 2  89.33  1.30  1  1  6.11
 1  86.10  0.86  0  3  3.32
 2  92.95  0.86  1  3  1.00
 0  81.94  0.21  0  0  1.51
 0  64.69  0.42  0  1  2.01
 0  77.42  0.40  0  0  0.79
 3  67.05  0.86  1  2  2.55
 2  77.47  0.96  1  1  1.44
 1  72.67  1.11  0  3  1.41
 2  98.95  0.62  1  3  1.45
 1  90.98  1.00  0  3  1.55
 0  78.06  0.21  0  3  1.86
 3  62.54  1.06  1  2  6.22
 3  85.75  0.23  1  3  1.27
 1  92.95  0.71  0  1  4.75
 2  87.33  1.11  1  0  6.62
 1  82.53  0.61  0  0  0.80
 1  77.47  0.96  0  1  0.69
 1  86.10  0.71  0  1  0.95
 0  89.33  0.27  0  0  0.57
 0  69.02  0.57  0  3  2.21
 0  92.56  0.33  0  1  1.62
 3  64.69  0.42  1  3  4.51
 3  72.67  0.46  1  2  2.48
 2  82.53  0.96  1  1  1.66
 3  62.54  0.51  1  0 15.53
 3  67.05  0.71  1  1  7.42
 2  78.06  1.37  1  3  8.97
 2  99.70  0.73  1  3  1.64
 0  61.05  0.62  0  1  1.91
 3  87.33  0.46  1  1  1.18
 1  82.53  0.96  0  2  1.93
 0  67.05  0.86  0  1  5.41
 3  82.53  0.61  1  3  1.17
 2  74.25  1.34  1  1  1.58
 0  62.54  0.51  0  1  1.59
 3  78.06  0.21  1  3  1.12
 3  89.33  0.27  1  3  0.67
 3  69.02  1.00  1  0  1.72
 1  77.42  1.17  0  3  2.15
 1  92.56  1.24  0  2  1.09
 0  74.25  0.23  0  0  3.56
 1  92.95  0.86  0  1  1.68
 3  60.30  0.84  1  0  2.72
 0  95.31  0.42  0  0  1.05
 2  90.98  1.00  1  2  1.73
 2  97.46  1.06  1  2  0.71
 0  77.42  0.40  0  0  2.39
 1  74.25  1.34  0  3  1.46
 3  73.90  0.71  1  1  2.66
 2  92.95  0.86  1  1  1.48
 3  92.56  0.33  1  3  1.29
 0  62.54  0.51  0  1  2.01
 0  78.06  0.21  0  0  1.03
 1  98.95  0.95  0  1  1.59
 3  61.05  0.95  1  1  1.38
 3  67.44  0.33  1  0  1.88
 3  70.67  0.27  1  3  0.87
 1  81.94  1.37  0  3  2.14
 1  87.33  1.11  0  2  1.62
 3  82.58  0.40  1  3  1.05
 1  86.10  0.71  0  1  1.56
 3  78.06  0.21  1  3  1.25
 0  95.31  0.42  0  0  2.92
 2  98.95  0.95  1  2  9.79
 2  67.44  1.24  1  0  2.99
 1  77.47  0.61  0  1  1.31
 2  74.25  1.34  1  0  2.47
 0  67.44  1.24  0  2  2.99
 3  64.69  0.42  1  2  3.69
 2  77.47  0.96  1  0  3.04
 1  82.53  0.61  0  1  1.23
 3  60.30  0.73  1  1  2.82
 2  95.31  1.16  1  2 11.78
 1  78.06  1.37  0  2  2.22
 1  77.47  0.96  0  1  2.33
 2  82.58  1.17  1  3  3.82
 2  90.98  0.57  1  3  1.45
 1  90.98  0.57  0  1  2.47
 0  62.54  1.06  0  0  7.00
 3  62.54  1.06  1  3  1.54
 0  74.25  0.23  0  0  1.64
 3  81.94  0.21  1  3  0.76
 0  70.67  0.27  0  0  1.30
 1  85.75  1.34  0  2  2.45
 0  69.02  1.00  0  2  4.47
 0  64.69  1.16  0  1  0.85
 1  73.90  0.71  0  1  1.44
 2  92.95  0.71  1  2  2.09
 1  98.95  0.62  0  1  2.91
 3  77.47  0.61  1  1  3.27
 2  70.67  1.30  1  1  1.20
 1  86.10  0.86  0  2  1.43
 0  61.05  0.95  0  1  4.51
 2  77.42  1.17  1  0  2.49
 1  90.98  1.00  0  2  4.42
 3  62.54  0.51  1  2  2.33
 2  98.95  0.62  1  2  5.16
 0  60.30  0.84  0  1  7.11
 1  89.33  1.30  0  3  2.08
 2  92.56  1.24  1  1  2.21
 1  77.42  1.17  0  2  8.24
 3  89.33  0.27  1  3  1.53
 0  89.33  0.27  0  0  0.84
 0  67.05  0.86  0  2  2.13
 0  67.05  0.71  0  1  0.84
 3  82.53  0.61  1  2  2.14
 1  72.67  1.11  0  2  3.35
 0  61.05  0.62  0  0  1.75
 2  99.70  0.73  1  2  4.41
 3  77.42  0.40  1  3  1.60
 1  82.53  0.96  0  1  2.77
 2  81.94  1.37  1  0  2.84
 3  69.02  0.57  1  2  2.73
 3  73.90  0.86  1  2  1.00
 2  86.10  0.71  1  2  2.14
 3  69.02  1.00  1  0  2.45
 1  95.31  1.16  0  2  1.73
 3  74.25  0.23  1  3  1.67
 1  73.90  0.86  0  1  1.58
 0  82.58  0.40  0  0  0.69
 1  82.58  1.17  0  2  1.11
 2  95.31  0.42  1  3  2.01
 1  99.70  0.73  0  1  1.85
 0  81.94  0.21  0  0  0.73
 2  86.10  0.86  1  3  1.87
 2  78.06  1.37  1  0  2.91
 2  89.33  1.30  1  1  1.04
 2  97.46  0.51  1  2  1.34
 0  97.46  0.51  0  1  3.65
 0  60.30  0.73  0  1  1.92
 2  97.46  1.06  1  3  1.61
 2  99.70  0.84  1  2  8.09
 3  87.33  0.46  1  3  4.57
 3  60.30  0.84  1  0  3.66
 2  85.75  1.34  1  1  4.33
 0  92.56  0.33  0  0  1.16
 3  72.67  0.46  1  3  1.34
 3  64.69  1.16  1  1  2.34
 3  67.05  0.86  1  0  0.64
 3  67.05  0.71  1  2  1.63
 1  92.56  1.24  0  3  1.49
 1  99.70  0.84  0  1  2.66
 0  64.69  0.42  0  0  2.05
 2  82.53  0.96  1  1  4.42
 2  87.33  1.11  1  2  0.68
 3  85.75  0.23  1  3  1.38
 0  67.44  0.33  0  0  3.65
 0  87.33  0.46  0  1  1.66
 2  90.98  1.00  1  1  3.21
 0  72.67  0.46  0  0  1.24
 0  70.67  1.30  0  3  1.23
 1  92.95  0.86  0  1  1.73
 3  61.05  0.62  1  2  2.98
 2  72.67  1.11  1  2  1.32
 1  97.46  1.06  0  1  1.91
 1  92.95  0.71  0  0  1.50
 0  85.75  0.23  0  0  0.73
 0  69.02  0.57  0  0  1.16
 2  92.56  1.24  1  0  5.07
 3  62.54  0.51  1  3  1.63
 1  92.95  0.71  0  1  3.05
 0  64.69  0.42  0  0  0.81
 0  78.06  0.21  0  0  0.88
 2  85.75  1.34  1  2  2.04
 0  92.56  0.33  0  0  1.48
 3  67.05  0.71  1  2  1.31
 2  97.46  1.06  1  2  0.77
 2  86.10  0.71  1  2  0.75
 1  90.98  1.00  0  2  2.34
 0  81.94  0.21  0  0  0.74
 0  69.02  1.00  0  2  1.46
 2  67.44  1.24  1  1  2.40
 3  77.42  0.40  1  3  2.05
 2  98.95  0.95  1  2  0.70
 2  95.31  0.42  1  3  1.14
 2  90.98  1.00  1  1  1.65
 0  82.58  0.40  0  0  1.36
 0  72.67  0.46  0  0  0.64
 0  62.54  0.51  0  0  0.90
 3  73.90  0.86  1  2  2.32
 0  61.05  0.95  0  2  5.06
 2  78.06  1.37  1  0  1.65
 2  90.98  0.57  1  3  1.77
 1  97.46  1.06  0  2  1.71
 3  61.05  0.62  1  3  2.24
 2  82.53  0.96  1  1  1.20
 1  77.47  0.61  0  1  2.80
 2  97.46  0.51  1  3  2.07
 3  64.69  1.16  1  0  1.85
 2  77.42  1.17  1  1  0.68
 2  72.67  1.11  1  0  2.13
 2  77.47  0.96  1  2  0.66
 3  60.30  0.73  1  1  7.66
 3  81.94  0.21  1  3  1.45
 3  67.05  0.86  1  1  1.17
 1  82.58  1.17  0  2  5.81
 0  60.30  0.73  0  1  1.64
 1  99.70  0.84  0  1  2.67
 1  90.98  0.57  0  0  0.82
 0  62.54  1.06  0  1  1.15
 0  64.69  1.16  0  2  3.16
 1  77.47  0.96  0  2  1.49
 3  69.02  0.57  1  3  1.63
 1  95.31  1.16  0  2  1.69
 0  97.46  0.51  0  1  1.02
 0  60.30  0.84  0  1  3.20
 2  92.95  0.71  1  3  0.90
 3  92.56  0.33  1  3  1.11
 3  89.33  0.27  1  3  0.68
 2  82.58  1.17  1  1  1.11
 1  73.90  0.71  0  1  3.55
 0  67.44  0.33  0  0  0.66
 3  72.67  0.46  1  3  0.74
 2  95.31  1.16  1  1  2.64
 2  99.70  0.84  1  1  2.68
 1  99.70  0.73  0  1  1.49
 1  78.06  1.37  0  3  2.44
 1  98.95  0.62  0  1  0.91
 1  89.33  1.30  0  2  0.70
 1  74.25  1.34  0  2  0.69
 2  92.95  0.86  1  2  2.93
 3  64.69  0.42  1  3  1.98
 3  74.25  0.23  1  3  1.65
 1  82.53  0.61  0  0  2.43
 1  86.10  0.86  0  1  1.59
 3  69.02  1.00  1  2  2.99
 3  82.58  0.40  1  3  1.64
 1  81.94  1.37  0  3  1.16
 0  61.05  0.62  0  0  4.62
 0  89.33  0.27  0  0  0.97
 3  60.30  0.84  1  2  7.47
 3  67.44  0.33  1  3  1.23
 0  67.44  1.24  0  2  3.91
 2  99.70  0.73  1  2  2.69
 1  77.42  1.17  0  3  1.75
 1  92.95  0.86  0  1  1.61
 0  87.33  0.46  0  0  0.72
 3  82.53  0.61  1  3  1.43
 1  73.90  0.86  0  1  2.85
 2  70.67  1.30  1  0  1.99
 1  98.95  0.95  0  1  1.46
 0  95.31  0.42  0  0  0.79
 0  70.67  0.27  0  0  0.61
 0  70.67  1.30  0  2  1.38
 3  61.05  0.95  1  0  2.67
 3  85.75  0.23  1  3  0.94
 3  87.33  0.46  1  3  0.74
 3  62.54  1.06  1  0  3.48
 1  85.75  1.34  0  3  2.05
 3  70.67  0.27  1  3  1.08
 2  89.33  1.30  1  1  2.35
 2  74.25  1.34  1  0  4.90
 0  74.25  0.23  0  0  0.99
 2  98.95  0.62  1  2  4.14
 1  72.67  1.11  0  2  2.81
 3  73.90  0.71  1  2  1.38
 0  67.05  0.86  0  1  2.28
 0  85.75  0.23  0  0  1.28
 3  77.47  0.61  1  2  2.30
 1  86.10  0.71  0  1  1.03
 2  81.94  1.37  1  3  1.61
 0  77.42  0.40  0  0  0.89
 2  86.10  0.86  1  2  1.83
 1  87.33  1.11  0  1  1.54
 1  82.53  0.96  0  1  0.93
 3  78.06  0.21  1  3  1.07
 0  69.02  0.57  0  0  2.17
 0  67.05  0.71  0  1  1.63
 2  87.33  1.11  1  2  1.90
 1  92.56  1.24  0  1  1.39
 3  62.54  1.06  1  2  3.03
 3  61.05  0.62  1  3  1.66
 2  90.98  1.00  1  2  1.31
 3  82.53  0.61  1  2  0.93
 1  77.47  0.61  0  1  1.47
 3  72.67  0.46  1  3  2.49
 0  60.30  0.84  0  0  2.62
 3  64.69  1.16  1  2  1.62
 2  78.06  1.37  1  1  0.70
 2  95.31  0.42  1  3  2.07
 2  77.42  1.17  1  2  3.20
 1  77.47  0.96  0  1  2.26
 3  73.90  0.71  1  2  3.04
 0  61.05  0.95  0  0  6.89
 0  78.06  0.21  0  0  0.82
 2  95.31  1.16  1  2  1.37
 2  98.95  0.62  1  3  0.98
 1  98.95  0.95  0  1  1.34
 3  64.69  0.42  1  3  2.64
 1  78.06  1.37  0  3  4.01
 2  92.95  0.86  1  2  3.50
 3  78.06  0.21  1  3  1.19
 1  73.90  0.86  0  1  1.47
 2  99.70  0.84  1  2  1.54
 1  87.33  1.11  0  1  2.11
 3  67.05  0.86  1  1  0.85
 1  95.31  1.16  0  1  5.64
 1  82.58  1.17  0  1  1.14
 0  89.33  0.27  0  0  0.86
 0  64.69  1.16  0  1  1.21
 0  67.05  0.86  0  1  1.72
 1  99.70  0.73  0  1  1.01
 1  86.10  0.86  0  1  1.59
 0  74.25  0.23  0  0  0.63
 1  72.67  1.11  0  1  1.12
 3  87.33  0.46  1  3  1.06
 1  85.75  1.34  0  1  1.34
 2  99.70  0.73  1  3  1.56
 1  89.33  1.30  0  1  1.29
 2  74.25  1.34  1  2  0.96
 2  90.98  0.57  1  3  0.78
 2  98.95  0.95  1  2  0.65
 0  85.75  0.23  0  0  1.21
 0  81.94  0.21  0  0  1.07
 3  73.90  0.86  1  2  1.44
 2  77.47  0.96  1  2  1.18
 2  82.58  1.17  1  2  0.70
 3  89.33  0.27  1  3  0.63
 3  69.02  0.57  1  3  1.98
 3  70.67  0.27  1  3  0.65
 2  85.75  1.34  1  2  1.76
 1  92.56  1.24  0  1  2.64
 1  92.95  0.86  0  1  1.03
 2  86.10  0.86  1  2  1.27
 1  81.94  1.37  0  1  0.86
 0  69.02  1.00  0  1  2.13
 2  92.95  0.71  1  2  1.34
 3  60.30  0.84  1  3  1.12
 2  97.46  1.06  1  2  1.06
 1  99.70  0.84  0  1  1.35
 1  92.95  0.71  0  1  0.90
 3  82.58  0.40  1  3  0.83
 1  82.53  0.96  0  1  0.82
 0  67.05  0.71  0  0  1.07
 2  70.67  1.30  1  2  1.25
 2  67.44  1.24  1  2  0.58
 3  81.94  0.21  1  3  0.73
 0  72.67  0.46  0  0  1.05
 3  85.75  0.23  1  3  1.17
 1  77.42  1.17  0  1  1.01
 0  77.42  0.40  0  0  0.75
 3  67.44  0.33  1  3  1.43
 1  98.95  0.62  0  1  1.15
 3  77.42  0.40  1  3  1.49
 0  82.58  0.40  0  0  1.35
 0  67.44  1.24  0  1  0.79
 2  82.53  0.96  1  3  3.32
 1  86.10  0.71  0  1  1.13
 0  60.30  0.73  0  0  0.83
 2  87.33  1.11  1  2  1.45
 0  97.46  0.51  0  0  1.07
 3  74.25  0.23  1  3  1.22
 1  90.98  1.00  0  1  1.06
 0  64.69  0.42  0  0  1.22
 1  97.46  1.06  0  1  1.12
 0  67.44  0.33  0  0  1.04
 0  70.67  1.30  0  1  0.78
 0  69.02  0.57  0  0  2.03
 1  90.98  0.57  0  0  6.02
 0  87.33  0.46  0  1  0.53
 0  61.05  0.62  0  0  1.95
 0  95.31  0.42  0  0  0.99
 1  74.25  1.34  0  1  1.81
 0  62.54  1.06  0  1  0.65
 3  62.54  0.51  1  3  2.04
 2  97.46  0.51  1  3  0.78
 1  73.90  0.71  0  0  4.96
 0  62.54  0.51  0  0  0.69
 2  86.10  0.71  1  2  1.13
 3  69.02  1.00  1  2  0.89
 2  72.67  1.11  1  2  0.86
 3  60.30  0.73  1  3  0.92
 3  92.56  0.33  1  3  0.72
 3  61.05  0.95  1  2  0.97
 1  82.53  0.61  0  0  1.74
 2  89.33  1.30  1  2  1.64
 0  70.67  0.27  0  0  0.93
 2  92.56  1.24  1  2  1.08
 0  92.56  0.33  0  0  1.20
 3  77.47  0.61  1  3  1.22
 3  67.05  0.71  1  3  0.76
 2  81.94  1.37  1  2  0.74
