 1  85.75  0.23  1  0 13.28
 0  87.33  1.11  1  0  2.18
 0  77.47  0.96  1  0  1.54
 0  92.95  0.71  1  0  3.63
 1  60.30  0.84  1  0 15.15
 0  86.10  0.71  1  0  1.49
 0  64.69  0.42  0  0 17.51
 0  95.31  0.42  0  0  1.60
 0  77.42  0.40  0  0  1.22
 1  77.47  0.61  1  0  1.25
 1  89.33  0.27  1  0 37.92
 0  62.54  0.51  0  0  1.06
 1  81.94  0.21  1  0 14.16
 0  67.44  1.24  0  0  1.51
 0  78.06  0.21  0  0  0.51
 1  99.70  0.73  0  0  0.47
 0  95.31  1.16  1  1 11.29
 1  77.47  0.61  0  0  1.86
 1  73.90  0.71  1  1  2.49
 0  85.75  0.23  0  0  1.47
 1  86.10  0.86  0  0  1.33
 0  95.31  0.42  1  1  1.24
 1  90.98  0.57  0  0  1.12
 0  90.98  0.57  1  1  1.38
 0  99.70  0.73  1  0  1.37
 1  69.02  0.57  1  1  0.98
 0  70.67  0.27  0  1  1.58
 1  73.90  0.86  1  0  1.03
 1  73.90  0.86  0  0  1.38
 1  77.42  1.17  0  1  0.64
 1  78.06  0.21  1  1  0.78
 0  97.46  0.51  1  0  0.84
 0  97.46  0.51  0  0  0.77
 0  89.33  0.27  0  1  1.57
 0  89.33  1.30  1  1  1.01
 0  81.94  1.37  1  0  0.96
 1  82.53  0.96  0  0  2.29
 1  61.05  0.62  1  1  1.60
 1  64.69  1.16  1  1  0.90
 1  78.06  1.37  0  1  0.96
 1  70.67  0.27  1  0  0.88
 1  99.70  0.84  0  0  0.78
 1  92.95  0.71  0  0  0.59
 1  86.10  0.71  0  1  2.30
 0  70.67  1.30  0  1  1.91
 1  61.05  0.95  1  1  2.45
 0  81.94  0.21  0  0  0.90
 1  69.02  1.00  1  1  1.01
 1  85.75  1.34  0  0  0.43
 1  92.56  0.33  1  0  1.28
 1  82.58  1.17  0  1  1.18
 1  67.05  0.71  1  0  1.06
 0  72.67  0.46  0  1  0.79
 0  61.05  0.95  0  1  0.83
 1  92.95  0.86  0  0  0.55
 1  82.53  0.61  0  0  1.03
 0  87.33  0.46  0  0  1.73
 0  67.05  0.86  0  1  0.65
 0  62.54  1.06  0  1  0.96
 1  97.46  1.06  0  0  0.49
 1  92.56  1.24  0  1  1.89
 1  82.58  0.40  1  1  1.23
 0  61.05  0.62  0  1  0.99
 1  64.69  0.42  1  0  0.55
 0  99.70  0.84  1  0  0.19
 0  86.10  0.86  1  0  0.42
 1  67.44  0.33  1  1  0.23
 1  81.94  1.37  0  1  0.22
 1  87.33  0.46  1  0  0.22
 1  72.67  0.46  1  0  0.18
 0  74.25  0.23  0  0  0.26
 0  85.75  1.34  1  0  0.24
 1  95.31  1.16  0  1  0.24
 1  77.42  0.40  1  1  0.20
 1  62.54  1.06  1  1  0.26
 0  64.69  1.16  0  1  0.23
 0  90.98  1.00  1  0  0.38
 0  60.30  0.73  0  0  0.23
 1  73.90  0.71  0  1  0.24
 0  82.58  0.40  0  1  0.27
 1  72.67  1.11  0  1  0.75
 0  98.95  0.95  1  0  0.35
 0  92.56  0.33  0  0  0.21
 1  62.54  0.51  1  0  0.27
 0  82.53  0.96  1  1  0.33
 1  98.95  0.95  0  1  0.25
 0  74.25  1.34  1  0  0.24
 0  69.02  1.00  0  1  0.34
 1  87.33  1.11  0  1  1.22
 1  60.30  0.73  1  0  0.21
 1  82.53  0.61  1  1  2.04
 1  74.25  0.23  1  0  0.30
 0  98.95  0.62  1  1  1.18
 0  92.56  1.24  1  1  1.48
 1  77.47  0.96  0  1  0.30
 0  67.05  0.71  0  1  0.59
 0  67.44  0.33  0  1  0.57
 1  67.05  0.86  1  1  0.47
 0  97.46  1.06  1  1  0.74
 0  92.95  0.86  1  1  0.87
 0  60.30  0.84  0  1  0.05
 1  90.98  1.00  0  1  0.33
 0  69.02  0.57  0  1  0.06
 0  78.06  1.37  1  0  0.98
 1  98.95  0.62  0  0  0.25
 0  72.67  1.11  1  0  0.21
 0  77.42  1.17  1  0  0.26
 1  89.33  1.30  0  0  0.22
 0  70.67  1.30  1  0  0.19
 0  82.58  1.17  1  0  0.21
 1  74.25  1.34  0  0  0.25
 0  67.44  1.24  1  0  0.20
 1  78.06  1.37  0  0  2.60
 0  60.30  0.84  0  1  1.10
 1  82.58  0.40  1  0  0.54
 1  72.67  0.46  1  0  0.23
 1  92.56  1.24  0  1  0.22
 1  69.02  1.00  1  1  0.40
 0  74.25  0.23  0  1  0.33
 0  81.94  0.21  0  0  0.21
 1  62.54  1.06  1  1  1.34
 0  70.67  0.27  0  1  0.84
 0  69.02  0.57  0  0  0.84
 0  95.31  1.16  1  0  0.87
 0  62.54  1.06  0  1  0.74
 0  98.95  0.62  1  0  0.78
 1  85.75  1.34  0  1  0.80
 1  82.53  0.61  0  0  0.69
 1  98.95  0.62  0  1  0.79
 1  77.47  0.61  1  1  0.92
 0  72.67  1.11  1  1  0.85
 1  77.42  1.17  0  0  0.56
 0  95.31  0.42  1  0  1.34
 1  67.05  0.71  1  1  0.87
 0  67.05  0.86  0  1  0.89
 1  82.58  1.17  0  0  0.44
 0  99.70  0.84  1  0  2.32
 0  61.05  0.95  0  1  0.71
 1  82.53  0.96  0  0  1.67
 1  85.75  0.23  1  1  0.41
 1  69.02  0.57  1  1  0.39
 0  85.75  1.34  1  1  0.33
 1  90.98  1.00  0  0  0.39
 0  67.44  1.24  1  1  0.45
 0  87.33  0.46  0  0  1.34
 0  67.44  0.33  0  1  1.03
 1  82.53  0.61  1  0  0.46
 1  99.70  0.73  0  0  0.94
 0  89.33  0.27  0  1  0.25
 1  72.67  1.11  0  1  0.73
 1  92.95  0.86  0  0  2.08
 0  67.44  1.24  0  0  0.85
 0  82.53  0.96  1  1  0.32
 0  97.46  0.51  0  1  0.20
 1  87.33  1.11  0  0  0.25
 0  62.54  0.51  0  1  0.90
 0  90.98  0.57  1  0  0.67
 1  81.94  0.21  1  1  0.73
 1  92.56  0.33  1  0  0.67
 1  61.05  0.62  1  1  1.37
 1  87.33  0.46  1  0  0.67
 0  82.58  1.17  1  1  0.71
 0  69.02  1.00  0  1  0.79
 0  77.47  0.96  1  0  1.33
 0  72.67  0.46  0  1  0.64
 1  73.90  0.71  1  0  0.86
 0  78.06  0.21  0  1  1.07
 1  74.25  1.34  0  0  1.39
 1  77.47  0.61  0  1  1.55
 0  70.67  1.30  1  1  1.52
 0  78.06  1.37  1  0  2.77
 0  60.30  0.73  0  1  1.18
 1  74.25  0.23  1  0  1.14
 1  90.98  0.57  0  0  0.76
 0  74.25  1.34  1  1  0.84
 1  64.69  1.16  1  1  0.83
 1  73.90  0.71  0  0  0.71
 0  77.42  0.40  0  0  0.77
 0  81.94  1.37  1  0  0.86
 0  67.05  0.71  0  1  0.59
 1  60.30  0.84  1  0  1.31
 0  64.69  0.42  0  1  0.77
 1  60.30  0.73  1  0  0.61
 0  87.33  1.11  1  0  0.81
 1  78.06  0.21  1  0  0.76
 0  95.31  0.42  0  0  0.65
 1  97.46  1.06  0  1  0.31
 1  86.10  0.71  0  0  0.25
 1  92.95  0.71  0  1  1.90
 1  73.90  0.86  0  0  2.24
 1  61.05  0.95  1  1  1.22
 1  64.69  0.42  1  1  0.71
 0  64.69  1.16  0  1  0.57
 1  81.94  1.37  0  0  1.82
 0  82.58  0.40  0  0  0.65
 0  92.56  1.24  1  0  0.27
 1  73.90  0.86  1  0  0.81
 0  90.98  1.00  1  0  1.01
 1  89.33  0.27  1  0  0.44
 1  67.44  0.33  1  0  0.69
 0  92.95  0.71  1  1  0.53
 0  92.56  0.33  0  0  0.35
 0  77.42  1.17  1  0  2.72
 0  99.70  0.73  1  1  0.36
 0  85.75  0.23  0  0  0.63
 1  89.33  1.30  0  0  0.60
 1  77.47  0.96  0  0  0.46
 0  97.46  1.06  1  1  1.10
 0  97.46  0.51  1  0  0.85
 0  92.95  0.86  1  1  1.25
 1  95.31  1.16  0  0  0.72
 1  67.05  0.86  1  1  0.78
 0  61.05  0.62  0  1  0.97
 0  70.67  1.30  0  0  1.05
 1  62.54  0.51  1  1  0.93
 0  98.95  0.95  1  0  0.66
 1  99.70  0.84  0  1  1.24
 1  77.42  0.40  1  1  1.01
 1  86.10  0.86  0  0  0.64
 0  86.10  0.71  1  1  1.71
 0  89.33  1.30  1  0  1.35
 0  86.10  0.86  1  0  0.67
 1  70.67  0.27  1  1  0.65
 1  98.95  0.95  0  0  0.74
 1  72.67  0.46  1  1  7.30
 0  61.05  0.62  0  1  2.18
 1  77.47  0.96  0  0  2.39
 0  90.98  0.57  1  1  0.76
 0  92.95  0.86  1  0  0.39
 1  82.53  0.96  0  0  0.90
 1  92.95  0.71  0  0  0.77
 1  87.33  1.11  0  0  0.22
 0  61.05  0.95  0  0  0.02
 1  85.75  0.23  1  1  0.86
 1  73.90  0.71  1  1  0.86
 0  89.33  1.30  1  1  0.65
 1  73.90  0.86  0  0  0.21
 1  85.75  1.34  0  1  0.21
 0  67.44  1.24  0  1  1.60
 1  99.70  0.73  0  1  0.24
 1  69.02  1.00  1  1  1.08
 1  98.95  0.62  0  0  0.46
 1  99.70  0.84  0  0  2.59
 1  82.58  0.40  1  0  1.28
 1  60.30  0.84  1  1  0.25
 1  78.06  0.21  1  0  0.20
 0  60.30  0.84  0  0  0.23
 1  86.10  0.71  0  1  0.24
 1  92.95  0.86  0  1  0.81
 0  70.67  1.30  1  1  0.38
 0  74.25  1.34  1  0  0.28
 0  77.47  0.96  1  1  0.28
 1  78.06  1.37  0  1  0.24
 0  62.54  1.06  0  0  0.30
 0  98.95  0.95  1  0  0.25
 1  67.05  0.86  1  1  0.27
 0  86.10  0.71  1  1  0.28
 0  86.10  0.86  1  0  0.22
 0  85.75  0.23  0  1  0.27
 1  69.02  0.57  1  1  0.30
 0  67.44  0.33  0  0  0.24
 1  62.54  0.51  1  0  0.25
 1  97.46  1.06  0  0  0.19
 0  92.56  1.24  1  0  0.22
 1  72.67  1.11  0  1  0.37
 0  87.33  0.46  0  1  0.26
 1  86.10  0.86  0  1  0.33
 0  69.02  0.57  0  1  0.27
 0  81.94  0.21  0  1  0.28
 1  77.42  1.17  0  1  0.29
 0  95.31  0.42  0  1  0.19
 1  92.56  0.33  1  0  0.23
 0  78.06  1.37  1  1  0.59
 0  77.42  1.17  1  1  0.26
 1  90.98  0.57  0  1  0.24
 0  82.53  0.96  1  0  0.26
 1  67.44  0.33  1  0  0.21
 0  92.56  0.33  0  1  0.24
 0  64.69  1.16  0  1  0.28
 0  97.46  0.51  1  1  0.69
 1  64.69  0.42  1  1  0.48
 1  81.94  0.21  1  0  0.28
 0  72.67  1.11  1  1  0.74
 0  82.58  0.40  0  0  0.62
 1  77.47  0.61  0  0  0.81
 0  72.67  0.46  0  1  0.76
 0  70.67  0.27  0  1  2.08
 0  67.05  0.86  0  0  1.30
 1  60.30  0.73  1  0  0.27
 1  90.98  1.00  0  0  0.26
 0  81.94  1.37  1  0  0.22
 0  99.70  0.73  1  0  0.27
 1  82.53  0.61  1  1  0.27
 1  77.42  0.40  1  1  0.26
 0  60.30  0.73  0  0  0.23
 0  97.46  1.06  1  0  0.23
 0  98.95  0.62  1  1  0.24
 0  87.33  1.11  1  1  1.33
 1  77.47  0.61  1  0  0.24
 0  95.31  0.42  1  1  0.29
 1  82.58  1.17  0  0  0.19
 0  82.58  1.17  1  0  0.38
 0  85.75  1.34  1  0  0.59
 1  95.31  1.16  0  1  0.29
 0  78.06  0.21  0  1  0.29
 1  82.53  0.61  0  0  0.16
 1  70.67  0.27  1  0  0.15
 1  73.90  0.71  0  0  0.10
 0  70.67  1.30  0  0  0.21
 1  92.56  1.24  0  0  0.29
 0  97.46  0.51  0  1  0.11
 1  89.33  0.27  1  0  0.28
 1  74.25  0.23  1  1  1.01
 0  64.69  0.42  0  1  0.55
 0  62.54  0.51  0  1  0.58
 1  61.05  0.95  1  1  0.71
 0  89.33  0.27  0  0  0.76
 1  89.33  1.30  0  0  0.61
 1  64.69  1.16  1  1  0.89
 0  74.25  0.23  0  0  0.20
 1  61.05  0.62  1  0  0.22
 0  90.98  1.00  1  0  0.61
 1  67.05  0.71  1  1  0.61
 1  62.54  1.06  1  1  0.58
 0  67.05  0.71  0  1  0.57
 0  67.44  1.24  1  0  2.38
 0  99.70  0.84  1  0  0.64
 1  98.95  0.95  0  0  0.50
 1  73.90  0.86  1  0  3.37
 0  95.31  1.16  1  0  0.67
 1  87.33  0.46  1  1  0.99
 1  74.25  1.34  0  1  0.80
 0  92.95  0.71  1  0  0.72
 0  69.02  1.00  0  1  0.65
 1  81.94  1.37  0  0  0.95
 0  77.42  0.40  0  1  0.83
 1  77.47  0.96  0  1  1.37
 0  95.31  0.42  0  0  0.65
 0  92.56  0.33  0  0  0.70
 1  69.02  1.00  1  1  0.57
 1  90.98  1.00  0  0  0.82
 0  87.33  0.46  0  0  1.35
 0  99.70  0.84  1  0  0.70
 0  97.46  0.51  0  0  0.55
 1  92.56  0.33  1  0  0.51
 0  62.54  1.06  0  1  0.64
 1  98.95  0.95  0  0  0.52
 0  61.05  0.95  0  1  0.97
 1  99.70  0.84  0  0  0.61
 0  86.10  0.71  1  1  1.29
 1  64.69  1.16  1  1  0.32
 1  99.70  0.73  0  1  0.48
 0  62.54  0.51  0  0  0.21
 1  74.25  1.34  0  0  0.25
 1  81.94  0.21  1  0  0.22
 0  99.70  0.73  1  0  0.19
 0  72.67  1.11  1  0  0.22
 1  85.75  0.23  1  1  0.28
 0  64.69  0.42  0  0  0.20
 1  61.05  0.95  1  1  0.21
 1  72.67  1.11  0  1  0.21
 0  70.67  0.27  0  0  0.20
 0  81.94  1.37  1  0  0.66
 0  74.25  0.23  0  1  0.31
 0  97.46  0.51  1  0  1.25
 0  92.95  0.86  1  1  0.65
 0  77.42  1.17  1  1  0.46
 0  90.98  0.57  1  1  0.94
 1  62.54  0.51  1  1  0.26
 1  72.67  0.46  1  1  0.23
 0  77.47  0.96  1  0  0.22
 1  77.42  1.17  0  0  0.24
 1  69.02  0.57  1  0  0.70
 1  92.95  0.86  0  0  0.19
 1  86.10  0.86  0  0  0.24
 0  69.02  1.00  0  1  0.32
 1  73.90  0.86  0  0  0.39
 0  67.05  0.71  0  0  0.11
 1  73.90  0.71  1  1  0.22
 0  95.31  0.42  1  1  0.45
 1  85.75  1.34  0  0  0.60
 0  70.67  1.30  0  0  0.20
 0  95.31  1.16  1  0  0.26
 1  86.10  0.71  0  1  0.26
 0  98.95  0.62  1  1  0.44
 0  92.95  0.71  1  1  2.77
 1  89.33  1.30  0  0  0.22
 1  82.53  0.96  0  0  0.23
 1  82.53  0.61  1  0  0.27
 0  90.98  1.00  1  1  0.47
 1  82.58  1.17  0  1  0.63
 0  70.67  1.30  1  1  1.40
 1  67.05  0.86  1  0  1.47
 1  81.94  1.37  0  0  0.68
 1  92.56  1.24  0  0  0.69
 1  98.95  0.62  0  0  0.23
 0  72.67  0.46  0  0  0.21
 1  67.05  0.71  1  0  0.25
 0  64.69  1.16  0  0  0.27
 1  78.06  1.37  0  0  0.25
 1  70.67  0.27  1  0  0.17
 0  67.44  1.24  0  0  0.21
 0  67.44  1.24  1  0  0.21
 1  64.69  0.42  1  0  0.20
 1  73.90  0.86  1  0  0.25
 0  82.58  1.17  1  1  0.04
 0  98.95  0.95  1  0  2.01
 1  77.42  0.40  1  0  0.27
 0  92.56  1.24  1  0  1.50
 1  87.33  0.46  1  0  0.32
 0  69.02  0.57  0  0  0.80
 0  85.75  0.23  0  0  0.29
 0  74.25  1.34  1  0  1.04
 0  86.10  0.86  1  1  0.33
 1  60.30  0.73  1  1  0.05
 0  87.33  1.11  1  1  1.15
 1  61.05  0.62  1  0  0.43
 0  85.75  1.34  1  0  0.05
 1  82.58  0.40  1  0  0.25
 0  60.30  0.84  0  0  0.23
 1  92.95  0.71  0  0  0.25
 1  60.30  0.84  1  1  0.20
 0  82.53  0.96  1  1  0.33
 0  67.05  0.86  0  0  0.82
 0  89.33  1.30  1  1  0.17
 1  77.47  0.61  1  1  0.44
 1  74.25  0.23  1  0  0.64
 0  82.58  0.40  0  0  1.37
 1  78.06  0.21  1  0  0.73
 1  89.33  0.27  1  1  0.91
 1  97.46  1.06  0  0  0.69
 0  89.33  0.27  0  1  5.05
 0  81.94  0.21  0  1  0.44
 1  82.53  0.61  0  0  0.66
 1  77.47  0.61  0  0  0.51
 0  61.05  0.62  0  0  2.10
 0  67.44  0.33  0  0  0.19
 1  95.31  1.16  0  1  0.21
 0  60.30  0.73  0  1  0.23
 1  67.44  0.33  1  0  0.18
 0  97.46  1.06  1  1  0.02
 1  62.54  1.06  1  1  0.29
 0  77.42  0.40  0  0  0.24
 0  78.06  0.21  0  1  0.20
 0  78.06  1.37  1  0  0.11
 1  73.90  0.71  0  1  0.26
 1  90.98  0.57  0  0  0.21
 1  87.33  1.11  0  1  0.19
 1  92.95  0.71  0  0  0.72
 1  98.95  0.62  0  1  2.15
 0  82.58  0.40  0  1  0.77
 0  95.31  1.16  1  1  0.29
 0  97.46  0.51  1  1  0.34
 1  98.95  0.95  0  1  0.60
 0  90.98  1.00  1  1  0.30
 0  67.05  0.71  0  1  0.40
 1  77.47  0.96  0  1  2.39
 0  95.31  0.42  1  1  0.21
 1  87.33  1.11  0  1  0.51
 1  74.25  1.34  0  0  0.37
 1  86.10  0.71  0  1  0.50
 0  70.67  1.30  0  1  0.26
 0  90.98  0.57  1  0  0.27
 0  89.33  1.30  1  0  0.21
 0  74.25  1.34  1  1  0.30
 0  67.44  1.24  1  0  0.49
 0  69.02  0.57  0  1  0.10
 1  87.33  0.46  1  0  0.21
 1  97.46  1.06  0  0  0.25
 1  62.54  0.51  1  0  0.18
 0  97.46  0.51  0  0  0.17
 1  77.47  0.61  1  1  0.23
 1  82.53  0.61  1  1  0.24
 1  73.90  0.71  1  0  0.24
 1  69.02  1.00  1  0  0.19
 1  78.06  0.21  1  0  0.21
 1  92.95  0.86  0  0  0.23
 1  89.33  0.27  1  0  0.43
 0  67.44  1.24  0  0  0.34
 1  73.90  0.86  1  0  0.55
 1  73.90  0.71  0  1  0.26
 1  61.05  0.95  1  1  0.21
 1  90.98  1.00  0  0  0.83
 0  61.05  0.95  0  1  0.28
 0  85.75  1.34  1  1  1.88
 0  67.44  0.33  0  1  0.32
 0  70.67  1.30  1  1  0.19
 1  64.69  0.42  1  1  0.26
 1  67.05  0.71  1  1  0.85
 0  81.94  1.37  1  0  0.18
 0  85.75  0.23  0  0  0.21
 0  87.33  1.11  1  1  0.23
 1  89.33  1.30  0  1  0.22
 0  62.54  1.06  0  1  0.23
 0  64.69  0.42  0  1  0.23
 0  64.69  1.16  0  1  0.24
 1  81.94  1.37  0  0  0.05
 1  90.98  0.57  0  1  0.14
 1  73.90  0.86  0  1  0.36
 1  61.05  0.62  1  1  0.35
 0  77.42  0.40  0  1  0.36
 1  77.47  0.61  0  1  0.49
 0  78.06  1.37  1  1  0.48
 1  81.94  0.21  1  1  0.42
 1  67.44  0.33  1  1  0.39
 1  92.56  1.24  0  1  0.44
 1  85.75  0.23  1  1  0.73
 1  85.75  1.34  0  1  0.49
 0  82.58  1.17  1  1  0.31
 1  82.58  1.17  0  0  0.73
 0  86.10  0.71  1  1  1.14
 1  77.42  0.40  1  1  0.51
 1  70.67  0.27  1  1  0.63
 0  81.94  0.21  0  1  0.51
 0  99.70  0.73  1  1  1.33
 1  77.42  1.17  0  1  0.60
 0  77.47  0.96  1  1  0.47
 0  99.70  0.84  1  0  4.43
 0  92.56  1.24  1  1  0.63
 1  82.53  0.96  0  1  0.87
 0  78.06  0.21  0  0  2.60
 0  82.53  0.96  1  1  0.97
 0  70.67  0.27  0  1  0.82
 1  99.70  0.73  0  1  0.53
 0  97.46  1.06  1  1  0.63
 0  60.30  0.73  0  1  0.32
 1  86.10  0.86  0  1  0.40
 1  60.30  0.73  1  0  0.25
 1  92.56  0.33  1  0  0.51
 0  61.05  0.62  0  1  0.41
 1  72.67  1.11  0  1  0.60
 0  62.54  0.51  0  1  0.36
 0  87.33  0.46  0  1  0.70
 1  60.30  0.84  1  1  1.07
 1  82.53  0.61  0  1  0.44
 0  77.42  1.17  1  1  0.40
 1  99.70  0.84  0  1  3.41
 0  92.95  0.86  1  1  0.44
 1  95.31  1.16  0  1  0.68
 0  60.30  0.84  0  1  0.45
 1  78.06  1.37  0  1  0.63
 1  67.05  0.86  1  1  1.06
 0  98.95  0.95  1  1  0.50
 1  62.54  1.06  1  0  0.32
 0  95.31  0.42  0  0  0.36
 1  69.02  0.57  1  1  0.37
 0  92.95  0.71  1  1  0.31
 0  86.10  0.86  1  1  0.33
 0  72.67  1.11  1  1  0.50
 1  74.25  0.23  1  1  0.92
 1  82.58  0.40  1  1  0.50
 0  92.56  0.33  0  1  0.84
 0  89.33  0.27  0  0  1.22
 0  67.05  0.86  0  1  0.63
 0  69.02  1.00  0  1  0.75
 0  72.67  0.46  0  0  0.50
 0  74.25  0.23  0  0  1.70
 0  98.95  0.62  1  1  0.79
 1  64.69  1.16  1  1  0.70
 1  72.67  0.46  1  0  2.05
