 2  86.10  0.71  1  0  2.67
 2  85.75  1.34  1  3  4.89
 2  99.70  0.73  1  1  2.00
 3  67.05  0.86  1  1  1.52
 2  95.31  1.16  1  3  2.92
 3  77.42  0.40  1  3  2.17
 2  89.33  1.30  1  2  1.86
 3  74.25  0.23  1  1  1.19
 3  60.30  0.73  1  3  0.69
 1  73.90  0.86  0  2  0.90
 1  74.25  1.34  0  0  0.98
 2  82.53  0.96  1  3  1.56
 2  99.70  0.84  1  3  0.99
 1  92.56  1.24  0  3  6.62
 2  87.33  1.11  1  2  1.89
 3  69.02  0.57  1  3  2.48
 3  73.90  0.86  1  2  1.62
 1  82.53  0.96  0  0  1.73
 3  85.75  0.23  1  1  1.67
 1  99.70  0.73  0  3  1.71
 2  98.95  0.95  1  3  5.54
 0  60.30  0.84  0  1  4.82
 3  81.94  0.21  1  1  2.83
 3  61.05  0.62  1  3  0.91
 0  62.54  0.51  0  3  0.89
 0  62.54  1.06  0  1  1.34
 0  70.67  0.27  0  0  0.66
 1  92.95  0.71  0  1  1.65
 0  74.25  0.23  0  0  1.38
 0  87.33  0.46  0  1  0.89
 0  64.69  1.16  0  1  1.07
 3  82.53  0.61  1  3  1.39
 1  82.53  0.61  0  1  3.10
 2  86.10  0.86  1  3  0.74
 2  92.56  1.24  1  3  2.72
 1  87.33  1.11  0  1  1.64
 0  67.05  0.71  0  0  0.84
 2  97.46  1.06  1  2  1.91
 0  97.46  0.51  0  0  1.41
 0  72.67  0.46  0  1  1.18
 3  67.05  0.71  1  3  1.35
 0  61.05  0.62  0  1  3.40
 3  62.54  1.06  1  2  1.41
 1  77.47  0.96  0  1  1.55
 1  86.10  0.86  0  0  1.55
 3  89.33  0.27  1  2  1.42
 1  95.31  1.16  0  1  0.92
 0  67.44  0.33  0  0  0.93
 3  87.33  0.46  1  2  1.01
 1  72.67  1.11  0  0  1.47
 1  99.70  0.84  0  0  3.80
 3  73.90  0.71  1  3 10.91
 2  74.25  1.34  1  3  1.07
 3  60.30  0.84  1  3  1.35
 0  64.69  0.42  0  1  1.72
 3  64.69  1.16  1  3  1.95
 3  69.02  1.00  1  3  1.44
 1  85.75  1.34  0  1  0.92
 0  82.58  0.40  0  0  0.83
 1  89.33  1.30  0  1  1.57
 0  61.05  0.95  0  1  1.36
 0  89.33  0.27  0  0  1.63
 3  67.44  0.33  1  2  1.68
 2  67.44  1.24  1  3  1.88
 3  82.58  0.40  1  2  2.26
 0  67.05  0.86  0  1  3.29
 1  97.46  1.06  0  1  2.05
 2  77.42  1.17  1  3  1.10
 2  78.06  1.37  1  3  3.83
 2  95.31  0.42  1  3  1.61
 0  69.02  0.57  0  0  4.24
 1  81.94  1.37  0  1  0.97
 2  98.95  0.62  1  2  2.47
 0  69.02  1.00  0  1  1.30
 0  85.75  0.23  0  0  2.77
 2  70.67  1.30  1  3  1.97
 2  81.94  1.37  1  2  1.05
 1  77.42  1.17  0  1  5.23
 0  78.06  0.21  0  0  1.06
 0  77.42  0.40  0  0  1.19
 2  82.58  1.17  1  2  3.73
 1  98.95  0.62  0  1  6.94
 0  70.67  1.30  0  0  1.17
 0  67.44  1.24  0  1  2.13
 1  77.47  0.61  0  0  5.07
 1  73.90  0.71  0  1  1.88
 1  90.98  1.00  0  1  2.44
 3  77.47  0.61  1  3  1.45
 0  60.30  0.73  0  1  2.80
 0  92.56  0.33  0  0  1.05
 3  92.56  0.33  1  3  1.64
 1  78.06  1.37  0  1  2.04
 0  95.31  0.42  0  0  1.86
 1  98.95  0.95  0  1  1.51
 3  78.06  0.21  1  3  1.42
 2  92.95  0.71  1  3  1.51
 1  92.95  0.86  0  0  4.83
 2  92.95  0.86  1  2  2.31
 3  70.67  0.27  1  3  1.04
 3  62.54  0.51  1  2  3.03
 1  90.98  0.57  0  1  3.18
 3  72.67  0.46  1  3  1.78
 1  86.10  0.71  0  1  2.73
 3  64.69  0.42  1  3  2.44
 1  82.58  1.17  0  1  1.42
 3  61.05  0.95  1  2  1.44
 2  72.67  1.11  1  3  1.78
 2  90.98  1.00  1  2  1.14
 2  90.98  0.57  1  3  1.33
 0  81.94  0.21  0  0  1.35
 2  77.47  0.96  1  2  2.39
 2  97.46  0.51  1  2  5.74
 1  90.98  0.57  0  1  4.86
 2  78.06  1.37  1  2  1.70
 2  97.46  0.51  1  2  1.82
 0  60.30  0.84  0  1  1.92
 2  97.46  1.06  1  2  1.65
 2  82.53  0.96  1  2  0.79
 0  82.58  0.40  0  0  1.14
 1  82.53  0.61  0  1  2.44
 3  78.06  0.21  1  3  1.06
 2  90.98  1.00  1  2  1.29
 1  85.75  1.34  0  1  1.23
 3  67.05  0.86  1  2  1.41
 0  70.67  0.27  0  0  2.10
 1  87.33  1.11  0  1  1.34
 2  90.98  0.57  1  2  2.06
 1  86.10  0.71  0  1  2.38
 3  85.75  0.23  1  3  2.20
 2  89.33  1.30  1  2  1.00
 0  61.05  0.95  0  1  3.04
 3  82.58  0.40  1  3  4.73
 2  81.94  1.37  1  2  1.30
 1  97.46  1.06  0  1  5.93
 2  92.56  1.24  1  2  1.74
 3  69.02  1.00  1  3  2.89
 1  99.70  0.73  0  1  2.78
 2  72.67  1.11  1  3  2.10
 1  73.90  0.71  0  1  4.84
 3  61.05  0.95  1  3  2.13
 1  82.58  1.17  0  1  1.16
 0  78.06  0.21  0  0  2.07
 1  92.95  0.71  0  1  1.78
 1  92.56  1.24  0  1  1.18
 3  92.56  0.33  1  3  1.94
 3  61.05  0.62  1  3  4.92
 2  98.95  0.62  1  3  1.79
 0  64.69  1.16  0  0  2.88
 0  89.33  0.27  0  0  2.21
 2  85.75  1.34  1  2  1.60
 1  74.25  1.34  0  1  1.84
 0  62.54  0.51  0  1  3.43
 3  73.90  0.71  1  3  1.40
 0  74.25  0.23  0  0  1.77
 0  67.05  0.71  0  0  3.41
 0  61.05  0.62  0  0  1.09
 3  77.47  0.61  1  2  3.05
 1  78.06  1.37  0  1  2.55
 3  64.69  1.16  1  3  1.55
 3  60.30  0.73  1  3  2.40
 0  69.02  1.00  0  0  1.54
 2  67.44  1.24  1  3  1.43
 3  73.90  0.86  1  2  2.65
 0  62.54  1.06  0  0  2.08
 0  69.02  0.57  0  0  1.21
 0  85.75  0.23  0  0  1.43
 0  97.46  0.51  0  0  0.83
 0  87.33  0.46  0  0  1.01
 2  95.31  1.16  1  2  1.75
 0  67.44  0.33  0  0  2.36
 2  77.42  1.17  1  2  2.84
 2  70.67  1.30  1  2  1.82
 0  67.05  0.86  0  0  1.93
 3  72.67  0.46  1  3  3.25
 1  72.67  1.11  0  1  2.67
 1  98.95  0.95  0  1  1.57
 3  77.42  0.40  1  3  2.29
 2  92.95  0.71  1  3  3.76
 2  86.10  0.71  1  2  1.97
 1  77.42  1.17  0  1  2.06
 0  64.69  0.42  0  0  1.89
 1  77.47  0.61  0  1  2.22
 0  70.67  1.30  0  1  1.80
 3  70.67  0.27  1  3  2.72
 3  64.69  0.42  1  3  4.03
 2  95.31  0.42  1  3  2.50
 2  82.58  1.17  1  2  2.91
 2  87.33  1.11  1  2  1.92
 1  77.47  0.96  0  1  1.97
 0  92.56  0.33  0  1  2.53
 0  95.31  0.42  0  0  1.88
 1  73.90  0.86  0  1  2.63
 2  98.95  0.95  1  2  1.54
 3  89.33  0.27  1  3  1.42
 2  77.47  0.96  1  2  2.78
 3  74.25  0.23  1  3  1.29
 3  67.05  0.71  1  2  1.87
 3  81.94  0.21  1  3  3.94
 1  86.10  0.86  0  1  2.00
 3  62.54  0.51  1  3  4.23
 0  60.30  0.73  0  0  1.76
 0  72.67  0.46  0  1  2.51
 1  92.95  0.86  0  1  1.57
 0  81.94  0.21  0  0  0.89
 2  74.25  1.34  1  2  1.25
 3  69.02  0.57  1  2  2.73
 1  90.98  1.00  0  1  1.48
 2  99.70  0.84  1  3  2.96
 0  67.44  1.24  0  1  1.75
 1  81.94  1.37  0  1  0.84
 1  89.33  1.30  0  1  1.91
 2  92.95  0.86  1  2  1.97
 3  62.54  1.06  1  3  1.53
 1  98.95  0.62  0  1  5.80
 1  95.31  1.16  0  1  0.89
 3  82.53  0.61  1  2  7.29
 3  60.30  0.84  1  3  1.45
 2  99.70  0.73  1  2  2.88
 1  82.53  0.96  0  1  1.15
 3  67.44  0.33  1  3  1.13
 3  87.33  0.46  1  3  2.84
 0  77.42  0.40  0  0  5.32
 1  99.70  0.84  0  1  0.90
 2  86.10  0.86  1  2  2.05
 2  77.47  0.96  1  2  7.75
 0  60.30  0.73  0  0  1.67
 2  87.33  1.11  1  2  3.02
 1  82.53  0.96  0  1  2.11
 0  89.33  0.27  0  0  0.99
 0  70.67  0.27  0  0  1.98
 3  67.44  0.33  1  2  2.01
 3  92.56  0.33  1  3  1.46
 2  82.53  0.96  1  2  1.35
 1  82.53  0.61  0  0  1.38
 3  61.05  0.62  1  3  2.23
 2  90.98  0.57  1  3  2.27
 1  99.70  0.73  0  1  3.20
 1  73.90  0.86  0  1  0.70
 2  95.31  0.42  1  3  3.94
 1  98.95  0.62  0  1  2.16
 1  86.10  0.86  0  1  1.34
 1  90.98  0.57  0  1  1.35
 1  98.95  0.95  0  1  0.93
 0  61.05  0.95  0  0  0.92
 1  97.46  1.06  0  1  0.76
 1  77.47  0.61  0  1  1.87
 3  77.42  0.40  1  3  3.75
 0  62.54  0.51  0  0  1.58
 0  82.58  0.40  0  1  2.24
 3  82.53  0.61  1  2  2.54
 0  77.42  0.40  0  0  1.26
 3  61.05  0.95  1  3  1.13
 2  81.94  1.37  1  2  1.52
 3  81.94  0.21  1  3  0.78
 0  67.05  0.71  0  1  3.31
 3  85.75  0.23  1  3  1.62
 2  78.06  1.37  1  2  1.04
 0  74.25  0.23  0  0  1.20
 2  97.46  0.51  1  3  1.89
 2  92.95  0.71  1  2  1.65
 1  92.95  0.86  0  1  2.96
 3  82.58  0.40  1  3  3.19
 1  92.56  1.24  0  1  1.43
 1  85.75  1.34  0  1  0.68
 2  85.75  1.34  1  2  1.24
 1  77.47  0.96  0  1  1.11
 3  69.02  1.00  1  2  1.55
 3  60.30  0.73  1  3  0.64
 3  77.47  0.61  1  2  0.91
 1  95.31  1.16  0  1  1.32
 2  86.10  0.71  1  2  1.77
 0  70.67  1.30  0  1  0.97
 0  72.67  0.46  0  0  2.19
 1  87.33  1.11  0  1  0.85
 3  62.54  1.06  1  3  1.73
 3  72.67  0.46  1  3  2.34
 1  90.98  1.00  0  1  1.38
 2  99.70  0.84  1  2  4.03
 0  62.54  1.06  0  0  1.11
 1  74.25  1.34  0  0  2.00
 1  86.10  0.71  0  1  2.49
 2  90.98  1.00  1  2  1.49
 2  98.95  0.62  1  2  2.04
 2  86.10  0.86  1  2  1.18
 3  67.05  0.71  1  2  1.85
 0  87.33  0.46  0  1  1.34
 0  67.44  0.33  0  0  1.27
 3  74.25  0.23  1  3  1.01
 0  67.44  1.24  0  1  0.85
 3  60.30  0.84  1  3  4.13
 0  69.02  0.57  0  0  4.79
 2  72.67  1.11  1  2  2.90
 1  73.90  0.71  0  1  1.80
 1  77.42  1.17  0  1  0.91
 2  99.70  0.73  1  2  2.04
 2  74.25  1.34  1  2  1.04
 3  70.67  0.27  1  3  0.82
 3  64.69  1.16  1  2  0.84
 1  82.58  1.17  0  1  2.20
 2  89.33  1.30  1  2  4.97
 1  89.33  1.30  0  1  1.36
 3  73.90  0.71  1  2  1.60
 1  81.94  1.37  0  1  1.13
 1  99.70  0.84  0  1  1.35
 1  78.06  1.37  0  1  1.03
 2  92.95  0.86  1  2  1.26
 2  92.56  1.24  1  2  0.99
 2  70.67  1.30  1  3  0.94
 3  69.02  0.57  1  3  1.03
 2  97.46  1.06  1  2  0.89
 0  64.69  0.42  0  0  1.49
 3  73.90  0.86  1  2  1.37
 3  89.33  0.27  1  2  1.32
 0  78.06  0.21  0  0  2.16
 0  60.30  0.84  0  0  1.14
 0  97.46  0.51  0  0  1.79
 3  64.69  0.42  1  2  0.89
 3  67.05  0.86  1  3  2.00
 1  72.67  1.11  0  1  2.48
 2  95.31  1.16  1  2  1.55
 2  82.58  1.17  1  2  1.04
 1  92.95  0.71  0  1  2.13
 0  81.94  0.21  0  0  0.83
 0  85.75  0.23  0  0  0.80
 0  61.05  0.62  0  0  1.27
 2  77.42  1.17  1  2  1.26
 3  62.54  0.51  1  3  1.27
 0  67.05  0.86  0  1  1.51
 3  78.06  0.21  1  2  0.81
 0  95.31  0.42  0  0  1.47
 3  87.33  0.46  1  3  1.14
 2  67.44  1.24  1  2  1.93
 2  98.95  0.95  1  2  3.81
 0  92.56  0.33  0  0  1.49
 0  64.69  1.16  0  0  1.10
 0  69.02  1.00  0  0  0.87
 0  74.25  0.23  0  0  1.25
 2  82.53  0.96  1  2  1.47
 2  89.33  1.30  1  2  0.70
 0  61.05  0.62  0  0  1.38
 3  73.90  0.86  1  3  2.79
 1  77.47  0.96  0  1  1.33
 0  87.33  0.46  0  0  0.74
 1  92.56  1.24  0  1  1.00
 0  64.69  1.16  0  0  1.12
 2  87.33  1.11  1  2  1.70
 2  82.58  1.17  1  2  0.65
 1  98.95  0.95  0  1  1.10
 0  72.67  0.46  0  0  1.12
 1  99.70  0.73  0  1  1.97
 2  70.67  1.30  1  2  2.59
 2  85.75  1.34  1  2  0.80
 0  70.67  1.30  0  1  2.16
 0  64.69  0.42  0  0  1.68
 2  86.10  0.86  1  2  1.43
 0  69.02  0.57  0  0  2.16
 3  60.30  0.84  1  3  1.36
 1  92.95  0.71  0  1  1.40
 2  74.25  1.34  1  2  1.84
 1  99.70  0.84  0  1  1.35
 3  60.30  0.73  1  3  2.56
 3  82.53  0.61  1  3  1.80
 2  86.10  0.71  1  2  1.56
 1  85.75  1.34  0  1  0.90
 2  81.94  1.37  1  2  1.28
 1  89.33  1.30  0  1  1.45
 3  67.44  0.33  1  3  1.04
 3  64.69  1.16  1  3  1.97
 3  67.05  0.86  1  3  0.85
 3  73.90  0.71  1  2  1.94
 3  77.47  0.61  1  3  1.81
 1  73.90  0.86  0  0  2.50
 3  62.54  0.51  1  3  1.67
 1  86.10  0.86  0  1  0.84
 3  64.69  0.42  1  3  3.70
 0  92.56  0.33  0  0  1.17
 0  97.46  0.51  0  0  1.50
 3  92.56  0.33  1  3  1.25
 2  72.67  1.11  1  2  2.08
 1  72.67  1.11  0  1  2.26
 3  77.42  0.40  1  3  1.75
 1  77.47  0.61  0  0  1.99
 3  69.02  0.57  1  3  3.12
 1  95.31  1.16  0  1  0.82
 3  78.06  0.21  1  3  1.33
 1  92.95  0.86  0  1  1.10
 0  60.30  0.84  0  0  1.04
 2  78.06  1.37  1  2  1.44
 3  82.58  0.40  1  3  1.99
 3  81.94  0.21  1  3  0.80
 0  70.67  0.27  0  0  1.26
 2  95.31  1.16  1  2  1.65
 0  67.05  0.86  0  1  2.54
 0  85.75  0.23  0  0  0.71
 1  82.53  0.96  0  1  1.15
 0  95.31  0.42  0  0  1.14
 2  92.95  0.71  1  3  3.56
 0  67.44  0.33  0  0  1.94
 1  98.95  0.62  0  1  1.78
 2  98.95  0.62  1  2  1.37
 1  81.94  1.37  0  1  0.91
 1  90.98  0.57  0  1  1.37
 1  90.98  1.00  0  1  0.85
 0  62.54  1.06  0  0  0.92
 0  62.54  0.51  0  0  0.87
 3  67.05  0.71  1  2  3.92
 3  89.33  0.27  1  2  0.96
 3  85.75  0.23  1  3  0.90
 2  92.56  1.24  1  2  1.27
 2  67.44  1.24  1  2  4.34
 1  97.46  1.06  0  1  1.71
 1  87.33  1.11  0  1  0.92
 0  82.58  0.40  0  0  1.80
 3  62.54  1.06  1  3  1.06
 0  81.94  0.21  0  0  0.94
 2  97.46  1.06  1  2  1.31
 1  74.25  1.34  0  1  1.44
 0  69.02  1.00  0  1  2.45
 0  67.44  1.24  0  0  0.77
 2  99.70  0.84  1  2  1.84
 0  60.30  0.73  0  0  0.91
 2  98.95  0.95  1  2  2.08
 2  99.70  0.73  1  2  1.30
 2  90.98  1.00  1  2  0.95
 2  97.46  0.51  1  3  1.91
 0  89.33  0.27  0  0  1.44
 0  67.05  0.71  0  1  2.02
 0  61.05  0.95  0  0  0.84
 1  82.58  1.17  0  1  0.94
 1  77.42  1.17  0  1  3.88
 1  86.10  0.71  0  1  1.77
 0  77.42  0.40  0  0  1.27
 3  70.67  0.27  1  3  1.99
 1  73.90  0.71  0  1  1.91
 0  78.06  0.21  0  0  0.88
 3  87.33  0.46  1  3  2.45
 2  92.95  0.86  1  2  1.29
 1  82.53  0.61  0  0  2.54
 3  72.67  0.46  1  3  1.45
 2  77.47  0.96  1  2  0.81
 2  90.98  0.57  1  2  2.12
 3  61.05  0.62  1  3  1.24
 3  69.02  1.00  1  3  3.76
 3  74.25  0.23  1  3  0.99
 3  61.05  0.95  1  3  0.76
 2  95.31  0.42  1  3  1.84
 2  77.42  1.17  1  2  2.09
 1  78.06  1.37  0  1  1.11
 2  92.95  0.71  1  2  1.80
 1  77.42  1.17  0  1  2.21
 1  73.90  0.71  0  1  2.37
 0  61.05  0.95  0  0  1.02
 1  97.46  1.06  0  1  1.09
 1  99.70  0.84  0  1  1.32
 1  82.58  1.17  0  1  1.35
 3  70.67  0.27  1  3  1.57
 0  62.54  1.06  0  0  0.95
 3  67.05  0.86  1  3  1.43
 0  67.44  1.24  0  0  1.58
 0  64.69  1.16  0  0  0.94
 3  89.33  0.27  1  3  1.19
 2  67.44  1.24  1  3  1.22
 1  98.95  0.62  0  1  1.44
 1  85.75  1.34  0  1  0.64
 1  90.98  1.00  0  1  1.14
 3  85.75  0.23  1  3  1.04
 3  62.54  1.06  1  3  1.20
 1  90.98  0.57  0  0  3.23
 3  73.90  0.71  1  2  2.17
 1  92.95  0.86  0  1  3.09
 2  92.95  0.86  1  2  2.12
 2  81.94  1.37  1  2  0.82
 0  97.46  0.51  0  1  2.17
 1  89.33  1.30  0  1  0.79
 1  92.56  1.24  0  1  0.65
 1  74.25  1.34  0  1  1.36
 1  77.47  0.96  0  1  0.66
 3  77.42  0.40  1  3  0.96
 3  82.53  0.61  1  3  0.80
 1  72.67  1.11  0  1  2.08
 0  64.69  0.42  0  0  1.15
 1  95.31  1.16  0  1  0.67
 3  61.05  0.62  1  3  1.03
 3  73.90  0.86  1  2  1.25
 3  64.69  0.42  1  3  0.65
 3  64.69  1.16  1  2  1.42
 2  97.46  1.06  1  2  2.85
 3  87.33  0.46  1  3  1.02
 0  87.33  0.46  0  0  2.37
 1  99.70  0.73  0  1  1.04
 0  82.58  0.40  0  0  0.91
 2  99.70  0.84  1  2  1.08
 0  61.05  0.62  0  0  1.99
 1  81.94  1.37  0  1  0.81
 3  69.02  0.57  1  3  3.00
 2  87.33  1.11  1  2  0.79
 0  70.67  0.27  0  0  1.46
 0  60.30  0.84  0  0  0.99
 1  87.33  1.11  0  1  0.73
 1  98.95  0.95  0  1  0.65
 2  98.95  0.62  1  2  1.83
 2  86.10  0.71  1  2  0.62
 2  74.25  1.34  1  2  0.75
 2  85.75  1.34  1  2  0.75
 3  77.47  0.61  1  3  1.92
 2  78.06  1.37  1  2  0.87
 3  62.54  0.51  1  3  0.66
 0  70.67  1.30  0  1  1.57
 0  74.25  0.23  0  0  1.03
 0  89.33  0.27  0  0  0.69
 2  77.42  1.17  1  2  4.60
 3  72.67  0.46  1  3  1.73
 1  86.10  0.86  0  1  1.55
 2  77.47  0.96  1  2  2.19
 0  67.05  0.86  0  0  3.05
 2  97.46  0.51  1  3  0.94
 3  61.05  0.95  1  3  2.08
 1  78.06  1.37  0  1  2.26
 2  82.58  1.17  1  2  1.68
 1  86.10  0.71  0  1  1.95
 0  69.02  1.00  0  1  2.25
 2  92.56  1.24  1  2  1.71
 1  77.47  0.61  0  0  0.86
 1  73.90  0.86  0  1  2.49
 2  95.31  0.42  1  3  0.82
 0  92.56  0.33  0  0  2.57
 3  81.94  0.21  1  3  3.09
 2  89.33  1.30  1  2  0.71
 3  78.06  0.21  1  3  1.08
 2  70.67  1.30  1  2  0.94
 3  69.02  1.00  1  2  1.80
 3  74.25  0.23  1  3  2.78
 3  60.30  0.73  1  3  1.24
 1  82.53  0.61  0  1  4.75
 2  95.31  1.16  1  2  1.17
 2  90.98  0.57  1  2  2.21
 0  85.75  0.23  0  0  1.33
 0  60.30  0.73  0  0  0.82
 0  78.06  0.21  0  0  0.75
 3  60.30  0.84  1  3  2.19
 0  62.54  0.51  0  0  1.42
 0  81.94  0.21  0  0  0.74
 3  67.05  0.71  1  3  1.30
 2  72.67  1.11  1  2  0.73
 0  77.42  0.40  0  0  4.08
 0  95.31  0.42  0  1  1.91
 3  67.44  0.33  1  3  1.56
 2  99.70  0.73  1  2  1.55
 2  90.98  1.00  1  2  0.73
 0  69.02  0.57  0  0  2.03
 0  72.67  0.46  0  0  0.97
 2  82.53  0.96  1  2  1.60
 3  82.58  0.40  1  3  0.73
 0  67.44  0.33  0  0  1.18
 1  82.53  0.96  0  1  2.70
 0  67.05  0.71  0  0  0.80
 2  98.95  0.95  1  2  1.33
 2  86.10  0.86  1  2  1.08
 3  92.56  0.33  1  3  0.76
 1  92.95  0.71  0  1  0.98
