 0  60.30  0.73  0  0  5.69
 0  92.95  0.86  1  0  2.61
 1  77.47  0.96  0  0  1.90
 1  77.47  0.61  0  0  6.30
 1  89.33  0.27  1  0  6.24
 0  87.33  0.46  0  0  5.31
 0  67.05  0.71  0  0  2.14
 1  69.02  1.00  1  1  1.82
 1  60.30  0.84  1  1  0.90
 1  87.33  0.46  1  1  0.98
 0  69.02  1.00  0  0  0.70
 1  72.67  1.11  0  0  0.40
 1  77.47  0.61  1  1  2.32
 0  77.47  0.96  1  1  1.71
 1  99.70  0.73  0  0  2.98
 1  77.42  1.17  0  1  2.98
 0  92.56  0.33  0  1  3.67
 1  78.06  0.21  1  1  1.47
 0  95.31  0.42  1  1  5.25
 0  95.31  1.16  1  0  1.92
 1  98.95  0.62  0  0  2.34
 1  90.98  1.00  0  1 11.11
 1  73.90  0.86  1  1  7.06
 0  90.98  1.00  1  0  3.03
 0  97.46  0.51  0  1  2.40
 0  78.06  0.21  0  0  2.44
 0  67.44  0.33  0  0  1.56
 0  77.42  1.17  1  0  3.33
 1  67.44  0.33  1  1  2.23
 0  82.58  1.17  1  0  1.84
 1  69.02  0.57  1  1  1.97
 1  86.10  0.71  0  0  3.41
 1  89.33  1.30  0  1  1.80
 0  85.75  1.34  1  0  2.02
 0  97.46  1.06  1  0  2.21
 0  85.75  0.23  0  0  2.00
 1  82.53  0.61  1  1  5.80
 1  98.95  0.95  0  1  3.51
 1  92.95  0.86  0  0  3.73
 0  92.95  0.71  1  1  2.93
 1  70.67  0.27  1  1  2.91
 0  95.31  0.42  0  0  1.83
 1  92.56  0.33  1  1  2.36
 0  99.70  0.73  1  0  2.09
 0  61.05  0.62  0  0  3.22
 1  86.10  0.86  0  1  4.33
 0  67.44  1.24  0  1  2.59
 0  67.44  1.24  1  1  5.28
 1  60.30  0.73  1  1  5.61
 0  61.05  0.95  0  0  2.48
 1  78.06  1.37  0  1  7.03
 0  62.54  1.06  0  1  1.99
 0  62.54  0.51  0  0  1.76
 1  82.53  0.96  0  1  3.59
 0  70.67  1.30  1  0  4.03
 0  86.10  0.86  1  0  8.26
 1  72.67  0.46  1  1  8.01
 1  81.94  1.37  0  1  5.17
 0  82.58  0.40  0  0  2.66
 0  72.67  1.11  1  0  5.65
 0  89.33  1.30  1  0  1.80
 1  99.70  0.84  0  0  3.81
 1  82.58  1.17  0  1  2.57
 0  99.70  0.84  1  1 11.30
 0  89.33  0.27  0  0  1.27
 0  98.95  0.62  1  1  1.59
 1  87.33  1.11  0  1  2.14
 1  95.31  1.16  0  1  6.07
 0  81.94  0.21  0  0  1.08
 0  92.56  1.24  1  0  1.87
 1  77.42  0.40  1  1  1.84
 1  92.95  0.71  0  0  2.06
 1  61.05  0.62  1  1  1.69
 0  67.05  0.86  0  1  5.45
 1  74.25  1.34  0  1  1.48
 1  92.56  1.24  0  1  1.97
 1  62.54  1.06  1  0  3.06
 0  64.69  0.42  0  0  1.38
 1  67.05  0.71  1  1  4.55
 0  98.95  0.95  1  0  1.43
 0  70.67  0.27  0  0  1.36
 1  61.05  0.95  1  1  1.74
 1  64.69  1.16  1  0  1.43
 0  90.98  0.57  1  1  1.80
 0  72.67  0.46  0  0  2.64
 0  87.33  1.11  1  0  2.35
 1  74.25  0.23  1  1  1.96
 1  81.94  0.21  1  1  1.34
 1  64.69  0.42  1  1  1.78
 1  90.98  0.57  0  0  1.63
 1  62.54  0.51  1  1  1.47
 0  70.67  1.30  0  1  1.41
 1  97.46  1.06  0  1  1.68
 1  67.05  0.86  1  1  2.53
 0  64.69  1.16  0  1  2.62
 0  60.30  0.84  0  1  2.21
 0  86.10  0.71  1  1  2.32
 0  74.25  0.23  0  0  4.37
 0  82.53  0.96  1  1  4.93
 1  73.90  0.71  0  0  3.10
 1  73.90  0.71  1  1  2.38
 0  97.46  0.51  1  1  2.08
 0  74.25  1.34  1  0  3.03
 1  82.58  0.40  1  1  2.07
 1  82.53  0.61  0  0  1.49
 1  85.75  0.23  1  1  1.60
 0  78.06  1.37  1  0  3.19
 1  73.90  0.86  0  0  7.53
 1  85.75  1.34  0  1  2.61
 0  77.42  0.40  0  0  2.51
 0  81.94  1.37  1  0  2.52
 0  69.02  0.57  0  0  1.22
 1  87.33  0.46  1  1  6.68
 0  64.69  1.16  0  1  4.44
 1  77.42  0.40  1  1  1.29
 0  92.95  0.86  1  1  2.55
 1  60.30  0.84  1  1  5.09
 0  72.67  0.46  0  0  1.68
 0  69.02  1.00  0  1  3.08
 0  72.67  1.11  1  0  2.51
 0  67.44  0.33  0  0  1.53
 0  67.44  1.24  0  1  2.33
 0  70.67  0.27  0  0  1.64
 0  97.46  0.51  0  0  1.66
 0  67.05  0.86  0  1  4.54
 0  86.10  0.86  1  1  1.78
 1  82.53  0.61  1  1  2.21
 1  92.56  1.24  0  1  2.59
 0  81.94  1.37  1  0  3.71
 1  92.56  0.33  1  1  1.63
 1  74.25  0.23  1  1  1.45
 0  64.69  0.42  0  0  3.20
 1  81.94  1.37  0  1  1.43
 0  77.47  0.96  1  0  4.47
 0  62.54  0.51  0  0  2.56
 1  89.33  1.30  0  1  1.75
 0  60.30  0.73  0  1  1.33
 1  73.90  0.71  0  0  2.18
 1  77.47  0.61  0  0  1.94
 1  64.69  0.42  1  1  2.32
 1  72.67  0.46  1  1  1.74
 0  78.06  1.37  1  0  1.33
 1  78.06  0.21  1  1  1.13
 1  81.94  0.21  1  1  0.93
 0  78.06  0.21  0  0  0.81
 1  67.05  0.86  1  1  2.31
 0  70.67  1.30  1  0  0.92
 0  92.95  0.71  1  1  1.38
 1  99.70  0.84  0  0  1.75
 1  62.54  1.06  1  0  1.63
 0  77.42  1.17  1  0  1.68
 1  70.67  0.27  1  1  1.05
 0  74.25  1.34  1  0  9.49
 1  99.70  0.73  0  1  1.24
 0  82.58  0.40  0  0  1.71
 0  99.70  0.84  1  0  4.10
 0  98.95  0.95  1  0  3.61
 1  77.42  1.17  0  1  1.58
 0  67.05  0.71  0  0  2.50
 0  62.54  1.06  0  1  0.90
 1  90.98  1.00  0  1  5.83
 1  92.95  0.86  0  1  1.98
 0  85.75  0.23  0  0  1.26
 0  87.33  0.46  0  0  2.11
 1  67.05  0.71  1  1  3.15
 1  64.69  1.16  1  0  1.39
 0  89.33  0.27  0  0  1.10
 1  82.53  0.96  0  1  2.26
 1  90.98  0.57  0  0  2.09
 1  61.05  0.95  1  0  3.79
 1  73.90  0.71  1  1  1.52
 1  86.10  0.71  0  1  3.77
 0  60.30  0.84  0  0  3.29
 0  97.46  0.51  1  1  3.36
 1  69.02  0.57  1  1  2.32
 0  74.25  0.23  0  0  2.19
 1  98.95  0.95  0  1  1.89
 1  82.58  0.40  1  1  1.54
 1  61.05  0.62  1  1  2.01
 1  82.58  1.17  0  1  1.68
 0  90.98  0.57  1  1  1.69
 0  92.56  0.33  0  0  4.18
 0  97.46  1.06  1  0  2.92
 1  85.75  1.34  0  1  2.97
 1  92.95  0.71  0  1  6.74
 0  95.31  0.42  0  0  2.01
 1  86.10  0.86  0  1  1.60
 1  72.67  1.11  0  1  3.55
 0  90.98  1.00  1  0  1.68
 1  74.25  1.34  0  1  1.94
 1  78.06  1.37  0  1  1.36
 0  82.53  0.96  1  0  1.33
 0  67.44  1.24  1  0  1.00
 0  95.31  1.16  1  0  1.08
 1  69.02  1.00  1  0  1.21
 1  87.33  1.11  0  1  1.56
 1  67.44  0.33  1  1  2.59
 0  89.33  1.30  1  0  3.92
 1  60.30  0.73  1  1  2.36
 1  85.75  0.23  1  1  1.10
 1  95.31  1.16  0  1  1.80
 0  82.58  1.17  1  0  2.82
 0  77.42  0.40  0  1  1.05
 0  61.05  0.95  0  1  2.04
 1  77.47  0.96  0  1  2.45
 0  61.05  0.62  0  0  2.06
 1  62.54  0.51  1  1  1.37
 0  85.75  1.34  1  0  1.50
 0  70.67  1.30  0  1  1.29
 0  86.10  0.71  1  1  1.79
 0  99.70  0.73  1  1  1.46
 0  87.33  1.11  1  0  2.27
 0  69.02  0.57  0  0  2.81
 0  92.56  1.24  1  0  3.02
 1  73.90  0.86  0  1  2.51
 0  81.94  0.21  0  0  7.00
 0  98.95  0.62  1  1  2.43
 1  77.47  0.61  1  1  3.25
 1  97.46  1.06  0  1  2.26
 1  73.90  0.86  1  0  2.46
 1  98.95  0.62  0  0  1.71
 0  95.31  0.42  1  1  1.44
 1  89.33  0.27  1  1  1.98
 1  82.53  0.61  0  0  2.08
 0  60.30  0.84  0  0  2.65
 1  67.05  0.71  1  1  0.96
 1  92.56  1.24  0  1  0.91
 0  86.10  0.86  1  0  0.79
 0  98.95  0.95  1  0  0.79
 0  87.33  1.11  1  0  0.72
 1  62.54  1.06  1  0  0.90
 0  82.53  0.96  1  0  0.62
 1  82.58  1.17  0  1  0.71
 1  86.10  0.86  0  1  0.99
 1  70.67  0.27  1  1  1.10
 1  78.06  1.37  0  1  1.26
 1  92.56  0.33  1  1  0.97
 1  82.53  0.61  0  1  1.52
 1  81.94  0.21  1  1  0.72
 0  92.95  0.71  1  1  1.27
 0  69.02  1.00  0  0  4.77
 0  64.69  1.16  0  1  0.92
 1  64.69  0.42  1  1  0.89
 0  67.05  0.86  0  1  1.11
 1  98.95  0.62  0  1  0.98
 0  92.95  0.86  1  0  2.64
 1  95.31  1.16  0  1  0.74
 1  78.06  0.21  1  0  1.25
 1  77.47  0.96  0  1  1.21
 0  95.31  1.16  1  0  1.03
 1  64.69  1.16  1  0  2.36
 0  67.44  1.24  0  1  1.66
 1  74.25  1.34  0  1  1.18
 0  87.33  0.46  0  0  1.53
 0  77.47  0.96  1  0  1.55
 1  99.70  0.73  0  0  2.24
 1  77.47  0.61  1  1  1.19
 1  82.53  0.61  1  1  1.16
 0  62.54  0.51  0  0  1.11
 0  98.95  0.62  1  1  1.38
 1  69.02  1.00  1  0  1.20
 0  92.56  1.24  1  0  0.95
 0  81.94  1.37  1  0  0.97
 1  73.90  0.71  1  1  2.28
 0  92.56  0.33  0  0  0.93
 0  61.05  0.95  0  0  1.44
 1  85.75  0.23  1  1  1.30
 0  77.42  0.40  0  0  1.65
 0  67.44  0.33  0  0  1.48
 1  89.33  1.30  0  1  1.27
 0  78.06  0.21  0  0  1.51
 0  82.58  1.17  1  0  1.65
 1  73.90  0.71  0  1  1.26
 0  64.69  0.42  0  0  1.18
 1  61.05  0.62  1  1  1.14
 0  78.06  1.37  1  0  1.28
 1  60.30  0.84  1  1  1.90
 0  85.75  0.23  0  0  1.09
 0  62.54  1.06  0  1  1.10
 0  90.98  0.57  1  1  1.41
 1  90.98  1.00  0  1  1.30
 1  73.90  0.86  1  1  1.87
 1  77.42  1.17  0  1  1.11
 0  72.67  1.11  1  0  1.15
 1  72.67  1.11  0  1  1.78
 0  90.98  1.00  1  0  2.12
 1  67.05  0.86  1  1  2.56
 1  82.58  0.40  1  1  0.88
 0  70.67  1.30  0  1  1.12
 0  97.46  1.06  1  1  1.24
 0  67.44  1.24  1  1  1.59
 0  61.05  0.62  0  0  2.19
 1  61.05  0.95  1  1  1.55
 1  77.47  0.61  0  0  1.19
 1  60.30  0.73  1  1  1.86
 0  74.25  0.23  0  0  1.62
 0  99.70  0.84  1  1  4.09
 0  85.75  1.34  1  0  1.36
 0  82.58  0.40  0  0  2.39
 0  97.46  0.51  0  0  1.76
 1  67.44  0.33  1  1  1.84
 0  70.67  0.27  0  0  1.36
 1  92.95  0.71  0  1  1.54
 1  85.75  1.34  0  1  1.44
 1  90.98  0.57  0  1  1.51
 1  89.33  0.27  1  0  1.23
 0  67.05  0.71  0  0  3.52
 0  89.33  0.27  0  0  1.38
 1  87.33  0.46  1  1  1.52
 0  89.33  1.30  1  0  1.15
 1  98.95  0.95  0  1  7.57
 0  95.31  0.42  0  0  7.28
 1  74.25  0.23  1  1  2.37
 1  69.02  0.57  1  1  2.76
 0  70.67  1.30  1  0  1.60
 1  86.10  0.71  0  0  8.32
 0  81.94  0.21  0  0  1.62
 0  95.31  0.42  1  1  1.37
 1  77.42  0.40  1  1  1.05
 0  60.30  0.73  0  0  4.68
 1  72.67  0.46  1  1  1.29
 1  99.70  0.84  0  1  2.54
 0  74.25  1.34  1  0 11.43
 0  97.46  0.51  1  1  1.66
 0  72.67  0.46  0  0  1.44
 0  86.10  0.71  1  1  1.24
 1  92.95  0.86  0  1  2.28
 1  87.33  1.11  0  1  1.67
 0  99.70  0.73  1  1  1.24
 1  73.90  0.86  0  1  2.85
 1  97.46  1.06  0  1  1.33
 1  81.94  1.37  0  1  3.72
 1  82.53  0.96  0  1  1.58
 0  69.02  0.57  0  0  1.48
 1  62.54  0.51  1  1  1.34
 0  77.42  1.17  1  0  1.21
 1  67.05  0.71  1  1  1.27
 0  82.58  0.40  0  0  1.15
 1  82.58  0.40  1  1  0.48
 0  60.30  0.73  0  1  0.63
 0  87.33  0.46  0  0  0.64
 1  98.95  0.62  0  1  1.57
 0  69.02  1.00  0  1  0.88
 1  95.31  1.16  0  1  2.16
 1  73.90  0.86  1  1  1.21
 1  61.05  0.62  1  1  1.08
 1  67.05  0.86  1  1  2.03
 0  67.44  1.24  0  1  1.02
 1  72.67  1.11  0  1  0.72
 1  74.25  1.34  0  1  0.75
 1  77.47  0.96  0  1  1.56
 1  92.95  0.71  0  1  1.32
 0  74.25  1.34  1  0  1.24
 1  82.58  1.17  0  1  0.98
 1  67.44  0.33  1  1  1.39
 0  61.05  0.62  0  1  2.13
 0  92.56  0.33  0  1  0.93
 0  82.53  0.96  1  0  2.30
 0  62.54  1.06  0  1  2.22
 1  90.98  1.00  0  1  2.17
 1  61.05  0.95  1  1  1.22
 1  69.02  1.00  1  1  0.72
 1  73.90  0.86  0  1  0.79
 1  77.47  0.61  1  1  0.80
 0  60.30  0.84  0  0  2.29
 0  62.54  0.51  0  0  1.55
 0  78.06  0.21  0  0  0.86
 0  77.42  0.40  0  0  0.88
 1  78.06  0.21  1  1  1.11
 0  72.67  0.46  0  0  1.29
 0  67.05  0.86  0  0  2.57
 0  89.33  1.30  1  0  1.67
 0  92.95  0.71  1  1  2.29
 0  95.31  1.16  1  1  1.38
 1  62.54  1.06  1  1  0.80
 0  61.05  0.95  0  0  2.07
 1  92.56  1.24  0  1  2.31
 1  85.75  1.34  0  1  3.97
 0  67.05  0.71  0  1  2.93
 0  98.95  0.95  1  1  2.09
 0  92.95  0.86  1  1  1.96
 0  95.31  0.42  0  0  1.89
 1  81.94  0.21  1  1  8.65
 1  90.98  0.57  0  0  1.25
 0  87.33  1.11  1  0  1.65
 0  90.98  0.57  1  1  0.82
 0  72.67  1.11  1  0  0.99
 0  95.31  0.42  1  1  2.25
 1  99.70  0.73  0  1  2.60
 0  69.02  0.57  0  0  1.70
 0  99.70  0.73  1  1  1.29
 1  98.95  0.95  0  1  2.62
 0  82.58  1.17  1  0  1.26
 1  87.33  1.11  0  1  2.19
 0  86.10  0.71  1  1  1.10
 0  77.47  0.96  1  1  1.14
 0  97.46  0.51  0  0  0.99
 1  64.69  1.16  1  0  2.06
 1  89.33  1.30  0  1  3.16
 1  87.33  0.46  1  1  1.04
 1  82.53  0.61  1  1  0.98
 1  99.70  0.84  0  1  1.90
 1  97.46  1.06  0  1  2.78
 1  60.30  0.73  1  1  1.69
 0  64.69  1.16  0  0  1.42
 1  82.53  0.96  0  1  2.29
 0  97.46  1.06  1  0  2.56
 0  77.42  1.17  1  0  1.83
 1  82.53  0.61  0  0  1.39
 1  69.02  0.57  1  1  1.10
 1  89.33  0.27  1  1  1.27
 1  78.06  1.37  0  1  1.43
 1  70.67  0.27  1  1  1.16
 0  97.46  0.51  1  1  1.02
 0  74.25  0.23  0  0  1.08
 0  81.94  1.37  1  0  1.37
 0  70.67  1.30  0  1  1.23
 0  70.67  0.27  0  0  1.09
 1  74.25  0.23  1  1  0.95
 1  77.42  0.40  1  1  1.51
 1  73.90  0.71  0  0  1.72
 0  90.98  1.00  1  1  2.45
 1  85.75  0.23  1  1  0.82
 1  72.67  0.46  1  1  0.94
 1  92.95  0.86  0  1  1.37
 0  67.44  1.24  1  0  1.58
 1  64.69  0.42  1  1  1.07
 1  77.42  1.17  0  1  1.64
 1  92.56  0.33  1  1  1.60
 0  85.75  0.23  0  0  0.94
 0  98.95  0.62  1  1  1.35
 1  73.90  0.71  1  1  2.25
 1  60.30  0.84  1  1  1.80
 0  81.94  0.21  0  0  1.11
 1  81.94  1.37  0  1  1.22
 0  70.67  1.30  1  0  3.09
 0  89.33  0.27  0  0  2.55
 0  78.06  1.37  1  0  1.58
 1  86.10  0.86  0  1  3.33
 0  85.75  1.34  1  0  3.14
 1  62.54  0.51  1  1  3.26
 0  92.56  1.24  1  1  1.82
 1  86.10  0.71  0  0  1.66
 0  67.44  0.33  0  0  1.20
 0  99.70  0.84  1  1 51.88
 0  86.10  0.86  1  0  2.17
 1  77.47  0.61  0  0  1.23
 0  64.69  0.42  0  0  0.98
 0  90.98  1.00  1  0  2.13
 1  90.98  1.00  0  1  1.11
 1  72.67  0.46  1  1  0.82
 0  74.25  0.23  0  0  0.64
 0  62.54  1.06  0  0  1.23
 1  98.95  0.62  0  1  2.49
 0  89.33  1.30  1  0  0.72
 1  85.75  0.23  1  0  0.65
 0  97.46  0.51  0  0  0.98
 0  72.67  1.11  1  0  0.75
 0  90.98  0.57  1  1  1.28
 0  82.58  1.17  1  0  1.54
 1  81.94  1.37  0  1  0.94
 1  73.90  0.71  1  1  2.40
 0  62.54  0.51  0  1 18.93
 1  86.10  0.71  0  1  1.01
 1  62.54  0.51  1  1  2.35
 1  64.69  0.42  1  1  0.52
 0  89.33  0.27  0  1  0.81
 1  87.33  0.46  1  1  0.67
 0  70.67  1.30  0  1  1.07
 0  98.95  0.95  1  0  1.25
 0  99.70  0.73  1  1  1.15
 1  73.90  0.86  1  1  0.78
 0  78.06  1.37  1  0  0.81
 0  60.30  0.84  0  0  1.36
 1  60.30  0.84  1  1  1.29
 0  72.67  0.46  0  0  0.96
 0  95.31  0.42  1  1  3.21
 0  82.53  0.96  1  0  1.95
 1  82.53  0.61  0  0  0.94
 1  89.33  1.30  0  1  0.70
 1  92.95  0.71  0  1  1.67
 1  67.44  0.33  1  1  0.81
 0  70.67  1.30  1  0  0.80
 0  77.47  0.96  1  0  1.52
 1  61.05  0.62  1  1  1.14
 1  81.94  0.21  1  1  0.78
 0  64.69  0.42  0  0  1.32
 1  82.53  0.61  1  1  1.28
 0  92.56  1.24  1  0  1.45
 1  89.33  0.27  1  1  0.91
 1  67.05  0.71  1  1  1.32
 1  61.05  0.95  1  1  1.48
 0  78.06  0.21  0  0  1.20
 0  77.42  0.40  0  0  1.89
 0  61.05  0.62  0  0  1.26
 0  69.02  1.00  0  1  1.90
 1  85.75  1.34  0  1  3.16
 1  78.06  0.21  1  1  2.16
 0  67.44  1.24  0  1  0.71
 1  77.42  0.40  1  1  3.20
 0  69.02  0.57  0  0  2.19
 1  99.70  0.84  0  1  1.61
 1  60.30  0.73  1  1  4.42
 1  72.67  1.11  0  1  1.72
 0  85.75  0.23  0  0  1.07
 1  82.58  1.17  0  1  1.14
 0  85.75  1.34  1  0  2.20
 1  87.33  1.11  0  1  3.14
 1  62.54  1.06  1  1  1.52
 0  74.25  1.34  1  0  1.50
 1  99.70  0.73  0  1  3.22
 1  77.47  0.96  0  1  1.53
 1  67.05  0.86  1  1  1.29
 0  92.56  0.33  0  0  1.26
 1  86.10  0.86  0  1  2.62
 0  92.95  0.71  1  1  1.65
 0  81.94  0.21  0  0  1.48
 1  92.95  0.86  0  1  1.80
 0  82.58  0.40  0  0  1.05
 1  82.58  0.40  1  1  1.17
 0  70.67  0.27  0  0  0.98
 1  64.69  1.16  1  0  1.94
 0  61.05  0.95  0  0  1.93
 0  87.33  1.11  1  0  1.54
 0  95.31  1.16  1  0  4.99
 1  98.95  0.95  0  1  2.19
 1  77.47  0.61  0  1  4.22
 0  95.31  0.42  0  0  1.83
 1  70.67  0.27  1  1  1.15
 1  92.56  1.24  0  1  1.32
 0  86.10  0.86  1  1  2.24
 1  90.98  0.57  0  0  2.17
 1  77.42  1.17  0  1  1.27
 0  67.44  1.24  1  0  1.74
 0  64.69  1.16  0  1  2.04
 0  67.05  0.86  0  0  1.89
 1  69.02  1.00  1  0  6.09
 0  97.46  0.51  1  1  5.27
 1  73.90  0.86  0  1  2.45
 0  77.42  1.17  1  0  4.84
 1  97.46  1.06  0  1  1.88
 1  74.25  1.34  0  1  3.86
 0  67.44  0.33  0  0  1.09
 0  98.95  0.62  1  1  1.52
 1  82.53  0.96  0  1  2.14
 0  60.30  0.73  0  0  0.97
 0  81.94  1.37  1  0  1.30
 0  92.95  0.86  1  1  1.82
 0  67.05  0.71  0  0  3.12
 1  95.31  1.16  0  1  1.38
 1  77.47  0.61  1  0  2.88
 1  74.25  0.23  1  1  1.45
 1  92.56  0.33  1  1  1.41
 0  87.33  0.46  0  0  1.21
 1  73.90  0.71  0  1  1.92
 0  97.46  1.06  1  0 10.59
 0  99.70  0.84  1  1  1.81
 1  69.02  0.57  1  1  1.69
 1  78.06  1.37  0  1  2.27
 0  86.10  0.71  1  1  1.50
