 0  70.67  1.30  0  1  2.45
 3  70.67  0.27  1  0  1.40
 1  82.58  1.17  0  2  1.24
 0  60.30  0.84  0  3  1.63
 0  60.30  0.73  0  0  0.99
 3  64.69  1.16  1  0  0.96
 2  72.67  1.11  1  1  0.87
 1  77.47  0.96  0  2  1.80
 0  67.44  0.33  0  0  0.85
 0  82.58  0.40  0  0  0.62
 1  86.10  0.71  0  0  1.09
 1  98.95  0.62  0  3  0.99
 2  85.75  1.34  1  3  0.81
 1  99.70  0.73  0  2  0.71
 1  72.67  1.11  0  1  0.59
 3  89.33  0.27  1  0  0.61
 3  77.42  0.40  1  2  0.61
 0  85.75  0.23  0  0  1.16
 0  61.05  0.62  0  1  0.73
 1  90.98  1.00  0  3  6.52
 2  82.58  1.17  1  1  3.32
 3  77.47  0.61  1  0  0.92
 1  78.06  1.37  0  2  1.19
 2  90.98  0.57  1  3  0.95
 2  92.56  1.24  1  1  4.91
 0  67.05  0.71  0  0  1.10
 3  85.75  0.23  1  0  0.81
 1  90.98  0.57  0  0  0.78
 2  92.95  0.86  1  0  1.05
 2  82.53  0.96  1  0  1.43
 0  97.46  0.51  0  2  0.92
 0  78.06  0.21  0  3  1.26
 0  62.54  1.06  0  1  0.68
 3  73.90  0.71  1  0  0.48
 0  87.33  0.46  0  2  3.23
 0  74.25  0.23  0  0  1.41
 3  64.69  0.42  1  2  0.82
 2  98.95  0.62  1  3  0.94
 3  60.30  0.73  1  0  0.95
 2  87.33  1.11  1  1  0.86
 3  62.54  0.51  1  3  3.55
 1  89.33  1.30  0  2  2.14
 1  87.33  1.11  0  1  2.28
 2  92.95  0.71  1  0  1.37
 0  70.67  0.27  0  3  1.27
 0  64.69  0.42  0  3  0.77
 2  89.33  1.30  1  1  3.10
 1  74.25  1.34  0  3  3.09
 1  85.75  1.34  0  0  1.70
 3  61.05  0.62  1  3  1.20
 3  67.05  0.86  1  3  0.69
 3  60.30  0.84  1  3  0.53
 3  67.44  0.33  1  3  0.68
 1  98.95  0.95  0  2  1.39
 2  95.31  0.42  1  3  1.45
 1  73.90  0.71  0  1  1.58
 3  82.53  0.61  1  2  2.22
 0  64.69  1.16  0  3  1.54
 1  99.70  0.84  0  0  3.11
 3  78.06  0.21  1  1  1.91
 0  67.05  0.86  0  3  0.99
 3  69.02  1.00  1  3  0.66
 2  99.70  0.84  1  2  2.24
 3  82.58  0.40  1  2  0.62
 0  62.54  0.51  0  3  1.01
 1  77.42  1.17  0  1  0.69
 2  95.31  1.16  1  2  1.81
 2  99.70  0.73  1  2  1.11
 0  89.33  0.27  0  1  0.82
 3  73.90  0.86  1  3  1.20
 1  92.95  0.71  0  0  1.50
 2  90.98  1.00  1  2  0.82
 0  61.05  0.95  0  0  2.24
 2  77.42  1.17  1  3  0.99
 3  62.54  1.06  1  3  0.56
 0  81.94  0.21  0  1  1.67
 3  74.25  0.23  1  3  1.94
 2  78.06  1.37  1  3  3.11
 3  67.05  0.71  1  3  0.79
 1  97.46  1.06  0  0  4.79
 2  67.44  1.24  1  3  0.57
 0  72.67  0.46  0  0  1.87
 2  97.46  1.06  1  2  1.13
 2  97.46  0.51  1  2  1.12
 0  95.31  0.42  0  1  1.30
 0  92.56  0.33  0  0  1.11
 0  67.44  1.24  0  1  0.67
 2  77.47  0.96  1  3  0.74
 2  81.94  1.37  1  2  0.96
 1  82.53  0.61  0  0  2.31
 1  86.10  0.86  0  1  1.01
 0  77.42  0.40  0  1  0.70
 3  72.67  0.46  1  2  1.41
 0  69.02  1.00  0  0  4.66
 0  69.02  0.57  0  0  0.58
 3  61.05  0.95  1  3  0.94
 3  69.02  0.57  1  2  1.30
 2  98.95  0.95  1  2  0.74
 1  82.53  0.96  0  1  2.86
 1  92.95  0.86  0  1  0.70
 2  86.10  0.71  1  2  1.11
 2  74.25  1.34  1  2  1.81
 1  95.31  1.16  0  1  2.80
 3  92.56  0.33  1  2  1.03
 1  81.94  1.37  0  1  2.39
 1  92.56  1.24  0  1  0.87
 1  77.47  0.61  0  1  0.63
 2  86.10  0.86  1  2  0.92
 3  87.33  0.46  1  2  0.77
 2  70.67  1.30  1  3  0.69
 3  81.94  0.21  1  2  0.95
 1  73.90  0.86  0  1  0.96
 3  74.25  0.23  1  2  2.35
 0  72.67  0.46  0  0  2.03
 1  78.06  1.37  0  1  3.41
 2  70.67  1.30  1  2  2.94
 3  70.67  0.27  1  3  0.79
 2  90.98  0.57  1  3  1.66
 1  77.47  0.61  0  1  1.05
 1  85.75  1.34  0  0  0.77
 2  95.31  1.16  1  3  1.03
 1  90.98  0.57  0  1  1.36
 2  82.58  1.17  1  2  6.13
 3  67.44  0.33  1  3  0.76
 0  69.02  0.57  0  0  3.59
 1  92.95  0.71  0  0  0.98
 3  77.42  0.40  1  2  1.56
 2  86.10  0.86  1  3  1.47
 0  89.33  0.27  0  1  1.90
 1  99.70  0.84  0  1  3.17
 0  64.69  0.42  0  0  0.53
 3  85.75  0.23  1  2  0.91
 2  72.67  1.11  1  3  0.91
 0  87.33  0.46  0  0  1.29
 2  74.25  1.34  1  2  1.51
 1  77.42  1.17  0  1  1.22
 3  64.69  0.42  1  3  0.78
 2  98.95  0.95  1  2  4.21
 2  99.70  0.84  1  2  1.12
 0  67.44  0.33  0  0  1.09
 3  62.54  1.06  1  3  0.92
 3  81.94  0.21  1  3  0.94
 2  86.10  0.71  1  3  0.63
 1  99.70  0.73  0  1  0.74
 2  92.95  0.71  1  3  0.83
 1  82.58  1.17  0  1  0.93
 1  92.95  0.86  0  1  0.51
 1  86.10  0.71  0  1  0.59
 1  86.10  0.86  0  1  0.59
 3  87.33  0.46  1  3  1.51
 3  69.02  0.57  1  3  0.55
 0  97.46  0.51  0  0  2.30
 1  97.46  1.06  0  1  0.67
 3  67.05  0.86  1  3  1.45
 0  81.94  0.21  0  0  1.41
 2  90.98  1.00  1  2  1.75
 1  73.90  0.86  0  1  0.85
 3  61.05  0.95  1  3  0.72
 1  87.33  1.11  0  1  1.88
 3  92.56  0.33  1  3  0.99
 2  82.53  0.96  1  2  3.29
 3  78.06  0.21  1  3  0.75
 0  64.69  1.16  0  1  1.73
 2  97.46  1.06  1  2  2.13
 2  99.70  0.73  1  3  0.88
 0  67.05  0.71  0  0  2.02
 3  89.33  0.27  1  3  1.56
 3  64.69  1.16  1  2  1.76
 2  67.44  1.24  1  3  0.73
 2  78.06  1.37  1  3  0.51
 3  72.67  0.46  1  3  1.95
 3  73.90  0.86  1  3  0.45
 0  85.75  0.23  0  0  1.29
 0  61.05  0.62  0  0  1.16
 3  82.53  0.61  1  3  0.87
 1  90.98  1.00  0  1  0.61
 2  97.46  0.51  1  2  0.98
 0  67.05  0.86  0  1  1.06
 2  98.95  0.62  1  3  0.75
 1  73.90  0.71  0  0  2.25
 0  67.44  1.24  0  0  0.91
 3  60.30  0.84  1  3  0.77
 1  81.94  1.37  0  0  2.12
 0  77.42  0.40  0  1  1.74
 3  67.05  0.71  1  3  2.04
 2  89.33  1.30  1  3  1.04
 2  92.95  0.86  1  2  0.59
 2  95.31  0.42  1  2  4.93
 0  60.30  0.73  0  0  0.88
 1  98.95  0.95  0  1  0.61
 3  82.58  0.40  1  2  1.57
 2  85.75  1.34  1  2  1.67
 1  82.53  0.61  0  1  0.96
 0  74.25  0.23  0  1  0.95
 0  69.02  1.00  0  1  0.88
 1  95.31  1.16  0  1  0.62
 1  92.56  1.24  0  1  0.49
 0  70.67  0.27  0  0  0.69
 0  60.30  0.84  0  1  0.59
 1  98.95  0.62  0  1  0.55
 1  74.25  1.34  0  0  0.93
 2  81.94  1.37  1  3  0.95
 1  82.53  0.96  0  0  0.89
 0  62.54  1.06  0  1  0.74
 3  61.05  0.62  1  2  1.71
 0  78.06  0.21  0  0  2.06
 0  70.67  1.30  0  1  0.66
 3  73.90  0.71  1  2  1.12
 2  77.42  1.17  1  2  1.52
 0  62.54  0.51  0  0  2.03
 0  61.05  0.95  0  1  0.63
 2  87.33  1.11  1  2  0.84
 1  77.47  0.96  0  1  2.67
 3  62.54  0.51  1  2  1.50
 0  82.58  0.40  0  1  1.81
 0  95.31  0.42  0  1  1.00
 3  77.47  0.61  1  2  4.93
 3  60.30  0.73  1  3  0.58
 2  77.47  0.96  1  2  1.63
 1  72.67  1.11  0  1  1.01
 2  92.56  1.24  1  2  0.98
 0  92.56  0.33  0  1  1.18
 3  69.02  1.00  1  3  1.22
 1  89.33  1.30  0  1  0.91
 2  67.44  1.24  1  2  1.34
 3  77.42  0.40  1  3  0.78
 1  86.10  0.71  0  1  0.61
 1  99.70  0.84  0  1  0.44
 0  67.05  0.86  0  0  0.66
 0  89.33  0.27  0  0  0.55
 1  82.53  0.61  0  1  0.73
 2  72.67  1.11  1  2  0.59
 1  81.94  1.37  0  1  0.59
 3  69.02  1.00  1  3  0.40
 0  78.06  0.21  0  1  0.44
 3  73.90  0.71  1  2  0.65
 1  74.25  1.34  0  1  0.88
 1  73.90  0.86  0  1  0.56
 0  60.30  0.84  0  1  0.48
 2  85.75  1.34  1  2  0.62
 2  86.10  0.86  1  3  1.01
 2  97.46  1.06  1  2  0.65
 0  70.67  1.30  0  1  0.42
 1  85.75  1.34  0  0  0.63
 2  97.46  0.51  1  2  0.83
 1  77.42  1.17  0  1  0.60
 1  90.98  1.00  0  1  0.53
 3  78.06  0.21  1  2  0.68
 0  67.44  1.24  0  0  0.90
 0  64.69  1.16  0  0  0.58
 0  72.67  0.46  0  1  0.49
 2  77.42  1.17  1  2  0.84
 3  85.75  0.23  1  2  0.72
 3  74.25  0.23  1  3  0.78
 0  92.56  0.33  0  0  1.03
 1  92.95  0.86  0  1  0.62
 3  62.54  1.06  1  3  2.74
 1  73.90  0.71  0  1  0.93
 3  67.05  0.86  1  3  0.54
 1  98.95  0.62  0  1  0.91
 3  72.67  0.46  1  3  0.58
 1  99.70  0.73  0  1  0.53
 1  82.58  1.17  0  0  0.78
 1  78.06  1.37  0  1  0.60
 0  61.05  0.62  0  0  1.13
 1  97.46  1.06  0  1  0.60
 0  81.94  0.21  0  0  0.62
 0  62.54  0.51  0  1  0.49
 0  70.67  0.27  0  0  0.85
 3  87.33  0.46  1  2  0.85
 1  86.10  0.86  0  1  0.85
 2  82.53  0.96  1  3  0.51
 2  92.56  1.24  1  2  1.32
 0  85.75  0.23  0  1  2.23
 0  67.05  0.71  0  1  0.53
 0  64.69  0.42  0  0  0.64
 2  90.98  1.00  1  2  0.91
 2  99.70  0.84  1  2  0.69
 3  69.02  0.57  1  3  0.71
 3  77.47  0.61  1  3  0.69
 1  82.53  0.96  0  1  0.82
 1  72.67  1.11  0  0  1.02
 0  74.25  0.23  0  1  0.84
 1  98.95  0.95  0  1  0.97
 1  89.33  1.30  0  1  0.57
 1  90.98  0.57  0  0  0.56
 3  92.56  0.33  1  2  0.87
 3  73.90  0.86  1  3  0.76
 2  95.31  1.16  1  3  0.53
 2  81.94  1.37  1  3  1.11
 0  67.44  0.33  0  0  1.37
 0  60.30  0.73  0  1  1.59
 1  92.56  1.24  0  1  0.64
 0  69.02  1.00  0  1  0.55
 3  89.33  0.27  1  2  0.94
 0  61.05  0.95  0  0  1.22
 3  61.05  0.95  1  3  0.65
 2  70.67  1.30  1  3  0.55
 0  62.54  1.06  0  0  0.80
 2  99.70  0.73  1  2  0.70
 0  87.33  0.46  0  1  0.67
 2  77.47  0.96  1  2  0.65
 0  82.58  0.40  0  1  0.68
 2  98.95  0.62  1  2  1.03
 1  95.31  1.16  0  1  4.19
 2  87.33  1.11  1  2  0.89
 2  95.31  0.42  1  3  1.37
 3  61.05  0.62  1  3  0.54
 3  82.53  0.61  1  2  0.77
 1  87.33  1.11  0  1  2.76
 1  77.47  0.61  0  1  0.53
 3  60.30  0.84  1  3  0.75
 0  69.02  0.57  0  0  1.24
 2  92.95  0.71  1  2  0.84
 2  92.95  0.86  1  3  0.61
 2  78.06  1.37  1  2  1.17
 0  97.46  0.51  0  1  0.79
 2  98.95  0.95  1  2  1.23
 2  82.58  1.17  1  2  0.79
 1  77.47  0.96  0  0  1.27
 2  90.98  0.57  1  2  0.88
 3  64.69  0.42  1  3  0.64
 1  92.95  0.71  0  1  3.99
 2  86.10  0.71  1  2  0.68
 3  60.30  0.73  1  3  0.67
 0  95.31  0.42  0  0  0.66
 3  64.69  1.16  1  3  0.62
 3  67.44  0.33  1  3  0.78
 3  82.58  0.40  1  2  0.57
 0  77.42  0.40  0  1  0.71
 2  89.33  1.30  1  3  0.71
 3  70.67  0.27  1  2  1.00
 3  81.94  0.21  1  2  0.78
 3  67.05  0.71  1  3  0.73
 2  74.25  1.34  1  3  0.94
 3  62.54  0.51  1  3  0.83
 1  86.10  0.71  0  1  2.31
 0  60.30  0.84  0  0  0.59
 0  67.44  0.33  0  0  1.49
 1  95.31  1.16  0  1  0.67
 3  92.56  0.33  1  3  1.05
 2  72.67  1.11  1  2  1.84
 2  92.56  1.24  1  2  0.77
 1  98.95  0.62  0  1  0.95
 1  77.42  1.17  0  1  0.75
 1  92.95  0.71  0  1  0.62
 0  81.94  0.21  0  0  0.84
 2  97.46  1.06  1  2  2.16
 3  72.67  0.46  1  3  0.62
 1  82.53  0.96  0  2  0.61
 0  64.69  0.42  0  0  0.83
 2  86.10  0.86  1  2  0.80
 0  70.67  0.27  0  0  0.88
 2  78.06  1.37  1  2  0.57
 0  61.05  0.62  0  0  1.59
 3  64.69  1.16  1  2  2.62
 2  87.33  1.11  1  2  1.00
 0  95.31  0.42  0  1  1.06
 2  77.42  1.17  1  2  1.19
 0  89.33  0.27  0  0  1.29
 1  77.47  0.61  0  0  0.94
 0  74.25  0.23  0  0  1.86
 3  62.54  0.51  1  3  2.04
 3  87.33  0.46  1  3  2.77
 3  73.90  0.71  1  3  0.63
 1  92.95  0.86  0  1  1.95
 1  87.33  1.11  0  1  1.36
 1  90.98  1.00  0  1  0.55
 3  81.94  0.21  1  3  1.15
 0  85.75  0.23  0  0  1.40
 0  97.46  0.51  0  1  0.90
 2  95.31  0.42  1  3  3.59
 0  78.06  0.21  0  0  1.84
 0  69.02  1.00  0  1  0.63
 0  60.30  0.73  0  1  0.45
 2  82.53  0.96  1  2  1.22
 3  89.33  0.27  1  3  1.04
 3  69.02  0.57  1  3  0.62
 0  82.58  0.40  0  1  0.84
 2  81.94  1.37  1  2  1.28
 2  85.75  1.34  1  2  0.82
 1  81.94  1.37  0  1  0.63
 1  82.53  0.61  0  0  0.56
 2  98.95  0.62  1  2  1.91
 2  99.70  0.84  1  2  2.15
 2  82.58  1.17  1  2  0.51
 3  67.05  0.71  1  3  1.24
 2  77.47  0.96  1  2  0.71
 0  69.02  0.57  0  1  0.56
 3  67.44  0.33  1  3  1.53
 0  61.05  0.95  0  1  0.64
 1  99.70  0.84  0  1  0.61
 1  86.10  0.86  0  1  0.59
 0  87.33  0.46  0  1  0.90
 2  90.98  1.00  1  2  0.85
 0  92.56  0.33  0  0  0.93
 1  98.95  0.95  0  1  1.13
 3  77.42  0.40  1  0  1.35
 3  69.02  1.00  1  3  0.99
 1  77.47  0.96  0  1  0.99
 0  67.05  0.71  0  0  0.97
 0  67.44  1.24  0  1  1.20
 1  89.33  1.30  0  1  1.15
 3  77.47  0.61  1  3  1.94
 2  90.98  0.57  1  2  0.65
 2  92.95  0.71  1  2  1.01
 3  67.05  0.86  1  3  0.68
 2  86.10  0.71  1  2  0.88
 1  99.70  0.73  0  1  0.89
 3  82.53  0.61  1  2  0.76
 1  97.46  1.06  0  1  0.90
 3  78.06  0.21  1  2  1.04
 1  90.98  0.57  0  1  1.08
 1  74.25  1.34  0  0  1.14
 3  60.30  0.73  1  3  0.75
 3  70.67  0.27  1  2  0.89
 0  77.42  0.40  0  0  1.18
 1  72.67  1.11  0  1  0.78
 1  82.58  1.17  0  1  2.24
 2  99.70  0.73  1  2  1.83
 0  64.69  1.16  0  0  0.80
 1  85.75  1.34  0  1  0.71
 2  95.31  1.16  1  3  0.74
 0  62.54  1.06  0  0  1.49
 2  74.25  1.34  1  3  1.72
 1  78.06  1.37  0  1  0.68
 0  72.67  0.46  0  0  4.72
 3  64.69  0.42  1  2  0.77
 0  67.05  0.86  0  1  1.04
 3  85.75  0.23  1  3  1.92
 2  92.95  0.86  1  2  0.57
 3  74.25  0.23  1  3  1.18
 0  62.54  0.51  0  1  1.19
 2  70.67  1.30  1  2  2.81
 2  89.33  1.30  1  3  0.59
 2  97.46  0.51  1  3  1.62
 3  62.54  1.06  1  3  0.85
 2  67.44  1.24  1  3  0.53
 1  92.56  1.24  0  1  1.58
 3  73.90  0.86  1  2  1.40
 0  70.67  1.30  0  0  0.91
 2  98.95  0.95  1  2  2.38
 3  61.05  0.62  1  3  1.02
 1  73.90  0.86  0  0  0.99
 3  60.30  0.84  1  3  0.65
 1  73.90  0.71  0  2  1.68
 3  82.58  0.40  1  3  5.31
 3  61.05  0.95  1  3  0.77
 1  77.42  1.17  0  1  2.88
 1  82.53  0.96  0  1  0.56
 0  95.31  0.42  0  1  0.62
 0  62.54  1.06  0  0  0.67
 3  73.90  0.86  1  2  1.88
 0  62.54  0.51  0  0  0.75
 0  67.05  0.71  0  0  0.64
 1  99.70  0.73  0  1  0.37
 1  90.98  1.00  0  1  0.73
 0  69.02  1.00  0  1  0.68
 3  67.05  0.86  1  3  0.70
 3  70.67  0.27  1  3  0.88
 2  82.53  0.96  1  2  0.82
 1  82.53  0.61  0  1  1.72
 3  82.58  0.40  1  3  1.73
 2  99.70  0.73  1  2  0.87
 3  62.54  1.06  1  3  0.65
 1  92.95  0.86  0  1  1.38
 0  67.05  0.86  0  0  1.23
 0  78.06  0.21  0  0  1.18
 1  73.90  0.71  0  1  0.73
 2  78.06  1.37  1  2  1.03
 2  70.67  1.30  1  2  1.07
 2  92.95  0.71  1  2  0.74
 3  89.33  0.27  1  3  0.69
 2  90.98  0.57  1  2  0.71
 1  81.94  1.37  0  1  1.45
 2  86.10  0.86  1  2  1.82
 3  77.42  0.40  1  3  0.83
 2  67.44  1.24  1  3  0.66
 2  77.47  0.96  1  2  0.73
 3  64.69  1.16  1  3  0.81
 2  72.67  1.11  1  2  0.95
 0  64.69  0.42  0  1  2.08
 1  77.47  0.96  0  1  0.99
 3  92.56  0.33  1  3  1.82
 3  81.94  0.21  1  3  0.72
 3  78.06  0.21  1  3  0.72
 2  74.25  1.34  1  2  0.64
 0  61.05  0.62  0  0  0.89
 3  73.90  0.71  1  3  0.74
 3  77.47  0.61  1  2  0.81
 3  85.75  0.23  1  2  1.07
 1  92.56  1.24  0  1  1.05
 1  72.67  1.11  0  0  0.91
 3  87.33  0.46  1  2  0.74
 0  82.58  0.40  0  1  1.61
 2  98.95  0.62  1  2  0.71
 3  64.69  0.42  1  3  0.73
 0  87.33  0.46  0  1  0.57
 2  81.94  1.37  1  2  3.33
 0  61.05  0.95  0  0  0.71
 3  67.05  0.71  1  3  3.34
 2  89.33  1.30  1  2  0.80
 1  85.75  1.34  0  1  1.20
 0  85.75  0.23  0  0  1.22
 3  61.05  0.62  1  3  4.44
 1  78.06  1.37  0  1  1.04
 0  77.42  0.40  0  1  3.46
 0  60.30  0.84  0  0  0.61
 0  72.67  0.46  0  1  0.68
 2  87.33  1.11  1  2  1.28
 2  90.98  1.00  1  2  0.50
 2  82.58  1.17  1  2  0.47
 0  64.69  1.16  0  0  1.66
 3  61.05  0.95  1  3  3.94
 2  92.95  0.86  1  2  0.77
 1  73.90  0.86  0  0  1.18
 1  90.98  0.57  0  1  0.75
 2  98.95  0.95  1  2  1.04
 3  69.02  0.57  1  3  2.18
 0  97.46  0.51  0  2  0.76
 2  97.46  0.51  1  2  3.96
 0  70.67  0.27  0  0  3.32
 1  92.95  0.71  0  1  3.11
 0  60.30  0.73  0  0  2.90
 2  95.31  0.42  1  2  0.79
 0  69.02  0.57  0  1  2.58
 1  86.10  0.86  0  1  0.61
 2  92.56  1.24  1  2  2.32
 2  99.70  0.84  1  2  0.82
 3  62.54  0.51  1  3  0.80
 1  86.10  0.71  0  1  0.86
 1  95.31  1.16  0  1  1.25
 3  60.30  0.73  1  3  0.61
 1  97.46  1.06  0  1  1.03
 1  89.33  1.30  0  1  0.52
 3  72.67  0.46  1  3  1.80
 2  95.31  1.16  1  2  0.87
 1  74.25  1.34  0  0  6.88
 2  85.75  1.34  1  3  0.70
 0  67.44  1.24  0  0  1.66
 3  74.25  0.23  1  2  0.78
 1  87.33  1.11  0  1  0.67
 3  82.53  0.61  1  2  0.75
 3  67.44  0.33  1  3  1.35
 3  69.02  1.00  1  3  1.49
 2  77.42  1.17  1  2  1.08
 1  98.95  0.95  0  1  1.16
 0  81.94  0.21  0  0  1.36
 1  82.58  1.17  0  1  1.62
 1  99.70  0.84  0  1  3.15
 0  70.67  1.30  0  1  1.49
 0  74.25  0.23  0  0  1.22
 1  77.47  0.61  0  1  0.88
 2  86.10  0.71  1  2  1.52
 0  67.44  0.33  0  0  1.43
 0  92.56  0.33  0  1  1.10
 0  89.33  0.27  0  1  1.03
 2  97.46  1.06  1  2  1.29
 1  98.95  0.62  0  1  1.17
 3  60.30  0.84  1  3  0.75
