 0  77.42  1.17  1  0  2.02
 0  92.95  0.86  1  0  1.17
 1  78.06  1.37  0  0  1.11
 1  67.05  0.71  1  1  0.49
 0  95.31  0.42  0  0  0.61
 1  61.05  0.62  1  1  0.37
 0  85.75  0.23  0  0  0.36
 1  99.70  0.84  0  0  0.56
 0  78.06  0.21  0  0  1.41
 1  98.95  0.95  0  1  0.81
 0  89.33  0.27  0  0  0.41
 1  73.90  0.71  0  1  0.31
 1  82.58  1.17  0  1  0.51
 0  82.58  0.40  0  1  0.91
 1  85.75  1.34  0  1  0.50
 1  77.47  0.96  0  1  0.63
 0  72.67  0.46  0  0  0.68
 0  74.25  1.34  1  1  0.39
 0  67.44  0.33  0  1  0.90
 0  99.70  0.84  1  1  0.64
 0  87.33  1.11  1  1  0.81
 0  72.67  1.11  1  0  0.96
 0  95.31  0.42  1  0  3.33
 1  70.67  0.27  1  0  0.66
 1  89.33  0.27  1  1  0.38
 0  92.56  0.33  0  1  1.07
 1  97.46  1.06  0  1  0.66
 0  77.42  0.40  0  0  0.81
 1  92.56  1.24  0  1  0.35
 1  64.69  0.42  1  0  1.05
 0  92.95  0.71  1  1  0.60
 0  60.30  0.84  0  1  0.96
 0  81.94  0.21  0  0  1.20
 1  89.33  1.30  0  1  1.64
 1  77.47  0.61  1  0  2.37
 0  99.70  0.73  1  1  0.57
 0  67.44  1.24  1  1  0.56
 0  87.33  0.46  0  0  0.89
 1  90.98  0.57  0  1  1.20
 1  77.47  0.61  0  1  0.68
 0  67.05  0.71  0  1  0.75
 0  86.10  0.71  1  1  1.09
 0  98.95  0.95  1  0  0.29
 0  69.02  0.57  0  1  0.98
 1  69.02  0.57  1  0  0.53
 1  60.30  0.84  1  1  0.76
 1  86.10  0.86  0  1  0.57
 0  90.98  0.57  1  1  0.45
 1  85.75  0.23  1  0  0.78
 0  70.67  0.27  0  1  2.32
 1  95.31  1.16  0  1  1.73
 1  86.10  0.71  0  1  0.98
 1  99.70  0.73  0  1  1.22
 0  97.46  1.06  1  1  0.68
 0  98.95  0.62  1  1  0.81
 0  81.94  1.37  1  1  0.64
 0  60.30  0.73  0  0  0.24
 0  85.75  1.34  1  0  0.62
 0  82.53  0.96  1  0  0.51
 1  87.33  1.11  0  0  0.43
 0  74.25  0.23  0  1  0.20
 1  82.53  0.96  0  1  0.38
 0  62.54  0.51  0  1  0.56
 1  92.95  0.71  0  1  0.57
 1  82.53  0.61  0  1  0.78
 1  67.44  0.33  1  1  0.89
 1  74.25  0.23  1  1  0.64
 1  78.06  0.21  1  1  0.45
 1  62.54  0.51  1  0  1.18
 0  67.44  1.24  0  0  0.59
 0  70.67  1.30  0  0  0.41
 1  92.56  0.33  1  1  0.73
 1  77.42  1.17  0  0  0.46
 1  73.90  0.86  1  1  0.34
 1  77.42  0.40  1  1  0.73
 1  81.94  0.21  1  1  0.72
 1  82.58  0.40  1  1  0.46
 1  72.67  0.46  1  1  0.51
 0  62.54  1.06  0  0  0.50
 1  98.95  0.62  0  1  0.51
 0  86.10  0.86  1  1  0.83
 0  92.56  1.24  1  0  0.38
 0  61.05  0.95  0  0  0.49
 1  62.54  1.06  1  0  0.45
 0  90.98  1.00  1  1  0.28
 0  82.58  1.17  1  0  0.40
 1  64.69  1.16  1  0  0.70
 1  72.67  1.11  0  1  0.48
 1  81.94  1.37  0  1  0.51
 1  73.90  0.71  1  1  1.17
 0  61.05  0.62  0  1  0.71
 1  67.05  0.86  1  0  0.74
 0  97.46  0.51  0  1  0.65
 1  87.33  0.46  1  1  0.78
 1  69.02  1.00  1  1  0.68
 1  73.90  0.86  0  1  0.60
 0  67.05  0.86  0  1  0.53
 0  70.67  1.30  1  0  1.58
 1  82.53  0.61  1  1  0.46
 0  69.02  1.00  0  0  0.39
 1  60.30  0.73  1  0  0.83
 0  95.31  1.16  1  1  0.57
 0  78.06  1.37  1  0  0.74
 1  92.95  0.86  0  1  0.47
 0  89.33  1.30  1  0  0.30
 1  61.05  0.95  1  1  0.43
 0  64.69  0.42  0  1  1.19
 1  90.98  1.00  0  1  0.62
 0  77.47  0.96  1  1  0.66
 0  97.46  0.51  1  1  0.79
 1  74.25  1.34  0  1  0.66
 0  64.69  1.16  0  1  1.00
 1  98.95  0.95  0  1  6.13
 0  67.44  1.24  0  1  0.60
 1  61.05  0.62  1  0  0.77
 0  85.75  0.23  0  1  0.61
 1  97.46  1.06  0  1  0.64
 0  86.10  0.86  1  1  0.73
 1  85.75  1.34  0  1  1.40
 0  64.69  0.42  0  0  0.82
 0  60.30  0.73  0  0  0.69
 0  85.75  1.34  1  1  0.45
 1  73.90  0.71  0  0  0.76
 1  87.33  0.46  1  0  1.43
 0  81.94  0.21  0  0  0.83
 1  74.25  0.23  1  0  0.51
 1  74.25  1.34  0  1  0.47
 1  77.47  0.96  0  1  0.57
 0  61.05  0.62  0  0  0.95
 0  67.05  0.86  0  0  0.64
 1  73.90  0.71  1  0  0.74
 1  92.56  0.33  1  1  0.62
 0  61.05  0.95  0  0  0.61
 1  81.94  0.21  1  1  0.76
 0  62.54  0.51  0  0  0.72
 0  90.98  1.00  1  1  0.54
 0  72.67  1.11  1  0  0.44
 0  70.67  0.27  0  1  0.78
 1  64.69  0.42  1  0  0.51
 1  69.02  0.57  1  0  0.41
 1  62.54  1.06  1  1  0.55
 1  92.56  1.24  0  1  0.77
 0  69.02  0.57  0  1  0.67
 1  69.02  1.00  1  1  1.27
 0  97.46  0.51  1  1  2.03
 1  87.33  1.11  0  1  0.56
 0  98.95  0.62  1  1  0.59
 0  99.70  0.84  1  1  1.04
 0  89.33  0.27  0  1  0.94
 0  98.95  0.95  1  0  0.35
 1  92.95  0.71  0  0  0.41
 0  95.31  1.16  1  1  0.41
 0  60.30  0.84  0  0  1.46
 1  82.53  0.61  0  0  1.24
 0  67.05  0.71  0  1  0.37
 1  78.06  1.37  0  1  0.57
 0  86.10  0.71  1  1  0.56
 0  92.56  0.33  0  1  2.87
 1  77.42  1.17  0  1  2.38
 0  82.58  1.17  1  1  0.53
 1  90.98  0.57  0  0  0.58
 0  82.58  0.40  0  0  0.81
 0  95.31  0.42  0  0  0.47
 0  78.06  1.37  1  1  0.59
 0  90.98  0.57  1  0  0.66
 1  78.06  0.21  1  0  0.64
 1  60.30  0.84  1  1  0.65
 0  97.46  1.06  1  1  1.48
 1  67.05  0.86  1  0  1.21
 0  87.33  0.46  0  0  1.05
 1  85.75  0.23  1  0  0.54
 1  92.95  0.86  0  1  2.09
 0  72.67  0.46  0  1  2.77
 0  77.47  0.96  1  1  0.66
 1  86.10  0.86  0  0  1.24
 1  77.47  0.61  1  1  1.02
 1  86.10  0.71  0  1  0.73
 0  97.46  0.51  0  1  0.56
 0  70.67  1.30  1  0  2.15
 1  72.67  0.46  1  1  1.30
 1  61.05  0.95  1  0  0.74
 1  77.47  0.61  0  1  0.53
 1  67.44  0.33  1  1  1.75
 1  89.33  1.30  0  0  1.03
 0  70.67  1.30  0  0  1.22
 0  92.95  0.71  1  1  0.49
 1  82.58  0.40  1  1  0.73
 0  77.42  0.40  0  1  0.61
 1  99.70  0.73  0  1  0.76
 0  81.94  1.37  1  1  1.10
 0  74.25  0.23  0  1  1.08
 1  90.98  1.00  0  0  0.35
 1  82.53  0.96  0  0  0.52
 0  82.53  0.96  1  1  0.48
 1  77.42  0.40  1  0  1.08
 1  60.30  0.73  1  0  0.94
 1  72.67  1.11  0  1  0.26
 0  99.70  0.73  1  1  0.76
 0  62.54  1.06  0  1  1.13
 1  73.90  0.86  0  1  4.53
 1  67.05  0.71  1  0  1.49
 0  77.42  1.17  1  1  0.34
 0  67.44  1.24  1  1  0.40
 1  73.90  0.86  1  0  0.18
 0  92.56  1.24  1  1  0.47
 0  87.33  1.11  1  0  0.24
 1  98.95  0.62  0  0  0.75
 1  82.58  1.17  0  0  0.72
 1  99.70  0.84  0  1  2.14
 1  89.33  0.27  1  0  0.78
 0  67.44  0.33  0  1  1.13
 1  95.31  1.16  0  1  0.86
 0  92.95  0.86  1  1  0.71
 0  74.25  1.34  1  0  0.45
 1  81.94  1.37  0  0  1.06
 0  64.69  1.16  0  0  0.69
 1  70.67  0.27  1  1  1.90
 0  89.33  1.30  1  1  1.04
 0  95.31  0.42  1  1  0.70
 1  62.54  0.51  1  0  0.71
 1  64.69  1.16  1  0  1.06
 1  82.53  0.61  1  1  0.34
 0  78.06  0.21  0  1  0.72
 0  69.02  1.00  0  0  0.95
 0  67.44  0.33  0  0  2.34
 1  82.58  0.40  1  0  2.39
 1  74.25  0.23  1  0  0.53
 0  67.05  0.86  0  1  0.56
 1  78.06  0.21  1  0  0.92
 0  60.30  0.73  0  1  0.83
 1  69.02  0.57  1  0  0.69
 0  67.05  0.71  0  1  0.58
 1  81.94  0.21  1  1  0.26
 1  72.67  1.11  0  0  0.72
 0  78.06  1.37  1  1  1.10
 0  82.53  0.96  1  0  1.89
 1  99.70  0.73  0  0  0.65
 0  89.33  1.30  1  1  0.77
 0  99.70  0.84  1  1  0.79
 0  95.31  0.42  1  0  1.37
 0  77.42  1.17  1  1  0.82
 0  70.67  1.30  0  0  0.87
 0  62.54  0.51  0  0  1.10
 1  99.70  0.84  0  1  1.12
 0  69.02  1.00  0  0  0.56
 1  86.10  0.71  0  0  0.78
 0  97.46  0.51  1  0  1.57
 0  77.42  0.40  0  0  0.55
 0  67.44  1.24  0  1  0.68
 0  82.58  0.40  0  0  0.84
 1  89.33  1.30  0  1  1.10
 0  95.31  1.16  1  0  0.88
 1  77.42  1.17  0  1  0.59
 1  98.95  0.62  0  0  0.81
 1  82.53  0.61  0  1  0.39
 1  85.75  0.23  1  0  3.14
 0  92.95  0.86  1  1  0.67
 1  60.30  0.84  1  0  0.62
 1  73.90  0.86  0  1  0.77
 1  98.95  0.95  0  1  0.85
 0  92.56  1.24  1  1  2.04
 1  85.75  1.34  0  0  0.79
 1  77.47  0.61  1  1  2.20
 1  73.90  0.71  0  1  1.54
 0  90.98  1.00  1  1  1.24
 0  99.70  0.73  1  0  0.87
 0  82.58  1.17  1  0  1.41
 1  67.05  0.86  1  1  6.82
 1  81.94  1.37  0  1  0.79
 0  64.69  1.16  0  1  0.61
 1  92.95  0.86  0  1  2.98
 1  78.06  1.37  0  0  2.81
 1  77.47  0.61  0  1  0.50
 0  97.46  1.06  1  1  1.02
 0  92.95  0.71  1  0  0.88
 0  85.75  0.23  0  0  4.08
 1  95.31  1.16  0  1  0.58
 0  70.67  0.27  0  0  0.67
 0  98.95  0.62  1  1  0.45
 0  90.98  0.57  1  0  1.90
 1  60.30  0.73  1  0  1.29
 0  85.75  1.34  1  1  0.68
 0  86.10  0.71  1  0  0.70
 0  81.94  1.37  1  1  0.98
 1  92.56  0.33  1  0  1.34
 1  89.33  0.27  1  0  0.86
 1  92.95  0.71  0  1  0.49
 1  67.44  0.33  1  0  1.40
 1  73.90  0.71  1  1  0.50
 0  74.25  0.23  0  1  0.97
 1  92.56  1.24  0  1  0.72
 1  77.42  0.40  1  0  0.92
 1  64.69  1.16  1  1  0.61
 0  95.31  0.42  0  1  3.93
 0  78.06  0.21  0  0  0.58
 0  92.56  0.33  0  0  0.65
 1  87.33  0.46  1  1  4.86
 1  82.53  0.61  1  1  0.46
 1  77.47  0.96  0  1  0.57
 0  74.25  1.34  1  1  1.03
 0  77.47  0.96  1  0  0.44
 0  67.44  1.24  1  0  0.58
 0  86.10  0.86  1  1  0.57
 1  64.69  0.42  1  0  0.51
 0  97.46  0.51  0  1  1.25
 0  62.54  1.06  0  0  0.58
 0  72.67  0.46  0  1  0.55
 1  82.58  1.17  0  0  0.40
 0  61.05  0.95  0  1  2.02
 0  64.69  0.42  0  0  0.46
 0  87.33  1.11  1  0  0.67
 1  62.54  1.06  1  0  0.54
 0  70.67  1.30  1  0  0.55
 1  62.54  0.51  1  1  0.75
 0  81.94  0.21  0  0  7.05
 0  60.30  0.84  0  1  0.67
 0  98.95  0.95  1  0  0.76
 1  61.05  0.95  1  0  0.49
 0  87.33  0.46  0  0  0.50
 0  72.67  1.11  1  1  0.37
 1  82.53  0.96  0  0  0.85
 0  69.02  0.57  0  1  7.59
 1  72.67  0.46  1  1  0.97
 1  87.33  1.11  0  1  1.59
 1  69.02  1.00  1  1  6.67
 1  90.98  1.00  0  1  0.57
 1  90.98  0.57  0  1  0.82
 1  73.90  0.86  1  1  0.94
 1  97.46  1.06  0  1  0.48
 0  89.33  0.27  0  0  6.86
 1  67.05  0.71  1  1  0.78
 1  70.67  0.27  1  0  0.37
 1  74.25  1.34  0  1  0.44
 0  61.05  0.62  0  1  1.46
 1  86.10  0.86  0  1  0.64
 1  61.05  0.62  1  1  9.34
 1  85.75  1.34  0  1  0.67
 0  62.54  1.06  0  1  0.82
 0  78.06  1.37  1  1  0.55
 1  87.33  0.46  1  0  0.49
 1  60.30  0.84  1  1  0.51
 0  67.05  0.86  0  1  0.56
 1  60.30  0.73  1  0  0.91
 0  81.94  1.37  1  1  0.60
 1  77.47  0.96  0  1  0.73
 0  74.25  1.34  1  1  0.54
 1  82.58  1.17  0  1  3.41
 0  97.46  0.51  1  1  8.56
 0  61.05  0.95  0  0  0.60
 0  97.46  0.51  0  1  0.70
 1  62.54  1.06  1  0  0.72
 0  67.44  1.24  1  0  0.51
 0  82.58  1.17  1  0  1.02
 1  67.05  0.71  1  1  1.96
 1  85.75  0.23  1  1  1.07
 1  82.53  0.61  0  1  4.59
 1  92.56  0.33  1  1  1.32
 1  82.58  0.40  1  1  3.47
 0  98.95  0.95  1  1  8.17
 0  85.75  1.34  1  0  2.03
 1  95.31  1.16  0  0  0.51
 0  72.67  1.11  1  1  0.52
 1  92.95  0.71  0  1  1.35
 0  98.95  0.62  1  1  4.36
 0  60.30  0.84  0  0  1.91
 0  99.70  0.73  1  1  0.58
 1  82.53  0.96  0  0  0.37
 1  78.06  0.21  1  1  0.88
 0  97.46  1.06  1  0  0.46
 0  85.75  0.23  0  1  0.44
 0  69.02  0.57  0  1  4.48
 1  72.67  0.46  1  0  0.59
 0  86.10  0.71  1  1  0.59
 1  64.69  0.42  1  0  4.53
 0  90.98  1.00  1  1  0.69
 1  69.02  1.00  1  1  0.51
 0  92.95  0.71  1  1  1.20
 1  90.98  0.57  0  1  0.78
 1  78.06  1.37  0  1  1.06
 0  60.30  0.73  0  1  0.79
 1  73.90  0.86  0  0  0.27
 0  87.33  0.46  0  0  0.44
 1  77.42  1.17  0  1  2.93
 0  70.67  1.30  1  1  0.50
 1  74.25  1.34  0  1  8.00
 0  82.53  0.96  1  0  2.12
 0  87.33  1.11  1  1  5.06
 0  64.69  1.16  0  0  0.66
 1  99.70  0.84  0  1  0.58
 1  67.44  0.33  1  0  0.87
 1  86.10  0.86  0  1  0.83
 0  89.33  1.30  1  1  0.49
 0  67.44  0.33  0  0  0.74
 1  64.69  1.16  1  1  1.20
 0  81.94  0.21  0  0  1.26
 1  98.95  0.95  0  1  0.53
 1  81.94  0.21  1  0  0.34
 0  62.54  0.51  0  1  0.60
 0  92.56  0.33  0  0  0.93
 1  77.47  0.61  1  1  1.68
 0  82.58  0.40  0  1  0.64
 1  86.10  0.71  0  1  2.21
 1  89.33  0.27  1  0  8.60
 1  81.94  1.37  0  1  0.52
 0  69.02  1.00  0  1  1.41
 1  69.02  0.57  1  1  0.71
 0  92.95  0.86  1  1  5.59
 1  74.25  0.23  1  0  0.58
 0  95.31  0.42  1  1  1.11
 0  77.42  0.40  0  0  0.50
 1  99.70  0.73  0  1  1.51
 1  77.47  0.61  0  1  0.74
 1  70.67  0.27  1  0  0.61
 1  77.42  0.40  1  0  1.43
 0  92.56  1.24  1  1  0.39
 1  67.05  0.86  1  1  0.85
 1  82.53  0.61  1  1  1.12
 1  61.05  0.62  1  1  0.90
 0  67.44  1.24  0  1  4.51
 1  98.95  0.62  0  1  0.77
 0  77.47  0.96  1  0  2.75
 0  72.67  0.46  0  1  0.67
 0  77.42  1.17  1  0  0.82
 1  97.46  1.06  0  1  0.80
 0  95.31  0.42  0  0  0.90
 1  73.90  0.71  0  1  0.49
 0  90.98  0.57  1  1  0.64
 1  61.05  0.95  1  0  0.64
 1  62.54  0.51  1  0  1.12
 1  92.56  1.24  0  0  1.33
 1  92.95  0.86  0  1  0.61
 0  70.67  0.27  0  0  1.52
 1  73.90  0.86  1  1  1.11
 0  67.05  0.71  0  1  1.99
 1  73.90  0.71  1  1  0.73
 1  89.33  1.30  0  0  0.64
 0  78.06  0.21  0  0  0.90
 1  90.98  1.00  0  1  2.90
 1  87.33  1.11  0  1  5.64
 0  64.69  0.42  0  0 10.05
 0  99.70  0.84  1  1  0.59
 0  61.05  0.62  0  0  1.66
 0  70.67  1.30  0  1  1.43
 0  95.31  1.16  1  1  1.04
 1  72.67  1.11  0  0  0.76
 0  74.25  0.23  0  0 10.28
 0  89.33  0.27  0  0  0.93
 0  86.10  0.86  1  1  0.67
 1  77.42  1.17  0  1  1.41
 0  95.31  0.42  1  0  0.73
 0  82.53  0.96  1  1  0.46
 1  89.33  0.27  1  0  0.55
 1  90.98  0.57  0  0  3.12
 0  77.47  0.96  1  1  0.52
 0  77.42  0.40  0  0  0.59
 1  92.56  1.24  0  1  0.77
 1  99.70  0.84  0  1  1.18
 1  62.54  1.06  1  0  1.14
 0  97.46  0.51  1  1  1.12
 0  67.44  0.33  0  0  1.28
 1  78.06  1.37  0  1 16.99
 0  92.95  0.71  1  0  3.39
 1  72.67  1.11  0  0  0.78
 0  86.10  0.71  1  0  0.95
 0  74.25  0.23  0  0 12.08
 0  67.05  0.71  0  1  0.88
 1  73.90  0.71  1  1  0.88
 1  81.94  0.21  1  0  0.81
 0  89.33  1.30  1  1  1.37
 1  81.94  1.37  0  1  9.46
 0  89.33  0.27  0  0  0.84
 0  62.54  1.06  0  1  0.53
 1  69.02  0.57  1  1  0.70
 1  64.69  0.42  1  0  6.31
 1  67.44  0.33  1  0  0.50
 1  98.95  0.62  0  1  0.62
 1  67.05  0.86  1  1  0.97
 1  82.58  0.40  1  1  1.78
 1  87.33  1.11  0  1  1.67
 0  98.95  0.95  1  1  5.74
 1  86.10  0.86  0  1  0.70
 0  99.70  0.84  1  1  0.58
 0  64.69  1.16  0  0  0.56
 0  97.46  0.51  0  1  0.65
 0  78.06  0.21  0  0 14.89
 0  82.58  0.40  0  0  0.62
 1  73.90  0.86  0  1  0.59
 1  82.58  1.17  0  1  0.53
 1  92.56  0.33  1  0  9.37
 1  74.25  1.34  0  1  0.71
 0  72.67  0.46  0  0 10.45
 0  92.56  0.33  0  1  0.76
 0  95.31  1.16  1  1  0.71
 0  98.95  0.62  1  0  1.38
 1  85.75  0.23  1  0 10.05
 0  90.98  0.57  1  1  0.48
 1  85.75  1.34  0  1  0.63
 0  70.67  0.27  0  0  0.57
 0  82.58  1.17  1  1  0.58
 1  78.06  0.21  1  0  1.05
 1  77.47  0.61  0  1  0.49
 1  86.10  0.71  0  1  0.67
 0  95.31  0.42  0  1  0.67
 0  74.25  1.34  1  1  8.28
 1  74.25  0.23  1  0  0.85
 1  70.67  0.27  1  0  1.53
 1  77.47  0.61  1  1  0.29
 0  67.44  1.24  1  0  1.45
 1  73.90  0.86  1  1  1.32
 1  60.30  0.84  1  1 11.75
 1  99.70  0.73  0  1  1.02
 1  95.31  1.16  0  1  0.77
 0  77.42  1.17  1  1  9.32
 1  72.67  0.46  1  0  0.59
 1  69.02  1.00  1  1  0.53
 0  81.94  1.37  1  1  0.63
 0  67.44  1.24  0  1  0.92
 0  78.06  1.37  1  1  0.56
 0  62.54  0.51  0  0  0.73
 0  86.10  0.86  1  1  5.55
 0  87.33  0.46  0  0  1.21
 0  97.46  1.06  1  1  0.57
 0  60.30  0.84  0  0  1.15
 0  85.75  1.34  1  1  7.02
 0  99.70  0.73  1  1  0.75
 0  61.05  0.95  0  0  0.69
 0  87.33  1.11  1  1  0.70
 1  67.05  0.71  1  0  2.39
 0  69.02  0.57  0  1  0.96
 1  92.95  0.86  0  0  0.58
 0  60.30  0.73  0  1  0.60
 1  62.54  0.51  1  1  0.51
 1  77.47  0.96  0  1  0.60
 1  82.53  0.61  1  1  0.55
 0  64.69  0.42  0  1 10.26
 0  92.95  0.86  1  0  1.79
 1  90.98  1.00  0  1  5.00
 1  97.46  1.06  0  1  0.82
 1  77.42  0.40  1  0  0.63
 0  70.67  1.30  1  1  1.70
 1  60.30  0.73  1  0  3.40
 1  64.69  1.16  1  1  2.20
 0  90.98  1.00  1  1  0.36
 1  89.33  1.30  0  0  2.60
 1  92.95  0.71  0  1  0.54
 0  72.67  1.11  1  1  1.02
 1  98.95  0.95  0  1  7.03
 1  87.33  0.46  1  1  3.84
 1  73.90  0.71  0  1  0.65
 1  61.05  0.95  1  1  0.73
 1  82.53  0.96  0  1  0.65
 0  67.05  0.86  0  1 13.64
 1  61.05  0.62  1  1  0.91
 0  92.56  1.24  1  1  5.54
 1  82.53  0.61  0  0  0.81
 0  85.75  0.23  0  0  1.26
 0  61.05  0.62  0  1  1.22
 0  70.67  1.30  0  1  0.87
 0  69.02  1.00  0  1  6.17
 0  81.94  0.21  0  0  8.31
