 3  70.67  0.27  1  1  6.96
 1  97.46  1.06  0  2  3.73
 0  87.33  0.46  0  0  1.69
 2  87.33  1.11  1  2  3.32
 3  67.05  0.86  1  2  2.05
 0  95.31  0.42  0  1  1.23
 0  64.69  1.16  0  0  1.39
 0  61.05  0.62  0  3  1.47
 3  64.69  1.16  1  1  2.75
 1  92.56  1.24  0  0  3.69
 3  69.02  0.57  1  3  4.79
 0  67.05  0.71  0  0  4.56
 2  90.98  1.00  1  1  1.15
 1  77.47  0.61  0  2  1.00
 2  77.42  1.17  1  2  7.00
 3  77.47  0.61  1  2  2.71
 3  72.67  0.46  1  3  1.63
 0  67.44  1.24  0  0  2.13
 3  67.44  0.33  1  2  2.08
 1  90.98  1.00  0  1  1.17
 1  77.47  0.96  0  1  1.61
 0  72.67  0.46  0  1  0.88
 0  61.05  0.95  0  0  0.67
 3  60.30  0.73  1  2  1.72
 3  67.05  0.71  1  3  0.95
 0  67.05  0.86  0  0  5.89
 1  82.53  0.96  0  1  0.62
 1  82.58  1.17  0  1  0.95
 2  86.10  0.86  1  1  0.77
 1  98.95  0.95  0  1  0.59
 1  77.42  1.17  0  0  0.95
 0  62.54  0.51  0  0  0.72
 2  92.95  0.86  1  3  2.00
 2  82.58  1.17  1  2  1.49
 1  87.33  1.11  0  1  1.54
 0  82.58  0.40  0  1  1.39
 0  74.25  0.23  0  0  2.63
 3  74.25  0.23  1  2  1.37
 3  62.54  1.06  1  2  7.81
 0  60.30  0.73  0  0  1.10
 3  73.90  0.71  1  2  2.29
 1  90.98  0.57  0  1  1.03
 1  85.75  1.34  0  0  0.95
 0  85.75  0.23  0  1  1.40
 1  95.31  1.16  0  1  2.38
 1  73.90  0.71  0  0  0.87
 3  69.02  1.00  1  2  4.91
 0  77.42  0.40  0  0  8.11
 1  81.94  1.37  0  0  2.09
 0  62.54  1.06  0  0  0.89
 0  69.02  0.57  0  0  1.13
 2  99.70  0.84  1  2  1.98
 2  98.95  0.62  1  2  0.60
 0  67.44  0.33  0  0  0.86
 1  72.67  1.11  0  0  2.50
 3  61.05  0.95  1  0  2.48
 1  86.10  0.71  0  1  0.90
 2  67.44  1.24  1  2  6.22
 2  97.46  0.51  1  3  1.18
 3  60.30  0.84  1  2  1.23
 1  99.70  0.73  0  1  1.14
 1  86.10  0.86  0  1  1.43
 3  64.69  0.42  1  2  1.19
 0  89.33  0.27  0  1  1.92
 0  69.02  1.00  0  0  1.54
 0  81.94  0.21  0  1  2.43
 3  61.05  0.62  1  2  1.25
 3  89.33  0.27  1  3  4.55
 3  81.94  0.21  1  3  1.11
 2  98.95  0.95  1  3  4.09
 3  73.90  0.86  1  2  2.20
 3  82.53  0.61  1  3  2.10
 2  82.53  0.96  1  3  1.79
 1  82.53  0.61  0  1  4.38
 2  74.25  1.34  1  2  2.61
 2  72.67  1.11  1  2  2.78
 2  85.75  1.34  1  2 10.28
 0  64.69  0.42  0  0  8.92
 1  73.90  0.86  0  0  2.48
 1  89.33  1.30  0  1  1.00
 2  95.31  1.16  1  2  4.39
 3  92.56  0.33  1  3  1.72
 2  99.70  0.73  1  3  0.70
 0  92.56  0.33  0  1  2.14
 2  86.10  0.71  1  2  3.27
 1  99.70  0.84  0  1  4.23
 2  77.47  0.96  1  3  7.69
 2  89.33  1.30  1  2  2.71
 2  70.67  1.30  1  2 15.60
 0  78.06  0.21  0  0  4.68
 2  78.06  1.37  1  2 10.41
 1  92.95  0.86  0  1  4.33
 1  74.25  1.34  0  0  0.91
 3  78.06  0.21  1  3  8.26
 0  70.67  1.30  0  0  5.33
 3  85.75  0.23  1  2  4.10
 2  97.46  1.06  1  3  1.33
 1  78.06  1.37  0  1  3.02
 2  90.98  0.57  1  2  2.26
 2  92.95  0.71  1  2  1.12
 2  81.94  1.37  1  3  0.79
 3  77.42  0.40  1  2  1.01
 1  98.95  0.62  0  1  2.24
 1  92.95  0.71  0  1  0.56
 2  95.31  0.42  1  2  3.75
 3  62.54  0.51  1  3  1.27
 2  92.56  1.24  1  3  1.76
 3  87.33  0.46  1  2  1.00
 3  82.58  0.40  1  3  2.06
 0  70.67  0.27  0  1  3.35
 0  97.46  0.51  0  1  1.18
 0  60.30  0.84  0  0  0.93
 0  70.67  1.30  0  1  6.10
 1  95.31  1.16  0  0  2.05
 1  99.70  0.73  0  1  1.43
 1  99.70  0.84  0  1  6.07
 2  86.10  0.86  1  3  2.49
 0  62.54  0.51  0  0  1.22
 3  61.05  0.95  1  2  1.33
 3  69.02  0.57  1  3  2.36
 1  82.53  0.96  0  0  2.19
 1  78.06  1.37  0  1  0.75
 1  77.47  0.61  0  1  1.47
 2  98.95  0.62  1  2  1.65
 0  92.56  0.33  0  0  1.65
 0  85.75  0.23  0  0  1.21
 2  67.44  1.24  1  3  1.41
 3  73.90  0.86  1  2  0.55
 1  77.47  0.96  0  1  1.49
 2  92.56  1.24  1  2  1.17
 3  72.67  0.46  1  2  0.98
 2  82.58  1.17  1  3  1.10
 1  90.98  1.00  0  1  2.16
 0  97.46  0.51  0  1  1.33
 1  98.95  0.95  0  1  5.54
 3  70.67  0.27  1  2  2.70
 3  85.75  0.23  1  2 32.82
 2  95.31  0.42  1  3  4.27
 3  89.33  0.27  1  2  1.07
 1  86.10  0.86  0  1  4.51
 2  90.98  1.00  1  3  1.68
 1  81.94  1.37  0  1  1.97
 3  87.33  0.46  1  2  1.41
 0  60.30  0.84  0  0  1.10
 2  97.46  0.51  1  2  4.84
 0  89.33  0.27  0  1  1.08
 1  85.75  1.34  0  0  2.22
 3  77.47  0.61  1  3 15.31
 3  61.05  0.62  1  3  0.79
 2  74.25  1.34  1  3  1.20
 0  87.33  0.46  0  1  4.21
 2  92.95  0.71  1  2  1.97
 0  67.44  0.33  0  0  1.36
 3  77.42  0.40  1  3 15.48
 1  87.33  1.11  0  1  3.46
 0  70.67  0.27  0  1  0.95
 2  98.95  0.95  1  2  1.59
 3  67.05  0.71  1  3  2.53
 3  82.53  0.61  1  3  1.14
 0  61.05  0.95  0  0  3.43
 1  92.95  0.86  0  1  0.85
 2  81.94  1.37  1  2  1.43
 2  99.70  0.73  1  3  1.07
 3  67.05  0.86  1  2  1.13
 2  70.67  1.30  1  2  1.69
 3  60.30  0.73  1  2  1.34
 1  82.53  0.61  0  1  1.29
 0  81.94  0.21  0  1  0.74
 0  67.44  1.24  0  1  1.26
 2  90.98  0.57  1  2  1.72
 0  74.25  0.23  0  0  4.83
 3  78.06  0.21  1  1  2.33
 2  72.67  1.11  1  3  2.82
 1  82.58  1.17  0  1  2.13
 1  73.90  0.71  0  1  2.46
 0  72.67  0.46  0  1  1.51
 1  73.90  0.86  0  0  1.06
 3  73.90  0.71  1  2  1.91
 1  89.33  1.30  0  1  2.16
 1  86.10  0.71  0  1  3.16
 2  86.10  0.71  1  3  2.81
 3  67.44  0.33  1  2  1.15
 0  69.02  0.57  0  1  1.27
 2  99.70  0.84  1  2  3.51
 0  95.31  0.42  0  1  2.69
 0  60.30  0.73  0  0  1.73
 2  97.46  1.06  1  2  3.17
 2  77.47  0.96  1  3  1.73
 0  64.69  1.16  0  1  1.52
 2  87.33  1.11  1  2  2.35
 1  98.95  0.62  0  1  4.70
 0  62.54  1.06  0  0  0.78
 0  69.02  1.00  0  0  0.99
 3  92.56  0.33  1  2  3.85
 3  74.25  0.23  1  3  1.99
 1  92.95  0.71  0  0 10.04
 0  61.05  0.62  0  0  0.92
 1  72.67  1.11  0  1  7.04
 2  92.95  0.86  1  2  3.58
 3  82.58  0.40  1  3  2.77
 0  64.69  0.42  0  1  3.00
 3  60.30  0.84  1  3  1.73
 1  90.98  0.57  0  0  2.37
 1  74.25  1.34  0  1  1.08
 3  62.54  0.51  1  0  2.40
 3  69.02  1.00  1  3  5.60
 2  85.75  1.34  1  3  4.17
 2  82.53  0.96  1  2  1.74
 2  77.42  1.17  1  2  0.51
 3  81.94  0.21  1  3  1.46
 0  77.42  0.40  0  1  0.98
 2  95.31  1.16  1  3  3.11
 1  77.42  1.17  0  0  1.79
 1  92.56  1.24  0  1  0.80
 1  97.46  1.06  0  0  1.05
 2  78.06  1.37  1  2  2.99
 3  62.54  1.06  1  2  1.69
 0  67.05  0.71  0  1  2.72
 0  78.06  0.21  0  1  0.78
 2  89.33  1.30  1  3  2.85
 3  64.69  0.42  1  2  2.06
 0  67.05  0.86  0  1  4.19
 3  64.69  1.16  1  2  5.30
 0  82.58  0.40  0  1  3.25
 3  64.69  1.16  1  2  5.85
 0  70.67  1.30  0  0  2.20
 1  74.25  1.34  0  0  1.55
 0  97.46  0.51  0  1  0.90
 3  61.05  0.95  1  3  3.66
 3  62.54  1.06  1  3  3.61
 1  73.90  0.86  0  1  6.22
 3  74.25  0.23  1  2  7.10
 0  69.02  0.57  0  1  1.02
 3  73.90  0.86  1  2  1.40
 3  89.33  0.27  1  3  3.91
 2  87.33  1.11  1  3  1.19
 1  73.90  0.71  0  1  1.64
 0  60.30  0.84  0  0  0.94
 2  85.75  1.34  1  2  2.23
 0  64.69  0.42  0  1  1.83
 1  98.95  0.62  0  1  1.59
 3  82.53  0.61  1  2  2.33
 0  77.42  0.40  0  1  2.51
 1  86.10  0.71  0  1  1.88
 1  82.58  1.17  0  1  5.60
 2  81.94  1.37  1  3  2.91
 0  89.33  0.27  0  1  1.24
 2  78.06  1.37  1  2  2.14
 2  82.58  1.17  1  2  6.04
 0  74.25  0.23  0  0  2.43
 2  97.46  1.06  1  3  2.55
 0  70.67  0.27  0  1  1.59
 2  99.70  0.84  1  2  2.52
 1  99.70  0.73  0  1  1.91
 3  92.56  0.33  1  1  1.26
 0  61.05  0.62  0  0  1.40
 1  87.33  1.11  0  1  0.85
 2  86.10  0.86  1  2  2.38
 3  78.06  0.21  1  2  0.93
 2  72.67  1.11  1  2  0.81
 2  74.25  1.34  1  2  0.71
 2  77.42  1.17  1  2  1.02
 1  77.42  1.17  0  1  2.19
 1  95.31  1.16  0  1  1.69
 2  99.70  0.73  1  3  2.01
 2  70.67  1.30  1  2  0.83
 2  97.46  0.51  1  2  1.22
 3  77.47  0.61  1  2  1.38
 0  60.30  0.73  0  0  1.75
 1  85.75  1.34  0  1  0.93
 2  77.47  0.96  1  1  1.06
 2  92.95  0.86  1  2  5.13
 0  67.44  1.24  0  0  2.23
 2  98.95  0.62  1  3  2.96
 0  67.05  0.71  0  1  2.94
 3  67.44  0.33  1  2  2.17
 1  98.95  0.95  0  1  1.81
 1  77.47  0.96  0  1  1.06
 0  72.67  0.46  0  0  1.10
 2  89.33  1.30  1  1  0.91
 3  64.69  0.42  1  2  2.65
 0  64.69  1.16  0  1  3.16
 1  92.95  0.71  0  1  5.63
 0  81.94  0.21  0  1  1.84
 2  82.53  0.96  1  2  3.27
 0  69.02  1.00  0  1  4.24
 3  82.58  0.40  1  2  2.40
 2  92.56  1.24  1  2  3.54
 0  67.44  0.33  0  1  4.04
 3  69.02  0.57  1  2  3.36
 2  86.10  0.71  1  3  1.22
 0  67.05  0.86  0  0  2.27
 0  61.05  0.95  0  0  3.49
 3  70.67  0.27  1  3  5.64
 0  78.06  0.21  0  1  2.19
 1  90.98  1.00  0  1  1.55
 2  90.98  1.00  1  2  2.22
 3  60.30  0.84  1  3  3.61
 1  86.10  0.86  0  1  1.63
 0  85.75  0.23  0  0  5.63
 3  60.30  0.73  1  2  2.02
 3  77.42  0.40  1  3  0.87
 1  92.56  1.24  0  1  1.87
 3  72.67  0.46  1  2  8.56
 1  89.33  1.30  0  1  4.44
 2  92.95  0.71  1  3  2.92
 3  62.54  0.51  1  2  2.67
 0  82.58  0.40  0  1  1.12
 1  72.67  1.11  0  0  0.86
 0  62.54  0.51  0  1  1.20
 3  69.02  1.00  1  3  7.80
 3  67.05  0.71  1  3  1.32
 2  95.31  1.16  1  2  1.11
 1  77.47  0.61  0  1  1.32
 0  95.31  0.42  0  1  0.99
 2  90.98  0.57  1  1  1.20
 1  81.94  1.37  0  0  1.33
 3  61.05  0.62  1  2  2.35
 0  92.56  0.33  0  1  1.66
 3  85.75  0.23  1  2  1.73
 1  78.06  1.37  0  1  8.71
 3  73.90  0.71  1  2  5.04
 2  98.95  0.95  1  3  1.87
 1  82.53  0.96  0  1  4.92
 1  82.53  0.61  0  1  1.55
 2  95.31  0.42  1  2  3.24
 1  99.70  0.84  0  1  3.10
 3  87.33  0.46  1  2  4.82
 3  81.94  0.21  1  2  2.58
 1  92.95  0.86  0  1  3.52
 1  97.46  1.06  0  1  1.50
 2  67.44  1.24  1  3  2.09
 3  67.05  0.86  1  2  1.30
 0  87.33  0.46  0  0  4.23
 1  90.98  0.57  0  1  2.82
 0  62.54  1.06  0  0  1.68
 2  92.56  1.24  1  2 44.29
 0  95.31  0.42  0  1  1.67
 1  74.25  1.34  0  0  0.72
 1  98.95  0.95  0  1  1.19
 3  73.90  0.71  1  3  2.49
 2  99.70  0.73  1  2  1.57
 3  81.94  0.21  1  2  0.64
 1  81.94  1.37  0  1  1.60
 0  69.02  0.57  0  0  1.50
 1  77.47  0.96  0  0  1.26
 3  70.67  0.27  1  2  2.14
 0  67.44  1.24  0  1  2.63
 2  82.58  1.17  1  3  8.39
 3  89.33  0.27  1  3  0.82
 1  95.31  1.16  0  1  3.14
 0  69.02  1.00  0  0  1.47
 3  77.42  0.40  1  2  2.31
 1  82.53  0.96  0  1  5.76
 1  82.53  0.61  0  1  4.60
 3  72.67  0.46  1  2  1.64
 2  85.75  1.34  1  3  2.21
 2  90.98  0.57  1  2  2.94
 3  73.90  0.86  1  2  1.34
 3  82.53  0.61  1  3 14.42
 0  92.56  0.33  0  0  3.43
 0  64.69  1.16  0  1  1.71
 1  98.95  0.62  0  0  2.73
 3  67.05  0.86  1  2  2.52
 1  92.95  0.86  0  1  2.13
 2  98.95  0.95  1  2  1.31
 3  69.02  0.57  1  3  1.77
 0  77.42  0.40  0  1  1.71
 3  82.58  0.40  1  2  1.85
 2  77.42  1.17  1  3  2.31
 3  67.44  0.33  1  2  1.46
 0  78.06  0.21  0  1  3.98
 0  89.33  0.27  0  0  3.30
 2  77.47  0.96  1  2  1.92
 2  78.06  1.37  1  3  2.49
 2  87.33  1.11  1  2  1.35
 0  85.75  0.23  0  1  7.83
 3  92.56  0.33  1  2  1.91
 2  98.95  0.62  1  2  1.21
 2  97.46  1.06  1  2  1.92
 3  69.02  1.00  1  3  3.09
 2  86.10  0.71  1  3  2.13
 1  77.47  0.61  0  1  9.70
 0  62.54  1.06  0  1  1.21
 2  89.33  1.30  1  0  1.17
 3  67.05  0.71  1  1  1.02
 0  61.05  0.62  0  0  2.09
 3  74.25  0.23  1  2  3.02
 1  87.33  1.11  0  1 23.01
 0  72.67  0.46  0  1  7.56
 3  61.05  0.95  1  2  1.40
 0  67.44  0.33  0  0  1.28
 1  92.95  0.71  0  1  2.02
 2  99.70  0.84  1  2  1.13
 2  67.44  1.24  1  3  1.85
 2  74.25  1.34  1  2  1.01
 1  86.10  0.71  0  1  1.67
 1  82.58  1.17  0  1  3.91
 3  62.54  1.06  1  2  5.19
 0  67.05  0.86  0  0  1.79
 0  70.67  0.27  0  1  0.93
 0  61.05  0.95  0  0  1.31
 1  92.56  1.24  0  1  0.66
 3  61.05  0.62  1  2  1.50
 1  99.70  0.73  0  1  3.28
 0  70.67  1.30  0  0  1.38
 0  62.54  0.51  0  0  1.92
 3  64.69  0.42  1  2  6.03
 1  78.06  1.37  0  1  2.00
 1  73.90  0.71  0  1  3.46
 0  64.69  0.42  0  1  0.99
 1  89.33  1.30  0  1  1.75
 3  62.54  0.51  1  2  3.05
 0  82.58  0.40  0  1  2.41
 2  90.98  1.00  1  2  3.92
 2  97.46  0.51  1  2  3.06
 0  97.46  0.51  0  1  5.67
 1  99.70  0.84  0  1  1.04
 3  87.33  0.46  1  2  1.71
 3  85.75  0.23  1  2  1.06
 2  81.94  1.37  1  3  0.78
 0  67.05  0.71  0  0  1.62
 2  72.67  1.11  1  2  1.34
 1  90.98  0.57  0  1  1.83
 1  85.75  1.34  0  1  3.18
 1  77.42  1.17  0  1  3.53
 0  74.25  0.23  0  1  5.31
 3  60.30  0.73  1  2  4.68
 2  95.31  0.42  1  2  1.86
 1  90.98  1.00  0  0  2.10
 2  92.95  0.86  1  2  1.40
 3  60.30  0.84  1  2  2.19
 0  60.30  0.73  0  0  1.70
 2  95.31  1.16  1  2  1.48
 1  73.90  0.86  0  0  1.65
 1  86.10  0.86  0  1  0.91
 2  82.53  0.96  1  2  4.25
 2  70.67  1.30  1  2  3.76
 2  86.10  0.86  1  3  1.84
 1  72.67  1.11  0  1  1.49
 2  92.95  0.71  1  3  2.01
 0  81.94  0.21  0  1  1.34
 3  78.06  0.21  1  2  1.24
 3  64.69  1.16  1  2  1.28
 0  87.33  0.46  0  1  2.35
 1  97.46  1.06  0  1  2.06
 3  77.47  0.61  1  2 10.57
 0  60.30  0.84  0  2  3.06
 0  67.44  1.24  0  0 10.58
 1  82.53  0.61  0  1  0.79
 1  98.95  0.62  0  1  0.74
 3  64.69  1.16  1  2  3.59
 3  92.56  0.33  1  2  1.74
 1  90.98  1.00  0  1  1.20
 0  67.44  0.33  0  0  2.84
 3  87.33  0.46  1  2  3.07
 3  74.25  0.23  1  3  1.68
 1  90.98  0.57  0  1  2.35
 2  77.42  1.17  1  3  3.38
 1  92.95  0.86  0  1  1.74
 0  62.54  0.51  0  0  4.85
 2  77.47  0.96  1  2  3.75
 0  64.69  0.42  0  0  2.48
 1  82.58  1.17  0  1  4.34
 2  90.98  1.00  1  2  2.08
 1  97.46  1.06  0  1  2.14
 3  73.90  0.86  1  2  1.17
 3  67.05  0.86  1  2  0.79
 1  78.06  1.37  0  0  1.35
 0  77.42  0.40  0  1  1.02
 2  74.25  1.34  1  2  2.59
 1  92.95  0.71  0  1  2.01
 2  82.53  0.96  1  2  9.70
 0  81.94  0.21  0  1  1.32
 2  95.31  0.42  1  2  1.24
 2  97.46  1.06  1  2  0.65
 2  87.33  1.11  1  2  0.70
 3  62.54  0.51  1  3  0.99
 3  62.54  1.06  1  3  0.49
 0  60.30  0.84  0  0  1.26
 0  61.05  0.62  0  0  0.70
 3  82.53  0.61  1  2  1.67
 1  99.70  0.84  0  1  1.20
 0  62.54  1.06  0  0  1.14
 0  67.05  0.86  0  0  2.73
 2  92.95  0.71  1  3  2.80
 2  82.58  1.17  1  2 11.46
 0  78.06  0.21  0  1  4.20
 2  81.94  1.37  1  2  6.01
 0  67.05  0.71  0  0  5.22
 2  97.46  0.51  1  2 12.09
 2  95.31  1.16  1  2  1.08
 1  98.95  0.95  0  1  5.82
 1  81.94  1.37  0  1  0.91
 3  67.05  0.71  1  3  4.75
 3  72.67  0.46  1  3  0.99
 1  86.10  0.71  0  1  2.39
 3  64.69  0.42  1  3  1.19
 2  90.98  0.57  1  2  1.01
 2  98.95  0.95  1  2  1.02
 0  97.46  0.51  0  1  1.16
 1  92.56  1.24  0  1  1.39
 3  73.90  0.71  1  3  1.57
 2  99.70  0.84  1  2  0.62
 0  74.25  0.23  0  1  4.21
 3  60.30  0.84  1  3  9.29
 0  60.30  0.73  0  0  3.65
 2  72.67  1.11  1  3  2.87
 0  95.31  0.42  0  1  1.20
 0  61.05  0.95  0  0  1.19
 0  70.67  0.27  0  0  0.86
 2  67.44  1.24  1  2  5.76
 3  61.05  0.95  1  2  1.05
 0  85.75  0.23  0  1  1.77
 1  85.75  1.34  0  1  3.05
 1  73.90  0.71  0  1  1.60
 0  69.02  1.00  0  1  3.36
 2  70.67  1.30  1  2  8.03
 3  82.58  0.40  1  2  0.89
 1  74.25  1.34  0  1  1.35
 2  92.95  0.86  1  2  3.05
 2  86.10  0.71  1  2  1.38
 0  70.67  1.30  0  0  2.10
 2  99.70  0.73  1  2  1.81
 3  81.94  0.21  1  2  2.31
 3  78.06  0.21  1  3  1.42
 3  61.05  0.62  1  3  1.49
 1  99.70  0.73  0  0  1.78
 3  77.47  0.61  1  1  1.71
 2  98.95  0.62  1  2  1.33
 2  78.06  1.37  1  2  3.50
 1  77.47  0.96  0  1  2.42
 0  82.58  0.40  0  1  1.49
 2  86.10  0.86  1  2  2.09
 0  89.33  0.27  0  0  3.99
 0  64.69  1.16  0  1  1.42
 1  77.42  1.17  0  0  1.60
 0  92.56  0.33  0  1  0.82
 3  77.42  0.40  1  2  1.85
 1  72.67  1.11  0  0  2.06
 0  72.67  0.46  0  0  1.01
 1  95.31  1.16  0  1  1.25
 3  67.44  0.33  1  2  1.55
 3  60.30  0.73  1  3  1.47
 1  87.33  1.11  0  1  2.27
 3  69.02  1.00  1  3  5.38
 0  69.02  0.57  0  1  1.91
 1  86.10  0.86  0  1  1.77
 1  73.90  0.86  0  1  2.19
 1  82.53  0.96  0  1  3.19
 1  77.47  0.61  0  1  0.66
 3  70.67  0.27  1  2  2.13
 2  89.33  1.30  1  2  0.70
 2  85.75  1.34  1  2  0.48
 0  87.33  0.46  0  1  1.36
 3  89.33  0.27  1  2  1.26
 3  69.02  0.57  1  3  1.16
 1  89.33  1.30  0  0  1.92
 2  92.56  1.24  1  2  0.89
 3  85.75  0.23  1  2  0.94
