 0  64.69  1.16  0  1  5.02
 1  82.58  1.17  0  2  7.10
 2  72.67  1.11  1  3  3.23
 2  85.75  1.34  1  0  3.58
 2  82.53  0.96  1  0  2.16
 3  73.90  0.86  1  0  2.57
 1  86.10  0.86  0  3  2.03
 3  64.69  1.16  1  0  2.13
 2  92.56  1.24  1  0  3.04
 3  67.44  0.33  1  0  1.42
 1  97.46  1.06  0  1  1.00
 0  72.67  0.46  0  1  0.85
 2  86.10  0.71  1  1  0.90
 3  81.94  0.21  1  2  1.71
 2  89.33  1.30  1  3 15.46
 1  90.98  0.57  0  1  2.55
 3  67.05  0.71  1  2  2.02
 1  86.10  0.71  0  1  2.17
 3  73.90  0.71  1  0  1.64
 0  67.05  0.71  0  1  1.04
 3  89.33  0.27  1  2  2.46
 1  77.42  1.17  0  1  1.09
 1  73.90  0.71  0  1  1.23
 1  99.70  0.73  0  1  1.10
 0  60.30  0.84  0  0  3.95
 0  61.05  0.62  0  0  0.77
 1  90.98  1.00  0  1  0.72
 1  99.70  0.84  0  1  0.82
 0  62.54  1.06  0  0  0.64
 1  98.95  0.95  0  1  0.78
 2  97.46  0.51  1  2  2.96
 0  60.30  0.73  0  0  0.92
 0  82.58  0.40  0  1  0.89
 0  69.02  1.00  0  0  1.10
 3  85.75  0.23  1  2  1.63
 2  86.10  0.86  1  2  1.42
 3  69.02  1.00  1  3  1.02
 2  98.95  0.62  1  2  0.97
 3  60.30  0.73  1  3  1.37
 1  82.53  0.96  0  1  0.76
 0  97.46  0.51  0  1  2.57
 0  70.67  0.27  0  1  2.12
 3  92.56  0.33  1  2  0.78
 3  77.42  0.40  1  3  1.32
 1  77.47  0.96  0  1  1.26
 3  70.67  0.27  1  3  1.65
 0  74.25  0.23  0  1  1.25
 0  81.94  0.21  0  0  0.85
 2  74.25  1.34  1  2  3.80
 2  90.98  1.00  1  2  0.73
 2  95.31  1.16  1  2  0.90
 3  62.54  0.51  1  3  1.20
 2  82.58  1.17  1  2  0.83
 0  61.05  0.95  0  1  2.02
 2  67.44  1.24  1  2  2.35
 2  77.47  0.96  1  2  0.69
 1  78.06  1.37  0  1  1.60
 3  61.05  0.62  1  3  1.59
 2  98.95  0.95  1  2  2.45
 0  67.44  1.24  0  1  2.50
 1  92.95  0.71  0  1  1.20
 1  74.25  1.34  0  0  0.86
 0  89.33  0.27  0  1  1.57
 0  78.06  0.21  0  0  1.27
 2  81.94  1.37  1  2  3.64
 3  67.05  0.86  1  3  1.11
 2  70.67  1.30  1  2  2.04
 3  64.69  0.42  1  3  0.95
 1  98.95  0.62  0  0  1.32
 2  92.95  0.86  1  2  1.95
 0  70.67  1.30  0  1  1.04
 0  67.44  0.33  0  0  1.08
 3  69.02  0.57  1  3  1.25
 1  95.31  1.16  0  1  1.74
 2  99.70  0.84  1  2  1.05
 2  92.95  0.71  1  2  0.78
 2  78.06  1.37  1  2  1.51
 0  85.75  0.23  0  0  1.30
 2  97.46  1.06  1  2  2.07
 2  90.98  0.57  1  3  1.03
 3  61.05  0.95  1  3  1.00
 0  67.05  0.86  0  0  2.71
 1  92.95  0.86  0  1  1.67
 2  77.42  1.17  1  2  1.58
 0  95.31  0.42  0  1  3.18
 1  82.53  0.61  0  1  1.56
 3  82.58  0.40  1  3  5.79
 0  77.42  0.40  0  0  5.52
 1  73.90  0.86  0  1  1.06
 3  72.67  0.46  1  3  1.35
 1  87.33  1.11  0  1  1.17
 1  92.56  1.24  0  1  0.91
 1  85.75  1.34  0  1  0.75
 0  64.69  0.42  0  0  0.78
 2  87.33  1.11  1  2  1.09
 3  60.30  0.84  1  3  0.94
 3  82.53  0.61  1  2  1.59
 1  89.33  1.30  0  1  0.80
 2  95.31  0.42  1  3  0.81
 1  72.67  1.11  0  1  0.99
 1  77.47  0.61  0  1  1.19
 3  78.06  0.21  1  3  1.18
 1  81.94  1.37  0  1  0.73
 3  74.25  0.23  1  3  0.91
 0  92.56  0.33  0  0  2.42
 3  77.47  0.61  1  2  1.90
 0  87.33  0.46  0  1  1.77
 3  62.54  1.06  1  3  1.28
 0  62.54  0.51  0  0  1.94
 3  87.33  0.46  1  2  2.52
 0  69.02  0.57  0  1  2.22
 2  99.70  0.73  1  2  1.73
 0  69.02  0.57  0  1  7.26
 2  86.10  0.86  1  2  1.22
 0  70.67  0.27  0  0  1.07
 3  92.56  0.33  1  3  0.97
 2  97.46  1.06  1  2  0.82
 0  67.44  1.24  0  1  1.32
 0  62.54  0.51  0  1  4.34
 1  86.10  0.86  0  1  1.23
 2  86.10  0.71  1  2  2.89
 0  60.30  0.73  0  0  2.04
 2  99.70  0.84  1  2  1.80
 2  78.06  1.37  1  2  1.79
 3  60.30  0.73  1  2  4.71
 0  72.67  0.46  0  1  1.84
 0  64.69  1.16  0  1  1.67
 0  85.75  0.23  0  0  2.51
 2  70.67  1.30  1  2  6.28
 3  64.69  0.42  1  3  1.63
 0  78.06  0.21  0  0  4.66
 1  97.46  1.06  0  1  1.78
 0  97.46  0.51  0  1  1.23
 1  74.25  1.34  0  1  1.70
 1  98.95  0.62  0  1  1.32
 1  86.10  0.71  0  1  0.94
 3  62.54  1.06  1  2  3.09
 3  81.94  0.21  1  3  1.29
 0  67.05  0.71  0  1  1.73
 0  61.05  0.95  0  1  2.12
 1  72.67  1.11  0  0  1.29
 0  89.33  0.27  0  1  5.67
 0  74.25  0.23  0  0  0.88
 1  81.94  1.37  0  1  1.81
 3  69.02  1.00  1  3  2.88
 1  73.90  0.86  0  1  3.01
 3  87.33  0.46  1  2  1.49
 2  97.46  0.51  1  2  1.11
 3  85.75  0.23  1  3  0.85
 1  85.75  1.34  0  1  1.00
 1  92.95  0.86  0  1  1.71
 0  82.58  0.40  0  0  2.89
 0  60.30  0.84  0  0  1.03
 3  77.42  0.40  1  2  0.87
 1  92.95  0.71  0  1  0.88
 3  70.67  0.27  1  3  1.00
 1  98.95  0.95  0  1  1.98
 3  73.90  0.71  1  2  2.38
 3  74.25  0.23  1  3  0.94
 3  64.69  1.16  1  3  2.38
 0  67.44  0.33  0  1  3.95
 1  92.56  1.24  0  1  0.78
 1  82.58  1.17  0  1  1.21
 2  82.58  1.17  1  2  1.44
 3  60.30  0.84  1  3  1.33
 2  85.75  1.34  1  2  1.57
 1  73.90  0.71  0  1  2.67
 1  77.42  1.17  0  1  2.00
 2  89.33  1.30  1  2  1.20
 0  61.05  0.62  0  0  1.19
 1  90.98  1.00  0  1  0.85
 1  78.06  1.37  0  1  1.05
 3  62.54  0.51  1  3  1.33
 2  67.44  1.24  1  3  0.71
 3  61.05  0.62  1  3  0.99
 0  70.67  1.30  0  0  0.66
 1  82.53  0.96  0  1  1.05
 0  81.94  0.21  0  1  1.11
 1  95.31  1.16  0  1  0.73
 3  82.53  0.61  1  2  1.53
 2  77.47  0.96  1  2  0.76
 3  77.47  0.61  1  2  1.88
 2  95.31  0.42  1  2  0.60
 1  89.33  1.30  0  1  1.42
 3  82.58  0.40  1  2  0.86
 3  67.44  0.33  1  3  1.05
 3  78.06  0.21  1  3  0.72
 3  61.05  0.95  1  3  0.81
 2  81.94  1.37  1  2  0.99
 3  72.67  0.46  1  2  1.38
 2  92.95  0.86  1  2  0.81
 1  99.70  0.73  0  1  0.81
 3  67.05  0.86  1  3  0.97
 3  67.05  0.71  1  3  1.38
 0  64.69  0.42  0  0  0.78
 2  90.98  0.57  1  2  1.83
 2  92.56  1.24  1  2  0.68
 0  62.54  1.06  0  0  0.77
 2  74.25  1.34  1  3  3.42
 2  72.67  1.11  1  2  2.17
 0  77.42  0.40  0  1  0.83
 1  77.47  0.96  0  1  1.56
 2  99.70  0.73  1  2  1.41
 2  82.53  0.96  1  2  0.71
 3  69.02  0.57  1  2  1.56
 0  67.05  0.86  0  0  0.82
 2  90.98  1.00  1  2  0.78
 2  98.95  0.62  1  2  0.90
 2  87.33  1.11  1  2  0.70
 1  90.98  0.57  0  1  0.66
 1  87.33  1.11  0  1  0.99
 2  95.31  1.16  1  2  0.86
 2  77.42  1.17  1  3  1.20
 1  99.70  0.84  0  1  0.71
 0  95.31  0.42  0  1  0.78
 2  92.95  0.71  1  2  0.70
 3  89.33  0.27  1  2  0.72
 1  82.53  0.61  0  1  0.79
 0  92.56  0.33  0  1  1.79
 1  77.47  0.61  0  0  1.07
 0  87.33  0.46  0  1  0.71
 3  73.90  0.86  1  3  1.00
 0  69.02  1.00  0  0  0.82
 2  98.95  0.95  1  2  1.21
 2  72.67  1.11  1  3  1.27
 2  92.56  1.24  1  2  0.75
 2  82.58  1.17  1  2  0.95
 0  64.69  1.16  0  0  0.82
 2  99.70  0.84  1  2  0.71
 0  61.05  0.95  0  0  0.74
 3  85.75  0.23  1  3  1.17
 0  82.58  0.40  0  1  0.78
 3  69.02  1.00  1  3  0.82
 2  98.95  0.62  1  2  0.88
 1  77.47  0.96  0  0  1.58
 2  90.98  1.00  1  2  0.64
 0  60.30  0.84  0  3  0.71
 2  81.94  1.37  1  1  1.73
 2  90.98  0.57  1  2  2.77
 3  62.54  0.51  1  3  0.72
 1  82.58  1.17  0  1  0.83
 1  74.25  1.34  0  0  1.84
 2  89.33  1.30  1  2  1.22
 0  67.05  0.86  0  0  1.15
 0  70.67  0.27  0  0  1.11
 0  77.42  0.40  0  1  1.44
 3  74.25  0.23  1  3  1.43
 1  92.95  0.71  0  1  0.89
 1  82.53  0.96  0  1  0.88
 3  81.94  0.21  1  3  1.02
 0  78.06  0.21  0  0  1.11
 1  87.33  1.11  0  1  0.85
 3  64.69  0.42  1  3  0.89
 3  77.42  0.40  1  2  1.25
 0  60.30  0.73  0  0  0.75
 1  77.42  1.17  0  1  1.90
 0  97.46  0.51  0  1  1.22
 3  62.54  1.06  1  3  0.75
 0  95.31  0.42  0  1  1.14
 3  78.06  0.21  1  3  1.10
 3  61.05  0.95  1  3  0.78
 2  87.33  1.11  1  2  1.12
 2  86.10  0.86  1  2  1.29
 2  77.42  1.17  1  2  2.03
 1  98.95  0.62  0  1  1.09
 3  67.44  0.33  1  3  1.03
 3  72.67  0.46  1  3  0.73
 1  90.98  1.00  0  1  0.72
 1  92.95  0.86  0  1  1.43
 3  92.56  0.33  1  3  4.11
 3  87.33  0.46  1  2  2.48
 1  85.75  1.34  0  1  0.81
 0  62.54  1.06  0  0  1.23
 0  67.44  0.33  0  0  1.22
 1  90.98  0.57  0  1  0.72
 2  85.75  1.34  1  2  3.59
 3  67.05  0.86  1  3  1.31
 2  95.31  0.42  1  2  1.45
 0  89.33  0.27  0  1  3.50
 1  95.31  1.16  0  1  0.71
 0  74.25  0.23  0  0  0.76
 1  86.10  0.86  0  1  0.65
 2  77.47  0.96  1  2  3.26
 1  98.95  0.95  0  1  0.73
 3  61.05  0.62  1  3  0.68
 2  78.06  1.37  1  2  1.05
 2  95.31  1.16  1  2  0.76
 3  73.90  0.71  1  2  0.79
 1  73.90  0.71  0  1  1.20
 2  92.95  0.71  1  2  0.84
 0  64.69  0.42  0  0  0.83
 1  97.46  1.06  0  1  0.91
 1  73.90  0.86  0  1  1.15
 2  98.95  0.95  1  2  0.64
 0  67.05  0.71  0  0  0.70
 2  86.10  0.71  1  2  1.06
 1  82.53  0.61  0  1  1.28
 3  77.47  0.61  1  2  1.12
 3  70.67  0.27  1  3  0.68
 1  92.56  1.24  0  1  0.86
 1  86.10  0.71  0  1  0.75
 0  61.05  0.62  0  0  0.79
 0  85.75  0.23  0  0  1.52
 3  82.53  0.61  1  2  1.60
 1  78.06  1.37  0  1  1.45
 2  92.95  0.86  1  2  0.97
 0  92.56  0.33  0  1  1.30
 0  81.94  0.21  0  0  0.83
 3  67.05  0.71  1  3  2.36
 3  69.02  0.57  1  3  1.22
 2  99.70  0.73  1  2  1.41
 3  64.69  1.16  1  3  0.78
 2  97.46  1.06  1  2  1.02
 1  99.70  0.73  0  1  0.76
 1  99.70  0.84  0  1  0.70
 3  89.33  0.27  1  3  1.14
 1  72.67  1.11  0  0  1.77
 0  87.33  0.46  0  1  0.71
 2  82.53  0.96  1  2  0.91
 1  81.94  1.37  0  1  0.85
 0  62.54  0.51  0  0  0.86
 2  97.46  0.51  1  2  1.65
 0  69.02  1.00  0  0  0.65
 3  60.30  0.73  1  3  0.69
 3  73.90  0.86  1  2  3.16
 2  67.44  1.24  1  3  0.66
 0  69.02  0.57  0  0  2.51
 1  89.33  1.30  0  1  1.00
 3  60.30  0.84  1  3  1.11
 1  77.47  0.61  0  1  3.77
 0  70.67  1.30  0  1  1.29
 2  70.67  1.30  1  2  1.88
 0  67.44  1.24  0  0  1.10
 3  82.58  0.40  1  2  1.50
 0  72.67  0.46  0  1  1.64
 2  74.25  1.34  1  2  0.89
 0  87.33  0.46  0  1  1.27
 2  90.98  0.57  1  2  0.86
 1  77.47  0.61  0  1  0.79
 1  92.95  0.71  0  1  1.36
 1  98.95  0.95  0  1  0.67
 3  78.06  0.21  1  3  0.89
 1  72.67  1.11  0  1  0.89
 2  97.46  1.06  1  2  1.17
 3  62.54  0.51  1  3  1.02
 2  92.95  0.86  1  2  1.57
 3  77.47  0.61  1  2  2.03
 0  89.33  0.27  0  0  0.96
 2  74.25  1.34  1  2  3.24
 3  82.58  0.40  1  2  1.98
 0  77.42  0.40  0  1  1.70
 3  81.94  0.21  1  3  0.95
 0  78.06  0.21  0  0  0.97
 2  99.70  0.73  1  2  1.38
 2  86.10  0.86  1  2  1.03
 3  61.05  0.62  1  3  0.80
 2  87.33  1.11  1  2  0.93
 0  67.05  0.86  0  0  0.79
 2  92.95  0.71  1  2  0.98
 3  92.56  0.33  1  3  1.12
 1  99.70  0.84  0  1  0.88
 2  90.98  1.00  1  2  0.79
 1  74.25  1.34  0  0  1.68
 2  98.95  0.62  1  2  0.94
 2  82.53  0.96  1  2  1.81
 2  95.31  1.16  1  2  0.67
 2  77.42  1.17  1  3  2.44
 3  73.90  0.71  1  2  1.50
 1  82.53  0.96  0  1  1.06
 1  86.10  0.86  0  1  1.14
 3  62.54  1.06  1  3  1.24
 1  73.90  0.86  0  1  1.04
 3  61.05  0.95  1  3  0.82
 0  92.56  0.33  0  1  0.91
 1  77.47  0.96  0  1  1.02
 2  70.67  1.30  1  3  1.56
 3  72.67  0.46  1  2  1.39
 0  97.46  0.51  0  1  0.75
 2  97.46  0.51  1  2  1.19
 2  86.10  0.71  1  2  0.76
 3  69.02  0.57  1  2  1.33
 1  85.75  1.34  0  1  0.86
 2  77.47  0.96  1  2  1.47
 2  89.33  1.30  1  2  0.72
 3  64.69  0.42  1  3  1.98
 3  89.33  0.27  1  2  1.89
 1  92.56  1.24  0  1  0.79
 2  82.58  1.17  1  2  0.90
 1  90.98  1.00  0  1  0.69
 1  97.46  1.06  0  1  0.65
 2  99.70  0.84  1  2  0.68
 1  81.94  1.37  0  1  1.13
 1  90.98  0.57  0  1  0.71
 0  61.05  0.95  0  0  0.77
 3  67.44  0.33  1  3  3.40
 1  73.90  0.71  0  1  0.94
 3  74.25  0.23  1  3  1.06
 3  87.33  0.46  1  2  1.02
 3  69.02  1.00  1  3  0.78
 1  99.70  0.73  0  1  0.62
 0  69.02  1.00  0  0  0.70
 3  60.30  0.84  1  3  0.74
 1  82.58  1.17  0  1  7.68
 0  60.30  0.73  0  0  0.67
 1  89.33  1.30  0  1  0.96
 3  60.30  0.73  1  3  0.68
 0  69.02  0.57  0  1  1.04
 2  78.06  1.37  1  2  0.97
 1  87.33  1.11  0  1  0.66
 2  81.94  1.37  1  1  0.76
 3  85.75  0.23  1  3  0.95
 3  67.05  0.71  1  3  0.80
 1  82.53  0.61  0  1  1.22
 3  64.69  1.16  1  3  1.26
 0  61.05  0.62  0  0  0.98
 0  67.44  1.24  0  0  1.77
 0  74.25  0.23  0  0  1.01
 0  60.30  0.84  0  0  0.67
 0  62.54  0.51  0  0  0.74
 0  64.69  0.42  0  0  0.64
 0  70.67  0.27  0  0  0.72
 3  77.42  0.40  1  2  1.12
 3  67.05  0.86  1  3  1.09
 1  77.42  1.17  0  1  0.98
 1  95.31  1.16  0  1  1.44
 0  67.05  0.71  0  0  0.72
 1  92.95  0.86  0  1  2.00
 0  70.67  1.30  0  0  1.32
 1  98.95  0.62  0  1  0.83
 0  82.58  0.40  0  0  0.97
 2  72.67  1.11  1  3  0.92
 0  72.67  0.46  0  1  1.16
 0  95.31  0.42  0  1  0.78
 2  67.44  1.24  1  3  0.79
 2  85.75  1.34  1  2  1.33
 0  64.69  1.16  0  0  0.76
 0  67.44  0.33  0  0  1.36
 2  92.56  1.24  1  2  1.03
 2  95.31  0.42  1  2  0.88
 3  82.53  0.61  1  2  0.72
 2  98.95  0.95  1  2  0.76
 0  81.94  0.21  0  0  1.16
 1  86.10  0.71  0  1  0.77
 3  73.90  0.86  1  2  0.88
 3  70.67  0.27  1  3  0.83
 0  62.54  1.06  0  0  0.69
 1  78.06  1.37  0  1  5.16
 0  85.75  0.23  0  0  0.98
 3  69.02  0.57  1  3  3.55
 1  81.94  1.37  0  1  1.43
 3  67.05  0.71  1  3  1.22
 1  82.53  0.96  0  1  0.67
 0  62.54  1.06  0  0  0.64
 0  67.05  0.86  0  0  0.61
 1  90.98  0.57  0  1  0.67
 3  62.54  0.51  1  0  0.67
 2  70.67  1.30  1  3  1.25
 2  89.33  1.30  1  2  0.97
 2  72.67  1.11  1  3  2.06
 2  99.70  0.84  1  2  0.57
 0  67.44  1.24  0  0  0.61
 0  69.02  0.57  0  1  5.06
 0  62.54  0.51  0  0  0.71
 2  82.58  1.17  1  2  3.01
 0  85.75  0.23  0  3  1.45
 1  82.58  1.17  0  2  0.81
 3  60.30  0.84  1  3  1.02
 1  92.56  1.24  0  1  1.24
 3  85.75  0.23  1  3  1.00
 0  74.25  0.23  0  0  3.63
 2  92.95  0.71  1  2  0.93
 1  73.90  0.71  0  1  1.26
 3  62.54  1.06  1  3  1.17
 2  82.53  0.96  1  2  0.75
 3  77.42  0.40  1  2  2.30
 1  77.47  0.61  0  1  0.73
 3  73.90  0.71  1  2  1.00
 2  98.95  0.62  1  2  0.66
 1  86.10  0.71  0  1  0.82
 1  73.90  0.86  0  1  1.51
 1  97.46  1.06  0  1  0.68
 1  92.95  0.71  0  1  0.73
 3  89.33  0.27  1  3  1.32
 1  78.06  1.37  0  1  3.29
 3  74.25  0.23  1  3  1.06
 2  98.95  0.95  1  2  0.79
 2  95.31  1.16  1  2  0.67
 0  61.05  0.95  0  0  1.27
 2  92.56  1.24  1  2  1.18
 3  92.56  0.33  1  2  1.42
 1  90.98  1.00  0  1  0.66
 2  97.46  1.06  1  2  0.74
 0  67.05  0.71  0  0  0.91
 1  77.42  1.17  0  1  1.29
 0  81.94  0.21  0  0  0.86
 0  70.67  0.27  0  0  0.78
 3  82.58  0.40  1  2  1.36
 1  82.53  0.61  0  1  2.01
 3  87.33  0.46  1  2  1.01
 3  69.02  1.00  1  3  0.92
 3  64.69  1.16  1  3  1.08
 0  67.44  0.33  0  0  0.75
 2  86.10  0.71  1  2  1.40
 2  77.42  1.17  1  2  1.98
 0  64.69  0.42  0  0  0.63
 1  77.47  0.96  0  1  0.90
 3  67.44  0.33  1  2  0.94
 1  92.95  0.86  0  1  0.74
 1  99.70  0.84  0  1  0.65
 1  98.95  0.62  0  1  0.66
 3  64.69  0.42  1  3  0.71
 3  73.90  0.86  1  2  2.02
 3  72.67  0.46  1  2  1.12
 3  70.67  0.27  1  3  0.83
 1  72.67  1.11  0  1  1.34
 2  95.31  0.42  1  2  1.24
 2  78.06  1.37  1  2  1.05
 2  92.95  0.86  1  2  0.69
 2  90.98  0.57  1  2  0.74
 3  61.05  0.62  1  3  0.77
 2  87.33  1.11  1  2  0.76
 1  98.95  0.95  0  1  1.14
 0  87.33  0.46  0  1  0.70
 2  90.98  1.00  1  2  0.80
 3  60.30  0.73  1  3  0.63
 1  87.33  1.11  0  1  0.59
 1  86.10  0.86  0  1  0.67
 3  78.06  0.21  1  3  0.95
 0  89.33  0.27  0  0  0.93
 2  99.70  0.73  1  2  0.79
 0  61.05  0.62  0  0  0.68
 0  95.31  0.42  0  1  0.85
 3  82.53  0.61  1  2  0.76
 3  81.94  0.21  1  3  0.83
 1  99.70  0.73  0  1  0.75
 1  95.31  1.16  0  1  0.79
 1  89.33  1.30  0  1  0.63
 2  67.44  1.24  1  3  0.76
 0  78.06  0.21  0  0  0.95
 1  74.25  1.34  0  1  1.31
 0  64.69  1.16  0  0  0.70
 3  77.47  0.61  1  2  0.90
 2  77.47  0.96  1  2  0.71
 0  97.46  0.51  0  1  1.58
 0  92.56  0.33  0  0  0.72
 2  74.25  1.34  1  2  1.99
 1  85.75  1.34  0  1  0.99
 0  82.58  0.40  0  1  1.39
 0  72.67  0.46  0  0  0.76
 0  60.30  0.73  0  0  0.71
 2  86.10  0.86  1  2  0.71
 3  67.05  0.86  1  3  1.01
 2  81.94  1.37  1  2  1.00
 2  85.75  1.34  1  2  0.73
 2  97.46  0.51  1  2  0.83
 0  69.02  1.00  0  0  0.71
 0  70.67  1.30  0  0  1.35
 0  77.42  0.40  0  0  1.64
 3  61.05  0.95  1  3  1.19
 0  60.30  0.84  0  0  0.60
