 1  86.10  0.71  0  0  2.33
 1  77.42  1.17  0  1  1.41
 3  73.90  0.71  1  0  0.95
 0  77.42  0.40  0  1  3.41
 1  98.95  0.95  0  1  0.69
 0  67.44  1.24  0  3  3.24
 3  61.05  0.62  1  0  0.98
 0  67.44  0.33  0  2  1.31
 0  95.31  0.42  0  1  1.15
 1  87.33  1.11  0  1  0.88
 2  70.67  1.30  1  0  0.90
 2  99.70  0.84  1  0  1.04
 1  82.53  0.61  0  1  2.28
 3  81.94  0.21  1  0  1.48
 2  92.95  0.71  1  3  0.86
 1  73.90  0.86  0  1  0.54
 2  97.46  0.51  1  2  0.94
 2  82.53  0.96  1  2  1.28
 1  73.90  0.71  0  1  1.42
 2  98.95  0.62  1  2  0.87
 0  89.33  0.27  0  1  0.82
 1  89.33  1.30  0  1  0.82
 0  82.58  0.40  0  0  0.58
 2  87.33  1.11  1  2  1.68
 1  92.95  0.86  0  1  0.82
 3  87.33  0.46  1  3  2.06
 1  90.98  1.00  0  1  0.97
 3  89.33  0.27  1  3  3.01
 3  67.05  0.86  1  2  1.38
 2  92.56  1.24  1  2  0.75
 3  64.69  0.42  1  3  0.92
 0  92.56  0.33  0  0  2.07
 2  86.10  0.86  1  2  0.81
 2  74.25  1.34  1  2 12.59
 2  78.06  1.37  1  2  0.62
 1  92.95  0.71  0  1  0.61
 0  69.02  1.00  0  0  1.27
 3  67.44  0.33  1  3  0.59
 1  95.31  1.16  0  1  1.62
 2  95.31  1.16  1  2  0.53
 2  89.33  1.30  1  1  1.17
 2  99.70  0.73  1  2  0.76
 2  92.95  0.86  1  2  0.82
 2  90.98  1.00  1  2  0.52
 0  61.05  0.95  0  0  1.48
 3  69.02  1.00  1  3  0.99
 0  61.05  0.62  0  0  1.26
 3  92.56  0.33  1  3  1.18
 3  70.67  0.27  1  3  0.94
 3  74.25  0.23  1  3 12.87
 2  77.42  1.17  1  2  0.82
 1  98.95  0.62  0  1  1.17
 1  77.47  0.96  0  1  1.45
 3  77.47  0.61  1  2  2.85
 1  99.70  0.73  0  2  1.24
 0  67.05  0.86  0  0  1.45
 3  77.42  0.40  1  3  1.05
 3  62.54  1.06  1  3  1.04
 1  86.10  0.86  0  1  2.00
 1  92.56  1.24  0  2 12.51
 0  87.33  0.46  0  1  0.76
 2  72.67  1.11  1  2  1.16
 0  64.69  1.16  0  0  0.82
 2  95.31  0.42  1  2  3.80
 1  82.58  1.17  0  1  1.71
 3  82.58  0.40  1  2  1.16
 2  85.75  1.34  1  2  1.17
 1  74.25  1.34  0  1  2.35
 2  97.46  1.06  1  2  0.63
 1  77.47  0.61  0  1  1.46
 0  64.69  0.42  0  1  0.98
 3  62.54  0.51  1  3  1.23
 1  99.70  0.84  0  1  1.12
 2  90.98  0.57  1  2  0.83
 0  60.30  0.84  0  0  4.16
 3  61.05  0.95  1  3  1.99
 0  74.25  0.23  0  0  6.23
 1  82.53  0.96  0  1  1.07
 1  85.75  1.34  0  1  1.81
 1  90.98  0.57  0  1  6.30
 0  70.67  1.30  0  0  3.88
 1  78.06  1.37  0  1  6.30
 0  62.54  0.51  0  1  2.72
 2  86.10  0.71  1  2  1.17
 3  85.75  0.23  1  2  0.85
 0  97.46  0.51  0  1  1.00
 0  85.75  0.23  0  0  0.94
 3  60.30  0.84  1  3  1.09
 0  62.54  1.06  0  1  1.22
 3  69.02  0.57  1  2  1.04
 3  82.53  0.61  1  2  0.71
 1  72.67  1.11  0  1  0.91
 2  98.95  0.95  1  2  0.64
 1  81.94  1.37  0  1  7.02
 0  72.67  0.46  0  0  1.40
 3  60.30  0.73  1  3  1.58
 2  82.58  1.17  1  2  0.49
 0  69.02  0.57  0  0  3.05
 3  78.06  0.21  1  3  0.96
 3  64.69  1.16  1  2  1.55
 2  67.44  1.24  1  3  0.87
 1  97.46  1.06  0  1  1.26
 2  77.47  0.96  1  2  6.41
 3  67.05  0.71  1  2  2.42
 3  73.90  0.86  1  2  1.38
 0  60.30  0.73  0  0  2.17
 0  67.05  0.71  0  0  0.64
 0  81.94  0.21  0  0  2.93
 0  78.06  0.21  0  0  0.66
 2  81.94  1.37  1  2  1.59
 3  72.67  0.46  1  2  0.64
 0  70.67  0.27  0  3  1.14
 0  74.25  0.23  0  0 13.98
 2  82.58  1.17  1  2  0.92
 1  74.25  1.34  0  1  1.29
 0  67.44  1.24  0  1  0.86
 2  90.98  1.00  1  2  1.09
 2  97.46  0.51  1  2  0.81
 1  77.47  0.96  0  1  3.06
 1  82.58  1.17  0  1  1.21
 1  92.95  0.86  0  1  1.22
 2  86.10  0.71  1  2  1.99
 2  95.31  0.42  1  2  1.10
 0  70.67  0.27  0  1  2.17
 1  89.33  1.30  0  1  0.83
 0  92.56  0.33  0  1  7.36
 0  60.30  0.84  0  1  6.08
 2  92.95  0.86  1  2  0.65
 3  67.05  0.71  1  2  0.92
 3  77.42  0.40  1  2  0.93
 0  82.58  0.40  0  1  2.06
 2  67.44  1.24  1  2  1.69
 1  82.53  0.96  0  1  0.79
 3  60.30  0.73  1  3  0.74
 1  90.98  0.57  0  2  0.71
 1  73.90  0.71  0  0  2.53
 2  89.33  1.30  1  2  0.56
 2  90.98  0.57  1  2  0.80
 1  77.42  1.17  0  1  8.99
 0  61.05  0.95  0  0  1.55
 3  69.02  0.57  1  3 14.34
 3  62.54  0.51  1  3  1.83
 3  70.67  0.27  1  3  0.91
 3  61.05  0.62  1  3  0.59
 1  78.06  1.37  0  1  0.94
 3  69.02  1.00  1  2  1.30
 0  69.02  1.00  0  1  1.10
 3  67.05  0.86  1  3  0.71
 3  74.25  0.23  1  3  0.85
 2  95.31  1.16  1  2  1.09
 3  92.56  0.33  1  2  6.43
 2  78.06  1.37  1  2  0.69
 2  82.53  0.96  1  2  0.68
 0  67.05  0.71  0  0 16.74
 1  95.31  1.16  0  1  0.62
 2  85.75  1.34  1  2  0.68
 3  73.90  0.71  1  2  0.65
 1  98.95  0.62  0  1  1.06
 2  72.67  1.11  1  2  7.46
 3  78.06  0.21  1  3  2.28
 0  95.31  0.42  0  1  1.63
 1  92.56  1.24  0  1  1.91
 2  87.33  1.11  1  2  0.85
 0  70.67  1.30  0  0  1.29
 2  92.95  0.71  1  2  2.22
 1  90.98  1.00  0  1  2.31
 3  67.44  0.33  1  3  2.36
 1  73.90  0.86  0  1  2.95
 1  72.67  1.11  0  1  0.55
 2  74.25  1.34  1  2  0.86
 3  77.47  0.61  1  3  1.28
 0  85.75  0.23  0  1  1.44
 3  82.58  0.40  1  2  3.33
 0  64.69  0.42  0  0  1.82
 2  97.46  1.06  1  2  0.96
 2  92.56  1.24  1  2  1.46
 0  61.05  0.62  0  3  4.55
 0  62.54  1.06  0  2  0.92
 2  77.47  0.96  1  2  1.21
 1  97.46  1.06  0  1  2.03
 2  77.42  1.17  1  2  2.90
 1  81.94  1.37  0  1  1.91
 1  86.10  0.71  0  2  5.49
 3  64.69  0.42  1  3  4.36
 3  85.75  0.23  1  2 12.60
 3  64.69  1.16  1  3  3.87
 3  62.54  1.06  1  3  0.60
 0  72.67  0.46  0  0 13.64
 3  72.67  0.46  1  1 10.70
 3  89.33  0.27  1  3  1.25
 0  64.69  1.16  0  1  3.47
 1  92.95  0.71  0  1  0.64
 3  60.30  0.84  1  3  0.87
 1  98.95  0.95  0  1  0.70
 1  77.47  0.61  0  0  2.50
 3  73.90  0.86  1  2  1.12
 1  82.53  0.61  0  1  1.18
 3  87.33  0.46  1  2  0.66
 0  81.94  0.21  0  0  3.88
 0  67.44  0.33  0  0  1.93
 3  82.53  0.61  1  2  1.02
 0  69.02  0.57  0  1  1.32
 2  70.67  1.30  1  2  2.34
 0  87.33  0.46  0  1  0.91
 0  78.06  0.21  0  0  1.25
 2  99.70  0.73  1  2  0.55
 2  99.70  0.84  1  2  0.56
 2  98.95  0.95  1  2  0.51
 1  99.70  0.84  0  1  0.77
 0  97.46  0.51  0  1  0.69
 2  86.10  0.86  1  2  0.80
 3  61.05  0.95  1  3  0.84
 2  81.94  1.37  1  2  1.25
 1  87.33  1.11  0  1  0.87
 0  62.54  0.51  0  0  1.83
 0  77.42  0.40  0  1  0.87
 1  85.75  1.34  0  1  1.52
 1  86.10  0.86  0  1  3.30
 0  67.05  0.86  0  0  1.69
 0  60.30  0.73  0  0  1.64
 0  89.33  0.27  0  1  0.79
 2  98.95  0.62  1  2  2.60
 3  81.94  0.21  1  3  1.08
 1  99.70  0.73  0  1  8.71
 3  67.05  0.71  1  2  2.62
 3  92.56  0.33  1  2  0.51
 0  77.42  0.40  0  0  1.51
 2  70.67  1.30  1  3  2.26
 0  82.58  0.40  0  0  1.82
 0  67.44  1.24  0  1  0.77
 3  73.90  0.71  1  2  0.82
 3  64.69  0.42  1  0  2.08
 2  99.70  0.73  1  2  0.98
 0  87.33  0.46  0  1  0.82
 1  98.95  0.95  0  1  0.64
 1  89.33  1.30  0  1  1.09
 1  77.42  1.17  0  0  1.13
 1  86.10  0.71  0  1  0.88
 0  60.30  0.84  0  0  0.98
 1  72.67  1.11  0  1  0.67
 3  60.30  0.84  1  3  1.75
 3  62.54  0.51  1  3  0.51
 2  98.95  0.95  1  2  0.64
 0  70.67  0.27  0  0  4.36
 2  78.06  1.37  1  3  6.42
 1  90.98  1.00  0  1  1.39
 1  86.10  0.86  0  2  2.25
 2  99.70  0.84  1  1  1.28
 0  74.25  0.23  0  0  0.90
 1  82.53  0.61  0  1  0.96
 3  62.54  1.06  1  3  1.80
 1  95.31  1.16  0  1  4.80
 1  74.25  1.34  0  0  1.74
 0  85.75  0.23  0  0  1.26
 3  61.05  0.62  1  3  1.38
 1  90.98  0.57  0  2  0.69
 0  61.05  0.62  0  3 22.34
 1  78.06  1.37  0  2  3.43
 0  62.54  1.06  0  3  0.75
 1  99.70  0.73  0  2  3.61
 1  73.90  0.86  0  3  1.84
 2  85.75  1.34  1  0  0.97
 0  89.33  0.27  0  2  0.75
 0  67.05  0.71  0  3  1.11
 1  85.75  1.34  0  2  2.78
 0  67.05  0.86  0  2  0.99
 2  90.98  1.00  1  1  0.76
 1  81.94  1.37  0  1  1.52
 3  78.06  0.21  1  2  0.88
 3  74.25  0.23  1  3  0.72
 2  77.42  1.17  1  2  0.75
 3  72.67  0.46  1  3  0.75
 3  85.75  0.23  1  3  1.62
 3  61.05  0.95  1  2  3.05
 0  64.69  0.42  0  0  1.37
 3  69.02  1.00  1  3  4.53
 1  73.90  0.71  0  1 27.53
 2  89.33  1.30  1  2  0.65
 2  72.67  1.11  1  1  0.91
 3  64.69  1.16  1  3  4.29
 1  82.58  1.17  0  1  1.10
 2  82.58  1.17  1  2  1.04
 3  82.53  0.61  1  3  2.48
 2  81.94  1.37  1  2  0.81
 2  87.33  1.11  1  2  0.63
 2  92.95  0.71  1  2  0.69
 2  90.98  0.57  1  2  0.54
 2  95.31  1.16  1  2  0.68
 1  77.47  0.61  0  1  0.93
 0  67.44  0.33  0  0  0.52
 0  92.56  0.33  0  1  0.40
 2  74.25  1.34  1  3  1.49
 1  82.53  0.96  0  1  0.67
 1  77.47  0.96  0  1  2.04
 3  70.67  0.27  1  3  1.04
 3  73.90  0.86  1  2  0.72
 1  92.56  1.24  0  1  1.11
 2  86.10  0.71  1  2  0.84
 0  70.67  1.30  0  3  0.66
 2  67.44  1.24  1  3  0.65
 0  64.69  1.16  0  3  1.40
 2  92.56  1.24  1  2  1.19
 3  60.30  0.73  1  3  1.07
 2  77.47  0.96  1  2  1.01
 0  97.46  0.51  0  1  1.04
 1  99.70  0.84  0  1  0.61
 2  98.95  0.62  1  2  0.57
 3  82.58  0.40  1  3  1.24
 0  78.06  0.21  0  0  1.60
 2  86.10  0.86  1  2 10.97
 3  67.44  0.33  1  3  0.71
 0  69.02  1.00  0  1  0.96
 2  97.46  0.51  1  3  1.21
 3  67.05  0.86  1  3  0.82
 2  92.95  0.86  1  2  0.93
 1  98.95  0.62  0  1  0.98
 1  92.95  0.86  0  1  0.79
 1  87.33  1.11  0  0  2.64
 3  87.33  0.46  1  2  0.86
 3  77.42  0.40  1  2  0.79
 0  60.30  0.73  0  0  0.76
 0  95.31  0.42  0  1  0.77
 3  69.02  0.57  1  3  2.08
 3  77.47  0.61  1  3  3.01
 0  81.94  0.21  0  0  1.36
 2  95.31  0.42  1  2  2.59
 0  69.02  0.57  0  0  2.50
 2  82.53  0.96  1  2  1.53
 1  92.95  0.71  0  1  1.90
 0  62.54  0.51  0  0  1.12
 3  81.94  0.21  1  3  4.96
 0  61.05  0.95  0  0  4.71
 2  97.46  1.06  1  2  1.56
 1  97.46  1.06  0  1  1.87
 3  89.33  0.27  1  0 12.35
 0  72.67  0.46  0  0  1.59
 1  86.10  0.71  0  1  1.28
 1  98.95  0.95  0  1  0.77
 3  61.05  0.62  1  3  0.71
 2  77.42  1.17  1  2  0.80
 1  89.33  1.30  0  1  0.79
 3  60.30  0.84  1  0  7.83
 0  64.69  1.16  0  3  2.72
 1  81.94  1.37  0  2  5.02
 3  72.67  0.46  1  3  0.84
 3  81.94  0.21  1  3  3.89
 1  86.10  0.86  0  1  1.07
 3  70.67  0.27  1  3  5.55
 3  62.54  1.06  1  3  1.22
 0  67.44  1.24  0  1  3.07
 1  77.42  1.17  0  1  0.84
 1  82.53  0.96  0  1  0.58
 0  70.67  0.27  0  0  1.51
 2  95.31  1.16  1  2  0.72
 3  87.33  0.46  1  3  0.98
 0  67.05  0.86  0  1  1.44
 3  67.05  0.71  1  1  1.89
 2  70.67  1.30  1  2  1.70
 3  82.53  0.61  1  2  0.80
 1  90.98  1.00  0  1  0.75
 1  77.47  0.96  0  1  1.10
 2  99.70  0.84  1  2  0.92
 3  85.75  0.23  1  3  0.86
 2  86.10  0.71  1  2  0.62
 1  97.46  1.06  0  1  0.83
 3  60.30  0.73  1  3  2.60
 3  77.47  0.61  1  2  0.85
 3  82.58  0.40  1  3  0.77
 1  99.70  0.73  0  1  1.50
 2  90.98  0.57  1  2  1.37
 0  89.33  0.27  0  0  2.11
 1  72.67  1.11  0  1  1.20
 1  82.58  1.17  0  1  6.02
 1  99.70  0.84  0  1  0.61
 2  92.95  0.71  1  2  0.89
 1  85.75  1.34  0  1  1.69
 3  78.06  0.21  1  2  9.21
 0  92.56  0.33  0  0  2.11
 3  73.90  0.71  1  3  3.63
 2  90.98  1.00  1  2  0.68
 0  61.05  0.95  0  0  0.84
 2  87.33  1.11  1  2  2.56
 0  85.75  0.23  0  0  1.94
 2  67.44  1.24  1  3  2.44
 0  67.05  0.71  0  3  3.01
 2  92.56  1.24  1  1  1.05
 2  74.25  1.34  1  0  0.87
 0  77.42  0.40  0  0  2.83
 1  90.98  0.57  0  1  0.75
 3  61.05  0.95  1  3  1.42
 2  99.70  0.73  1  2  0.81
 0  81.94  0.21  0  0 11.59
 3  64.69  1.16  1  3  8.77
 1  92.56  1.24  0  1  6.69
 0  61.05  0.62  0  0  0.75
 2  82.53  0.96  1  2  3.47
 0  60.30  0.73  0  0  0.78
 0  74.25  0.23  0  0  0.63
 3  67.44  0.33  1  3  0.99
 1  92.95  0.86  0  2  0.76
 3  62.54  0.51  1  3  0.73
 1  87.33  1.11  0  1  0.69
 3  77.42  0.40  1  3  3.11
 3  69.02  1.00  1  3  1.35
 0  67.44  0.33  0  0  1.95
 1  74.25  1.34  0  1  0.61
 2  92.95  0.86  1  2  1.64
 0  95.31  0.42  0  1  1.63
 0  62.54  0.51  0  0  2.39
 1  73.90  0.86  0  1  2.53
 2  95.31  0.42  1  2  1.26
 1  73.90  0.71  0  1  1.80
 3  64.69  0.42  1  3  1.32
 0  60.30  0.84  0  0  0.75
 1  98.95  0.62  0  1  0.63
 1  78.06  1.37  0  0  0.93
 2  85.75  1.34  1  2  0.63
 2  97.46  1.06  1  2  0.62
 2  98.95  0.62  1  2  0.60
 0  70.67  1.30  0  1  1.87
 2  77.47  0.96  1  2  0.70
 2  97.46  0.51  1  2  0.93
 1  92.95  0.71  0  1  0.83
 3  73.90  0.86  1  3  1.58
 3  67.05  0.86  1  3  0.64
 2  72.67  1.11  1  3  0.90
 0  72.67  0.46  0  0  3.12
 2  78.06  1.37  1  2  1.05
 0  78.06  0.21  0  0  0.88
 1  77.47  0.61  0  1  1.53
 2  98.95  0.95  1  2  0.69
 0  82.58  0.40  0  0  2.76
 2  86.10  0.86  1  2  0.96
 3  92.56  0.33  1  2  2.84
 0  69.02  1.00  0  0  2.11
 1  82.53  0.61  0  1  1.83
 2  82.58  1.17  1  2  0.89
 3  74.25  0.23  1  3 30.83
 0  87.33  0.46  0  1  7.93
 2  89.33  1.30  1  2  0.67
 0  69.02  0.57  0  1  1.15
 3  69.02  0.57  1  2  1.83
 0  97.46  0.51  0  2  0.69
 3  89.33  0.27  1  1  0.82
 1  95.31  1.16  0  1  0.59
 0  62.54  1.06  0  0  0.63
 2  81.94  1.37  1  2  0.59
 0  64.69  0.42  0  0  2.28
 2  92.95  0.71  1  2  3.66
 3  85.75  0.23  1  3  1.07
 3  92.56  0.33  1  2  0.79
 1  82.53  0.61  0  0  2.00
 1  97.46  1.06  0  1  0.63
 1  98.95  0.62  0  1  0.61
 3  81.94  0.21  1  3  1.06
 1  95.31  1.16  0  1  2.55
 0  67.05  0.86  0  0  1.10
 1  99.70  0.73  0  1  0.88
 0  78.06  0.21  0  0  1.04
 2  92.95  0.86  1  2  1.65
 1  92.56  1.24  0  1  1.13
 1  99.70  0.84  0  1  0.76
 2  86.10  0.86  1  2  0.61
 1  85.75  1.34  0  1  0.87
 0  64.69  1.16  0  0  0.68
 0  77.42  0.40  0  0  1.18
 0  85.75  0.23  0  0  0.86
 1  92.95  0.71  0  1  0.81
 0  64.69  0.42  0  0  0.64
 2  77.42  1.17  1  2  1.19
 2  99.70  0.84  1  2  0.48
 3  82.58  0.40  1  3  0.93
 2  82.58  1.17  1  2  0.61
 2  95.31  0.42  1  3  1.80
 2  67.44  1.24  1  3  0.68
 2  77.47  0.96  1  2  0.63
 3  72.67  0.46  1  2  0.99
 3  60.30  0.84  1  3  0.77
 0  70.67  1.30  0  1  1.64
 2  85.75  1.34  1  2  0.68
 1  77.47  0.61  0  0  1.76
 2  97.46  0.51  1  2  0.77
 2  74.25  1.34  1  3  1.15
 3  62.54  0.51  1  3  0.86
 2  92.56  1.24  1  2  0.62
 0  62.54  0.51  0  0  1.01
 0  97.46  0.51  0  1  1.81
 1  74.25  1.34  0  0  1.14
 0  95.31  0.42  0  1  0.83
 3  64.69  0.42  1  3  0.93
 3  78.06  0.21  1  2  0.73
 3  73.90  0.71  1  3  1.41
 3  67.44  0.33  1  3  0.69
 0  60.30  0.73  0  0  0.66
 0  62.54  1.06  0  0  2.96
 1  90.98  1.00  0  1  1.69
 2  70.67  1.30  1  3  8.58
 2  98.95  0.95  1  2  2.67
 1  86.10  0.86  0  1  1.57
 0  61.05  0.62  0  0  0.65
 0  89.33  0.27  0  0  0.88
 0  69.02  0.57  0  0  0.64
 0  92.56  0.33  0  0  8.02
 3  61.05  0.95  1  3  1.11
 1  90.98  0.57  0  1  0.99
 1  86.10  0.71  0  1  1.16
 3  70.67  0.27  1  3  1.01
 1  73.90  0.71  0  1  1.25
 1  98.95  0.95  0  1  0.64
 2  86.10  0.71  1  2  0.77
 3  77.47  0.61  1  2  0.81
 2  89.33  1.30  1  2  0.83
 1  82.58  1.17  0  1  0.69
 1  78.06  1.37  0  1  2.61
 1  73.90  0.86  0  0  1.04
 1  89.33  1.30  0  1  0.60
 0  70.67  0.27  0  0  1.26
 0  67.44  1.24  0  0  1.76
 3  61.05  0.62  1  2  1.57
 0  67.05  0.71  0  0  1.62
 3  87.33  0.46  1  2  0.73
 0  67.44  0.33  0  0  1.40
 0  60.30  0.84  0  0  0.68
 2  87.33  1.11  1  2  2.50
 3  64.69  1.16  1  3  0.94
 1  72.67  1.11  0  0  0.82
 3  69.02  1.00  1  3  0.86
 3  89.33  0.27  1  3  1.70
 1  87.33  1.11  0  1  0.80
 2  90.98  1.00  1  2  0.92
 0  72.67  0.46  0  0  1.41
 2  78.06  1.37  1  1  2.74
 3  60.30  0.73  1  0  1.01
 2  95.31  1.16  1  2  0.59
 0  81.94  0.21  0  0  1.99
 0  61.05  0.95  0  0  1.14
 2  81.94  1.37  1  2  0.66
 3  74.25  0.23  1  3  1.14
 0  87.33  0.46  0  1  0.75
 3  77.42  0.40  1  3  1.77
 3  69.02  0.57  1  3  0.81
 3  62.54  1.06  1  3  0.99
 3  67.05  0.71  1  3  1.10
 3  73.90  0.86  1  2  0.97
 2  97.46  1.06  1  2  0.55
 2  99.70  0.73  1  2  0.63
 1  77.47  0.96  0  1  2.29
 1  92.95  0.86  0  1  1.58
 1  77.42  1.17  0  1  0.97
 1  81.94  1.37  0  1  0.69
 2  90.98  0.57  1  2  1.04
 0  74.25  0.23  0  0  0.87
 0  82.58  0.40  0  0  0.79
 0  69.02  1.00  0  0  0.73
 3  67.05  0.86  1  3  1.43
 2  98.95  0.62  1  2  0.60
 2  72.67  1.11  1  3  1.55
 3  82.53  0.61  1  2  0.84
 1  82.53  0.96  0  1  1.55
 2  82.53  0.96  1  2  1.73
