 1  60.30  0.73  1  1  3.56
 1  87.33  1.11  0  0  0.84
 1  92.95  0.86  0  0  3.44
 0  74.25  1.34  1  1  4.08
 0  85.75  1.34  1  0  0.82
 0  92.56  0.33  0  1  0.62
 1  98.95  0.95  0  1  4.40
 0  62.54  0.51  0  0  2.61
 0  82.53  0.96  1  0  1.18
 1  82.58  0.40  1  1  1.08
 0  95.31  1.16  1  1  0.74
 1  67.05  0.71  1  0  1.14
 0  90.98  0.57  1  1  0.90
 1  99.70  0.84  0  1 16.63
 1  89.33  1.30  0  0  1.59
 1  81.94  1.37  0  1  1.28
 1  97.46  1.06  0  1  0.93
 1  82.53  0.61  0  1  0.98
 1  61.05  0.95  1  0  0.79
 1  67.05  0.86  1  0  4.07
 1  74.25  0.23  1  1  3.59
 1  61.05  0.62  1  1  1.04
 1  95.31  1.16  0  1  1.65
 0  69.02  1.00  0  1  2.47
 1  77.42  1.17  0  1  1.85
 0  77.47  0.96  1  1  1.21
 0  70.67  1.30  0  0  3.03
 0  74.25  0.23  0  1  0.82
 0  87.33  0.46  0  0  1.41
 1  64.69  1.16  1  1  3.90
 1  90.98  1.00  0  1  1.52
 1  73.90  0.71  1  1  1.04
 0  61.05  0.95  0  0  2.05
 0  67.05  0.86  0  0  1.74
 0  99.70  0.73  1  1  1.46
 1  98.95  0.62  0  1  2.25
 1  78.06  1.37  0  1  4.71
 0  86.10  0.86  1  1  1.55
 0  60.30  0.73  0  0  3.81
 0  95.31  0.42  0  1  1.44
 0  72.67  0.46  0  1  6.47
 0  81.94  1.37  1  1  1.76
 0  77.42  1.17  1  0  0.85
 0  62.54  1.06  0  0  1.60
 1  78.06  0.21  1  1  1.58
 1  74.25  1.34  0  1  1.42
 1  72.67  0.46  1  0  0.80
 0  95.31  0.42  1  1  0.79
 1  81.94  0.21  1  0  2.71
 0  97.46  1.06  1  1  1.33
 0  98.95  0.62  1  1 38.61
 1  85.75  0.23  1  1  1.36
 0  81.94  0.21  0  0  4.09
 0  97.46  0.51  1  1  0.86
 1  73.90  0.71  0  1  1.93
 0  77.42  0.40  0  1  1.03
 0  70.67  0.27  0  1  3.42
 1  90.98  0.57  0  1  3.17
 1  62.54  0.51  1  0 16.77
 1  99.70  0.73  0  1 10.37
 1  92.56  0.33  1  1  3.17
 1  92.56  1.24  0  1  3.49
 0  61.05  0.62  0  0  2.88
 0  82.58  0.40  0  0  2.03
 0  99.70  0.84  1  1  1.06
 0  64.69  0.42  0  0  1.28
 1  67.44  0.33  1  0  1.11
 1  86.10  0.71  0  1  2.23
 0  92.95  0.86  1  0  1.34
 0  78.06  0.21  0  1  2.31
 1  69.02  0.57  1  0  1.10
 0  92.56  1.24  1  0  1.26
 1  73.90  0.86  1  1  3.90
 1  82.58  1.17  0  0  1.49
 1  69.02  1.00  1  0  1.16
 0  60.30  0.84  0  1  1.22
 0  67.44  1.24  1  0  0.80
 0  72.67  1.11  1  0  0.99
 1  72.67  1.11  0  0  0.79
 1  77.42  0.40  1  1  1.26
 1  82.53  0.61  1  1  0.66
 0  90.98  1.00  1  1  1.64
 0  67.05  0.71  0  0  0.74
 0  78.06  1.37  1  0  0.64
 1  82.53  0.96  0  1  1.93
 0  89.33  0.27  0  1  0.73
 0  70.67  1.30  1  0  0.94
 1  89.33  0.27  1  0  1.00
 0  67.44  0.33  0  0  1.33
 0  82.58  1.17  1  1  2.64
 1  73.90  0.86  0  0  1.08
 1  70.67  0.27  1  1  1.09
 1  77.47  0.96  0  1  2.13
 1  62.54  1.06  1  0  1.07
 0  86.10  0.71  1  1  1.08
 1  60.30  0.84  1  0  0.96
 0  87.33  1.11  1  1  1.20
 1  87.33  0.46  1  1  0.67
 0  89.33  1.30  1  0  0.58
 0  69.02  0.57  0  1  0.65
 1  77.47  0.61  0  0  0.67
 1  86.10  0.86  0  1  0.50
 0  64.69  1.16  0  0  0.62
 1  85.75  1.34  0  0  0.77
 1  64.69  0.42  1  1  0.76
 0  67.44  1.24  0  0 13.84
 0  98.95  0.95  1  1  1.02
 1  92.95  0.71  0  1  0.55
 1  77.47  0.61  1  1  0.71
 0  85.75  0.23  0  1  1.06
 0  92.95  0.71  1  1  2.03
 0  97.46  0.51  0  1  0.93
 0  62.54  0.51  0  0  2.76
 0  99.70  0.84  1  1  0.87
 0  90.98  1.00  1  1  0.72
 0  69.02  1.00  0  0  0.91
 1  62.54  1.06  1  0  0.68
 1  64.69  1.16  1  1  1.22
 0  67.05  0.71  0  1  1.29
 0  78.06  1.37  1  1  1.01
 1  64.69  0.42  1  1  1.67
 1  82.53  0.96  0  0  2.20
 1  77.47  0.61  1  1  0.60
 1  67.05  0.86  1  1  0.64
 1  60.30  0.73  1  1  0.63
 1  74.25  0.23  1  1  0.65
 0  67.44  0.33  0  1  0.67
 1  87.33  0.46  1  1  0.52
 0  82.53  0.96  1  1  0.63
 1  77.47  0.61  0  1  0.66
 0  78.06  0.21  0  0  0.72
 0  86.10  0.71  1  1  0.80
 1  73.90  0.71  0  1  0.54
 0  69.02  0.57  0  1  0.50
 0  67.05  0.86  0  1  0.46
 0  82.58  1.17  1  0  0.49
 0  62.54  1.06  0  1  1.44
 0  60.30  0.73  0  0  0.47
 1  61.05  0.62  1  0  0.84
 0  67.44  1.24  0  0  0.76
 1  89.33  1.30  0  0  0.65
 0  77.42  0.40  0  1  0.63
 1  92.95  0.71  0  1  0.94
 1  86.10  0.71  0  0  0.71
 1  98.95  0.95  0  1  0.66
 0  81.94  0.21  0  1  0.58
 0  92.56  0.33  0  0  0.77
 1  90.98  1.00  0  0  0.72
 1  85.75  1.34  0  0  0.59
 0  61.05  0.95  0  0  0.81
 0  87.33  1.11  1  0  0.75
 1  61.05  0.95  1  0  0.61
 0  89.33  0.27  0  1  0.49
 0  77.42  1.17  1  0  0.48
 0  85.75  0.23  0  1  0.64
 1  82.58  0.40  1  1  0.72
 0  87.33  0.46  0  0  0.43
 1  99.70  0.84  0  0  0.83
 0  74.25  1.34  1  1  0.51
 1  73.90  0.86  0  1  0.54
 1  86.10  0.86  0  1  0.49
 1  92.95  0.86  0  1  0.62
 1  60.30  0.84  1  0  0.54
 1  95.31  1.16  0  0  0.89
 1  82.53  0.61  0  1  0.59
 1  78.06  1.37  0  0  0.55
 0  92.56  1.24  1  1  0.55
 1  73.90  0.86  1  0  0.47
 1  87.33  1.11  0  1  0.69
 1  82.58  1.17  0  1  0.86
 0  81.94  1.37  1  1  0.75
 0  64.69  0.42  0  1  0.56
 1  82.53  0.61  1  1  0.48
 0  64.69  1.16  0  0  0.67
 0  97.46  0.51  0  1  0.90
 1  73.90  0.71  1  1  0.70
 0  95.31  0.42  1  0  0.57
 1  98.95  0.62  0  1  0.73
 0  70.67  1.30  0  0  0.79
 1  89.33  0.27  1  1  0.71
 0  95.31  1.16  1  1  0.95
 1  69.02  0.57  1  1  0.73
 0  82.58  0.40  0  1  0.58
 0  72.67  0.46  0  1  0.98
 1  81.94  1.37  0  0  0.68
 1  92.56  0.33  1  0  0.97
 1  67.44  0.33  1  1  0.55
 0  90.98  0.57  1  1  0.52
 1  77.47  0.96  0  1  1.24
 0  72.67  1.11  1  1  0.53
 1  69.02  1.00  1  1  1.22
 0  74.25  0.23  0  1  0.62
 1  97.46  1.06  0  1  0.82
 0  70.67  1.30  1  0  0.52
 0  86.10  0.86  1  0  0.58
 0  95.31  0.42  0  1  0.56
 1  72.67  0.46  1  1  0.62
 1  77.42  1.17  0  0  0.65
 1  74.25  1.34  0  0  0.54
 1  62.54  0.51  1  1  0.53
 1  77.42  0.40  1  1  0.59
 1  70.67  0.27  1  0  0.56
 0  60.30  0.84  0  0  0.49
 0  70.67  0.27  0  1  0.64
 1  81.94  0.21  1  0  0.86
 1  72.67  1.11  0  0  0.72
 0  98.95  0.62  1  0  0.87
 0  97.46  0.51  1  0  0.80
 0  99.70  0.73  1  0  0.52
 1  85.75  0.23  1  0  0.73
 1  92.56  1.24  0  0  0.63
 0  98.95  0.95  1  0  0.60
 1  67.05  0.71  1  1  0.55
 0  85.75  1.34  1  0  0.57
 0  97.46  1.06  1  0  0.53
 0  92.95  0.86  1  0  0.66
 1  99.70  0.73  0  0  0.46
 0  61.05  0.62  0  1  0.67
 0  77.47  0.96  1  0  0.32
 0  67.44  1.24  1  0  0.55
 0  92.95  0.71  1  0  0.82
 0  89.33  1.30  1  0  0.44
 1  90.98  0.57  0  1  0.82
 1  78.06  0.21  1  1  0.68
 1  78.06  0.21  1  0  0.73
 1  92.56  0.33  1  1  0.64
 0  85.75  0.23  0  1  0.51
 0  78.06  0.21  0  1  0.63
 1  77.47  0.96  0  1  1.57
 0  81.94  0.21  0  1  0.63
 0  70.67  1.30  0  0  0.56
 1  73.90  0.71  1  1  0.60
 0  90.98  1.00  1  1  0.67
 0  98.95  0.95  1  0  0.89
 0  77.42  1.17  1  1  1.08
 1  92.95  0.86  0  1  0.91
 1  81.94  0.21  1  0  0.76
 0  95.31  1.16  1  1  0.79
 0  89.33  0.27  0  1  0.80
 0  69.02  1.00  0  1  1.01
 1  82.58  1.17  0  0  0.37
 1  61.05  0.62  1  1  0.67
 0  95.31  0.42  0  0  0.63
 1  62.54  0.51  1  1  0.58
 0  64.69  1.16  0  1  0.58
 0  74.25  0.23  0  1  0.54
 1  70.67  0.27  1  1  0.53
 0  81.94  1.37  1  0  0.77
 0  92.95  0.86  1  0  1.04
 0  72.67  0.46  0  1  0.66
 0  77.47  0.96  1  1  0.63
 1  87.33  0.46  1  0  0.76
 1  85.75  1.34  0  0  1.01
 0  97.46  0.51  1  0  0.79
 0  67.05  0.86  0  1  0.65
 0  72.67  1.11  1  0  0.45
 0  95.31  0.42  1  0  0.73
 1  90.98  0.57  0  0  0.76
 1  77.47  0.61  1  0  0.56
 1  82.53  0.96  0  1  0.65
 1  74.25  1.34  0  0  0.64
 1  89.33  1.30  0  1  1.04
 1  67.05  0.71  1  0  0.61
 0  70.67  0.27  0  0  0.69
 0  62.54  0.51  0  0  0.62
 1  64.69  0.42  1  1  0.91
 1  67.05  0.86  1  1  0.60
 1  99.70  0.84  0  0  1.15
 1  61.05  0.95  1  1  0.64
 0  67.44  1.24  1  1  0.50
 0  85.75  1.34  1  0  0.53
 1  85.75  0.23  1  1  0.80
 1  74.25  0.23  1  1  0.53
 0  61.05  0.95  0  0  0.85
 1  69.02  0.57  1  1  1.06
 1  72.67  0.46  1  1  0.55
 0  92.56  0.33  0  0  1.03
 0  67.44  0.33  0  0  0.78
 1  77.42  0.40  1  1  0.83
 1  95.31  1.16  0  0  0.59
 0  78.06  1.37  1  0  2.42
 0  82.53  0.96  1  1  1.49
 0  99.70  0.73  1  1  2.17
 0  87.33  1.11  1  1  0.92
 1  64.69  1.16  1  0  0.77
 1  87.33  1.11  0  0  0.95
 0  98.95  0.62  1  0  1.42
 0  74.25  1.34  1  1  1.09
 1  86.10  0.71  0  0  0.73
 1  82.53  0.61  0  0  3.14
 1  99.70  0.73  0  1  3.14
 1  78.06  1.37  0  0  1.06
 1  73.90  0.71  0  0  1.28
 1  89.33  0.27  1  0  1.38
 1  86.10  0.86  0  0  0.87
 0  82.58  1.17  1  0  3.48
 1  81.94  1.37  0  1  1.76
 0  97.46  1.06  1  0  1.02
 0  90.98  0.57  1  0  1.14
 0  67.44  1.24  0  1  0.88
 1  90.98  1.00  0  0  0.81
 1  62.54  1.06  1  0  7.12
 0  77.42  0.40  0  0  1.72
 1  73.90  0.86  1  1  1.27
 1  73.90  0.86  0  0  1.68
 1  82.58  0.40  1  1  1.12
 0  67.05  0.71  0  1  0.63
 1  97.46  1.06  0  0  3.97
 1  77.42  1.17  0  1  9.33
 0  97.46  0.51  0  1  0.69
 1  92.95  0.71  0  0  4.21
 0  92.95  0.71  1  0  1.06
 0  82.58  0.40  0  0  1.64
 1  98.95  0.62  0  1  0.99
 0  99.70  0.84  1  0  1.01
 0  69.02  0.57  0  0  3.31
 0  92.56  1.24  1  0  2.54
 0  64.69  0.42  0  0  0.91
 0  60.30  0.73  0  0  0.68
 0  87.33  0.46  0  0  1.18
 1  60.30  0.73  1  1  1.26
 0  86.10  0.71  1  1  0.84
 1  92.56  1.24  0  1 10.22
 0  89.33  1.30  1  0  1.13
 0  86.10  0.86  1  0  3.92
 1  98.95  0.95  0  0  1.50
 1  69.02  1.00  1  1  1.75
 0  61.05  0.62  0  0  1.06
 0  60.30  0.84  0  0  0.65
 1  60.30  0.84  1  1  1.81
 0  70.67  1.30  1  0  2.19
 1  77.47  0.61  0  0  1.61
 0  62.54  1.06  0  1  3.05
 1  67.44  0.33  1  1  2.74
 1  82.53  0.61  1  1  0.67
 1  72.67  1.11  0  0  1.02
 1  82.53  0.96  0  1  4.35
 0  74.25  1.34  1  0  1.20
 0  77.42  1.17  1  0  0.72
 1  78.06  0.21  1  1  0.73
 0  77.42  0.40  0  0  1.04
 0  86.10  0.71  1  1  1.97
 0  72.67  0.46  0  0  1.16
 0  85.75  1.34  1  0  1.46
 1  92.95  0.71  0  0  0.64
 0  81.94  0.21  0  0  1.00
 1  89.33  1.30  0  1  1.42
 1  99.70  0.73  0  0  1.60
 1  69.02  1.00  1  0  0.99
 0  90.98  0.57  1  1  2.19
 0  61.05  0.95  0  1  1.89
 1  81.94  0.21  1  1  2.20
 0  87.33  0.46  0  0  0.92
 0  62.54  0.51  0  0  0.65
 1  69.02  0.57  1  1  1.42
 1  86.10  0.71  0  0  2.18
 1  85.75  1.34  0  1  1.17
 0  95.31  0.42  1  1  1.78
 0  92.56  1.24  1  0  1.17
 0  99.70  0.73  1  0  0.65
 1  90.98  1.00  0  1  0.99
 1  77.42  0.40  1  0  2.28
 1  82.53  0.61  1  1  2.87
 0  67.05  0.71  0  0  2.34
 1  77.47  0.61  1  0  1.63
 0  92.95  0.86  1  0  2.16
 1  92.56  0.33  1  1  1.49
 0  70.67  1.30  1  0  1.56
 0  70.67  1.30  0  1  6.41
 1  72.67  0.46  1  1  1.66
 1  73.90  0.86  0  0  2.22
 0  85.75  0.23  0  0  1.19
 0  92.56  0.33  0  0  0.69
 0  95.31  1.16  1  0  1.31
 0  89.33  1.30  1  0  0.65
 1  85.75  0.23  1  1  1.63
 0  70.67  0.27  0  0  1.43
 1  90.98  0.57  0  0  0.70
 0  89.33  0.27  0  0  2.83
 0  67.44  0.33  0  1  1.51
 1  77.47  0.61  0  1  2.00
 1  89.33  0.27  1  1  2.00
 1  87.33  0.46  1  1  1.79
 0  82.58  1.17  1  0  0.92
 0  64.69  0.42  0  0  3.75
 0  86.10  0.86  1  1  1.23
 1  97.46  1.06  0  1  1.20
 0  82.58  0.40  0  0  1.46
 1  86.10  0.86  0  1  1.38
 1  92.95  0.86  0  1  1.43
 0  67.44  1.24  0  1  1.26
 1  62.54  1.06  1  0  3.02
 1  98.95  0.95  0  1  1.89
 1  92.56  1.24  0  1  1.09
 0  82.53  0.96  1  0  1.32
 1  67.05  0.71  1  0  1.64
 1  67.44  0.33  1  1  1.71
 0  74.25  0.23  0  0  0.92
 0  77.47  0.96  1  0  1.43
 0  78.06  0.21  0  0  1.59
 0  97.46  1.06  1  1  1.11
 1  98.95  0.62  0  1  5.44
 1  73.90  0.71  0  1  1.22
 1  73.90  0.71  1  0  1.06
 0  99.70  0.84  1  0  1.19
 1  74.25  1.34  0  1  1.92
 0  69.02  0.57  0  0  1.63
 1  74.25  0.23  1  1  1.54
 0  98.95  0.95  1  1  7.38
 0  81.94  1.37  1  0 12.19
 0  90.98  1.00  1  0  0.69
 1  73.90  0.86  1  0  0.98
 1  67.05  0.86  1  0  0.72
 0  67.44  1.24  1  0  0.95
 0  64.69  1.16  0  1  4.21
 1  64.69  0.42  1  1  1.56
 1  78.06  1.37  0  0  1.17
 0  97.46  0.51  0  0  1.73
 1  81.94  1.37  0  1  1.13
 1  62.54  0.51  1  0  2.68
 1  61.05  0.95  1  0  1.35
 1  60.30  0.73  1  1  0.96
 1  77.42  1.17  0  1  1.00
 0  78.06  1.37  1  0  1.44
 1  70.67  0.27  1  1  1.04
 0  98.95  0.62  1  1  2.98
 1  77.47  0.96  0  1  1.29
 1  99.70  0.84  0  1  1.16
 1  95.31  1.16  0  1  1.27
 0  72.67  1.11  1  0  1.43
 0  95.31  0.42  0  0  1.56
 1  60.30  0.84  1  1  4.62
 0  67.05  0.86  0  0  0.96
 1  82.58  0.40  1  1  1.31
 1  87.33  1.11  0  0  0.69
 0  69.02  1.00  0  0  3.24
 0  62.54  1.06  0  0  1.36
 1  64.69  1.16  1  1  0.85
 0  60.30  0.84  0  0  1.30
 0  92.95  0.71  1  1  1.56
 0  97.46  0.51  1  1  1.29
 0  60.30  0.73  0  0  1.88
 0  87.33  1.11  1  0  1.00
 1  82.58  1.17  0  1  1.23
 1  61.05  0.62  1  1  1.40
 0  61.05  0.62  0  0  2.92
 1  82.53  0.61  0  0  1.32
 1  72.67  1.11  0  1  1.04
 1  82.53  0.96  0  1 10.43
 1  85.75  1.34  0  1  1.08
 0  92.95  0.86  1  0  1.40
 1  95.31  1.16  0  1  0.70
 0  60.30  0.84  0  0  1.97
 1  92.95  0.86  0  1  1.35
 1  92.56  1.24  0  1  1.11
 0  87.33  1.11  1  0  1.53
 0  86.10  0.71  1  0  1.35
 1  73.90  0.86  0  1  1.54
 1  77.47  0.61  1  0  1.28
 1  90.98  0.57  0  1  7.47
 1  99.70  0.84  0  1  1.54
 1  67.05  0.71  1  0  3.68
 1  64.69  0.42  1  1  0.95
 0  70.67  1.30  0  1  1.29
 1  89.33  0.27  1  1  1.18
 1  82.58  1.17  0  1  1.49
 0  85.75  1.34  1  0  1.02
 1  77.47  0.61  0  0  1.14
 0  70.67  0.27  0  0  0.81
 1  70.67  0.27  1  1  1.38
 0  82.58  1.17  1  0  0.85
 1  98.95  0.95  0  1  5.12
 1  82.53  0.61  1  0  1.05
 1  61.05  0.95  1  1  1.16
 1  64.69  1.16  1  1  0.92
 0  62.54  0.51  0  0  1.44
 0  81.94  1.37  1  0  0.90
 0  67.05  0.86  0  1  1.41
 0  85.75  0.23  0  1  1.21
 0  92.95  0.71  1  1  4.33
 1  77.42  1.17  0  1  1.30
 1  82.58  0.40  1  1  1.60
 0  69.02  1.00  0  0  1.41
 0  82.53  0.96  1  0  1.93
 1  69.02  1.00  1  0  3.33
 0  97.46  0.51  1  1  1.09
 0  62.54  1.06  0  0  0.98
 1  99.70  0.73  0  1  2.03
 0  97.46  1.06  1  0  1.18
 0  82.58  0.40  0  1  1.39
 1  61.05  0.62  1  1  1.58
 0  72.67  0.46  0  0  1.07
 1  82.53  0.61  0  0  0.81
 0  95.31  0.42  1  1  1.45
 0  95.31  1.16  1  0  1.65
 1  85.75  0.23  1  1  1.04
 1  87.33  0.46  1  1  1.22
 1  74.25  1.34  0  1  2.22
 1  86.10  0.71  0  1  1.24
 1  73.90  0.71  0  1  9.81
 0  98.95  0.62  1  0  3.10
 0  89.33  1.30  1  0  1.40
 0  78.06  0.21  0  0  1.84
 0  89.33  0.27  0  0  0.66
 1  89.33  1.30  0  1  1.27
 0  70.67  1.30  1  1  3.66
 1  77.42  0.40  1  1  1.59
 1  77.47  0.96  0  1  1.61
 0  61.05  0.95  0  0  1.28
 0  77.42  0.40  0  0  1.48
 0  67.44  1.24  1  1  1.77
 1  92.56  0.33  1  1  1.23
 1  73.90  0.86  1  0  2.20
 0  78.06  1.37  1  0  1.18
 1  62.54  1.06  1  1  1.18
 1  97.46  1.06  0  1  1.72
 0  90.98  0.57  1  1  2.24
 1  62.54  0.51  1  1  1.69
 0  95.31  0.42  0  0  1.18
 1  67.44  0.33  1  1  1.11
 0  77.47  0.96  1  0  0.81
 1  67.05  0.86  1  1  1.09
 0  67.44  0.33  0  0  0.75
 1  72.67  0.46  1  1  0.85
 0  67.05  0.71  0  0  0.81
 0  77.42  1.17  1  0  1.78
 1  98.95  0.62  0  0  2.36
 0  64.69  0.42  0  0  1.56
 0  99.70  0.73  1  1  1.33
 1  78.06  1.37  0  1  1.60
 1  90.98  1.00  0  1  2.08
 1  74.25  0.23  1  1  2.02
 0  74.25  0.23  0  0  1.44
 1  81.94  0.21  1  1  1.14
 0  67.44  1.24  0  1  1.86
 0  97.46  0.51  0  0  1.93
 1  72.67  1.11  0  1  1.84
 0  87.33  0.46  0  0  1.19
 0  72.67  1.11  1  0  1.29
 0  92.56  0.33  0  0  1.13
 1  73.90  0.71  1  1  2.36
 0  64.69  1.16  0  0  0.94
 1  87.33  1.11  0  1  1.62
 0  86.10  0.86  1  1  2.20
 0  90.98  1.00  1  0  1.04
 0  99.70  0.84  1  0  1.06
 1  60.30  0.73  1  1  1.29
 1  86.10  0.86  0  1  1.35
 0  69.02  0.57  0  0  2.42
 0  81.94  0.21  0  0  1.03
 0  92.56  1.24  1  0  1.03
 1  60.30  0.84  1  1  1.29
 0  61.05  0.62  0  0  1.55
 1  69.02  0.57  1  1  1.85
 0  74.25  1.34  1  0  2.94
 1  81.94  1.37  0  1  5.53
 1  92.95  0.71  0  1  1.15
 1  78.06  0.21  1  1  5.05
 0  98.95  0.95  1  0  1.40
 0  60.30  0.73  0  0  1.27
