 1  72.67  1.11  0  0  1.47
 0  67.05  0.86  0  0  2.05
 0  67.44  0.33  0  1  3.76
 2  87.33  1.11  1  0  3.69
 3  77.42  0.40  1  2  2.30
 1  73.90  0.86  0  0  1.24
 2  86.10  0.86  1  3  8.30
 0  92.56  0.33  0  0  3.97
 0  64.69  1.16  0  0  1.22
 3  72.67  0.46  1  3  5.76
 0  69.02  1.00  0  0  0.93
 2  92.95  0.71  1  3  1.39
 2  86.10  0.71  1  1  3.94
 0  81.94  0.21  0  0  0.85
 3  85.75  0.23  1  2  1.20
 1  82.53  0.96  0  0  2.36
 1  90.98  1.00  0  0  6.63
 1  87.33  1.11  0  3  8.06
 2  97.46  1.06  1  2  3.22
 2  85.75  1.34  1  2  1.65
 3  69.02  1.00  1  1  6.03
 1  92.95  0.71  0  0  1.01
 1  99.70  0.73  0  3  1.57
 2  77.47  0.96  1  2  1.80
 2  78.06  1.37  1  2  2.18
 1  97.46  1.06  0  0  0.89
 3  82.53  0.61  1  3  2.32
 3  67.44  0.33  1  3  0.67
 1  77.47  0.61  0  0  2.28
 3  89.33  0.27  1  3  3.93
 2  95.31  1.16  1  2  5.68
 0  77.42  0.40  0  0  1.55
 2  82.53  0.96  1  3  3.30
 3  77.47  0.61  1  2  7.38
 1  77.47  0.96  0  0  1.79
 3  61.05  0.95  1  3  2.30
 1  86.10  0.86  0  1  2.03
 1  85.75  1.34  0  1  0.98
 2  82.58  1.17  1  3  1.51
 0  62.54  1.06  0  3  1.00
 3  82.58  0.40  1  2  2.67
 0  60.30  0.73  0  1  2.06
 2  97.46  0.51  1  3  4.11
 0  67.05  0.71  0  0  1.17
 3  87.33  0.46  1  2  1.94
 2  90.98  0.57  1  3  1.22
 1  73.90  0.71  0  0  1.40
 0  61.05  0.62  0  0  9.06
 2  92.56  1.24  1  3 10.44
 2  92.95  0.86  1  3  2.09
 1  98.95  0.62  0  1  1.63
 3  62.54  1.06  1  2  2.74
 0  85.75  0.23  0  1  3.79
 2  89.33  1.30  1  2  3.61
 3  61.05  0.62  1  0  2.66
 1  82.58  1.17  0  0  1.77
 3  78.06  0.21  1  2  4.06
 0  61.05  0.95  0  0 11.95
 2  67.44  1.24  1  2  6.61
 3  69.02  0.57  1  2  1.17
 0  78.06  0.21  0  1  1.05
 3  62.54  0.51  1  0  1.21
 1  74.25  1.34  0  1  2.10
 2  72.67  1.11  1  2  1.30
 0  87.33  0.46  0  1  1.98
 3  73.90  0.71  1  1  1.82
 0  89.33  0.27  0  1  2.83
 3  67.05  0.71  1  1  5.05
 0  62.54  0.51  0  0  1.43
 2  95.31  0.42  1  3  3.05
 2  99.70  0.84  1  2  0.92
 1  77.42  1.17  0  1  3.36
 0  60.30  0.84  0  0  0.80
 3  74.25  0.23  1  3  2.13
 1  98.95  0.95  0  1  4.00
 3  67.05  0.86  1  3  4.66
 1  78.06  1.37  0  2 10.66
 0  70.67  0.27  0  0  1.03
 2  99.70  0.73  1  3  2.15
 1  92.95  0.86  0  1  2.01
 3  60.30  0.84  1  0  0.83
 1  82.53  0.61  0  1  2.26
 2  74.25  1.34  1  2  4.40
 0  74.25  0.23  0  1  1.71
 1  86.10  0.71  0  1  2.82
 3  73.90  0.86  1  2  2.26
 3  92.56  0.33  1  3 16.18
 1  95.31  1.16  0  1  3.57
 3  64.69  0.42  1  2  1.74
 0  69.02  0.57  0  0  1.81
 0  95.31  0.42  0  1  2.21
 0  82.58  0.40  0  1  1.47
 2  90.98  1.00  1  3  3.24
 3  81.94  0.21  1  2  5.74
 1  89.33  1.30  0  1  1.40
 0  72.67  0.46  0  0  0.87
 0  67.44  1.24  0  0  1.34
 1  92.56  1.24  0  1  1.79
 0  97.46  0.51  0  1  0.69
 3  64.69  1.16  1  0  2.03
 1  90.98  0.57  0  1  2.34
 2  81.94  1.37  1  2  1.78
 3  70.67  0.27  1  2  0.94
 3  60.30  0.73  1  3  1.64
 0  64.69  0.42  0  0  1.30
 2  77.42  1.17  1  3  1.30
 2  98.95  0.62  1  3  0.99
 1  99.70  0.84  0  1  1.12
 1  81.94  1.37  0  1 29.24
 2  98.95  0.95  1  3 14.42
 0  70.67  1.30  0  0  1.44
 2  70.67  1.30  1  3  2.45
 0  72.67  0.46  0  0  2.34
 1  81.94  1.37  0  1  2.47
 3  70.67  0.27  1  0  7.49
 3  64.69  1.16  1  2  4.25
 1  90.98  0.57  0  1  1.28
 0  92.56  0.33  0  1  0.94
 3  61.05  0.95  1  2  2.58
 2  72.67  1.11  1  0  3.93
 3  92.56  0.33  1  2  2.17
 1  97.46  1.06  0  1  0.85
 2  90.98  1.00  1  3  1.84
 3  62.54  1.06  1  2  2.89
 1  77.47  0.61  0  0  2.11
 3  67.44  0.33  1  2  9.72
 2  77.47  0.96  1  2  1.75
 3  61.05  0.62  1  0  1.57
 0  61.05  0.62  0  0  1.01
 3  82.53  0.61  1  2  2.68
 0  97.46  0.51  0  1  1.09
 0  81.94  0.21  0  1  1.14
 3  82.58  0.40  1  1  1.77
 0  64.69  0.42  0  0  0.96
 2  67.44  1.24  1  3  2.25
 1  78.06  1.37  0  1  0.82
 3  73.90  0.86  1  2  2.04
 2  82.58  1.17  1  2  1.31
 3  60.30  0.73  1  3  6.98
 3  69.02  0.57  1  3  3.15
 1  77.42  1.17  0  1  1.26
 1  86.10  0.71  0  1  1.75
 1  74.25  1.34  0  0 10.84
 0  69.02  1.00  0  0  0.91
 0  62.54  0.51  0  0  1.24
 0  67.44  1.24  0  0  2.52
 3  78.06  0.21  1  2  1.42
 3  73.90  0.71  1  3  1.85
 1  85.75  1.34  0  1  1.16
 3  67.05  0.71  1  3  0.87
 0  77.42  0.40  0  2  1.74
 2  92.95  0.71  1  2  1.10
 1  92.95  0.86  0  1  1.21
 0  74.25  0.23  0  1  1.29
 0  60.30  0.73  0  0  0.93
 2  90.98  0.57  1  2  0.86
 2  99.70  0.73  1  2  0.92
 1  92.95  0.71  0  1  1.38
 3  85.75  0.23  1  2  0.72
 3  74.25  0.23  1  3  1.28
 1  90.98  1.00  0  1  0.83
 1  99.70  0.73  0  1  0.79
 2  77.42  1.17  1  3  2.71
 1  82.53  0.61  0  1  2.22
 0  85.75  0.23  0  1  1.12
 2  82.53  0.96  1  3  2.65
 2  92.56  1.24  1  2  0.90
 2  86.10  0.86  1  2  1.03
 2  92.95  0.86  1  2  1.02
 3  89.33  0.27  1  2  0.74
 0  67.44  0.33  0  0  1.62
 0  60.30  0.84  0  0  1.01
 2  78.06  1.37  1  2  3.40
 0  62.54  1.06  0  0  0.96
 0  67.05  0.86  0  0  1.07
 3  60.30  0.84  1  0  1.93
 0  61.05  0.95  0  0  1.09
 0  70.67  1.30  0  1  3.32
 1  73.90  0.86  0  1  1.00
 1  95.31  1.16  0  1  1.30
 1  92.56  1.24  0  1  0.76
 0  64.69  1.16  0  0  1.21
 3  62.54  0.51  1  3  0.76
 2  81.94  1.37  1  2  1.26
 3  64.69  0.42  1  3  1.31
 2  86.10  0.71  1  2  0.86
 0  89.33  0.27  0  1  1.81
 3  77.47  0.61  1  2  4.46
 1  82.58  1.17  0  1  1.07
 3  69.02  1.00  1  3  1.46
 2  74.25  1.34  1  3  0.74
 3  87.33  0.46  1  2  0.76
 2  95.31  0.42  1  2  0.79
 2  97.46  0.51  1  2  0.58
 1  87.33  1.11  0  1  1.38
 3  72.67  0.46  1  3  1.74
 2  99.70  0.84  1  1  2.00
 1  86.10  0.86  0  1  1.15
 1  99.70  0.84  0  1  1.39
 2  98.95  0.62  1  2  1.32
 3  81.94  0.21  1  3  2.29
 1  89.33  1.30  0  1  2.10
 1  98.95  0.95  0  1  1.15
 0  78.06  0.21  0  0  3.11
 1  72.67  1.11  0  0  1.27
 2  85.75  1.34  1  2  2.61
 2  89.33  1.30  1  2  0.86
 2  98.95  0.95  1  2  1.70
 0  69.02  0.57  0  0  1.10
 0  82.58  0.40  0  1  2.86
 0  95.31  0.42  0  1  0.94
 1  98.95  0.62  0  1  1.00
 0  70.67  0.27  0  0  1.38
 1  82.53  0.96  0  0  2.07
 2  70.67  1.30  1  3  1.78
 0  67.05  0.71  0  0  0.96
 2  97.46  1.06  1  2  1.38
 2  95.31  1.16  1  2  0.97
 3  67.05  0.86  1  3  1.15
 0  87.33  0.46  0  1  1.21
 3  77.42  0.40  1  3  2.28
 1  77.47  0.96  0  0  1.74
 2  87.33  1.11  1  2  1.75
 1  73.90  0.71  0  0  1.24
 1  95.31  1.16  0  1  1.84
 1  86.10  0.86  0  1  4.51
 3  85.75  0.23  1  2  2.57
 0  60.30  0.73  0  0  1.05
 0  81.94  0.21  0  1  3.63
 0  62.54  1.06  0  0  1.06
 1  85.75  1.34  0  2  1.25
 2  95.31  1.16  1  2  0.88
 1  99.70  0.84  0  1  1.21
 0  67.44  0.33  0  0  0.90
 0  77.42  0.40  0  0  1.46
 1  86.10  0.71  0  1  4.79
 2  99.70  0.73  1  2  1.07
 2  98.95  0.95  1  2  1.30
 2  81.94  1.37  1  2  3.57
 2  89.33  1.30  1  2  0.82
 0  87.33  0.46  0  1  2.34
 3  82.58  0.40  1  2  3.56
 1  77.42  1.17  0  3  1.19
 1  82.53  0.96  0  1  2.48
 3  77.47  0.61  1  3  2.06
 2  90.98  0.57  1  2  1.68
 0  97.46  0.51  0  1  1.20
 1  87.33  1.11  0  1  1.57
 3  70.67  0.27  1  3  1.62
 2  92.56  1.24  1  2  1.77
 2  77.42  1.17  1  3  1.45
 2  87.33  1.11  1  2  1.01
 0  82.58  0.40  0  1  4.15
 3  67.05  0.86  1  3  1.09
 2  97.46  1.06  1  2  1.72
 2  92.95  0.86  1  2  2.16
 3  92.56  0.33  1  2  1.21
 1  92.95  0.71  0  1  1.39
 3  69.02  1.00  1  3  1.67
 3  77.42  0.40  1  3  0.97
 0  67.05  0.71  0  0  1.07
 2  95.31  0.42  1  2  2.08
 2  72.67  1.11  1  3  1.18
 0  69.02  1.00  0  0  0.99
 3  74.25  0.23  1  3  1.97
 0  62.54  0.51  0  0  1.45
 3  82.53  0.61  1  2  3.42
 2  98.95  0.62  1  2  0.86
 3  78.06  0.21  1  2  1.75
 1  82.53  0.61  0  1  2.48
 2  82.58  1.17  1  2  1.56
 2  70.67  1.30  1  3  1.68
 0  95.31  0.42  0  1  1.71
 1  78.06  1.37  0  1  1.40
 3  64.69  0.42  1  3  2.44
 0  92.56  0.33  0  1  1.85
 3  64.69  1.16  1  3  1.63
 0  64.69  1.16  0  0  1.08
 2  78.06  1.37  1  2  3.22
 0  64.69  0.42  0  0  1.07
 1  73.90  0.86  0  1  2.65
 1  74.25  1.34  0  2  1.49
 3  73.90  0.86  1  1  2.67
 0  61.05  0.62  0  0  0.84
 0  85.75  0.23  0  1  2.27
 3  62.54  0.51  1  3  1.27
 0  67.05  0.86  0  1  1.93
 0  78.06  0.21  0  1  1.17
 2  90.98  1.00  1  2  1.46
 1  81.94  1.37  0  1  2.01
 3  87.33  0.46  1  2  3.22
 3  69.02  0.57  1  3  3.01
 3  61.05  0.62  1  3  1.11
 0  74.25  0.23  0  0  1.40
 0  70.67  0.27  0  0  1.24
 2  74.25  1.34  1  2  4.33
 1  98.95  0.95  0  1  1.46
 1  92.95  0.86  0  1  1.38
 0  69.02  0.57  0  0  0.98
 2  85.75  1.34  1  2  1.74
 0  67.44  1.24  0  0  1.82
 3  60.30  0.84  1  3  1.37
 1  92.56  1.24  0  1  1.73
 1  82.58  1.17  0  1  2.02
 0  89.33  0.27  0  0  3.51
 3  67.05  0.71  1  3  1.58
 3  67.44  0.33  1  3  1.34
 1  99.70  0.73  0  1  1.97
 1  77.47  0.61  0  1  1.74
 1  89.33  1.30  0  1  1.69
 3  89.33  0.27  1  0  2.39
 0  60.30  0.84  0  0  1.10
 3  72.67  0.46  1  3  2.23
 2  82.53  0.96  1  2  1.47
 3  62.54  1.06  1  3  1.33
 0  70.67  1.30  0  0  1.53
 1  73.90  0.71  0  1  2.53
 2  92.95  0.71  1  2  3.29
 1  90.98  0.57  0  1  2.02
 3  73.90  0.71  1  3  1.37
 2  86.10  0.86  1  2  2.08
 1  77.47  0.96  0  1  2.08
 0  72.67  0.46  0  0  1.27
 1  90.98  1.00  0  1  1.80
 2  86.10  0.71  1  2  1.26
 2  77.47  0.96  1  2  0.98
 0  61.05  0.95  0  0  1.52
 3  60.30  0.73  1  3  1.14
 2  67.44  1.24  1  2  1.41
 1  98.95  0.62  0  1  2.61
 2  99.70  0.84  1  2  1.29
 1  97.46  1.06  0  1  1.93
 1  72.67  1.11  0  0  1.69
 3  61.05  0.95  1  3  1.45
 2  97.46  0.51  1  2  6.26
 3  81.94  0.21  1  2  3.10
 2  82.58  1.17  1  2  3.69
 3  61.05  0.62  1  3  0.98
 3  87.33  0.46  1  2  1.88
 0  69.02  0.57  0  1  1.40
 1  82.53  0.61  0  1  0.78
 0  95.31  0.42  0  1  2.90
 3  69.02  1.00  1  3  1.99
 0  70.67  1.30  0  0  1.49
 0  64.69  0.42  0  0  0.67
 3  77.47  0.61  1  2  1.72
 3  74.25  0.23  1  3  1.25
 0  89.33  0.27  0  0  2.43
 3  73.90  0.71  1  3  1.82
 1  78.06  1.37  0  0  3.93
 2  92.95  0.71  1  2  1.42
 3  62.54  1.06  1  3  1.12
 2  85.75  1.34  1  2  2.80
 1  89.33  1.30  0  1  1.08
 2  81.94  1.37  1  2  1.59
 2  82.53  0.96  1  2  1.09
 1  86.10  0.86  0  1  1.84
 1  82.53  0.96  0  1  0.92
 3  60.30  0.73  1  3  1.33
 1  90.98  0.57  0  1  1.98
 3  61.05  0.95  1  3  0.98
 2  95.31  1.16  1  2  3.81
 2  90.98  0.57  1  2  2.63
 2  86.10  0.71  1  2  1.17
 0  70.67  0.27  0  0  0.98
 0  60.30  0.73  0  0  0.73
 2  97.46  1.06  1  2  1.48
 3  78.06  0.21  1  3  2.26
 3  72.67  0.46  1  3  0.61
 0  81.94  0.21  0  0  2.02
 1  81.94  1.37  0  1  1.14
 3  60.30  0.84  1  3  1.04
 3  67.44  0.33  1  3  1.01
 0  97.46  0.51  0  1  1.39
 3  70.67  0.27  1  3  1.75
 2  92.95  0.86  1  2  2.63
 3  67.05  0.86  1  3  1.57
 2  78.06  1.37  1  2  1.44
 1  73.90  0.86  0  1  1.52
 3  82.58  0.40  1  3  5.06
 0  74.25  0.23  0  0  1.31
 0  61.05  0.95  0  0  0.87
 2  67.44  1.24  1  3  1.09
 3  67.05  0.71  1  3  1.03
 2  89.33  1.30  1  2  3.12
 2  87.33  1.11  1  2  0.72
 1  74.25  1.34  0  1  2.38
 1  77.47  0.96  0  1  0.96
 1  92.56  1.24  0  1  0.85
 2  97.46  0.51  1  2  1.81
 0  82.58  0.40  0  0  2.99
 2  77.42  1.17  1  2  2.58
 2  99.70  0.73  1  2  1.39
 2  77.47  0.96  1  3  2.24
 3  62.54  0.51  1  3  0.73
 3  64.69  1.16  1  3  0.70
 1  98.95  0.62  0  1  1.22
 2  72.67  1.11  1  2  1.69
 0  78.06  0.21  0  0  2.58
 0  72.67  0.46  0  0  0.69
 2  98.95  0.62  1  2  2.01
 1  95.31  1.16  0  1  1.23
 0  64.69  1.16  0  0  1.16
 0  67.44  0.33  0  0  0.56
 1  72.67  1.11  0  1  1.43
 2  99.70  0.84  1  2  1.81
 3  81.94  0.21  1  3  1.89
 2  70.67  1.30  1  3  0.59
 0  67.05  0.71  0  0  0.89
 3  89.33  0.27  1  3  3.76
 0  92.56  0.33  0  1  1.77
 0  87.33  0.46  0  1  1.75
 3  69.02  0.57  1  3  1.53
 3  82.53  0.61  1  2  2.82
 0  67.44  1.24  0  0  1.78
 1  97.46  1.06  0  1  1.71
 0  60.30  0.84  0  0  0.73
 0  62.54  1.06  0  0  0.54
 1  90.98  1.00  0  1  0.94
 0  85.75  0.23  0  0  3.35
 3  92.56  0.33  1  2  1.88
 1  77.42  1.17  0  1  1.46
 1  73.90  0.71  0  0  2.57
 2  98.95  0.95  1  2  1.70
 1  85.75  1.34  0  1  1.99
 0  77.42  0.40  0  0  1.29
 0  61.05  0.62  0  0  0.63
 2  95.31  0.42  1  2  1.94
 1  86.10  0.71  0  1  1.75
 1  99.70  0.84  0  1  1.79
 0  62.54  0.51  0  0  0.77
 1  98.95  0.95  0  1  0.95
 3  85.75  0.23  1  3  1.27
 1  92.95  0.71  0  1  1.56
 3  77.42  0.40  1  3  1.58
 2  92.56  1.24  1  2  0.98
 0  69.02  1.00  0  0  1.76
 1  92.95  0.86  0  1  1.28
 1  77.47  0.61  0  1  2.07
 3  64.69  0.42  1  3  1.23
 1  87.33  1.11  0  1  2.21
 2  74.25  1.34  1  3  1.04
 3  73.90  0.86  1  2  2.49
 1  99.70  0.73  0  1  2.11
 2  86.10  0.86  1  2  1.72
 0  67.05  0.86  0  0  0.78
 2  90.98  1.00  1  2  1.15
 1  82.58  1.17  0  1  1.09
 0  82.58  0.40  0  0  4.41
 0  70.67  1.30  0  0  0.69
 0  74.25  0.23  0  0  0.64
 0  81.94  0.21  0  0  1.75
 3  70.67  0.27  1  3  1.17
 0  72.67  0.46  0  0  0.86
 0  61.05  0.62  0  0  0.93
 2  89.33  1.30  1  2  1.63
 2  72.67  1.11  1  3  1.15
 1  73.90  0.86  0  0  1.99
 2  85.75  1.34  1  2  1.66
 2  70.67  1.30  1  3  1.84
 2  98.95  0.62  1  3  1.82
 3  61.05  0.95  1  3  0.98
 3  69.02  0.57  1  3  1.56
 1  86.10  0.86  0  1  1.28
 0  61.05  0.95  0  0  0.88
 0  87.33  0.46  0  1  4.01
 3  81.94  0.21  1  3  1.53
 3  67.05  0.71  1  3  1.09
 1  92.95  0.86  0  1  1.96
 1  92.95  0.71  0  1  1.16
 3  82.53  0.61  1  2  2.19
 0  95.31  0.42  0  1  1.68
 1  85.75  1.34  0  1  0.97
 3  67.44  0.33  1  3  0.96
 3  62.54  1.06  1  3  0.72
 3  77.42  0.40  1  2  2.01
 3  73.90  0.86  1  2  1.39
 3  87.33  0.46  1  2  3.51
 0  69.02  0.57  0  0  1.65
 1  77.47  0.61  0  1  2.07
 2  92.95  0.71  1  2  1.81
 2  95.31  0.42  1  2  0.98
 3  67.05  0.86  1  3  1.30
 2  81.94  1.37  1  2  2.05
 0  64.69  1.16  0  0  0.81
 0  64.69  0.42  0  0  0.84
 2  67.44  1.24  1  3  1.30
 1  98.95  0.95  0  1  1.70
 1  77.47  0.96  0  1  1.15
 0  67.05  0.71  0  0  1.06
 1  86.10  0.71  0  1  1.28
 2  77.47  0.96  1  2  1.64
 3  74.25  0.23  1  3  2.03
 0  89.33  0.27  0  0  3.87
 2  90.98  0.57  1  2  2.00
 0  67.44  1.24  0  0  1.30
 0  60.30  0.73  0  0  0.69
 2  74.25  1.34  1  2  1.30
 2  87.33  1.11  1  2  1.79
 1  99.70  0.84  0  1  2.40
 1  82.58  1.17  0  1  1.87
 0  85.75  0.23  0  0  1.07
 0  69.02  1.00  0  0  1.07
 2  86.10  0.71  1  2  1.48
 3  64.69  1.16  1  3  0.74
 0  77.42  0.40  0  1  2.02
 3  60.30  0.84  1  3  0.93
 1  99.70  0.73  0  1  1.88
 1  74.25  1.34  0  1  1.11
 3  60.30  0.73  1  3  1.10
 3  64.69  0.42  1  3  0.74
 1  98.95  0.62  0  1  1.21
 2  92.95  0.86  1  2  1.23
 2  86.10  0.86  1  2  7.64
 3  82.58  0.40  1  2  1.12
 2  99.70  0.84  1  2  0.87
 2  92.56  1.24  1  2  0.80
 1  95.31  1.16  0  1  1.76
 1  97.46  1.06  0  1  0.98
 3  89.33  0.27  1  3  4.97
 1  87.33  1.11  0  1  1.01
 3  72.67  0.46  1  3  1.51
 2  99.70  0.73  1  2  1.80
 3  77.47  0.61  1  2  3.58
 1  82.53  0.96  0  1  1.60
 3  78.06  0.21  1  3  2.66
 1  90.98  0.57  0  1  1.57
 2  82.58  1.17  1  2  3.09
 0  67.05  0.86  0  0  1.34
 1  82.53  0.61  0  1  1.99
 0  62.54  0.51  0  0  0.51
 3  69.02  1.00  1  3  0.83
 2  95.31  1.16  1  2  1.48
 1  90.98  1.00  0  1  0.92
 1  73.90  0.71  0  0  0.77
 3  61.05  0.62  1  3  0.89
 1  72.67  1.11  0  0  0.77
 1  92.56  1.24  0  1  2.53
 3  62.54  0.51  1  3  0.98
 1  77.42  1.17  0  1  2.00
 2  77.42  1.17  1  2  2.16
 1  81.94  1.37  0  1  1.65
 2  97.46  1.06  1  2  2.41
 0  92.56  0.33  0  0  3.78
 2  78.06  1.37  1  2  1.43
 2  98.95  0.95  1  2  1.66
 0  78.06  0.21  0  0  2.33
 0  70.67  0.27  0  0  0.65
 1  78.06  1.37  0  1  0.96
 3  73.90  0.71  1  2  1.34
 3  92.56  0.33  1  2  1.00
 2  90.98  1.00  1  2  0.69
 2  82.53  0.96  1  2  1.25
 0  67.44  0.33  0  0  0.81
 0  97.46  0.51  0  1  1.79
 1  89.33  1.30  0  1  0.75
 3  85.75  0.23  1  3  1.70
 0  62.54  1.06  0  0  0.66
 0  60.30  0.84  0  0  1.63
 2  97.46  0.51  1  2  5.16
