 2  87.33  1.11  1  0  2.52
 1  89.33  1.30  0  0  6.38
 3  73.90  0.71  1  0  3.78
 2  81.94  1.37  1  1  2.56
 3  78.06  0.21  1  0  1.34
 2  98.95  0.95  1  1  3.61
 2  92.95  0.71  1  2  0.75
 3  92.56  0.33  1  0  2.95
 2  99.70  0.84  1  2  2.03
 1  82.53  0.61  0  1  2.40
 1  73.90  0.71  0  1  1.17
 2  77.42  1.17  1  3  1.74
 1  81.94  1.37  0  2  8.17
 1  85.75  1.34  0  1  0.86
 3  81.94  0.21  1  3  1.76
 1  92.95  0.71  0  2  2.39
 3  72.67  0.46  1  0  3.08
 3  64.69  0.42  1  0  3.00
 0  70.67  1.30  0  1  1.59
 0  81.94  0.21  0  1  0.85
 0  87.33  0.46  0  1  0.96
 2  95.31  0.42  1  3  2.56
 0  60.30  0.84  0  0  1.14
 2  92.95  0.86  1  1  7.58
 1  77.42  1.17  0  1  1.51
 3  85.75  0.23  1  2  2.57
 0  61.05  0.62  0  3  1.46
 1  98.95  0.95  0  1  1.20
 1  92.95  0.86  0  1  3.22
 0  64.69  0.42  0  1  2.17
 1  98.95  0.62  0  1  0.70
 0  72.67  0.46  0  0  0.88
 1  99.70  0.73  0  1  0.51
 0  60.30  0.73  0  0  1.59
 3  67.05  0.86  1  2  4.81
 1  77.47  0.96  0  0  1.11
 0  69.02  1.00  0  3  2.69
 3  62.54  1.06  1  3  1.64
 0  78.06  0.21  0  1  3.00
 0  92.56  0.33  0  1  0.79
 0  62.54  1.06  0  0  0.89
 1  82.53  0.96  0  1  2.56
 3  73.90  0.86  1  1  4.13
 2  99.70  0.73  1  1  1.76
 1  90.98  1.00  0  1  1.08
 2  90.98  0.57  1  2  7.10
 0  70.67  0.27  0  0  1.54
 0  67.44  0.33  0  3  4.12
 3  74.25  0.23  1  3  1.76
 3  64.69  1.16  1  3  1.30
 2  97.46  1.06  1  3  1.99
 0  97.46  0.51  0  1  1.51
 0  67.05  0.86  0  0  1.39
 0  89.33  0.27  0  2  2.44
 0  69.02  0.57  0  0  3.34
 3  62.54  0.51  1  0  0.74
 3  82.53  0.61  1  0  5.12
 0  77.42  0.40  0  0  1.36
 2  85.75  1.34  1  3  4.05
 3  70.67  0.27  1  3  1.96
 2  95.31  1.16  1  0 12.95
 1  78.06  1.37  0  2  2.17
 0  61.05  0.95  0  0  1.33
 0  74.25  0.23  0  0  2.73
 0  64.69  1.16  0  1  2.32
 3  61.05  0.95  1  3  3.27
 2  86.10  0.71  1  3  5.81
 2  92.56  1.24  1  3  3.85
 0  95.31  0.42  0  1  1.38
 3  89.33  0.27  1  1  0.68
 2  78.06  1.37  1  3 11.92
 1  77.47  0.61  0  1  1.73
 3  69.02  1.00  1  0  2.61
 2  82.58  1.17  1  0  2.03
 2  86.10  0.86  1  2  4.45
 0  85.75  0.23  0  1  1.07
 2  90.98  1.00  1  1  3.20
 3  60.30  0.73  1  2  7.96
 2  74.25  1.34  1  3  3.80
 1  92.56  1.24  0  1  1.17
 3  61.05  0.62  1  2  7.29
 0  62.54  0.51  0  0  7.05
 3  77.47  0.61  1  0  6.86
 3  69.02  0.57  1  2  2.01
 3  67.44  0.33  1  1  1.46
 3  60.30  0.84  1  0  2.25
 2  72.67  1.11  1  2  1.76
 2  77.47  0.96  1  1  2.37
 2  67.44  1.24  1  2  0.77
 1  74.25  1.34  0  1  1.19
 3  87.33  0.46  1  2  3.18
 3  77.42  0.40  1  2  0.82
 1  95.31  1.16  0  1  1.51
 1  87.33  1.11  0  1  0.86
 0  67.05  0.71  0  0  1.22
 1  90.98  0.57  0  1  0.75
 0  82.58  0.40  0  2  3.46
 2  70.67  1.30  1  3  2.98
 1  97.46  1.06  0  1  1.73
 2  98.95  0.62  1  2  3.21
 2  89.33  1.30  1  3  4.19
 1  82.58  1.17  0  1  3.36
 2  97.46  0.51  1  0  3.49
 1  72.67  1.11  0  0  1.37
 2  82.53  0.96  1  0  3.25
 1  73.90  0.86  0  1  1.02
 3  67.05  0.71  1  1  3.10
 0  67.44  1.24  0  2  1.65
 1  86.10  0.86  0  1  0.65
 1  86.10  0.71  0  1  0.81
 1  99.70  0.84  0  1  1.06
 3  82.58  0.40  1  1  3.04
 3  73.90  0.71  1  2 24.14
 3  85.75  0.23  1  3  4.61
 3  89.33  0.27  1  3  0.61
 3  77.42  0.40  1  2  3.61
 2  97.46  1.06  1  3  2.76
 0  69.02  1.00  0  1  0.99
 3  77.47  0.61  1  0  3.46
 2  92.95  0.86  1  1  6.82
 2  85.75  1.34  1  1  1.48
 1  77.47  0.96  0  1  1.44
 1  77.47  0.61  0  1  1.38
 3  62.54  1.06  1  2  3.36
 2  87.33  1.11  1  0  3.39
 0  67.05  0.86  0  1  1.02
 2  97.46  0.51  1  3  2.76
 1  99.70  0.84  0  1  0.78
 0  85.75  0.23  0  0  1.84
 3  81.94  0.21  1  3  1.54
 3  73.90  0.86  1  2 11.97
 0  82.58  0.40  0  1  0.72
 1  85.75  1.34  0  1  1.55
 3  92.56  0.33  1  3  5.31
 2  98.95  0.62  1  3  2.80
 3  64.69  0.42  1  0  2.33
 1  89.33  1.30  0  1  5.70
 3  74.25  0.23  1  3  2.22
 3  70.67  0.27  1  3  0.60
 0  89.33  0.27  0  0  2.42
 1  86.10  0.86  0  1  1.71
 3  82.58  0.40  1  2  7.27
 1  98.95  0.62  0  1  1.37
 1  97.46  1.06  0  1  1.46
 2  92.56  1.24  1  2  4.52
 0  61.05  0.95  0  1  2.57
 1  72.67  1.11  0  1  1.50
 0  92.56  0.33  0  1  2.88
 2  78.06  1.37  1  2  2.51
 3  78.06  0.21  1  3  1.66
 3  61.05  0.62  1  3  2.94
 2  77.47  0.96  1  3  1.32
 3  61.05  0.95  1  2  2.27
 2  99.70  0.73  1  3  2.10
 0  69.02  0.57  0  1  1.44
 1  92.95  0.86  0  1  0.88
 1  98.95  0.95  0  1  0.79
 3  87.33  0.46  1  3  1.44
 1  86.10  0.71  0  1  1.11
 1  92.56  1.24  0  2  3.32
 2  81.94  1.37  1  3  2.21
 1  82.53  0.61  0  1  0.67
 0  77.42  0.40  0  0  2.99
 0  67.44  1.24  0  1  0.86
 0  70.67  1.30  0  1  1.51
 2  82.53  0.96  1  3  1.66
 2  95.31  1.16  1  2  2.00
 2  72.67  1.11  1  3  0.91
 0  97.46  0.51  0  1  0.65
 1  73.90  0.71  0  1  2.31
 2  92.95  0.71  1  3 11.17
 1  90.98  1.00  0  1  1.10
 0  67.44  0.33  0  0  1.48
 0  62.54  0.51  0  0  4.22
 0  64.69  1.16  0  1  4.92
 3  82.53  0.61  1  3  4.08
 0  81.94  0.21  0  0  1.52
 0  67.05  0.71  0  1  0.98
 1  92.95  0.71  0  1  0.76
 0  78.06  0.21  0  0  1.96
 2  90.98  0.57  1  3  6.64
 0  61.05  0.62  0  0  1.61
 0  70.67  0.27  0  0  2.66
 0  64.69  0.42  0  0  1.35
 0  60.30  0.73  0  0  1.31
 1  95.31  1.16  0  1  1.35
 3  60.30  0.73  1  2  6.17
 2  82.58  1.17  1  3  0.86
 3  64.69  1.16  1  3  2.94
 3  62.54  0.51  1  3  2.00
 2  77.42  1.17  1  2  1.36
 1  90.98  0.57  0  1  0.97
 0  74.25  0.23  0  0  1.10
 0  72.67  0.46  0  0  2.58
 2  70.67  1.30  1  2  3.34
 1  87.33  1.11  0  1  1.39
 1  78.06  1.37  0  1  1.27
 1  73.90  0.86  0  1  1.23
 0  60.30  0.84  0  1  2.73
 3  60.30  0.84  1  2  2.40
 3  69.02  1.00  1  2  1.95
 1  82.58  1.17  0  1  1.02
 3  67.44  0.33  1  0  4.24
 3  67.05  0.71  1  3  1.49
 1  99.70  0.73  0  1  0.74
 2  89.33  1.30  1  2  2.21
 2  67.44  1.24  1  2  1.69
 2  90.98  1.00  1  3  2.89
 2  74.25  1.34  1  2  1.54
 0  95.31  0.42  0  1  1.41
 1  74.25  1.34  0  1  1.25
 0  87.33  0.46  0  1  1.90
 1  82.53  0.96  0  1  0.60
 1  77.42  1.17  0  1  1.46
 0  62.54  1.06  0  0  1.83
 3  69.02  0.57  1  3  3.92
 2  95.31  0.42  1  3  2.23
 2  98.95  0.95  1  3  2.39
 2  86.10  0.71  1  3  1.59
 3  67.05  0.86  1  2  1.42
 2  86.10  0.86  1  3  1.16
 1  81.94  1.37  0  1  1.07
 3  72.67  0.46  1  2  2.45
 2  99.70  0.84  1  2  1.76
 3  69.02  0.57  1  3  2.30
 3  61.05  0.95  1  2  2.41
 1  98.95  0.62  0  1  0.91
 0  60.30  0.73  0  0  1.55
 3  62.54  0.51  1  2  3.12
 3  69.02  1.00  1  2  1.28
 0  77.42  0.40  0  0  1.38
 1  77.42  1.17  0  1  1.91
 1  90.98  0.57  0  1  0.78
 3  85.75  0.23  1  3  1.66
 0  69.02  1.00  0  1  1.44
 0  67.44  0.33  0  0  5.50
 3  81.94  0.21  1  3  2.50
 3  72.67  0.46  1  3  3.56
 0  62.54  0.51  0  0  1.25
 0  74.25  0.23  0  0  1.72
 3  73.90  0.71  1  3  2.13
 0  97.46  0.51  0  1  0.77
 1  73.90  0.71  0  1  1.05
 3  82.58  0.40  1  3  1.98
 3  64.69  0.42  1  2  2.88
 1  90.98  1.00  0  1  2.97
 3  67.05  0.71  1  3  1.48
 1  86.10  0.71  0  1  0.84
 0  64.69  1.16  0  0  1.78
 2  81.94  1.37  1  2  2.31
 1  89.33  1.30  0  1  1.88
 3  67.44  0.33  1  3  1.11
 2  82.53  0.96  1  2  2.10
 1  81.94  1.37  0  1  1.07
 3  77.42  0.40  1  3  4.13
 0  72.67  0.46  0  0  1.47
 1  77.47  0.96  0  1  1.83
 2  90.98  1.00  1  3  2.21
 2  77.42  1.17  1  2  1.47
 2  87.33  1.11  1  2  1.41
 1  92.95  0.86  0  1  0.81
 1  78.06  1.37  0  0  3.96
 0  61.05  0.62  0  0  1.21
 3  62.54  1.06  1  2  1.96
 1  97.46  1.06  0  1  0.70
 0  60.30  0.84  0  0  1.87
 1  85.75  1.34  0  1  1.65
 2  97.46  1.06  1  3  2.01
 2  99.70  0.84  1  3  2.08
 0  85.75  0.23  0  0  1.29
 0  62.54  1.06  0  0  1.85
 2  99.70  0.73  1  3  2.52
 0  67.05  0.86  0  1  4.69
 1  92.95  0.71  0  1  0.95
 0  95.31  0.42  0  1  2.30
 0  78.06  0.21  0  0  1.02
 3  61.05  0.62  1  3  4.63
 3  77.47  0.61  1  3  2.17
 2  74.25  1.34  1  2  2.32
 2  72.67  1.11  1  2  1.92
 0  67.44  1.24  0  0  4.04
 1  82.53  0.61  0  1  1.04
 1  74.25  1.34  0  1  1.23
 1  82.53  0.96  0  1  0.89
 3  89.33  0.27  1  3  1.12
 0  70.67  1.30  0  1  1.29
 2  85.75  1.34  1  3  1.19
 1  92.56  1.24  0  1  0.67
 0  67.05  0.71  0  1  0.86
 3  70.67  0.27  1  3  1.18
 2  92.56  1.24  1  3  2.19
 2  89.33  1.30  1  2  1.70
 1  73.90  0.86  0  1  1.45
 1  98.95  0.95  0  1  1.34
 3  78.06  0.21  1  3  1.78
 2  97.46  0.51  1  3  2.56
 2  98.95  0.95  1  3  2.18
 3  67.05  0.86  1  3  1.01
 2  82.58  1.17  1  2  3.11
 3  74.25  0.23  1  3  1.66
 0  82.58  0.40  0  1  1.38
 2  98.95  0.62  1  3  1.36
 3  60.30  0.84  1  2  1.50
 3  60.30  0.73  1  3  0.93
 2  67.44  1.24  1  2  1.56
 1  95.31  1.16  0  1  0.79
 2  78.06  1.37  1  2  3.70
 2  86.10  0.71  1  3  2.43
 1  77.47  0.61  0  1  2.16
 2  92.95  0.86  1  2  3.07
 0  64.69  0.42  0  1  1.70
 3  73.90  0.86  1  2  1.48
 1  87.33  1.11  0  1  1.18
 2  95.31  1.16  1  2  2.50
 1  82.58  1.17  0  1  1.30
 2  92.95  0.71  1  2  3.78
 1  72.67  1.11  0  1  0.78
 2  86.10  0.86  1  2  2.52
 2  77.47  0.96  1  2  0.94
 0  69.02  0.57  0  1  2.62
 3  82.53  0.61  1  2  1.01
 1  86.10  0.86  0  1  0.75
 0  92.56  0.33  0  1  2.02
 0  81.94  0.21  0  0  1.47
 2  95.31  0.42  1  3  2.38
 2  70.67  1.30  1  2  1.70
 0  89.33  0.27  0  1  5.93
 2  90.98  0.57  1  3  1.66
 0  61.05  0.95  0  0  1.39
 3  64.69  1.16  1  2  7.44
 1  99.70  0.73  0  1  0.83
 0  70.67  0.27  0  0  1.78
 3  87.33  0.46  1  3  1.52
 0  87.33  0.46  0  1  0.77
 3  92.56  0.33  1  3  1.63
 1  99.70  0.84  0  1  1.39
 3  62.54  0.51  1  2  5.34
 0  85.75  0.23  0  0  1.47
 1  77.47  0.96  0  1  1.38
 3  85.75  0.23  1  3  1.46
 3  92.56  0.33  1  3  1.27
 1  92.95  0.71  0  1  0.84
 2  97.46  0.51  1  3  1.25
 3  69.02  1.00  1  2  2.20
 2  99.70  0.73  1  2  2.70
 2  98.95  0.95  1  2  1.13
 0  70.67  1.30  0  1  1.04
 3  61.05  0.95  1  2  1.43
 2  77.47  0.96  1  3  6.97
 1  78.06  1.37  0  1  0.81
 0  67.44  0.33  0  0  1.07
 0  69.02  1.00  0  1  0.79
 3  82.58  0.40  1  3  1.36
 1  73.90  0.71  0  1  2.63
 3  87.33  0.46  1  3  8.09
 3  81.94  0.21  1  3  2.52
 2  95.31  1.16  1  2  1.41
 2  90.98  1.00  1  2  2.03
 1  99.70  0.73  0  1  0.74
 3  64.69  1.16  1  2  1.99
 3  70.67  0.27  1  2  2.34
 3  64.69  0.42  1  3  0.71
 2  70.67  1.30  1  2  1.43
 3  73.90  0.86  1  3  2.53
 0  69.02  0.57  0  0  4.22
 1  73.90  0.86  0  1  0.97
 0  64.69  0.42  0  0  1.32
 0  97.46  0.51  0  1  0.76
 2  97.46  1.06  1  2  2.34
 2  98.95  0.62  1  3  1.55
 0  64.69  1.16  0  0  1.26
 1  92.95  0.86  0  1  0.66
 1  87.33  1.11  0  1  0.92
 0  95.31  0.42  0  1  0.95
 0  62.54  0.51  0  0  1.18
 2  87.33  1.11  1  2  2.45
 0  78.06  0.21  0  1  1.27
 0  70.67  0.27  0  0  1.39
 3  82.53  0.61  1  3  3.16
 1  86.10  0.71  0  1  1.59
 0  60.30  0.73  0  1  2.08
 2  78.06  1.37  1  2  2.18
 2  86.10  0.86  1  3  5.16
 0  72.67  0.46  0  1  0.71
 2  82.58  1.17  1  3  1.88
 3  77.42  0.40  1  3  1.23
 1  82.58  1.17  0  1  0.79
 2  90.98  0.57  1  3  4.15
 1  90.98  0.57  0  1  0.98
 0  89.33  0.27  0  1  1.46
 2  72.67  1.11  1  2  6.79
 3  67.05  0.71  1  3  1.17
 1  81.94  1.37  0  1  0.91
 3  67.05  0.86  1  3  3.22
 1  82.53  0.61  0  1  0.81
 3  62.54  1.06  1  2  1.45
 3  73.90  0.71  1  3 11.93
 1  98.95  0.95  0  1  1.22
 3  77.47  0.61  1  3  4.22
 2  92.95  0.86  1  3  2.27
 3  78.06  0.21  1  3  1.14
 2  74.25  1.34  1  2  4.69
 2  67.44  1.24  1  2  0.99
 3  60.30  0.73  1  3  6.14
 0  61.05  0.62  0  0  1.32
 3  89.33  0.27  1  3  3.45
 1  82.53  0.96  0  1  0.73
 2  92.95  0.71  1  2  1.12
 0  60.30  0.84  0  0  1.87
 1  99.70  0.84  0  1  0.58
 0  67.05  0.71  0  1  3.01
 2  77.42  1.17  1  2  1.93
 1  92.56  1.24  0  1  0.50
 1  85.75  1.34  0  1  0.78
 0  81.94  0.21  0  0  1.65
 0  67.44  1.24  0  0  1.14
 1  95.31  1.16  0  1  0.93
 2  99.70  0.84  1  2  1.34
 2  82.53  0.96  1  3  1.84
 1  77.42  1.17  0  1  0.96
 3  60.30  0.84  1  2  1.25
 2  95.31  0.42  1  3  1.63
 2  86.10  0.71  1  3  1.15
 1  77.47  0.61  0  1  1.38
 0  62.54  1.06  0  1  1.30
 3  72.67  0.46  1  3  1.16
 0  74.25  0.23  0  0  1.76
 1  98.95  0.62  0  1  1.81
 1  72.67  1.11  0  1  1.44
 0  82.58  0.40  0  1  1.18
 2  85.75  1.34  1  2  1.17
 1  89.33  1.30  0  1  0.80
 0  77.42  0.40  0  1  2.38
 3  74.25  0.23  1  3  2.08
 2  92.56  1.24  1  2  1.21
 0  87.33  0.46  0  1  1.10
 2  89.33  1.30  1  2  0.89
 1  90.98  1.00  0  1  0.63
 1  97.46  1.06  0  1  0.56
 1  86.10  0.86  0  1  0.71
 0  61.05  0.95  0  0  0.82
 1  74.25  1.34  0  1  1.64
 3  67.44  0.33  1  2  1.35
 0  67.05  0.86  0  0  1.35
 3  61.05  0.62  1  3  1.52
 2  81.94  1.37  1  2  1.25
 0  92.56  0.33  0  0  1.34
 3  69.02  0.57  1  2  1.13
 3  67.44  0.33  1  3  2.06
 3  82.58  0.40  1  2  9.41
 3  87.33  0.46  1  3  1.01
 1  89.33  1.30  0  1  0.78
 2  99.70  0.73  1  3  1.51
 3  85.75  0.23  1  3  8.39
 1  97.46  1.06  0  1  0.60
 3  81.94  0.21  1  3  1.29
 0  64.69  0.42  0  0  0.97
 0  67.44  1.24  0  0  0.77
 3  74.25  0.23  1  3  1.05
 0  70.67  0.27  0  0  1.11
 0  62.54  1.06  0  0  1.19
 1  87.33  1.11  0  1  0.99
 2  97.46  0.51  1  3  5.16
 3  67.05  0.86  1  2  1.06
 1  92.56  1.24  0  1  0.68
 2  89.33  1.30  1  2  2.39
 2  90.98  1.00  1  3  2.91
 3  69.02  1.00  1  2  1.15
 1  82.53  0.96  0  1  0.74
 1  77.42  1.17  0  1  0.70
 0  67.05  0.71  0  1  0.85
 3  92.56  0.33  1  3  1.08
 1  73.90  0.86  0  1  0.77
 2  98.95  0.62  1  3  3.32
 3  64.69  0.42  1  3  4.54
 1  73.90  0.71  0  1  0.62
 3  73.90  0.86  1  3  1.98
 1  77.47  0.96  0  1  0.59
 2  67.44  1.24  1  3  3.48
 3  61.05  0.62  1  3  1.19
 3  89.33  0.27  1  3  2.00
 3  60.30  0.84  1  3  2.01
 1  78.06  1.37  0  1  0.70
 1  90.98  1.00  0  1  0.71
 2  82.58  1.17  1  2  4.70
 1  82.53  0.61  0  2  0.91
 3  73.90  0.71  1  2  3.03
 2  86.10  0.86  1  2  1.79
 0  77.42  0.40  0  0  1.23
 0  89.33  0.27  0  1  1.68
 0  67.05  0.86  0  0  0.67
 1  85.75  1.34  0  1  0.89
 2  98.95  0.95  1  2  3.03
 1  92.95  0.71  0  1  0.98
 3  82.53  0.61  1  2  1.31
 1  86.10  0.71  0  1  0.83
 0  82.58  0.40  0  0  0.92
 0  60.30  0.84  0  0  0.72
 3  69.02  0.57  1  3  9.58
 1  99.70  0.84  0  1  1.14
 2  99.70  0.84  1  2  3.30
 0  67.44  0.33  0  0  1.18
 2  97.46  1.06  1  2  3.07
 0  64.69  1.16  0  0  0.93
 1  74.25  1.34  0  1  1.40
 3  67.05  0.71  1  3  4.93
 0  92.56  0.33  0  0  1.93
 1  81.94  1.37  0  1  3.00
 0  69.02  1.00  0  0  6.32
 1  72.67  1.11  0  0  1.08
 2  77.47  0.96  1  2  1.28
 0  60.30  0.73  0  0  1.18
 1  98.95  0.95  0  1  0.92
 0  97.46  0.51  0  1  2.09
 0  70.67  1.30  0  0  0.67
 1  99.70  0.73  0  1  0.79
 2  92.95  0.86  1  2  1.18
 2  78.06  1.37  1  2  1.98
 3  72.67  0.46  1  3  2.10
 2  87.33  1.11  1  2  1.38
 1  92.95  0.86  0  1  1.35
 0  74.25  0.23  0  0  0.84
 2  92.95  0.71  1  2  1.20
 0  81.94  0.21  0  0  0.80
 2  72.67  1.11  1  2  1.58
 1  98.95  0.62  0  1  0.96
 2  95.31  0.42  1  3  1.52
 0  87.33  0.46  0  1  0.71
 0  95.31  0.42  0  0  1.35
 0  69.02  0.57  0  1  1.77
 0  78.06  0.21  0  0  0.98
 0  85.75  0.23  0  0  0.92
 0  61.05  0.62  0  0  0.77
 3  60.30  0.73  1  2  1.08
 3  78.06  0.21  1  3  2.07
 2  81.94  1.37  1  2  1.88
 1  86.10  0.86  0  1  0.74
 1  82.58  1.17  0  1  0.56
 1  90.98  0.57  0  1  0.67
 0  61.05  0.95  0  0  1.01
 2  85.75  1.34  1  2  1.79
 1  95.31  1.16  0  1  0.75
 0  62.54  0.51  0  0  0.77
 2  77.42  1.17  1  2  0.88
 3  62.54  1.06  1  2  5.80
 3  62.54  0.51  1  2  2.12
 0  72.67  0.46  0  0  1.74
 3  77.42  0.40  1  2  1.44
 2  86.10  0.71  1  2  0.92
 2  74.25  1.34  1  2  1.41
 3  77.47  0.61  1  2  0.99
 1  77.47  0.61  0  1  0.69
 3  61.05  0.95  1  2  3.83
 2  82.53  0.96  1  2  1.04
 3  70.67  0.27  1  3  3.03
 2  92.56  1.24  1  2  2.06
 2  70.67  1.30  1  2  2.58
 2  90.98  0.57  1  2  2.11
 3  64.69  1.16  1  3  1.43
 2  95.31  1.16  1  2  2.24
