 0  67.44  1.24  0  0  2.04
 1  74.25  1.34  0  0  0.85
 0  74.25  0.23  0  1  3.95
 2  67.44  1.24  1  0  1.11
 3  70.67  0.27  1  2  2.00
 1  98.95  0.95  0  3  3.03
 2  86.10  0.86  1  0  0.81
 0  87.33  0.46  0  2  0.90
 2  70.67  1.30  1  0  1.00
 1  82.53  0.96  0  2  1.00
 1  90.98  0.57  0  3  0.56
 1  86.10  0.86  0  1  0.93
 0  69.02  0.57  0  0  0.77
 1  77.42  1.17  0  2  2.20
 2  77.47  0.96  1  3  2.50
 1  85.75  1.34  0  2  1.13
 0  60.30  0.84  0  0  1.20
 3  61.05  0.95  1  0  1.00
 1  72.67  1.11  0  1  0.83
 1  81.94  1.37  0  2  1.33
 1  92.95  0.86  0  3  1.35
 1  99.70  0.84  0  1  1.41
 1  86.10  0.71  0  2  2.27
 0  92.56  0.33  0  3  2.07
 3  73.90  0.71  1  1  1.92
 3  62.54  0.51  1  0  0.59
 3  78.06  0.21  1  1  0.76
 2  95.31  0.42  1  2  2.93
 1  90.98  1.00  0  3  1.01
 1  99.70  0.73  0  2  1.28
 1  97.46  1.06  0  1  0.97
 3  62.54  1.06  1  0  1.43
 1  73.90  0.71  0  2  1.44
 2  77.42  1.17  1  3  1.06
 2  92.95  0.86  1  0  1.47
 3  72.67  0.46  1  1  0.99
 0  82.58  0.40  0  3  1.29
 2  72.67  1.11  1  2  1.12
 3  77.47  0.61  1  1  1.16
 3  60.30  0.73  1  2  1.01
 2  95.31  1.16  1  3  1.04
 1  73.90  0.86  0  1  1.06
 1  77.47  0.96  0  1  1.00
 1  92.95  0.71  0  0  0.79
 0  67.44  0.33  0  1  1.52
 2  85.75  1.34  1  2  3.01
 2  78.06  1.37  1  2  0.93
 3  77.42  0.40  1  3  1.16
 3  74.25  0.23  1  3  0.87
 3  67.05  0.86  1  1  1.69
 0  67.05  0.71  0  3  1.14
 1  98.95  0.62  0  0  0.88
 1  78.06  1.37  0  1  1.72
 3  73.90  0.86  1  0  1.22
 1  92.56  1.24  0  1  1.86
 0  67.05  0.86  0  2  1.55
 1  82.58  1.17  0  0  0.72
 2  98.95  0.62  1  2  2.82
 1  77.47  0.61  0  3  1.10
 3  87.33  0.46  1  0  0.69
 3  69.02  1.00  1  2  1.42
 2  74.25  1.34  1  3  1.62
 0  62.54  0.51  0  1  1.17
 0  62.54  1.06  0  2  0.78
 2  92.56  1.24  1  3  1.25
 0  69.02  1.00  0  0  0.84
 0  95.31  0.42  0  2  3.02
 0  77.42  0.40  0  1  1.11
 1  89.33  1.30  0  3  1.01
 2  99.70  0.84  1  1  3.16
 2  90.98  0.57  1  2  1.73
 0  60.30  0.73  0  0  1.67
 0  61.05  0.62  0  0  0.54
 3  60.30  0.84  1  0  0.82
 3  64.69  0.42  1  1  0.69
 2  86.10  0.71  1  3  1.10
 0  72.67  0.46  0  2  1.23
 3  67.44  0.33  1  1  1.42
 0  70.67  1.30  0  3  2.19
 3  92.56  0.33  1  1  2.07
 2  89.33  1.30  1  2  1.19
 0  89.33  0.27  0  2  2.28
 3  69.02  0.57  1  0  1.36
 1  95.31  1.16  0  1  1.78
 2  82.58  1.17  1  1  0.78
 3  82.58  0.40  1  3  1.59
 0  61.05  0.95  0  0  1.73
 0  85.75  0.23  0  1  1.53
 2  82.53  0.96  1  3  2.43
 3  85.75  0.23  1  2  1.28
 3  67.05  0.71  1  0  1.21
 0  81.94  0.21  0  1  1.14
 2  92.95  0.71  1  3  1.24
 2  87.33  1.11  1  2  0.78
 3  81.94  0.21  1  2  0.96
 1  82.53  0.61  0  2  0.96
 0  64.69  1.16  0  0  1.26
 0  64.69  0.42  0  0  1.52
 1  87.33  1.11  0  1  0.98
 3  82.53  0.61  1  1  0.62
 2  97.46  0.51  1  1  1.16
 2  97.46  1.06  1  2  0.69
 2  81.94  1.37  1  3  1.32
 2  90.98  1.00  1  1  1.38
 3  61.05  0.62  1  0  1.06
 2  99.70  0.73  1  2  0.94
 3  64.69  1.16  1  1  1.03
 0  97.46  0.51  0  2  1.29
 2  98.95  0.95  1  2  1.27
 0  70.67  0.27  0  3  1.28
 3  89.33  0.27  1  0  0.86
 0  78.06  0.21  0  1  0.94
 3  67.44  0.33  1  0  2.87
 2  98.95  0.95  1  1  1.53
 1  90.98  1.00  0  2  1.06
 2  78.06  1.37  1  3  0.66
 1  77.47  0.96  0  2  0.60
 2  92.56  1.24  1  1  0.54
 0  70.67  1.30  0  0  0.85
 2  77.42  1.17  1  0  0.55
 3  78.06  0.21  1  1  1.51
 2  92.95  0.71  1  2  1.15
 3  64.69  0.42  1  0  0.95
 3  67.05  0.86  1  0  0.83
 3  73.90  0.86  1  1  0.68
 3  85.75  0.23  1  3  1.02
 2  81.94  1.37  1  2  1.73
 0  67.05  0.86  0  0  0.96
 0  67.05  0.71  0  0  0.58
 1  74.25  1.34  0  1  0.89
 1  86.10  0.71  0  2  2.30
 0  62.54  1.06  0  1  1.05
 1  72.67  1.11  0  0  1.19
 1  82.58  1.17  0  2  1.73
 0  97.46  0.51  0  1  1.38
 3  70.67  0.27  1  3  1.30
 0  70.67  0.27  0  3  0.57
 2  70.67  1.30  1  2  1.69
 1  92.56  1.24  0  3  1.18
 3  62.54  1.06  1  0  0.64
 3  64.69  1.16  1  0  0.49
 1  92.95  0.71  0  1  1.23
 1  81.94  1.37  0  2  1.32
 0  89.33  0.27  0  3  0.87
 1  89.33  1.30  0  1  1.05
 3  69.02  1.00  1  1  1.58
 3  60.30  0.73  1  0  0.55
 2  77.47  0.96  1  1  1.72
 0  60.30  0.73  0  0  0.72
 1  99.70  0.84  0  2  1.22
 3  92.56  0.33  1  1  1.26
 2  95.31  1.16  1  2  1.23
 1  82.53  0.96  0  3  1.10
 1  98.95  0.62  0  1  1.45
 1  77.47  0.61  0  1  1.23
 0  69.02  1.00  0  1  0.87
 3  61.05  0.95  1  0  0.81
 2  97.46  0.51  1  1  1.22
 1  98.95  0.95  0  2  1.31
 3  72.67  0.46  1  0  0.70
 0  92.56  0.33  0  3  2.27
 0  67.44  1.24  0  1  1.15
 2  97.46  1.06  1  2  1.65
 3  67.05  0.71  1  0  1.05
 0  61.05  0.95  0  1  1.32
 0  82.58  0.40  0  3  1.07
 3  77.42  0.40  1  1  2.77
 2  82.53  0.96  1  1  0.99
 2  74.25  1.34  1  2  1.49
 0  62.54  0.51  0  0  1.40
 2  92.95  0.86  1  2  1.62
 3  73.90  0.71  1  1  1.37
 3  60.30  0.84  1  0  0.74
 2  86.10  0.86  1  2  1.55
 2  85.75  1.34  1  3  1.48
 0  69.02  0.57  0  1  1.08
 2  89.33  1.30  1  2  1.17
 2  98.95  0.62  1  1  2.17
 3  89.33  0.27  1  0  1.20
 0  85.75  0.23  0  2  1.34
 1  95.31  1.16  0  2  1.14
 1  78.06  1.37  0  3  1.22
 3  82.58  0.40  1  1  1.02
 2  82.58  1.17  1  2  1.02
 3  87.33  0.46  1  2  0.90
 2  95.31  0.42  1  1  0.80
 0  81.94  0.21  0  3  0.96
 3  62.54  0.51  1  0  1.72
 0  64.69  0.42  0  1  0.72
 2  87.33  1.11  1  2  1.33
 1  73.90  0.71  0  2  0.88
 1  77.42  1.17  0  3  0.61
 1  85.75  1.34  0  2  1.84
 3  69.02  0.57  1  1  1.48
 0  64.69  1.16  0  0  0.79
 2  86.10  0.71  1  1  1.48
 1  97.46  1.06  0  1  1.46
 3  82.53  0.61  1  1  1.27
 0  77.42  0.40  0  3  0.73
 1  87.33  1.11  0  2  1.04
 1  99.70  0.73  0  1  0.88
 0  72.67  0.46  0  0  0.94
 2  90.98  0.57  1  1  1.58
 2  99.70  0.84  1  0  1.68
 3  74.25  0.23  1  1  1.37
 0  87.33  0.46  0  1  1.11
 3  81.94  0.21  1  3  1.32
 0  61.05  0.62  0  1  1.09
 0  95.31  0.42  0  3  1.42
 0  78.06  0.21  0  3  1.08
 2  99.70  0.73  1  2  0.80
 1  90.98  0.57  0  2  0.65
 0  74.25  0.23  0  3  0.78
 1  92.95  0.86  0  1  0.75
 1  86.10  0.86  0  1  0.63
 1  82.53  0.61  0  3  1.50
 2  90.98  1.00  1  1  0.99
 0  60.30  0.84  0  0  0.86
 3  61.05  0.62  1  0  0.52
 1  73.90  0.86  0  1  0.57
 0  67.44  0.33  0  3  1.65
 2  67.44  1.24  1  3  0.80
 2  72.67  1.11  1  2  2.04
 3  77.47  0.61  1  2  0.98
 0  85.75  0.23  0  3 10.46
 1  95.31  1.16  0  1  1.75
 3  89.33  0.27  1  3  1.47
 2  77.47  0.96  1  2  1.19
 0  70.67  1.30  0  1  2.70
 0  60.30  0.84  0  0  0.60
 1  73.90  0.86  0  0  1.09
 3  73.90  0.86  1  1  0.70
 3  73.90  0.71  1  1  1.28
 3  62.54  1.06  1  0  0.55
 1  78.06  1.37  0  3  1.28
 1  86.10  0.71  0  2  0.87
 0  78.06  0.21  0  3  0.87
 2  92.95  0.86  1  2  0.88
 2  90.98  1.00  1  2  1.07
 2  85.75  1.34  1  3  1.14
 0  72.67  0.46  0  3  1.24
 0  67.05  0.86  0  0  0.90
 2  78.06  1.37  1  3  1.07
 3  67.05  0.71  1  0  0.86
 3  87.33  0.46  1  1  1.55
 0  60.30  0.73  0  0  1.03
 0  69.02  1.00  0  1  1.14
 1  73.90  0.71  0  2  0.94
 3  64.69  0.42  1  1  2.37
 2  95.31  1.16  1  3  1.50
 3  82.53  0.61  1  1  0.72
 2  98.95  0.95  1  2  1.36
 1  77.47  0.96  0  2  0.93
 0  77.42  0.40  0  0  0.64
 0  67.05  0.71  0  0  0.80
 0  62.54  1.06  0  1  1.61
 0  70.67  0.27  0  2  1.03
 0  92.56  0.33  0  3  1.63
 2  92.95  0.71  1  1  1.13
 1  97.46  1.06  0  2  1.48
 2  97.46  1.06  1  3  0.71
 3  69.02  1.00  1  0  1.58
 3  74.25  0.23  1  2  3.14
 1  82.58  1.17  0  3  1.14
 2  82.53  0.96  1  2  0.66
 0  89.33  0.27  0  1  1.13
 1  99.70  0.84  0  3  0.93
 0  82.58  0.40  0  2  0.86
 1  98.95  0.95  0  1  1.65
 0  61.05  0.95  0  0  0.97
 2  77.42  1.17  1  0  0.79
 2  89.33  1.30  1  3  1.74
 3  67.05  0.86  1  1  1.59
 2  81.94  1.37  1  3  1.46
 3  72.67  0.46  1  0  1.21
 0  64.69  0.42  0  0  1.09
 0  95.31  0.42  0  2  2.05
 3  61.05  0.62  1  0  0.83
 3  61.05  0.95  1  0  0.99
 1  90.98  0.57  0  3  0.89
 1  77.42  1.17  0  2  1.17
 1  85.75  1.34  0  1  1.54
 2  92.56  1.24  1  1  0.69
 1  92.95  0.71  0  3  0.97
 0  74.25  0.23  0  2  1.05
 3  62.54  0.51  1  0  0.64
 1  98.95  0.62  0  2  1.03
 2  86.10  0.86  1  0  1.52
 2  74.25  1.34  1  1  1.87
 1  82.53  0.61  0  2  0.87
 3  60.30  0.73  1  1  1.42
 2  67.44  1.24  1  3  1.14
 3  60.30  0.84  1  0  0.80
 1  92.95  0.86  0  1  1.33
 1  81.94  1.37  0  2  1.23
 1  82.53  0.96  0  3  0.73
 3  82.58  0.40  1  2  0.98
 1  86.10  0.86  0  3  1.26
 3  85.75  0.23  1  1  2.54
 2  90.98  0.57  1  0  1.01
 0  64.69  1.16  0  1  1.90
 2  86.10  0.71  1  2  1.08
 1  74.25  1.34  0  3  1.21
 0  81.94  0.21  0  1  0.99
 2  98.95  0.62  1  1  1.73
 3  77.47  0.61  1  2  1.04
 1  89.33  1.30  0  3  2.26
 3  81.94  0.21  1  1  1.08
 0  67.44  1.24  0  1  1.81
 3  64.69  1.16  1  0  1.13
 3  77.42  0.40  1  1  1.13
 3  69.02  0.57  1  2  0.67
 0  61.05  0.62  0  0  0.61
 2  99.70  0.84  1  1  1.55
 2  97.46  0.51  1  2  0.89
 2  99.70  0.73  1  2  0.63
 2  95.31  0.42  1  2  0.93
 2  82.58  1.17  1  3  1.18
 1  92.56  1.24  0  1  0.78
 0  87.33  0.46  0  2  0.66
 0  62.54  0.51  0  0  1.54
 1  72.67  1.11  0  1  2.04
 3  70.67  0.27  1  2  0.79
 3  67.44  0.33  1  3  0.75
 0  69.02  0.57  0  1  2.01
 1  90.98  1.00  0  2  1.70
 1  77.47  0.61  0  0  1.83
 2  87.33  1.11  1  1  0.75
 3  78.06  0.21  1  3  1.22
 1  99.70  0.73  0  2  2.91
 1  87.33  1.11  0  1  1.36
 0  97.46  0.51  0  2  2.02
 2  70.67  1.30  1  1  1.34
 3  92.56  0.33  1  3  1.49
 2  72.67  1.11  1  0  1.01
 0  67.44  0.33  0  0  0.91
 3  64.69  0.42  1  0  7.65
 0  62.54  0.51  0  0  0.93
 2  92.56  1.24  1  3  1.90
 2  98.95  0.62  1  1  1.44
 1  99.70  0.84  0  2  0.75
 3  62.54  0.51  1  0  0.96
 3  73.90  0.86  1  1  0.98
 1  85.75  1.34  0  3  0.99
 1  90.98  1.00  0  2  0.53
 2  99.70  0.84  1  1  0.75
 0  67.44  1.24  0  1  1.19
 2  77.47  0.96  1  0  1.37
 3  60.30  0.73  1  1  1.40
 2  77.42  1.17  1  3  1.17
 3  62.54  1.06  1  1  1.67
 3  77.47  0.61  1  2  0.82
 1  92.56  1.24  0  3  1.09
 2  98.95  0.95  1  2  0.86
 0  85.75  0.23  0  1  2.03
 2  86.10  0.71  1  2  0.62
 3  82.53  0.61  1  2  0.52
 0  62.54  1.06  0  0  0.79
 1  82.58  1.17  0  0  0.64
 1  87.33  1.11  0  2  0.66
 3  82.58  0.40  1  1  0.57
 0  77.42  0.40  0  2  0.58
 2  70.67  1.30  1  3  0.91
 3  67.44  0.33  1  3  3.66
 2  95.31  0.42  1  3  0.83
 1  82.53  0.61  0  2  0.67
 3  72.67  0.46  1  1  0.64
 1  95.31  1.16  0  3  1.06
 2  72.67  1.11  1  1  0.88
 2  86.10  0.86  1  0  1.01
 2  90.98  1.00  1  2  0.82
 1  77.47  0.96  0  2  0.82
 0  69.02  1.00  0  0  0.79
 2  85.75  1.34  1  1  1.30
 2  82.53  0.96  1  2  0.94
 3  87.33  0.46  1  3  0.83
 1  77.42  1.17  0  3  0.98
 0  81.94  0.21  0  1  0.58
 2  97.46  0.51  1  2  0.74
 2  90.98  0.57  1  2  0.57
 0  61.05  0.95  0  0  0.87
 1  81.94  1.37  0  3  1.18
 3  81.94  0.21  1  1  2.97
 0  61.05  0.62  0  0  0.85
 3  89.33  0.27  1  2  0.87
 3  85.75  0.23  1  3  0.86
 0  74.25  0.23  0  2  0.97
 1  74.25  1.34  0  1  0.97
 3  60.30  0.84  1  1  1.02
 0  95.31  0.42  0  3  1.54
 0  60.30  0.73  0  0  1.03
 3  70.67  0.27  1  3  2.05
 1  98.95  0.95  0  1  1.34
 3  69.02  0.57  1  1  1.47
 0  64.69  0.42  0  0  0.91
 0  78.06  0.21  0  3  1.28
 2  67.44  1.24  1  1  0.60
 1  73.90  0.71  0  2  0.70
 1  89.33  1.30  0  1  1.17
 0  72.67  0.46  0  3  1.49
 1  73.90  0.86  0  1  1.34
 0  69.02  0.57  0  0  1.73
 1  78.06  1.37  0  1  1.05
 2  78.06  1.37  1  1  0.49
 3  73.90  0.71  1  2  1.71
 3  67.05  0.86  1  0  0.86
 2  92.95  0.86  1  2  2.03
 1  77.47  0.61  0  2  1.67
 3  69.02  1.00  1  0  0.67
 0  67.05  0.71  0  0  0.86
 1  86.10  0.71  0  3  1.07
 0  70.67  1.30  0  1  1.32
 0  89.33  0.27  0  2  1.27
 3  74.25  0.23  1  3  1.83
 1  82.53  0.96  0  1  1.29
 3  61.05  0.95  1  0  0.74
 1  98.95  0.62  0  1  0.95
 2  81.94  1.37  1  1  0.99
 3  64.69  1.16  1  0  2.69
 2  92.95  0.71  1  1  1.17
 2  82.58  1.17  1  2  0.72
 2  97.46  1.06  1  1  1.81
 3  77.42  0.40  1  3  1.05
 2  99.70  0.73  1  1  1.12
 0  64.69  1.16  0  0  0.65
 1  90.98  0.57  0  1  0.76
 3  92.56  0.33  1  1  1.16
 0  97.46  0.51  0  2  0.58
 0  87.33  0.46  0  3  0.81
 1  92.95  0.86  0  1  1.08
 1  86.10  0.86  0  1  0.68
 3  61.05  0.62  1  0  0.76
 2  89.33  1.30  1  1  0.79
 0  67.05  0.86  0  0  0.77
 2  95.31  1.16  1  1  1.72
 3  78.06  0.21  1  3  3.44
 1  72.67  1.11  0  1  1.24
 1  97.46  1.06  0  2  1.06
 0  70.67  0.27  0  3  1.55
 2  74.25  1.34  1  1  1.09
 0  60.30  0.84  0  0  0.80
 0  67.44  0.33  0  1  1.43
 0  82.58  0.40  0  2  0.83
 0  92.56  0.33  0  1  1.41
 1  92.95  0.71  0  2  1.42
 1  99.70  0.73  0  3  0.66
 3  67.05  0.71  1  1  1.07
 2  87.33  1.11  1  1  1.09
 1  81.94  1.37  0  1  1.17
 1  99.70  0.73  0  2  0.91
 2  98.95  0.62  1  1  1.01
 1  90.98  0.57  0  0  1.50
 0  67.44  0.33  0  1  1.23
 0  95.31  0.42  0  3  1.20
 2  77.47  0.96  1  1  1.25
 0  85.75  0.23  0  2  1.49
 2  81.94  1.37  1  1  0.79
 0  60.30  0.84  0  0  0.71
 0  72.67  0.46  0  2  2.08
 3  67.05  0.86  1  1  1.19
 1  95.31  1.16  0  3  0.88
 3  69.02  1.00  1  1  0.97
 3  89.33  0.27  1  1  1.96
 0  69.02  0.57  0  0  1.59
 1  86.10  0.71  0  3  1.65
 1  90.98  1.00  0  1  1.22
 2  92.95  0.86  1  1  0.64
 3  61.05  0.95  1  0  1.86
 3  72.67  0.46  1  1  1.13
 0  67.05  0.86  0  0  0.79
 2  97.46  0.51  1  3  1.90
 0  89.33  0.27  0  2  1.49
 2  92.95  0.71  1  1  1.12
 2  98.95  0.95  1  1  2.17
 0  62.54  1.06  0  0  1.26
 3  78.06  0.21  1  1  0.98
 3  92.56  0.33  1  1  3.78
 0  61.05  0.95  0  0  0.85
 3  81.94  0.21  1  1  0.89
 3  62.54  0.51  1  2  1.86
 1  72.67  1.11  0  1  1.04
 2  87.33  1.11  1  1  0.65
 1  89.33  1.30  0  1  0.68
 2  77.42  1.17  1  1  0.63
 3  70.67  0.27  1  1  1.04
 3  64.69  1.16  1  1  1.09
 2  99.70  0.84  1  3  0.84
 2  97.46  1.06  1  2  0.70
 2  89.33  1.30  1  2  0.57
 0  60.30  0.73  0  1  1.64
 0  67.44  1.24  0  0  0.53
 0  64.69  0.42  0  0  1.87
 1  82.53  0.61  0  1  1.05
 1  98.95  0.95  0  2  0.90
 2  82.53  0.96  1  0  1.05
 3  82.53  0.61  1  3  0.85
 0  70.67  1.30  0  1  1.48
 0  67.05  0.71  0  1  0.92
 0  62.54  0.51  0  0  0.81
 3  60.30  0.73  1  0  1.40
 3  69.02  0.57  1  1  0.82
 1  82.53  0.96  0  1  0.97
 3  77.42  0.40  1  1  0.99
 2  67.44  1.24  1  1  0.87
 2  90.98  1.00  1  1  0.92
 3  67.05  0.71  1  0  0.86
 3  82.58  0.40  1  3  1.13
 3  67.44  0.33  1  3  0.57
 3  73.90  0.86  1  1  1.08
 2  90.98  0.57  1  3  1.16
 2  99.70  0.73  1  2  0.60
 1  82.58  1.17  0  1  0.94
 2  82.58  1.17  1  1  0.64
 0  77.42  0.40  0  2  0.78
 3  85.75  0.23  1  3  0.99
 1  77.47  0.61  0  1  1.15
 1  78.06  1.37  0  1  0.94
 0  74.25  0.23  0  3  1.09
 1  92.95  0.86  0  2  0.96
 3  77.47  0.61  1  1  0.81
 1  74.25  1.34  0  1  0.86
 1  85.75  1.34  0  1  0.72
 1  98.95  0.62  0  3  1.34
 2  72.67  1.11  1  0  1.07
 3  61.05  0.62  1  0  0.92
 2  85.75  1.34  1  1  0.92
 1  86.10  0.86  0  3  1.51
 1  97.46  1.06  0  0  1.20
 1  92.95  0.71  0  1  0.68
 2  70.67  1.30  1  1  1.03
 3  87.33  0.46  1  1  1.78
 2  86.10  0.86  1  2  0.78
 0  97.46  0.51  0  2  0.79
 0  87.33  0.46  0  1  1.12
 1  77.47  0.96  0  1  1.38
 0  69.02  1.00  0  0  1.60
 1  73.90  0.71  0  1  0.96
 1  87.33  1.11  0  1  0.98
 2  92.56  1.24  1  1  0.57
 0  78.06  0.21  0  3  2.17
 0  64.69  1.16  0  0  1.31
 2  86.10  0.71  1  0  2.06
 2  74.25  1.34  1  1  1.43
 0  92.56  0.33  0  3  1.75
 0  81.94  0.21  0  1  3.65
 2  78.06  1.37  1  1  1.25
 1  99.70  0.84  0  3  1.30
 2  95.31  0.42  1  2  2.18
 3  64.69  0.42  1  1  1.15
 1  77.42  1.17  0  1  0.97
 0  82.58  0.40  0  1  0.91
 0  70.67  0.27  0  1  1.32
 0  61.05  0.62  0  0  0.67
 3  60.30  0.84  1  0  0.59
 1  73.90  0.86  0  1  1.20
 1  92.56  1.24  0  1  1.17
 3  62.54  1.06  1  0  1.01
 2  95.31  1.16  1  1  1.05
 3  73.90  0.71  1  2  1.16
 3  74.25  0.23  1  3  1.38
