 0  64.69  0.42  0  0  2.86
 0  81.94  0.21  0  0  2.13
 0  90.98  1.00  1  1  1.47
 0  78.06  1.37  1  1  2.05
 1  67.05  0.86  1  0  0.94
 0  61.05  0.62  0  0  1.02
 0  92.95  0.71  1  1  1.24
 0  92.56  0.33  0  0  0.91
 1  92.95  0.86  0  0  0.44
 1  82.53  0.96  0  0  1.01
 0  95.31  1.16  1  0  0.84
 0  72.67  0.46  0  0  0.65
 1  74.25  0.23  1  0  0.89
 0  67.44  1.24  1  1  1.86
 0  85.75  1.34  1  1  1.29
 0  92.56  1.24  1  0  0.26
 0  70.67  1.30  0  0  0.41
 0  87.33  0.46  0  0  0.34
 1  78.06  0.21  1  0  0.49
 0  74.25  1.34  1  0  0.41
 1  99.70  0.73  0  0  0.47
 1  82.53  0.61  1  0  0.78
 1  81.94  1.37  0  0  0.28
 0  61.05  0.95  0  0  0.89
 0  82.53  0.96  1  0  0.70
 1  73.90  0.86  1  0  1.22
 1  89.33  0.27  1  1  1.43
 0  67.05  0.86  0  0  1.90
 0  99.70  0.73  1  1  0.87
 0  98.95  0.95  1  1  0.75
 1  92.56  0.33  1  1  0.96
 0  86.10  0.71  1  0  1.09
 1  61.05  0.95  1  0  1.35
 1  77.42  0.40  1  0  0.96
 0  77.47  0.96  1  0  1.16
 1  72.67  1.11  0  0  2.17
 1  62.54  0.51  1  0  0.77
 0  77.42  0.40  0  0  0.54
 1  64.69  0.42  1  1  0.38
 0  87.33  1.11  1  1  0.34
 1  82.58  1.17  0  0  0.28
 0  90.98  0.57  1  1  1.02
 0  67.44  1.24  0  1  0.43
 0  60.30  0.73  0  1  0.50
 0  97.46  0.51  0  0  0.40
 0  69.02  0.57  0  0  0.94
 1  74.25  1.34  0  1  2.25
 1  73.90  0.71  1  0  1.76
 1  69.02  1.00  1  0  0.66
 1  82.58  0.40  1  0  1.68
 0  67.05  0.71  0  0  0.77
 1  86.10  0.71  0  0  1.13
 0  64.69  1.16  0  1  0.39
 0  82.58  1.17  1  0  0.89
 1  77.47  0.61  0  0  0.66
 1  64.69  1.16  1  1  1.94
 1  87.33  1.11  0  1  1.69
 0  78.06  0.21  0  1  1.98
 0  85.75  0.23  0  0  0.88
 0  97.46  1.06  1  1  0.89
 1  81.94  0.21  1  0  0.21
 1  73.90  0.86  0  0  2.04
 1  82.53  0.61  0  0  1.07
 0  67.44  0.33  0  1  3.28
 1  73.90  0.71  0  0  0.54
 0  70.67  0.27  0  0 12.81
 0  62.54  1.06  0  0  1.30
 0  74.25  0.23  0  0  0.71
 1  92.56  1.24  0  1  1.49
 1  90.98  1.00  0  0  1.53
 1  60.30  0.73  1  0  0.65
 1  92.95  0.71  0  0  0.96
 0  99.70  0.84  1  0  0.62
 1  61.05  0.62  1  1  2.06
 1  98.95  0.95  0  1  2.16
 1  62.54  1.06  1  1  3.68
 1  89.33  1.30  0  1  2.30
 1  97.46  1.06  0  1  2.30
 0  86.10  0.86  1  1  1.68
 1  85.75  1.34  0  1  1.52
 1  72.67  0.46  1  0  1.20
 1  87.33  0.46  1  1  2.36
 0  95.31  0.42  0  0  1.92
 1  77.47  0.96  0  1  1.11
 0  62.54  0.51  0  0  1.62
 1  98.95  0.62  0  0  2.42
 0  77.42  1.17  1  1  4.18
 1  85.75  0.23  1  1  1.96
 0  69.02  1.00  0  1  3.26
 0  82.58  0.40  0  0  1.69
 1  70.67  0.27  1  1  1.89
 1  78.06  1.37  0  1  0.92
 0  60.30  0.84  0  0  1.60
 1  69.02  0.57  1  1  0.83
 0  70.67  1.30  1  1  1.29
 0  98.95  0.62  1  1  2.12
 1  99.70  0.84  0  0  0.64
 0  72.67  1.11  1  1  0.77
 1  67.05  0.71  1  1  0.53
 0  81.94  1.37  1  1  0.86
 1  95.31  1.16  0  0  0.57
 1  60.30  0.84  1  0  1.09
 0  89.33  0.27  0  0  0.71
 1  86.10  0.86  0  0  0.75
 1  77.42  1.17  0  1  0.55
 1  77.47  0.61  1  1  1.53
 0  97.46  0.51  1  1  1.57
 0  89.33  1.30  1  0  0.73
 0  92.95  0.86  1  1  1.42
 1  67.44  0.33  1  1  3.50
 1  90.98  0.57  0  0  0.82
 0  95.31  0.42  1  1  1.84
 1  86.10  0.71  0  0  2.90
 0  77.47  0.96  1  1  0.52
 1  70.67  0.27  1  0  0.66
 0  92.56  1.24  1  1  0.40
 1  67.05  0.86  1  0  0.27
 0  89.33  0.27  0  0  0.53
 0  81.94  1.37  1  1  1.61
 1  77.47  0.61  1  1  3.86
 0  72.67  1.11  1  0  2.35
 1  82.53  0.61  0  0  3.55
 0  89.33  1.30  1  0  1.57
 1  77.47  0.61  0  0  1.78
 1  92.56  0.33  1  1  3.38
 1  97.46  1.06  0  0  6.91
 0  67.44  1.24  1  0  2.62
 1  73.90  0.71  1  0  1.68
 1  73.90  0.86  0  1  3.37
 1  73.90  0.71  0  1  4.72
 0  92.56  0.33  0  1  1.35
 0  98.95  0.62  1  1  1.97
 0  97.46  0.51  1  0  1.95
 0  60.30  0.84  0  1  3.83
 0  99.70  0.73  1  0  0.85
 0  98.95  0.95  1  0  0.83
 1  67.05  0.71  1  0  1.15
 1  82.53  0.96  0  0  0.97
 0  95.31  0.42  1  1  0.30
 1  67.44  0.33  1  0  0.11
 1  98.95  0.62  0  1  0.24
 1  92.56  1.24  0  1  1.07
 0  82.58  1.17  1  1  0.71
 0  95.31  1.16  1  1  0.86
 0  81.94  0.21  0  0  0.43
 0  97.46  1.06  1  0  0.75
 1  72.67  0.46  1  0  0.60
 0  86.10  0.71  1  1  0.64
 1  73.90  0.86  1  0  0.39
 0  62.54  0.51  0  1  0.16
 1  74.25  1.34  0  1  0.25
 0  90.98  0.57  1  1  0.37
 0  62.54  1.06  0  0  0.32
 0  61.05  0.95  0  1  2.07
 1  61.05  0.62  1  0  0.36
 1  81.94  0.21  1  0  0.27
 0  70.67  0.27  0  0  0.64
 0  74.25  0.23  0  0  0.89
 0  67.05  0.86  0  1  0.37
 0  87.33  0.46  0  0  1.33
 1  78.06  1.37  0  0  0.63
 1  62.54  0.51  1  1  0.80
 1  89.33  0.27  1  1  0.36
 1  74.25  0.23  1  1  0.27
 0  78.06  0.21  0  0  0.34
 1  99.70  0.84  0  0  0.14
 0  64.69  0.42  0  0  0.31
 0  61.05  0.62  0  0  0.28
 1  86.10  0.86  0  0  0.27
 1  82.58  0.40  1  0  0.25
 1  85.75  1.34  0  1  0.23
 1  85.75  0.23  1  1  0.11
 1  78.06  0.21  1  1  0.55
 1  62.54  1.06  1  1  0.93
 0  95.31  0.42  0  0  0.27
 0  67.05  0.71  0  1  0.28
 1  64.69  1.16  1  0  0.29
 1  89.33  1.30  0  1  0.74
 0  74.25  1.34  1  1  0.26
 0  85.75  0.23  0  0  0.09
 0  78.06  1.37  1  0  0.19
 1  87.33  0.46  1  0  0.26
 1  99.70  0.73  0  1  0.29
 1  92.95  0.86  0  1  0.35
 0  77.42  0.40  0  1  0.27
 1  98.95  0.95  0  0  0.21
 0  70.67  1.30  1  1  0.19
 0  99.70  0.84  1  0  0.35
 0  70.67  1.30  0  0  0.41
 0  77.42  1.17  1  0  2.33
 1  61.05  0.95  1  1  1.50
 1  82.53  0.61  1  1  3.89
 1  77.42  0.40  1  1  0.82
 0  92.95  0.86  1  0  0.58
 0  69.02  0.57  0  0  0.48
 1  95.31  1.16  0  0  0.51
 1  90.98  0.57  0  0  0.38
 1  90.98  1.00  0  1  0.24
 1  82.58  1.17  0  1  0.28
 0  72.67  0.46  0  0  0.23
 1  60.30  0.73  1  0  0.42
 0  97.46  0.51  0  0  0.34
 0  60.30  0.73  0  0  0.24
 0  92.95  0.71  1  1  0.28
 1  81.94  1.37  0  1  0.23
 0  87.33  1.11  1  1  0.23
 0  64.69  1.16  0  0  0.22
 1  69.02  1.00  1  0  0.46
 1  92.95  0.71  0  1  1.04
 0  82.58  0.40  0  1  2.52
 1  69.02  0.57  1  0  1.02
 1  77.47  0.96  0  0  0.49
 0  67.44  0.33  0  1  0.21
 0  90.98  1.00  1  0  0.21
 1  60.30  0.84  1  0  0.71
 0  69.02  1.00  0  1  0.40
 0  85.75  1.34  1  1  0.26
 1  72.67  1.11  0  1  0.25
 0  82.53  0.96  1  1  0.28
 0  67.44  1.24  0  0  0.31
 0  86.10  0.86  1  0  0.24
 1  87.33  1.11  0  0  0.38
 1  77.42  1.17  0  1  0.29
 1  64.69  0.42  1  1  0.32
 0  67.05  0.86  0  0  2.13
 0  86.10  0.86  1  0  0.32
 0  70.67  0.27  0  1  2.50
 1  69.02  1.00  1  1  0.53
 0  72.67  0.46  0  1  0.69
 1  60.30  0.84  1  1  0.84
 0  87.33  1.11  1  0  0.35
 1  85.75  1.34  0  1  0.39
 1  73.90  0.86  0  0  0.36
 1  74.25  0.23  1  0  0.35
 0  85.75  0.23  0  0  0.34
 0  77.42  0.40  0  1  0.70
 0  95.31  0.42  1  0  0.25
 1  87.33  1.11  0  1  0.30
 0  67.44  1.24  0  1  0.27
 0  61.05  0.62  0  1  0.39
 0  78.06  0.21  0  0  0.22
 0  82.53  0.96  1  0  0.26
 0  97.46  0.51  1  1  0.72
 1  85.75  0.23  1  0  1.07
 1  77.42  0.40  1  1  2.75
 0  87.33  0.46  0  0  3.51
 0  77.42  1.17  1  1  1.68
 1  92.95  0.86  0  0  2.52
 1  78.06  0.21  1  0  3.04
 1  82.53  0.61  1  1  0.36
 1  67.05  0.71  1  1  1.23
 0  69.02  1.00  0  1  1.77
 0  82.58  1.17  1  0  0.42
 1  90.98  1.00  0  0  0.83
 0  70.67  1.30  1  1  0.32
 1  98.95  0.62  0  0  0.16
 0  67.44  1.24  1  1  0.20
 1  81.94  1.37  0  1  0.30
 1  73.90  0.71  0  1  0.25
 1  98.95  0.95  0  0  0.33
 1  69.02  0.57  1  0  0.26
 0  64.69  1.16  0  0  0.28
 0  61.05  0.95  0  0  0.53
 1  99.70  0.73  0  0  0.71
 0  89.33  1.30  1  1  0.50
 1  73.90  0.71  1  1  0.58
 0  64.69  0.42  0  1  0.30
 0  98.95  0.62  1  1  0.75
 1  74.25  1.34  0  0  0.29
 1  60.30  0.73  1  1  0.70
 0  60.30  0.84  0  1  0.56
 0  70.67  1.30  0  0  0.45
 1  61.05  0.62  1  0  0.78
 0  85.75  1.34  1  0  0.62
 0  92.56  0.33  0  1  2.22
 1  82.58  0.40  1  1  0.64
 1  64.69  0.42  1  1  0.77
 0  82.58  0.40  0  0  0.48
 0  67.44  0.33  0  0  0.37
 1  97.46  1.06  0  1  1.08
 1  77.42  1.17  0  1  0.32
 1  81.94  0.21  1  0  0.27
 1  67.05  0.86  1  1  0.37
 0  81.94  1.37  1  0  0.28
 0  77.47  0.96  1  0  0.27
 0  97.46  1.06  1  1  0.32
 0  69.02  0.57  0  0  0.23
 1  77.47  0.61  0  1  0.28
 1  73.90  0.86  1  1  0.26
 1  62.54  1.06  1  0  0.31
 0  90.98  0.57  1  0  0.28
 1  62.54  0.51  1  1  0.38
 1  92.56  1.24  0  1  0.28
 1  89.33  1.30  0  0  0.29
 0  99.70  0.84  1  0  0.50
 1  70.67  0.27  1  1  0.32
 1  67.44  0.33  1  1  0.29
 0  62.54  0.51  0  1  0.32
 1  92.56  0.33  1  0  0.32
 1  78.06  1.37  0  0  0.28
 1  61.05  0.95  1  0  0.27
 0  74.25  0.23  0  0  0.29
 1  82.53  0.96  0  1  0.39
 0  78.06  1.37  1  1  0.19
 1  72.67  1.11  0  1  0.24
 1  86.10  0.71  0  0  0.37
 0  99.70  0.73  1  1  0.25
 0  81.94  0.21  0  1  0.27
 0  72.67  1.11  1  1  0.48
 1  95.31  1.16  0  0  0.30
 0  92.95  0.71  1  0  0.20
 1  82.53  0.61  0  0  0.54
 0  98.95  0.95  1  0  1.91
 0  67.05  0.71  0  1  0.95
 0  86.10  0.71  1  1  0.11
 1  99.70  0.84  0  0  0.25
 1  64.69  1.16  1  0  0.83
 0  60.30  0.73  0  0  1.74
 1  90.98  0.57  0  1  0.32
 1  86.10  0.86  0  1  0.30
 0  97.46  0.51  0  0  0.57
 0  90.98  1.00  1  1  0.33
 0  89.33  0.27  0  1  0.41
 1  77.47  0.61  1  0  0.62
 0  62.54  1.06  0  1  1.29
 0  92.95  0.86  1  1  1.88
 0  92.56  1.24  1  1  0.31
 0  95.31  1.16  1  0  0.33
 1  82.58  1.17  0  1  7.79
 1  92.95  0.71  0  1  0.38
 1  89.33  0.27  1  1  0.29
 1  87.33  0.46  1  0  0.39
 1  77.47  0.96  0  0  0.27
 0  74.25  1.34  1  1  0.30
 1  72.67  0.46  1  1  0.03
 0  95.31  0.42  0  1  0.29
 0  98.95  0.62  1  0  1.58
 0  74.25  1.34  1  0  0.31
 1  69.02  1.00  1  1  0.29
 0  77.42  1.17  1  1  0.46
 1  78.06  0.21  1  0  0.31
 0  60.30  0.84  0  0  0.34
 0  72.67  0.46  0  1  0.28
 0  70.67  0.27  0  1  0.34
 1  72.67  0.46  1  0  0.39
 0  92.56  1.24  1  1  0.53
 0  82.53  0.96  1  1  0.16
 1  98.95  0.62  0  0  0.83
 0  92.56  0.33  0  0  0.30
 1  92.56  1.24  0  1  0.28
 1  87.33  1.11  0  1  0.50
 0  95.31  0.42  1  0  0.74
 0  60.30  0.73  0  1  0.35
 1  73.90  0.71  1  0  0.43
 0  81.94  0.21  0  0  0.25
 1  95.31  1.16  0  1  1.64
 0  67.44  1.24  1  1  2.05
 1  77.42  1.17  0  0  3.32
 0  77.47  0.96  1  1  0.40
 0  87.33  0.46  0  1  3.51
 0  82.58  1.17  1  0  0.45
 1  67.05  0.86  1  1  1.42
 0  61.05  0.62  0  0  4.85
 1  82.53  0.61  1  1  0.47
 0  86.10  0.86  1  1  1.20
 0  69.02  1.00  0  0  0.49
 1  87.33  0.46  1  1  0.82
 0  67.44  0.33  0  1  3.06
 0  64.69  0.42  0  0  4.03
 1  92.56  0.33  1  1  2.86
 0  97.46  0.51  0  0  5.20
 1  99.70  0.73  0  1  0.35
 1  73.90  0.71  0  1  0.32
 1  89.33  0.27  1  0  0.22
 1  73.90  0.86  1  0  0.08
 1  85.75  1.34  0  0  0.36
 1  82.58  1.17  0  1  0.26
 1  82.53  0.61  0  0  0.34
 1  70.67  0.27  1  1  0.43
 1  73.90  0.86  0  1  1.84
 0  97.46  0.51  1  1  0.69
 1  99.70  0.84  0  0  0.28
 1  92.95  0.86  0  1  0.55
 1  62.54  1.06  1  1  0.76
 0  89.33  1.30  1  1  0.38
 1  61.05  0.62  1  0  0.56
 0  90.98  0.57  1  1  0.73
 0  99.70  0.73  1  0  1.57
 1  81.94  0.21  1  0  0.29
 1  61.05  0.95  1  0  0.30
 0  82.58  0.40  0  1  0.33
 0  78.06  0.21  0  1  0.21
 0  81.94  1.37  1  0  0.28
 1  64.69  1.16  1  0  1.42
 0  87.33  1.11  1  0  0.38
 1  92.95  0.71  0  1  0.33
 0  67.05  0.86  0  1  0.40
 0  64.69  1.16  0  1  1.31
 0  62.54  1.06  0  1  0.53
 1  85.75  0.23  1  0  0.78
 0  92.95  0.71  1  0  0.13
 1  60.30  0.73  1  1 14.67
 1  74.25  0.23  1  0  5.72
 0  70.67  1.30  0  1  2.49
 1  74.25  1.34  0  0  5.01
 1  67.05  0.71  1  0  3.20
 1  77.47  0.61  1  1  0.78
 1  98.95  0.95  0  1  1.39
 1  64.69  0.42  1  0  2.09
 0  69.02  0.57  0  0  0.92
 0  90.98  1.00  1  1  6.18
 0  98.95  0.95  1  1  0.67
 0  70.67  1.30  1  1  1.39
 0  67.05  0.71  0  0  0.08
 0  77.42  0.40  0  0 13.44
 0  97.46  1.06  1  0  0.51
 0  89.33  0.27  0  1  0.27
 0  78.06  1.37  1  1  0.12
 1  89.33  1.30  0  0  0.31
 0  86.10  0.71  1  0  1.00
 0  92.95  0.86  1  1  0.85
 1  78.06  1.37  0  1  1.36
 0  74.25  0.23  0  0  0.82
 1  62.54  0.51  1  1  2.05
 0  67.44  1.24  0  0  2.89
 1  67.44  0.33  1  0  1.41
 1  82.58  0.40  1  1  0.80
 1  77.47  0.96  0  0  2.11
 0  95.31  1.16  1  0  1.77
 0  85.75  0.23  0  1  3.55
 0  62.54  0.51  0  0  0.76
 1  81.94  1.37  0  1  1.27
 1  82.53  0.96  0  0  1.14
 0  95.31  0.42  0  0  1.29
 1  77.47  0.61  0  1  0.78
 0  85.75  1.34  1  0  3.72
 1  90.98  1.00  0  1  1.92
 1  86.10  0.86  0  0  1.77
 0  72.67  1.11  1  1  2.12
 1  72.67  1.11  0  0  2.05
 1  77.42  0.40  1  1  2.58
 1  69.02  0.57  1  1  2.27
 1  86.10  0.71  0  0  2.29
 0  99.70  0.84  1  1 11.25
 1  97.46  1.06  0  1  2.61
 0  61.05  0.95  0  1  3.23
 1  90.98  0.57  0  0  2.53
 1  60.30  0.84  1  0  1.81
 0  97.46  0.51  1  0  3.22
 0  92.56  1.24  1  1  2.91
 0  89.33  0.27  0  1  2.04
 1  70.67  0.27  1  1  2.04
 0  92.95  0.71  1  0  1.52
 1  77.42  1.17  0  1  2.25
 1  61.05  0.95  1  0  3.50
 1  69.02  0.57  1  1  1.93
 1  60.30  0.73  1  0  1.69
 0  74.25  0.23  0  0  1.86
 0  95.31  0.42  1  1  2.43
 1  64.69  0.42  1  1  1.88
 0  97.46  0.51  0  0  1.93
 1  81.94  1.37  0  1  2.02
 0  99.70  0.73  1  1  4.46
 1  99.70  0.73  0  0  1.52
 0  82.58  1.17  1  0  1.71
 0  72.67  0.46  0  0  1.93
 0  92.95  0.86  1  0  2.07
 1  92.56  1.24  0  1  2.63
 1  69.02  1.00  1  0  2.63
 0  67.44  1.24  0  1  1.99
 0  86.10  0.71  1  1  3.27
 0  67.44  0.33  0  0  1.66
 0  85.75  1.34  1  0  2.14
 0  81.94  0.21  0  0  1.51
 1  81.94  0.21  1  1  2.05
 0  86.10  0.86  1  0  1.54
 0  67.05  0.86  0  1  2.23
 0  89.33  1.30  1  0  1.83
 1  82.53  0.96  0  0  1.38
 0  95.31  0.42  0  0  1.47
 0  97.46  1.06  1  0  2.46
 1  85.75  1.34  0  1  2.36
 1  82.53  0.61  0  0  1.69
 0  72.67  1.11  1  0  2.42
 0  98.95  0.95  1  1  2.77
 0  77.42  1.17  1  0  3.01
 1  87.33  1.11  0  1  5.32
 0  78.06  0.21  0  0  1.84
 1  62.54  0.51  1  1  1.95
 0  69.02  1.00  0  1  3.05
 0  64.69  0.42  0  0  1.66
 0  81.94  1.37  1  0  1.39
 1  72.67  0.46  1  1  1.83
 0  77.47  0.96  1  0  1.53
 1  82.53  0.61  1  1  2.01
 1  77.47  0.61  1  1  1.79
 0  64.69  1.16  0  1  0.94
 0  98.95  0.62  1  1  1.37
 0  74.25  1.34  1  0  2.12
 1  92.95  0.71  0  0  0.75
 1  74.25  1.34  0  1  2.24
 0  61.05  0.95  0  0  1.90
 1  77.42  0.40  1  1  1.68
 1  92.56  0.33  1  1  1.40
 1  78.06  0.21  1  1  1.37
 0  70.67  1.30  1  0  1.23
 1  82.58  1.17  0  1  4.47
 1  72.67  1.11  0  1  1.95
 1  67.44  0.33  1  1  1.74
 1  89.33  1.30  0  0  3.71
 0  85.75  0.23  0  0  1.46
 0  82.53  0.96  1  1  2.17
 1  62.54  1.06  1  1  2.50
 1  92.95  0.86  0  1  3.32
 0  60.30  0.84  0  0  1.94
 1  73.90  0.71  0  0  1.56
 0  99.70  0.84  1  1  1.74
 1  86.10  0.86  0  1  2.21
 0  62.54  1.06  0  1  3.12
 1  99.70  0.84  0  0  1.45
 0  62.54  0.51  0  0  1.33
 0  67.44  1.24  1  1  3.29
 1  74.25  0.23  1  1  1.13
 0  90.98  0.57  1  1  0.91
 0  60.30  0.73  0  0  1.25
 1  89.33  0.27  1  1  0.85
 1  98.95  0.62  0  1  2.50
 0  70.67  0.27  0  0  1.50
 1  77.47  0.61  0  1  2.05
 0  87.33  0.46  0  0  2.75
 1  73.90  0.71  1  0  2.32
 1  67.05  0.71  1  1  1.91
 0  90.98  1.00  1  0  1.36
 1  78.06  1.37  0  1  1.70
 0  92.56  0.33  0  0  1.25
 0  61.05  0.62  0  1  3.74
 1  73.90  0.86  1  1  1.86
 0  87.33  1.11  1  0  1.64
 1  87.33  0.46  1  1  1.51
 0  95.31  1.16  1  0  1.56
 1  60.30  0.84  1  1  2.79
 1  61.05  0.62  1  1  2.25
 0  70.67  1.30  0  1  1.78
 1  86.10  0.71  0  0  1.77
 1  82.58  0.40  1  1  1.95
 1  73.90  0.86  0  0  1.71
 0  69.02  0.57  0  1  1.65
 1  90.98  0.57  0  0  1.77
 0  67.05  0.71  0  0  1.56
 1  64.69  1.16  1  0  2.44
 1  98.95  0.95  0  0  2.03
 1  97.46  1.06  0  0  2.28
 1  90.98  1.00  0  1  1.70
 1  95.31  1.16  0  1  1.74
 1  77.47  0.96  0  0  3.28
 0  77.42  0.40  0  0  1.86
 0  78.06  1.37  1  0  1.65
 1  67.05  0.86  1  1  2.06
 0  82.58  0.40  0  0  1.39
 1  85.75  0.23  1  1  1.71
