 0  72.67  0.46  0  0  1.70
 3  60.30  0.84  1  0  1.55
 2  92.95  0.86  1  3  1.29
 3  61.05  0.62  1  2  1.73
 1  81.94  1.37  0  1  1.46
 3  78.06  0.21  1  2  1.13
 0  67.05  0.86  0  3  0.55
 0  61.05  0.95  0  0  0.56
 1  74.25  1.34  0  1  1.17
 2  92.56  1.24  1  2  2.10
 2  67.44  1.24  1  0  3.04
 2  70.67  1.30  1  1  0.64
 2  90.98  0.57  1  3  0.74
 3  67.05  0.86  1  2  1.28
 1  95.31  1.16  0  2  1.40
 3  89.33  0.27  1  3  0.91
 1  72.67  1.11  0  1  1.43
 3  73.90  0.71  1  1  1.49
 1  98.95  0.62  0  3  1.02
 1  85.75  1.34  0  0  0.65
 1  77.47  0.61  0  1  0.66
 1  78.06  1.37  0  2  1.44
 1  86.10  0.71  0  1  1.24
 1  82.58  1.17  0  1  1.50
 2  78.06  1.37  1  0  0.83
 1  99.70  0.73  0  2  0.99
 3  72.67  0.46  1  1  1.20
 1  82.53  0.61  0  0  1.32
 3  85.75  0.23  1  3  0.89
 1  99.70  0.84  0  3  0.69
 2  74.25  1.34  1  2  0.56
 3  64.69  1.16  1  1  0.73
 3  67.44  0.33  1  0  0.54
 0  77.42  0.40  0  1  0.55
 3  87.33  0.46  1  2  0.55
 3  77.42  0.40  1  3  0.62
 1  73.90  0.86  0  3  0.94
 3  82.53  0.61  1  2  0.49
 2  97.46  0.51  1  1  0.45
 1  92.56  1.24  0  0  0.43
 3  77.47  0.61  1  2  1.09
 2  82.58  1.17  1  3  0.47
 0  70.67  0.27  0  1  0.38
 2  95.31  1.16  1  2  0.55
 0  74.25  0.23  0  2  0.84
 2  86.10  0.71  1  1  0.52
 3  81.94  0.21  1  0  0.84
 2  81.94  1.37  1  3  0.61
 0  62.54  1.06  0  2  0.76
 0  70.67  1.30  0  1  0.65
 2  98.95  0.95  1  3  1.42
 0  92.56  0.33  0  0  0.86
 3  82.58  0.40  1  0  1.13
 2  82.53  0.96  1  1  0.60
 3  69.02  1.00  1  2  0.55
 2  72.67  1.11  1  1  0.29
 3  62.54  1.06  1  3  0.41
 2  92.95  0.71  1  3  0.79
 0  67.05  0.71  0  2  0.93
 2  97.46  1.06  1  1  0.58
 2  90.98  1.00  1  0  0.37
 2  98.95  0.62  1  1  0.71
 0  69.02  0.57  0  2  0.82
 1  89.33  1.30  0  3  0.47
 0  97.46  0.51  0  0  0.52
 3  61.05  0.95  1  2  4.50
 2  77.47  0.96  1  3  0.55
 3  92.56  0.33  1  2  0.65
 3  70.67  0.27  1  2  0.79
 3  74.25  0.23  1  2  0.44
 0  81.94  0.21  0  2  0.59
 2  77.42  1.17  1  3  0.46
 0  87.33  0.46  0  1  0.36
 0  60.30  0.84  0  0  0.28
 0  82.58  0.40  0  0  0.66
 2  86.10  0.86  1  0  0.49
 1  77.42  1.17  0  1  0.50
 1  90.98  1.00  0  1  1.09
 3  64.69  0.42  1  0  0.85
 1  98.95  0.95  0  1  1.17
 0  60.30  0.73  0  1  0.57
 0  78.06  0.21  0  3  0.87
 1  97.46  1.06  0  2  0.43
 0  89.33  0.27  0  3  0.77
 0  61.05  0.62  0  1  0.34
 1  86.10  0.86  0  0  0.39
 0  67.44  1.24  0  1  0.59
 3  73.90  0.86  1  0  0.44
 3  67.05  0.71  1  3  0.28
 1  77.47  0.96  0  3  0.41
 3  62.54  0.51  1  2  0.48
 0  64.69  0.42  0  3  0.44
 1  73.90  0.71  0  0  0.35
 2  99.70  0.73  1  1  0.85
 0  62.54  0.51  0  3  0.33
 3  60.30  0.73  1  3  0.75
 0  69.02  1.00  0  3  0.52
 1  82.53  0.96  0  2  0.36
 1  90.98  0.57  0  0  0.34
 2  87.33  1.11  1  1  0.29
 1  92.95  0.86  0  1  0.58
 0  67.44  0.33  0  2  0.90
 3  69.02  0.57  1  1  0.36
 1  87.33  1.11  0  0  0.31
 2  99.70  0.84  1  3  0.27
 0  95.31  0.42  0  3  0.52
 2  85.75  1.34  1  2  0.32
 0  85.75  0.23  0  1  0.62
 1  92.95  0.71  0  0  0.47
 2  89.33  1.30  1  3  0.29
 2  95.31  0.42  1  1  0.33
 0  64.69  1.16  0  0  4.17
 2  74.25  1.34  1  0  1.63
 0  69.02  0.57  0  0  0.97
 2  72.67  1.11  1  2  1.80
 0  74.25  0.23  0  1  1.23
 2  98.95  0.95  1  1  1.06
 3  67.05  0.71  1  2  0.79
 0  62.54  0.51  0  0  0.68
 3  87.33  0.46  1  3  0.89
 1  87.33  1.11  0  3  0.96
 1  90.98  0.57  0  2  0.55
 0  61.05  0.95  0  0  0.59
 3  81.94  0.21  1  3  0.85
 0  92.56  0.33  0  3  0.76
 0  64.69  1.16  0  0  0.82
 1  74.25  1.34  0  1  1.01
 3  64.69  1.16  1  3  0.77
 1  72.67  1.11  0  3  0.55
 2  92.95  0.86  1  2  0.67
 1  99.70  0.73  0  3  1.62
 3  61.05  0.95  1  1  0.51
 2  86.10  0.86  1  3  1.56
 1  86.10  0.71  0  1  0.53
 0  60.30  0.84  0  0  0.61
 3  82.58  0.40  1  1  2.40
 3  85.75  0.23  1  2  0.58
 0  60.30  0.73  0  0  0.67
 3  78.06  0.21  1  3  0.69
 3  77.42  0.40  1  3  1.60
 3  62.54  1.06  1  2  1.12
 3  73.90  0.71  1  2  0.89
 2  82.53  0.96  1  1  0.81
 0  67.05  0.86  0  0  0.47
 3  72.67  0.46  1  1  1.49
 2  98.95  0.62  1  3  0.65
 0  61.05  0.62  0  0  0.70
 2  89.33  1.30  1  1  0.63
 2  77.47  0.96  1  2  0.43
 1  82.53  0.96  0  3  0.97
 1  82.58  1.17  0  2  0.52
 2  67.44  1.24  1  2  0.51
 0  81.94  0.21  0  3  0.88
 1  78.06  1.37  0  1  0.45
 2  87.33  1.11  1  1  0.79
 1  73.90  0.71  0  2  0.52
 1  89.33  1.30  0  1  1.54
 1  99.70  0.84  0  1  0.71
 3  92.56  0.33  1  1  0.66
 0  70.67  1.30  0  0  0.50
 2  99.70  0.73  1  3  1.25
 0  62.54  1.06  0  0  0.72
 3  61.05  0.62  1  0  1.43
 1  81.94  1.37  0  2  0.57
 1  82.53  0.61  0  1  0.82
 1  90.98  1.00  0  1  0.71
 2  90.98  1.00  1  2  1.49
 3  69.02  0.57  1  1  0.91
 0  64.69  0.42  0  2  0.55
 1  92.56  1.24  0  0  1.62
 3  82.53  0.61  1  1  0.74
 1  73.90  0.86  0  2  0.78
 2  86.10  0.71  1  3  1.22
 3  69.02  1.00  1  0  0.69
 2  82.58  1.17  1  2  1.87
 3  64.69  0.42  1  1  2.70
 2  95.31  1.16  1  3  1.89
 3  67.44  0.33  1  0  0.73
 2  81.94  1.37  1  1  0.47
 1  85.75  1.34  0  0  0.42
 2  92.95  0.71  1  2  0.44
 1  97.46  1.06  0  1  1.58
 0  67.05  0.71  0  0  0.70
 0  85.75  0.23  0  3  0.82
 0  87.33  0.46  0  1  0.59
 2  97.46  1.06  1  3  0.68
 2  92.56  1.24  1  2  2.30
 0  72.67  0.46  0  1  1.66
 2  97.46  0.51  1  1  1.40
 0  82.58  0.40  0  3  1.46
 3  60.30  0.84  1  0  0.75
 1  95.31  1.16  0  1  1.72
 3  77.47  0.61  1  2  1.19
 0  95.31  0.42  0  3  0.57
 1  77.42  1.17  0  1  0.61
 2  99.70  0.84  1  1  0.74
 3  74.25  0.23  1  3  0.74
 1  92.95  0.86  0  3  0.64
 0  77.42  0.40  0  0  0.61
 3  62.54  0.51  1  1  0.68
 1  92.95  0.71  0  2  0.44
 0  78.06  0.21  0  3  1.53
 0  89.33  0.27  0  0  0.39
 2  70.67  1.30  1  0  0.54
 0  70.67  0.27  0  1  0.66
 1  86.10  0.86  0  2  0.48
 0  69.02  1.00  0  0  0.82
 0  97.46  0.51  0  3  0.60
 2  77.42  1.17  1  1  0.54
 2  85.75  1.34  1  2  0.36
 0  67.44  1.24  0  0  1.23
 2  95.31  0.42  1  3  0.78
 0  67.44  0.33  0  2  0.45
 3  73.90  0.86  1  0  0.61
 3  67.05  0.86  1  0  5.47
 2  90.98  0.57  1  3  0.92
 2  78.06  1.37  1  3  3.76
 3  89.33  0.27  1  3  0.65
 1  77.47  0.96  0  2  2.13
 1  98.95  0.95  0  1  1.15
 3  70.67  0.27  1  0  0.71
 3  60.30  0.73  1  0  0.90
 1  77.47  0.61  0  0  0.69
 1  98.95  0.62  0  3  0.70
 3  67.05  0.71  1  0  1.75
 3  60.30  0.84  1  2  1.51
 3  64.69  0.42  1  1  0.65
 0  67.44  0.33  0  0  1.05
 3  72.67  0.46  1  1  1.57
 0  64.69  0.42  0  0  0.83
 2  74.25  1.34  1  2  1.46
 1  78.06  1.37  0  1  1.07
 3  69.02  1.00  1  3  0.62
 1  74.25  1.34  0  0  1.27
 2  97.46  0.51  1  3  0.93
 0  74.25  0.23  0  3  2.48
 0  69.02  1.00  0  0  0.78
 1  72.67  1.11  0  0  0.67
 1  73.90  0.71  0  0  1.43
 2  86.10  0.86  1  2  0.52
 0  60.30  0.73  0  0  0.70
 1  92.95  0.71  0  1  1.75
 2  82.58  1.17  1  3  2.71
 0  61.05  0.95  0  0  0.73
 1  99.70  0.84  0  1  1.70
 2  98.95  0.62  1  2  1.12
 3  67.44  0.33  1  3  1.38
 3  62.54  1.06  1  0  2.12
 1  77.47  0.61  0  1  0.99
 1  95.31  1.16  0  0  1.14
 2  92.95  0.86  1  0  1.25
 0  62.54  1.06  0  0  0.50
 1  98.95  0.95  0  2  1.23
 0  60.30  0.84  0  0  0.88
 0  95.31  0.42  0  3  0.71
 3  73.90  0.71  1  0  1.18
 1  85.75  1.34  0  1  1.99
 3  92.56  0.33  1  3  8.68
 3  73.90  0.86  1  2  1.21
 3  70.67  0.27  1  1  0.98
 3  77.42  0.40  1  3  0.47
 1  86.10  0.86  0  3  1.44
 1  98.95  0.62  0  3  0.71
 1  82.58  1.17  0  2  1.07
 0  72.67  0.46  0  1  0.92
 1  92.95  0.86  0  2  1.05
 2  95.31  1.16  1  3  0.93
 1  89.33  1.30  0  0  0.68
 2  99.70  0.73  1  3  2.63
 3  60.30  0.73  1  0  1.08
 0  67.05  0.86  0  0  0.82
 0  85.75  0.23  0  1  2.37
 2  85.75  1.34  1  2  0.46
 2  95.31  0.42  1  1  0.46
 2  92.56  1.24  1  0  0.76
 2  87.33  1.11  1  3  1.78
 0  78.06  0.21  0  2  0.93
 3  67.05  0.86  1  1  0.39
 1  77.42  1.17  0  0  0.69
 1  82.53  0.96  0  2  2.26
 3  78.06  0.21  1  3  0.96
 1  90.98  1.00  0  3  1.79
 2  89.33  1.30  1  2  0.55
 3  82.53  0.61  1  2  0.95
 3  87.33  0.46  1  1  0.50
 0  97.46  0.51  0  3  1.00
 0  70.67  1.30  0  0  0.58
 3  61.05  0.62  1  2  2.19
 2  97.46  1.06  1  2  1.59
 0  61.05  0.62  0  0  1.23
 0  81.94  0.21  0  3  0.57
 3  81.94  0.21  1  2  2.43
 2  77.42  1.17  1  1  4.08
 3  85.75  0.23  1  3  4.41
 2  77.47  0.96  1  1  1.95
 3  62.54  0.51  1  2  0.93
 1  82.53  0.61  0  1  3.39
 2  82.53  0.96  1  3  2.22
 1  73.90  0.86  0  2  0.81
 1  99.70  0.73  0  1  1.52
 2  81.94  1.37  1  1  3.72
 3  77.47  0.61  1  2  0.57
 2  72.67  1.11  1  0  0.55
 0  70.67  0.27  0  1  1.46
 1  77.47  0.96  0  1  0.83
 2  86.10  0.71  1  3  0.41
 3  69.02  0.57  1  1  8.76
 2  78.06  1.37  1  1  1.40
 3  64.69  1.16  1  0  0.65
 1  87.33  1.11  0  1  4.09
 1  97.46  1.06  0  2  1.18
 1  81.94  1.37  0  0  0.48
 0  62.54  0.51  0  0  0.69
 1  90.98  0.57  0  3  0.62
 2  90.98  1.00  1  1  1.23
 0  64.69  1.16  0  0  1.28
 3  89.33  0.27  1  3  8.59
 1  86.10  0.71  0  1  1.71
 2  90.98  0.57  1  3  0.71
 2  67.44  1.24  1  1  1.29
 3  61.05  0.95  1  0  0.67
 2  92.95  0.71  1  0  1.16
 0  92.56  0.33  0  3  0.63
 0  82.58  0.40  0  1  1.65
 0  67.05  0.71  0  0  0.64
 3  82.58  0.40  1  3  0.93
 1  92.56  1.24  0  1  1.40
 2  99.70  0.84  1  2  0.89
 0  77.42  0.40  0  1  3.78
 2  70.67  1.30  1  2  0.87
 0  69.02  0.57  0  0  1.57
 2  98.95  0.95  1  3  0.77
 0  87.33  0.46  0  2  1.34
 3  74.25  0.23  1  3  0.60
 0  89.33  0.27  0  1  1.19
 0  67.44  1.24  0  0  0.67
 1  77.42  1.17  0  0  2.14
 2  90.98  0.57  1  3  2.66
 3  60.30  0.73  1  0  1.81
 1  82.58  1.17  0  1  2.03
 1  90.98  1.00  0  2  2.03
 0  78.06  0.21  0  3  0.75
 1  97.46  1.06  0  3  2.21
 1  85.75  1.34  0  2  0.83
 3  61.05  0.95  1  0  0.93
 0  67.44  0.33  0  1  0.84
 2  86.10  0.86  1  3  1.17
 2  98.95  0.62  1  2  0.45
 1  82.53  0.96  0  1  1.22
 0  72.67  0.46  0  0  0.98
 2  77.47  0.96  1  3  0.42
 3  74.25  0.23  1  3  0.53
 3  62.54  0.51  1  2  0.97
 3  85.75  0.23  1  2  1.13
 2  89.33  1.30  1  2  2.03
 1  99.70  0.73  0  3  0.63
 2  97.46  0.51  1  0  0.83
 2  82.53  0.96  1  1  1.04
 1  73.90  0.86  0  3  0.45
 0  70.67  0.27  0  2  0.66
 0  69.02  1.00  0  0  1.67
 2  97.46  1.06  1  2  0.55
 1  81.94  1.37  0  1  0.82
 1  90.98  0.57  0  3  0.58
 3  62.54  1.06  1  2  0.37
 3  77.47  0.61  1  0  0.45
 2  90.98  1.00  1  1  0.33
 2  74.25  1.34  1  2  0.78
 3  72.67  0.46  1  2  0.46
 3  92.56  0.33  1  3  0.98
 2  98.95  0.95  1  0  0.39
 3  67.44  0.33  1  1  0.45
 2  95.31  1.16  1  2  0.57
 3  67.05  0.86  1  3  2.02
 3  61.05  0.62  1  2  0.78
 1  98.95  0.95  0  3  0.44
 0  74.25  0.23  0  1  0.27
 2  70.67  1.30  1  0  0.26
 1  98.95  0.62  0  1  0.55
 2  99.70  0.84  1  3  0.62
 2  85.75  1.34  1  2  0.54
 1  73.90  0.71  0  3  0.51
 0  97.46  0.51  0  1  0.51
 0  62.54  1.06  0  0  0.31
 3  77.42  0.40  1  1  0.48
 0  70.67  1.30  0  2  0.48
 2  82.58  1.17  1  3  0.34
 0  87.33  0.46  0  0  0.50
 2  92.95  0.71  1  1  0.56
 3  69.02  1.00  1  0  0.82
 0  69.02  0.57  0  2  0.45
 0  77.42  0.40  0  3  0.40
 3  73.90  0.86  1  2  1.41
 1  89.33  1.30  0  1  0.92
 3  82.53  0.61  1  2  1.13
 2  78.06  1.37  1  2  0.65
 0  82.58  0.40  0  1  1.51
 1  72.67  1.11  0  0  0.78
 2  92.95  0.86  1  3  0.67
 3  81.94  0.21  1  3  0.87
 0  81.94  0.21  0  2  2.60
 3  67.05  0.71  1  2  1.70
 0  62.54  0.51  0  0  0.81
 1  95.31  1.16  0  1 19.07
 2  99.70  0.73  1  2  2.31
 0  61.05  0.95  0  0  1.02
 1  78.06  1.37  0  3  2.52
 1  74.25  1.34  0  2  1.63
 2  72.67  1.11  1  2  1.10
 1  92.95  0.71  0  2  1.56
 0  89.33  0.27  0  2  1.04
 0  67.05  0.71  0  0  1.43
 0  95.31  0.42  0  2  1.22
 0  85.75  0.23  0  3  0.99
 1  92.95  0.86  0  1  1.35
 0  64.69  0.42  0  0  1.87
 1  87.33  1.11  0  1  1.22
 1  86.10  0.86  0  1  0.54
 3  73.90  0.71  1  2  1.25
 3  70.67  0.27  1  3  0.80
 3  82.58  0.40  1  3  0.62
 2  92.56  1.24  1  2  1.38
 3  78.06  0.21  1  3  1.32
 0  67.05  0.86  0  0  1.16
 2  95.31  0.42  1  3  1.48
 0  60.30  0.73  0  0  1.00
 1  82.53  0.61  0  1  0.81
 1  99.70  0.84  0  1  0.46
 0  67.44  1.24  0  0  0.74
 0  64.69  1.16  0  0  0.79
 1  77.47  0.61  0  1  0.87
 3  60.30  0.84  1  0  3.56
 0  61.05  0.62  0  0  0.72
 2  77.42  1.17  1  2  1.24
 2  81.94  1.37  1  2  0.56
 3  64.69  1.16  1  2  1.46
 1  86.10  0.71  0  2  1.48
 3  69.02  0.57  1  1  1.28
 0  92.56  0.33  0  2  1.22
 1  92.56  1.24  0  1  0.85
 0  60.30  0.84  0  0  0.71
 2  86.10  0.71  1  3  2.42
 2  87.33  1.11  1  3  1.15
 2  67.44  1.24  1  1  1.33
 3  64.69  0.42  1  3  0.85
 3  87.33  0.46  1  2  0.94
 3  89.33  0.27  1  1  1.98
 1  77.47  0.96  0  2  1.46
 1  95.31  1.16  0  1  1.54
 3  67.44  0.33  1  3  2.01
 2  90.98  0.57  1  2  1.32
 2  97.46  0.51  1  3  1.26
 2  82.53  0.96  1  3  2.72
 0  64.69  1.16  0  0  0.87
 0  67.05  0.71  0  0  0.76
 0  82.58  0.40  0  1  0.96
 2  95.31  1.16  1  2  0.78
 3  61.05  0.62  1  2  1.06
 3  69.02  0.57  1  3  2.12
 2  81.94  1.37  1  3  1.29
 0  85.75  0.23  0  1  2.04
 2  77.42  1.17  1  3  2.23
 0  67.44  0.33  0  0  3.05
 1  77.47  0.61  0  0  1.17
 3  64.69  1.16  1  1  0.99
 2  67.44  1.24  1  2  1.92
 2  98.95  0.95  1  2  2.19
 3  62.54  1.06  1  0  2.61
 2  89.33  1.30  1  2  1.36
 3  87.33  0.46  1  2  0.73
 1  82.53  0.96  0  1  2.34
 3  69.02  1.00  1  3  1.08
 1  90.98  1.00  0  1  1.10
 1  82.58  1.17  0  1  0.86
 0  67.44  1.24  0  0  0.67
 0  81.94  0.21  0  1  3.46
 0  87.33  0.46  0  2  0.72
 0  74.25  0.23  0  0  1.18
 2  70.67  1.30  1  3  1.95
 2  97.46  1.06  1  2  2.08
 1  97.46  1.06  0  1  2.10
 2  99.70  0.84  1  2  0.74
 0  61.05  0.62  0  0  0.58
 1  87.33  1.11  0  1  1.95
 3  70.67  0.27  1  3  0.95
 0  61.05  0.95  0  0  0.73
 2  86.10  0.71  1  2  2.22
 1  98.95  0.95  0  1  0.73
 2  86.10  0.86  1  3  0.58
 2  77.47  0.96  1  3  0.73
 2  87.33  1.11  1  2  0.93
 1  77.47  0.96  0  1  0.62
 1  98.95  0.62  0  1  1.33
 0  60.30  0.73  0  0  0.48
 1  86.10  0.71  0  1  3.54
 3  78.06  0.21  1  2  0.57
 3  73.90  0.71  1  2  0.39
 2  92.56  1.24  1  2  0.96
 1  82.53  0.61  0  1  1.21
 1  92.95  0.86  0  1  1.04
 1  74.25  1.34  0  0  0.64
 1  73.90  0.86  0  0  0.68
 2  90.98  1.00  1  2  1.17
 1  99.70  0.73  0  1  1.63
 3  73.90  0.86  1  2  0.76
 3  64.69  0.42  1  3  0.96
 2  74.25  1.34  1  3  2.83
 2  92.95  0.71  1  2  1.12
 1  90.98  0.57  0  1  0.82
 1  85.75  1.34  0  0  0.42
 3  61.05  0.95  1  0  2.14
 1  77.42  1.17  0  1  0.88
 1  73.90  0.71  0  1  1.05
 0  69.02  0.57  0  1  0.96
 3  67.05  0.71  1  3  1.09
 2  78.06  1.37  1  2  1.06
 2  85.75  1.34  1  2  2.46
 0  97.46  0.51  0  1  0.77
 3  67.05  0.86  1  2  1.81
 3  77.47  0.61  1  3  0.83
 0  92.56  0.33  0  2  1.37
 0  60.30  0.84  0  0  0.62
 0  70.67  1.30  0  0  1.58
 1  92.95  0.71  0  1  0.43
 0  62.54  1.06  0  0  0.61
 3  82.53  0.61  1  2  1.66
 1  72.67  1.11  0  0  0.73
 2  92.95  0.86  1  3  1.25
 0  69.02  1.00  0  0  3.10
 0  67.05  0.86  0  0  0.71
 1  81.94  1.37  0  1  2.98
 3  72.67  0.46  1  3  1.71
 0  62.54  0.51  0  0  0.93
 2  95.31  0.42  1  2  1.29
 0  70.67  0.27  0  0  0.76
 3  77.42  0.40  1  2  1.10
 0  78.06  0.21  0  0  2.36
 3  60.30  0.73  1  3  1.32
 2  72.67  1.11  1  3  0.63
 3  62.54  0.51  1  3  1.51
 1  92.56  1.24  0  1  1.26
 3  82.58  0.40  1  2  1.56
 0  95.31  0.42  0  1  1.13
 3  85.75  0.23  1  3  1.97
 2  82.58  1.17  1  2  2.64
 1  89.33  1.30  0  1  1.39
 3  92.56  0.33  1  2  1.90
 0  64.69  0.42  0  0  0.78
 3  89.33  0.27  1  3  0.62
 1  78.06  1.37  0  0  1.19
 2  99.70  0.73  1  3  3.60
 3  60.30  0.84  1  3  1.62
 0  89.33  0.27  0  1  1.66
 0  72.67  0.46  0  0  4.14
 2  98.95  0.62  1  3  1.95
 3  81.94  0.21  1  3  1.54
 1  86.10  0.86  0  0  3.04
 0  77.42  0.40  0  0  1.24
 3  74.25  0.23  1  3  1.49
 1  99.70  0.84  0  1  1.01
