 1  81.94  0.21  1  0  1.85
 1  77.47  0.61  1  0  1.09
 0  74.25  1.34  1  0  0.83
 0  90.98  0.57  1  1  0.61
 1  69.02  0.57  1  1  0.79
 0  70.67  1.30  1  0  1.06
 0  87.33  1.11  1  1  1.01
 0  97.46  1.06  1  1  1.13
 0  95.31  1.16  1  0  0.67
 0  82.58  1.17  1  0  0.74
 0  98.95  0.95  1  1  0.86
 1  78.06  0.21  1  1  0.71
 0  77.42  1.17  1  0  0.63
 0  92.56  1.24  1  0  0.71
 0  95.31  0.42  1  1  0.67
 1  69.02  1.00  1  0  0.72
 1  73.90  0.71  1  1  1.01
 1  67.05  0.86  1  0  0.72
 0  86.10  0.86  1  1  0.73
 0  82.53  0.96  1  0  0.65
 0  81.94  1.37  1  1  0.80
 1  61.05  0.95  1  1  1.07
 1  77.42  0.40  1  0  0.75
 1  74.25  0.23  1  1  0.88
 0  85.75  1.34  1  0  1.05
 0  72.67  1.11  1  1  1.14
 1  62.54  0.51  1  1  0.93
 1  67.05  0.71  1  1  0.84
 0  77.47  0.96  1  0  1.44
 0  89.33  1.30  1  0  1.41
 1  92.56  0.33  1  0  1.31
 1  62.54  1.06  1  1  0.72
 0  99.70  0.73  1  1  0.98
 1  61.05  0.62  1  1  0.69
 0  90.98  1.00  1  0  0.78
 0  92.95  0.86  1  0  2.14
 0  92.95  0.71  1  0  0.86
 1  85.75  0.23  1  1  0.78
 0  98.95  0.62  1  1  1.24
 1  64.69  1.16  1  1  0.63
 1  70.67  0.27  1  1  0.66
 1  87.33  0.46  1  0  0.84
 1  60.30  0.73  1  1  0.76
 0  97.46  0.51  1  0  0.86
 0  78.06  1.37  1  1  1.28
 1  64.69  0.42  1  1  0.70
 1  82.53  0.61  1  0  0.89
 1  73.90  0.86  1  0  0.72
 0  67.44  1.24  1  1  0.67
 1  82.58  0.40  1  0  0.79
 0  86.10  0.71  1  0  0.52
 1  60.30  0.84  1  1  0.63
 0  99.70  0.84  1  0  0.80
 1  89.33  0.27  1  0  0.64
 1  72.67  0.46  1  1  0.57
 1  67.44  0.33  1  1  0.82
 1  73.90  0.86  1  1  0.64
 0  78.06  1.37  1  1  0.68
 1  74.25  0.23  1  1  2.57
 1  67.05  0.86  1  1  0.63
 1  61.05  0.95  1  1  0.62
 1  69.02  1.00  1  1  0.56
 0  85.75  1.34  1  0  0.63
 0  77.42  1.17  1  0  0.63
 0  89.33  1.30  1  0  0.74
 1  67.44  0.33  1  1  0.61
 0  92.95  0.86  1  0  0.55
 1  61.05  0.62  1  1  0.50
 0  92.56  1.24  1  0  0.57
 1  77.42  0.40  1  1  0.71
 0  81.94  1.37  1  0  1.05
 0  82.53  0.96  1  0  0.57
 1  82.58  0.40  1  0  0.70
 0  77.47  0.96  1  1  0.66
 1  64.69  1.16  1  1  0.65
 1  85.75  0.23  1  0  0.74
 1  60.30  0.73  1  1  0.63
 0  99.70  0.73  1  0  0.71
 1  73.90  0.71  1  1  1.81
 0  87.33  1.11  1  0  0.63
 1  89.33  0.27  1  0  0.70
 1  78.06  0.21  1  1  0.88
 1  72.67  0.46  1  1  0.55
 1  70.67  0.27  1  1  0.61
 0  98.95  0.95  1  0  0.66
 0  92.95  0.71  1  0  0.68
 0  90.98  1.00  1  0  0.68
 0  74.25  1.34  1  1  0.73
 0  95.31  1.16  1  0  0.89
 0  86.10  0.71  1  0  0.81
 1  62.54  0.51  1  1  0.62
 1  67.05  0.71  1  1  0.53
 1  92.56  0.33  1  0  0.75
 0  70.67  1.30  1  1  0.79
 0  97.46  0.51  1  0  0.91
 1  87.33  0.46  1  0  1.78
 0  82.58  1.17  1  1  0.97
 0  97.46  1.06  1  0  0.63
 0  86.10  0.86  1  0  3.17
 1  60.30  0.84  1  1  1.91
 0  90.98  0.57  1  0  2.18
 0  67.44  1.24  1  1  0.67
 0  72.67  1.11  1  1  0.57
 0  99.70  0.84  1  1  0.85
 1  77.47  0.61  1  1  0.71
 1  64.69  0.42  1  1  0.57
 1  81.94  0.21  1  1  0.82
 0  98.95  0.62  1  0  0.69
 1  69.02  0.57  1  1  0.58
 1  62.54  1.06  1  1  0.50
 1  82.53  0.61  1  0  0.85
 0  95.31  0.42  1  0  0.60
 1  64.69  1.16  1  1  0.68
 0  86.10  0.86  1  0  0.72
 0  72.67  1.11  1  1  1.34
 1  69.02  0.57  1  0  0.83
 0  97.46  0.51  1  0  0.55
 1  82.58  0.40  1  0  4.28
 0  86.10  0.71  1  1  0.69
 1  64.69  0.42  1  1  0.59
 0  98.95  0.62  1  0  0.59
 1  77.42  0.40  1  1  0.70
 0  74.25  1.34  1  1  0.61
 0  77.47  0.96  1  1  0.64
 0  92.56  1.24  1  0  0.77
 0  85.75  1.34  1  0  1.57
 1  89.33  0.27  1  0  0.85
 0  82.58  1.17  1  1  1.00
 0  90.98  0.57  1  0  0.72
 0  98.95  0.95  1  0  0.65
 0  95.31  1.16  1  0  0.56
 1  61.05  0.62  1  1  0.55
 1  70.67  0.27  1  1  0.56
 0  95.31  0.42  1  0  0.65
 1  67.05  0.71  1  1  0.60
 0  81.94  1.37  1  1  0.68
 0  92.95  0.71  1  0  0.52
 0  78.06  1.37  1  0  0.87
 0  92.95  0.86  1  0  0.58
 0  70.67  1.30  1  1  0.48
 1  67.05  0.86  1  1  1.26
 1  73.90  0.71  1  1  0.67
 1  61.05  0.95  1  1  0.69
 1  62.54  1.06  1  1  0.71
 0  90.98  1.00  1  0  0.69
 1  81.94  0.21  1  0  0.72
 1  67.44  0.33  1  1  0.63
 1  74.25  0.23  1  1  0.68
 1  73.90  0.86  1  1  0.65
 0  67.44  1.24  1  1  0.59
 0  97.46  1.06  1  0  0.55
 1  92.56  0.33  1  0  0.67
 1  72.67  0.46  1  1  0.76
 0  99.70  0.73  1  0  0.65
 0  89.33  1.30  1  0  0.67
 0  77.42  1.17  1  0  1.91
 1  78.06  0.21  1  0  0.95
 1  82.53  0.61  1  0  0.68
 1  60.30  0.73  1  1  0.79
 1  77.47  0.61  1  0  2.39
 1  87.33  0.46  1  0  1.00
 0  99.70  0.84  1  0  0.70
 1  85.75  0.23  1  0  0.71
 1  69.02  1.00  1  1  0.70
 1  62.54  0.51  1  1  0.48
 0  82.53  0.96  1  0  1.26
 1  60.30  0.84  1  1  0.67
 0  87.33  1.11  1  0  0.67
 1  74.25  0.23  1  0  3.28
 0  90.98  1.00  1  0  0.62
 0  86.10  0.71  1  0  0.60
 0  99.70  0.73  1  0  0.62
 0  78.06  1.37  1  1  0.89
 0  85.75  1.34  1  0  0.91
 0  98.95  0.62  1  0  0.67
 1  67.05  0.71  1  1  0.61
 1  62.54  1.06  1  1  0.49
 1  81.94  0.21  1  1  0.95
 0  81.94  1.37  1  1  0.70
 0  92.56  1.24  1  0  0.59
 0  77.42  1.17  1  1  0.95
 0  98.95  0.95  1  0  0.70
 0  95.31  0.42  1  0  0.69
 0  72.67  1.11  1  1  0.72
 1  92.56  0.33  1  0  0.56
 1  61.05  0.62  1  1  0.46
 0  70.67  1.30  1  1  0.47
 1  73.90  0.86  1  1  0.68
 0  86.10  0.86  1  1  0.78
 0  92.95  0.71  1  0  0.60
 1  73.90  0.71  1  1  0.95
 1  82.58  0.40  1  1  0.66
 1  70.67  0.27  1  1  0.63
 1  67.44  0.33  1  1  0.64
 1  62.54  0.51  1  1  0.64
 1  69.02  0.57  1  1  0.60
 1  67.05  0.86  1  1  0.71
 1  85.75  0.23  1  0  0.92
 0  67.44  1.24  1  1  0.66
 0  92.95  0.86  1  0  0.60
 0  97.46  1.06  1  0  0.60
 1  89.33  0.27  1  0  0.55
 0  74.25  1.34  1  0  2.12
 0  95.31  1.16  1  0  0.63
 1  64.69  0.42  1  1  0.63
 1  72.67  0.46  1  1  0.53
 1  60.30  0.73  1  1  0.57
 1  87.33  0.46  1  0  0.81
 1  61.05  0.95  1  1  0.61
 0  77.47  0.96  1  1  0.85
 0  97.46  0.51  1  0  0.70
 0  90.98  0.57  1  0  0.73
 0  87.33  1.11  1  0  0.58
 1  60.30  0.84  1  1  0.59
 1  64.69  1.16  1  1  0.51
 0  82.58  1.17  1  1  1.22
 0  99.70  0.84  1  0  0.69
 1  77.47  0.61  1  0  1.57
 1  77.42  0.40  1  1  0.85
 1  82.53  0.61  1  1  0.83
 0  82.53  0.96  1  1  0.53
 0  89.33  1.30  1  0  0.77
 1  69.02  1.00  1  1  0.63
 1  78.06  0.21  1  1  1.06
 0  92.56  1.24  1  0  0.86
 1  78.06  0.21  1  1  0.85
 0  92.95  0.86  1  0  0.67
 1  82.53  0.61  1  0  0.89
 0  95.31  0.42  1  0  0.69
 1  89.33  0.27  1  0  0.57
 1  73.90  0.86  1  1  0.62
 1  67.05  0.71  1  1  0.49
 1  64.69  0.42  1  1  0.46
 0  98.95  0.95  1  0  0.65
 1  85.75  0.23  1  1  4.51
 0  77.42  1.17  1  1  0.66
 1  77.42  0.40  1  1  0.61
 0  89.33  1.30  1  0  0.78
 1  61.05  0.62  1  1  0.54
 0  99.70  0.73  1  0  0.59
 0  72.67  1.11  1  1  0.59
 0  86.10  0.71  1  0  0.66
 1  92.56  0.33  1  0  0.77
 1  60.30  0.73  1  1  0.49
 1  69.02  0.57  1  1  0.51
 0  85.75  1.34  1  1  0.68
 1  60.30  0.84  1  1  0.49
 1  77.47  0.61  1  1  0.57
 0  77.47  0.96  1  1  0.50
 0  82.53  0.96  1  0  0.69
 1  61.05  0.95  1  1  0.57
 1  87.33  0.46  1  0  0.64
 1  67.05  0.86  1  1  0.50
 1  62.54  1.06  1  1  0.47
 0  97.46  0.51  1  0  0.61
 1  73.90  0.71  1  1  0.61
 1  74.25  0.23  1  1  0.67
 0  70.67  1.30  1  1  0.66
 0  90.98  1.00  1  0  0.54
 0  81.94  1.37  1  0  0.67
 1  81.94  0.21  1  1  0.97
 0  86.10  0.86  1  0  0.68
 1  82.58  0.40  1  1  0.73
 1  70.67  0.27  1  1  0.58
 1  62.54  0.51  1  1  0.55
 0  82.58  1.17  1  0  0.86
 0  98.95  0.62  1  0  0.61
 1  64.69  1.16  1  1  0.53
 0  99.70  0.84  1  0  0.72
 1  72.67  0.46  1  1  0.63
 1  69.02  1.00  1  1  0.57
 0  67.44  1.24  1  1  0.53
 0  95.31  1.16  1  0  0.74
 0  92.95  0.71  1  0  0.68
 0  97.46  1.06  1  0  0.59
 1  67.44  0.33  1  1  0.55
 0  78.06  1.37  1  0  0.68
 0  74.25  1.34  1  1  0.56
 0  87.33  1.11  1  0  0.79
 0  90.98  0.57  1  0  0.62
 1  67.44  0.33  1  1  0.56
 0  67.44  1.24  1  1  0.61
 1  77.47  0.61  1  1  0.75
 0  92.95  0.71  1  0  0.55
 0  89.33  1.30  1  0  0.64
 1  72.67  0.46  1  1  0.88
 0  98.95  0.62  1  0  0.53
 1  69.02  1.00  1  1  0.72
 0  70.67  1.30  1  1  0.57
 1  73.90  0.86  1  1  0.55
 1  61.05  0.62  1  1  0.49
 1  62.54  1.06  1  1  0.50
 1  74.25  0.23  1  0  1.40
 1  61.05  0.95  1  1  0.49
 0  87.33  1.11  1  0  0.62
 1  62.54  0.51  1  1  0.59
 0  85.75  1.34  1  0  0.70
 1  77.42  0.40  1  1  2.00
 0  82.53  0.96  1  0  0.74
 0  81.94  1.37  1  0  0.68
 0  90.98  0.57  1  0  0.67
 1  81.94  0.21  1  0  0.64
 0  74.25  1.34  1  0  1.67
 1  82.53  0.61  1  0  0.64
 0  90.98  1.00  1  0  0.73
 0  97.46  1.06  1  0  0.61
 1  67.05  0.71  1  1  0.61
 1  70.67  0.27  1  1  0.56
 0  99.70  0.73  1  0  0.62
 0  77.42  1.17  1  1  0.61
 0  97.46  0.51  1  0  0.98
 1  78.06  0.21  1  0  0.75
 0  99.70  0.84  1  0  0.62
 0  95.31  0.42  1  0  0.60
 1  82.58  0.40  1  1  1.07
 0  98.95  0.95  1  0  0.58
 1  73.90  0.71  1  1  0.72
 0  92.56  1.24  1  0  0.57
 1  64.69  1.16  1  1  0.52
 0  86.10  0.86  1  1  1.10
 0  77.47  0.96  1  1  0.67
 1  89.33  0.27  1  0  0.56
 0  82.58  1.17  1  0  0.75
 0  72.67  1.11  1  1  0.55
 0  78.06  1.37  1  1  1.01
 1  60.30  0.84  1  1  0.64
 1  60.30  0.73  1  1  0.49
 0  86.10  0.71  1  0  0.92
 1  87.33  0.46  1  0  0.77
 1  69.02  0.57  1  1  0.60
 0  95.31  1.16  1  0  0.60
 1  67.05  0.86  1  1  0.56
 1  85.75  0.23  1  0  0.66
 1  64.69  0.42  1  1  0.46
 0  92.95  0.86  1  0  0.56
 1  92.56  0.33  1  0  0.64
 1  87.33  0.46  1  0  0.95
 0  89.33  1.30  1  0  0.74
 0  72.67  1.11  1  1  0.71
 0  87.33  1.11  1  0  0.85
 0  81.94  1.37  1  1  2.22
 1  60.30  0.84  1  1  1.58
 1  73.90  0.71  1  1  1.17
 0  95.31  0.42  1  0  0.60
 1  70.67  0.27  1  1  0.53
 1  81.94  0.21  1  0  0.61
 0  77.47  0.96  1  1  0.58
 1  73.90  0.86  1  1  0.55
 0  98.95  0.62  1  0 23.16
 1  64.69  1.16  1  1  1.13
 0  90.98  1.00  1  0  1.09
 1  62.54  1.06  1  1  1.17
 0  86.10  0.71  1  0  1.05
 0  85.75  1.34  1  0  2.88
 0  70.67  1.30  1  1  2.31
 0  98.95  0.95  1  0  1.14
 0  99.70  0.73  1  0  2.21
 1  78.06  0.21  1  1  2.58
 0  82.53  0.96  1  0  1.57
 0  90.98  0.57  1  0  1.05
 1  77.47  0.61  1  1  1.22
 1  64.69  0.42  1  1  1.17
 0  99.70  0.84  1  0  1.01
 0  82.58  1.17  1  1  2.06
 1  67.05  0.71  1  1  1.07
 0  74.25  1.34  1  1  1.12
 1  60.30  0.73  1  1  1.02
 0  78.06  1.37  1  1  1.56
 1  92.56  0.33  1  0  1.00
 1  77.42  0.40  1  1  1.94
 0  77.42  1.17  1  0  3.18
 0  67.44  1.24  1  1  1.21
 1  69.02  1.00  1  1  4.28
 0  97.46  1.06  1  0  1.32
 1  61.05  0.95  1  1  1.12
 1  62.54  0.51  1  1  1.06
 0  92.95  0.86  1  0  1.02
 1  85.75  0.23  1  0  2.25
 1  67.05  0.86  1  1  1.12
 1  67.44  0.33  1  1  1.13
 1  69.02  0.57  1  1  1.83
 0  95.31  1.16  1  0  1.08
 0  97.46  0.51  1  0  1.23
 0  86.10  0.86  1  0  1.09
 0  92.56  1.24  1  1  2.16
 1  72.67  0.46  1  1  1.27
 1  61.05  0.62  1  1  0.97
 1  89.33  0.27  1  0  1.54
 0  92.95  0.71  1  0  1.35
 1  82.58  0.40  1  1  1.40
 1  82.53  0.61  1  1  1.51
 1  74.25  0.23  1  1  1.41
 1  67.44  0.33  1  1  0.97
 1  62.54  1.06  1  1  1.05
 0  92.56  1.24  1  0  1.01
 1  72.67  0.46  1  1  1.30
 1  73.90  0.71  1  1  1.07
 0  89.33  1.30  1  0  1.41
 0  78.06  1.37  1  1  1.20
 0  90.98  0.57  1  0  1.07
 1  69.02  0.57  1  1  1.08
 1  60.30  0.84  1  1  1.11
 1  81.94  0.21  1  1  1.39
 0  97.46  0.51  1  0  1.17
 0  77.47  0.96  1  1  1.31
 0  67.44  1.24  1  1  1.07
 1  87.33  0.46  1  0  1.54
 0  86.10  0.86  1  0  0.56
 1  60.30  0.73  1  1  0.46
 1  78.06  0.21  1  0  1.09
 1  74.25  0.23  1  1  0.67
 0  97.46  1.06  1  0  0.59
 0  95.31  1.16  1  0  0.81
 1  77.47  0.61  1  1  0.53
 0  99.70  0.73  1  0  1.08
 0  82.58  1.17  1  1  0.64
 0  92.95  0.71  1  0  0.67
 0  98.95  0.95  1  0  0.59
 0  81.94  1.37  1  1  0.57
 1  64.69  1.16  1  1  0.50
 1  89.33  0.27  1  0  0.58
 1  61.05  0.62  1  1  0.55
 0  90.98  1.00  1  0  0.51
 0  70.67  1.30  1  1  0.98
 0  72.67  1.11  1  1  1.02
 1  67.05  0.86  1  1  0.61
 0  85.75  1.34  1  1  0.59
 1  92.56  0.33  1  0  0.63
 0  99.70  0.84  1  0  0.75
 0  92.95  0.86  1  0  0.88
 1  85.75  0.23  1  1  0.76
 1  70.67  0.27  1  1  0.59
 0  87.33  1.11  1  0  0.74
 0  98.95  0.62  1  0  0.63
 0  82.53  0.96  1  1  0.61
 0  86.10  0.71  1  1  0.79
 1  64.69  0.42  1  1  0.64
 0  95.31  0.42  1  0  0.75
 1  77.42  0.40  1  0  0.99
 1  67.05  0.71  1  1  0.58
 0  74.25  1.34  1  1  0.66
 1  82.58  0.40  1  1  0.86
 1  62.54  0.51  1  1  0.51
 1  73.90  0.86  1  1  0.63
 1  61.05  0.95  1  1  0.46
 1  69.02  1.00  1  1  0.52
 0  77.42  1.17  1  1  0.66
 1  82.53  0.61  1  0  0.78
 0  98.95  0.62  1  0  0.76
 0  85.75  1.34  1  0  0.77
 1  64.69  0.42  1  1  1.03
 1  67.05  0.71  1  1  0.67
 0  99.70  0.84  1  0  1.16
 1  82.58  0.40  1  0  2.19
 0  78.06  1.37  1  1  0.67
 0  82.58  1.17  1  0  0.67
 0  77.47  0.96  1  1  1.72
 1  92.56  0.33  1  0  0.63
 1  60.30  0.73  1  1  0.55
 1  89.33  0.27  1  0  0.60
 1  60.30  0.84  1  1  0.48
 0  90.98  0.57  1  0  1.01
 0  92.95  0.71  1  0  1.33
 1  64.69  1.16  1  1  0.54
 1  78.06  0.21  1  1  0.60
 0  70.67  1.30  1  1  0.50
 1  73.90  0.86  1  1  0.78
 0  92.95  0.86  1  0  0.53
 0  87.33  1.11  1  0  0.72
 1  82.53  0.61  1  0  0.64
 0  99.70  0.73  1  0  0.63
 1  73.90  0.71  1  1  0.51
 0  77.42  1.17  1  1  0.45
 1  62.54  1.06  1  1  0.50
 0  86.10  0.71  1  0  0.71
 1  77.42  0.40  1  1  0.52
 1  69.02  1.00  1  1  0.51
 1  77.47  0.61  1  1  0.53
 1  81.94  0.21  1  0  0.71
 0  95.31  0.42  1  0  0.55
 1  70.67  0.27  1  1  0.48
 1  67.05  0.86  1  1  0.45
 0  97.46  0.51  1  0  0.56
 1  61.05  0.62  1  1  0.47
 1  87.33  0.46  1  0  0.60
 1  61.05  0.95  1  1  0.45
 1  69.02  0.57  1  1  0.39
 0  97.46  1.06  1  0  0.51
 0  89.33  1.30  1  0  0.59
 0  67.44  1.24  1  1  0.47
 0  81.94  1.37  1  0  0.58
 0  82.53  0.96  1  1  0.69
 1  62.54  0.51  1  1  0.52
 0  72.67  1.11  1  1  0.49
 0  95.31  1.16  1  0  0.51
 1  74.25  0.23  1  1  0.65
 0  90.98  1.00  1  1  1.03
 0  86.10  0.86  1  0  0.61
 1  72.67  0.46  1  1  0.72
 0  92.56  1.24  1  0  0.76
 1  67.44  0.33  1  1  0.53
 0  74.25  1.34  1  1  0.54
 0  98.95  0.95  1  0  0.53
 1  85.75  0.23  1  0  1.79
 1  78.06  0.21  1  1  0.62
 1  62.54  0.51  1  1  0.51
 1  67.44  0.33  1  1  0.51
 1  82.53  0.61  1  1  0.71
 1  61.05  0.62  1  1  0.50
 1  67.05  0.86  1  1  0.41
 1  77.47  0.61  1  1  0.52
 1  92.56  0.33  1  0  0.53
 0  99.70  0.84  1  0  0.54
 1  82.58  0.40  1  1  0.76
 0  86.10  0.71  1  1  0.50
 1  69.02  1.00  1  1  0.63
 0  87.33  1.11  1  0  1.06
 1  74.25  0.23  1  1  0.98
 0  97.46  0.51  1  0  0.70
 0  82.58  1.17  1  0  0.76
 1  85.75  0.23  1  0  0.75
 0  74.25  1.34  1  1  0.87
 0  98.95  0.95  1  0  0.55
 0  89.33  1.30  1  0  0.85
 1  81.94  0.21  1  1  0.88
 0  97.46  1.06  1  0  0.66
 1  60.30  0.73  1  1  0.49
 0  92.95  0.86  1  0  0.60
 1  64.69  1.16  1  1  0.55
 0  95.31  0.42  1  0  0.55
 1  70.67  0.27  1  1  0.55
 1  67.05  0.71  1  1  0.51
 0  86.10  0.86  1  0  0.61
 0  77.42  1.17  1  1  0.51
 0  90.98  1.00  1  0  0.61
 0  98.95  0.62  1  0  0.54
 1  69.02  0.57  1  1  0.51
 1  72.67  0.46  1  1  0.46
 1  73.90  0.86  1  1  0.44
 1  61.05  0.95  1  1  0.40
 0  92.56  1.24  1  0  0.64
 1  89.33  0.27  1  1  0.65
 0  78.06  1.37  1  1  0.67
 0  72.67  1.11  1  1  0.49
 0  92.95  0.71  1  0  0.63
 1  64.69  0.42  1  1  0.47
 0  99.70  0.73  1  0  0.61
 1  60.30  0.84  1  1  0.51
 1  87.33  0.46  1  0  0.52
 0  81.94  1.37  1  1  0.85
 1  73.90  0.71  1  1  0.50
 0  82.53  0.96  1  1  0.60
 0  85.75  1.34  1  0  1.52
 0  95.31  1.16  1  0  0.66
 1  77.42  0.40  1  1  0.85
 0  67.44  1.24  1  1  0.47
 0  70.67  1.30  1  1  0.54
 1  62.54  1.06  1  1  0.49
 0  90.98  0.57  1  0  0.55
 0  77.47  0.96  1  1  0.63
