 0  92.95  0.86  1  0  2.38
 1  73.90  0.71  1  0  8.20
 1  69.02  1.00  1  0  1.46
 1  61.05  0.62  1  0  2.46
 0  99.70  0.84  1  1 11.23
 0  97.46  0.51  1  1  3.94
 0  67.44  1.24  1  1  1.11
 0  99.70  0.73  1  0  1.11
 0  77.47  0.96  1  0 16.21
 1  72.67  0.46  1  0  1.54
 0  85.75  1.34  1  1  6.26
 0  98.95  0.62  1  1  1.84
 0  77.42  1.17  1  1  0.92
 1  78.06  0.21  1  0  2.21
 0  86.10  0.86  1  0  1.64
 0  81.94  1.37  1  1  1.99
 1  61.05  0.95  1  0  1.87
 1  89.33  0.27  1  0  2.02
 1  60.30  0.84  1  1  4.71
 1  74.25  0.23  1  0  4.16
 0  78.06  1.37  1  1 10.21
 0  97.46  1.06  1  0  0.83
 1  92.56  0.33  1  1  2.10
 0  70.67  1.30  1  0  2.86
 0  98.95  0.95  1  1  3.97
 1  81.94  0.21  1  1  3.66
 0  86.10  0.71  1  1  0.71
 1  70.67  0.27  1  0  2.32
 0  95.31  1.16  1  0  1.38
 1  67.05  0.86  1  1  1.04
 1  67.05  0.71  1  1  0.71
 1  62.54  1.06  1  0  2.94
 1  82.53  0.61  1  0  2.13
 0  90.98  0.57  1  0  0.69
 1  67.44  0.33  1  1  1.02
 1  69.02  0.57  1  1  1.17
 0  92.56  1.24  1  1  4.22
 1  73.90  0.86  1  0  1.10
 0  89.33  1.30  1  0  1.57
 0  92.95  0.71  1  1  3.09
 1  85.75  0.23  1  1  1.70
 0  90.98  1.00  1  0  1.61
 0  95.31  0.42  1  1  1.32
 1  87.33  0.46  1  1  0.77
 1  64.69  0.42  1  0 12.79
 0  72.67  1.11  1  0  4.51
 0  82.53  0.96  1  1  1.01
 1  82.58  0.40  1  1  2.05
 1  77.47  0.61  1  0  4.04
 1  77.42  0.40  1  1  2.93
 0  87.33  1.11  1  0  1.81
 1  62.54  0.51  1  1  2.70
 0  82.58  1.17  1  0  2.23
 0  74.25  1.34  1  1  2.30
 1  60.30  0.73  1  1  2.66
 1  64.69  1.16  1  1  2.34
 1  67.44  0.33  1  1  2.36
 0  95.31  1.16  1  0  3.20
 0  74.25  1.34  1  0  1.01
 1  67.05  0.71  1  0  2.47
 0  95.31  0.42  1  1  1.50
 1  81.94  0.21  1  1  2.22
 1  64.69  0.42  1  0  1.93
 1  69.02  0.57  1  1  0.59
 1  73.90  0.86  1  0  2.65
 1  60.30  0.73  1  1  1.23
 0  87.33  1.11  1  0  1.52
 0  92.56  1.24  1  0  0.73
 1  78.06  0.21  1  1  1.56
 1  92.56  0.33  1  1  1.78
 1  74.25  0.23  1  1  0.95
 1  89.33  0.27  1  1  0.53
 0  82.58  1.17  1  0  1.97
 0  85.75  1.34  1  0  0.85
 0  78.06  1.37  1  0  0.95
 0  98.95  0.62  1  0  2.63
 1  82.58  0.40  1  0  1.46
 0  99.70  0.84  1  0  0.71
 0  86.10  0.86  1  0  0.56
 1  60.30  0.84  1  1  2.28
 0  77.42  1.17  1  0  2.40
 0  77.47  0.96  1  0  0.59
 0  81.94  1.37  1  0  0.55
 0  92.95  0.71  1  0  1.06
 1  62.54  1.06  1  1  0.71
 0  97.46  1.06  1  0  0.58
 1  64.69  1.16  1  1  0.97
 0  99.70  0.73  1  0  1.50
 1  70.67  0.27  1  1  1.80
 1  61.05  0.95  1  1  2.11
 1  69.02  1.00  1  0  1.02
 0  89.33  1.30  1  0  0.61
 0  98.95  0.95  1  0  0.57
 1  72.67  0.46  1  1  2.27
 0  92.95  0.86  1  0  0.99
 1  62.54  0.51  1  0  2.22
 0  90.98  1.00  1  0  1.77
 1  85.75  0.23  1  1  0.74
 1  77.47  0.61  1  0  0.70
 1  73.90  0.71  1  1  3.52
 0  70.67  1.30  1  0  0.67
 0  97.46  0.51  1  1  1.51
 1  77.42  0.40  1  0  0.44
 1  87.33  0.46  1  0  0.43
 1  82.53  0.61  1  1  0.58
 0  72.67  1.11  1  0  2.01
 1  67.05  0.86  1  0  0.86
 0  82.53  0.96  1  0  0.76
 0  86.10  0.71  1  0  0.51
 1  61.05  0.62  1  1  0.79
 0  67.44  1.24  1  1  1.08
 0  90.98  0.57  1  0  0.60
 1  81.94  0.21  1  0  2.12
 0  90.98  1.00  1  0  0.94
 1  67.05  0.86  1  1  1.34
 0  99.70  0.84  1  0  0.84
 1  67.44  0.33  1  0  1.92
 0  95.31  0.42  1  1  1.60
 0  70.67  1.30  1  0  3.26
 0  98.95  0.62  1  0  2.63
 1  73.90  0.71  1  0  1.65
 0  72.67  1.11  1  0  1.14
 0  87.33  1.11  1  0  0.60
 1  78.06  0.21  1  0  1.70
 1  74.25  0.23  1  1  0.66
 0  97.46  1.06  1  0  1.14
 0  77.47  0.96  1  0  0.85
 1  67.05  0.71  1  1  1.49
 0  86.10  0.86  1  0  0.62
 0  74.25  1.34  1  1  0.86
 0  95.31  1.16  1  0  0.69
 0  89.33  1.30  1  0  0.53
 1  61.05  0.62  1  1  0.82
 1  60.30  0.73  1  1  0.65
 1  77.42  0.40  1  0  0.52
 0  77.42  1.17  1  0  0.56
 0  90.98  0.57  1  0  0.61
 0  78.06  1.37  1  0  0.83
 1  89.33  0.27  1  1  0.69
 0  92.56  1.24  1  0  0.50
 0  82.53  0.96  1  0  0.52
 0  99.70  0.73  1  0  0.55
 1  72.67  0.46  1  0  0.70
 1  64.69  1.16  1  1  0.87
 0  85.75  1.34  1  0  0.52
 1  60.30  0.84  1  1  0.95
 1  85.75  0.23  1  1  0.87
 0  67.44  1.24  1  1  2.32
 0  97.46  0.51  1  1  1.63
 1  64.69  0.42  1  1  1.75
 1  87.33  0.46  1  0  0.62
 0  92.95  0.86  1  0  0.80
 0  86.10  0.71  1  0  0.63
 1  73.90  0.86  1  0  0.74
 1  82.58  0.40  1  1  1.60
 1  69.02  0.57  1  0  2.01
 1  62.54  1.06  1  1  0.96
 0  92.95  0.71  1  0  0.78
 1  82.53  0.61  1  0  0.55
 0  98.95  0.95  1  0  0.63
 0  82.58  1.17  1  0  0.58
 1  92.56  0.33  1  1  0.74
 1  77.47  0.61  1  1  2.14
 1  61.05  0.95  1  1  0.83
 1  62.54  0.51  1  0  1.21
 1  69.02  1.00  1  1  1.08
 0  81.94  1.37  1  0  0.87
 1  70.67  0.27  1  0  0.98
 1  92.56  0.33  1  1  0.49
 1  67.05  0.86  1  1  1.38
 0  81.94  1.37  1  0  0.70
 0  82.58  1.17  1  0  0.60
 0  90.98  0.57  1  1  0.97
 0  82.53  0.96  1  0  0.61
 1  85.75  0.23  1  0  0.47
 1  69.02  1.00  1  0  1.32
 1  61.05  0.62  1  1  0.78
 1  73.90  0.86  1  0  1.34
 1  87.33  0.46  1  1  0.93
 0  99.70  0.73  1  0  0.61
 1  62.54  0.51  1  1  1.41
 1  73.90  0.71  1  1  0.95
 1  82.53  0.61  1  1  0.57
 1  67.44  0.33  1  0  1.61
 1  82.58  0.40  1  1  1.03
 0  86.10  0.86  1  0  0.95
 1  62.54  1.06  1  1  0.88
 1  72.67  0.46  1  1  1.25
 1  77.47  0.61  1  1  0.63
 1  78.06  0.21  1  1  0.93
 1  60.30  0.73  1  1  0.90
 0  70.67  1.30  1  0  1.53
 0  77.47  0.96  1  0  0.66
 1  60.30  0.84  1  1  0.80
 0  87.33  1.11  1  0  0.93
 0  98.95  0.62  1  1  1.02
 1  77.42  0.40  1  1  0.87
 1  81.94  0.21  1  1  0.67
 0  77.42  1.17  1  0  0.82
 0  98.95  0.95  1  0  0.88
 1  64.69  0.42  1  1  1.17
 1  67.05  0.71  1  1  0.57
 0  92.95  0.86  1  0  0.85
 0  67.44  1.24  1  1  0.81
 1  61.05  0.95  1  1  0.68
 0  99.70  0.84  1  0  0.71
 1  89.33  0.27  1  0  0.52
 0  72.67  1.11  1  1  0.68
 1  70.67  0.27  1  1  0.96
 0  78.06  1.37  1  0  1.02
 1  64.69  1.16  1  1  0.69
 0  97.46  1.06  1  0  0.68
 0  89.33  1.30  1  0  1.26
 0  90.98  1.00  1  0  0.87
 1  69.02  0.57  1  1  1.20
 0  86.10  0.71  1  0  0.94
 0  97.46  0.51  1  0  0.63
 1  74.25  0.23  1  1  0.68
 0  92.56  1.24  1  0  0.55
 0  95.31  0.42  1  1  0.84
 0  92.95  0.71  1  0  0.63
 0  74.25  1.34  1  1  0.79
 0  85.75  1.34  1  0  0.60
 0  95.31  1.16  1  0  0.50
 0  99.70  0.84  1  0  1.12
 1  87.33  0.46  1  1  0.68
 0  81.94  1.37  1  0  3.05
 1  78.06  0.21  1  1  1.46
 0  97.46  1.06  1  0  1.52
 1  73.90  0.71  1  1  1.49
 1  61.05  0.95  1  1  0.72
 1  60.30  0.84  1  1  0.54
 1  72.67  0.46  1  0  0.83
 0  98.95  0.62  1  0  0.88
 0  89.33  1.30  1  0  1.08
 0  92.56  1.24  1  0  0.64
 1  60.30  0.73  1  1  0.63
 1  77.47  0.61  1  0  0.69
 1  69.02  0.57  1  1  0.63
 0  95.31  1.16  1  0  0.60
 1  74.25  0.23  1  1  0.76
 1  77.42  0.40  1  1  0.71
 0  99.70  0.73  1  0  1.15
 0  95.31  0.42  1  0  0.62
 1  73.90  0.86  1  0  1.84
 0  98.95  0.95  1  0  0.70
 1  64.69  1.16  1  1  0.53
 0  77.42  1.17  1  0  0.90
 0  82.53  0.96  1  0  0.62
 0  82.58  1.17  1  0  0.45
 1  81.94  0.21  1  1  0.79
 0  78.06  1.37  1  0  0.67
 1  92.56  0.33  1  1  0.70
 0  90.98  1.00  1  0  0.63
 1  70.67  0.27  1  1  1.13
 1  62.54  0.51  1  1  0.66
 1  67.44  0.33  1  1  0.57
 0  85.75  1.34  1  0  0.50
 1  82.53  0.61  1  1  1.53
 0  92.95  0.71  1  0  1.13
 1  61.05  0.62  1  1  0.56
 0  86.10  0.71  1  0  0.64
 0  74.25  1.34  1  0  1.05
 0  90.98  0.57  1  0  0.64
 0  77.47  0.96  1  0  0.92
 1  62.54  1.06  1  1  0.60
 1  64.69  0.42  1  1  0.67
 0  92.95  0.86  1  0  0.71
 1  82.58  0.40  1  1  0.68
 0  87.33  1.11  1  0  0.48
 1  67.05  0.71  1  0  1.45
 1  89.33  0.27  1  1  0.73
 1  85.75  0.23  1  1  0.38
 0  70.67  1.30  1  1  0.82
 1  69.02  1.00  1  0  0.76
 0  97.46  0.51  1  0  0.92
 1  67.05  0.86  1  1  1.33
 0  67.44  1.24  1  1  0.99
 0  72.67  1.11  1  0  1.61
 0  86.10  0.86  1  0  0.81
 1  82.58  0.40  1  0  0.52
 1  78.06  0.21  1  1  1.08
 1  64.69  0.42  1  1  1.00
 0  92.56  1.24  1  0  0.61
 0  85.75  1.34  1  0  0.54
 0  87.33  1.11  1  0  0.50
 0  78.06  1.37  1  0  0.60
 0  82.53  0.96  1  0  0.51
 0  92.95  0.86  1  0  0.56
 0  89.33  1.30  1  0  0.50
 1  77.47  0.61  1  1  0.66
 0  81.94  1.37  1  0  0.68
 1  92.56  0.33  1  1  0.62
 0  90.98  1.00  1  0  0.53
 1  81.94  0.21  1  1  0.48
 0  77.47  0.96  1  0  1.84
 1  70.67  0.27  1  1  0.60
 1  62.54  0.51  1  1  0.92
 0  99.70  0.84  1  0  1.01
 1  67.05  0.86  1  1  0.71
 1  73.90  0.86  1  0  0.62
 1  60.30  0.73  1  1  0.49
 1  60.30  0.84  1  1  0.44
 0  97.46  0.51  1  0  0.56
 1  89.33  0.27  1  0  0.55
 1  67.05  0.71  1  0  0.95
 1  72.67  0.46  1  1  0.69
 1  77.42  0.40  1  1  0.42
 0  98.95  0.62  1  0  0.84
 0  74.25  1.34  1  1  1.22
 1  64.69  1.16  1  0  0.61
 1  62.54  1.06  1  1  0.47
 0  99.70  0.73  1  0  0.86
 0  82.58  1.17  1  0  0.94
 0  98.95  0.95  1  0  0.61
 0  67.44  1.24  1  1  0.61
 0  97.46  1.06  1  0  0.45
 1  69.02  1.00  1  0  0.61
 0  77.42  1.17  1  0  0.65
 1  67.44  0.33  1  1  0.71
 1  73.90  0.71  1  1  0.59
 0  95.31  0.42  1  0  0.68
 1  61.05  0.62  1  1  1.10
 0  72.67  1.11  1  0  0.79
 0  86.10  0.86  1  0  0.56
 1  74.25  0.23  1  1  0.83
 1  87.33  0.46  1  1  0.43
 1  69.02  0.57  1  1  0.53
 0  70.67  1.30  1  0  0.56
 0  86.10  0.71  1  0  1.05
 1  85.75  0.23  1  1  1.43
 0  95.31  1.16  1  0  1.36
 0  90.98  0.57  1  1  0.94
 1  82.53  0.61  1  0  0.64
 1  61.05  0.95  1  1  0.80
 0  92.95  0.71  1  0  1.16
 1  64.69  0.42  1  1  1.19
 1  69.02  1.00  1  1  0.50
 1  60.30  0.73  1  1  1.40
 0  98.95  0.95  1  0  1.33
 0  95.31  0.42  1  1  1.66
 1  61.05  0.62  1  1  1.12
 0  97.46  1.06  1  0  0.82
 1  64.69  1.16  1  1  0.54
 1  74.25  0.23  1  1  0.88
 0  77.42  1.17  1  0  0.84
 0  97.46  0.51  1  1  3.19
 0  92.95  0.71  1  0  0.50
 0  81.94  1.37  1  0  0.99
 0  86.10  0.71  1  0  0.55
 0  95.31  1.16  1  0  0.49
 0  98.95  0.62  1  0  1.15
 1  70.67  0.27  1  1  0.68
 0  67.44  1.24  1  1  0.56
 1  73.90  0.86  1  0  0.72
 1  67.05  0.86  1  1  2.28
 1  77.47  0.61  1  1  1.49
 1  61.05  0.95  1  1  0.49
 1  73.90  0.71  1  1  1.72
 0  85.75  1.34  1  0  0.63
 1  89.33  0.27  1  1  1.29
 0  74.25  1.34  1  1  1.37
 1  78.06  0.21  1  1  0.66
 1  72.67  0.46  1  1  0.64
 0  86.10  0.86  1  0  0.59
 1  82.58  0.40  1  1  0.59
 1  62.54  1.06  1  1  0.61
 1  67.44  0.33  1  1  0.62
 1  60.30  0.84  1  1  0.41
 1  87.33  0.46  1  1  0.35
 0  72.67  1.11  1  0  1.22
 0  78.06  1.37  1  0  0.62
 0  90.98  1.00  1  0  0.43
 1  69.02  0.57  1  1  0.64
 0  77.47  0.96  1  0  0.77
 1  85.75  0.23  1  1  0.78
 0  92.95  0.86  1  0  1.05
 0  89.33  1.30  1  0  0.64
 1  67.05  0.71  1  1  0.72
 0  92.56  1.24  1  0  0.46
 1  77.42  0.40  1  1  0.73
 0  70.67  1.30  1  0  1.03
 1  92.56  0.33  1  1  0.52
 1  82.53  0.61  1  0  1.44
 0  82.58  1.17  1  0  0.60
 1  62.54  0.51  1  1  0.77
 0  99.70  0.73  1  0  0.71
 0  90.98  0.57  1  0  0.52
 0  87.33  1.11  1  0  0.92
 1  81.94  0.21  1  1  0.68
 0  82.53  0.96  1  0  1.45
 0  99.70  0.84  1  0  0.65
 0  95.31  1.16  1  0  0.64
 1  74.25  0.23  1  1  0.86
 1  92.56  0.33  1  1  1.69
 0  99.70  0.73  1  0  0.92
 1  85.75  0.23  1  1  0.63
 0  98.95  0.95  1  0  0.65
 1  69.02  0.57  1  1  0.85
 0  86.10  0.86  1  0  0.57
 1  89.33  0.27  1  1  0.69
 0  98.95  0.62  1  0  0.77
 1  60.30  0.73  1  1  0.64
 0  95.31  0.42  1  0  0.97
 1  72.67  0.46  1  0  0.94
 1  78.06  0.21  1  1  0.75
 0  89.33  1.30  1  0  0.48
 0  77.42  1.17  1  0  1.12
 0  86.10  0.71  1  0  1.49
 0  97.46  0.51  1  0  1.33
 1  61.05  0.62  1  1  0.66
 0  92.56  1.24  1  0  0.64
 0  97.46  1.06  1  0  0.85
 0  90.98  1.00  1  0  0.53
 0  87.33  1.11  1  0  0.49
 0  90.98  0.57  1  1  0.76
 1  67.44  0.33  1  1  1.58
 0  85.75  1.34  1  0  0.46
 0  74.25  1.34  1  0  0.77
 1  77.42  0.40  1  1  0.74
 0  72.67  1.11  1  0  0.88
 1  61.05  0.95  1  1  0.66
 0  78.06  1.37  1  0  0.52
 0  77.47  0.96  1  0  0.43
 1  77.47  0.61  1  0  0.49
 0  82.53  0.96  1  0  0.60
 1  64.69  0.42  1  1  0.73
 1  70.67  0.27  1  1  0.99
 0  92.95  0.71  1  1  0.81
 1  62.54  0.51  1  1  0.73
 0  67.44  1.24  1  0  0.98
 0  70.67  1.30  1  0  0.83
 1  67.05  0.71  1  1  0.89
 1  82.53  0.61  1  0  1.11
 1  73.90  0.86  1  1  0.63
 0  82.58  1.17  1  0  0.41
 1  82.58  0.40  1  1  0.75
 1  64.69  1.16  1  1  0.67
 0  81.94  1.37  1  0  0.59
 1  67.05  0.86  1  0  1.83
 1  60.30  0.84  1  1  0.47
 1  69.02  1.00  1  0  0.80
 1  87.33  0.46  1  0  0.56
 1  73.90  0.71  1  1  0.67
 0  99.70  0.84  1  0  0.83
 1  62.54  1.06  1  1  0.62
 0  92.95  0.86  1  0  0.70
 1  81.94  0.21  1  1  0.83
 1  81.94  0.21  1  1  0.77
 1  73.90  0.71  1  0  1.00
 0  72.67  1.11  1  0  0.63
 1  62.54  1.06  1  1  0.65
 1  74.25  0.23  1  1  0.59
 0  77.42  1.17  1  0  0.76
 0  77.47  0.96  1  0  0.49
 1  78.06  0.21  1  1  0.59
 0  70.67  1.30  1  0  0.68
 1  70.67  0.27  1  1  0.61
 1  61.05  0.95  1  1  0.70
 0  85.75  1.34  1  0  0.41
 0  86.10  0.86  1  0  0.52
 0  89.33  1.30  1  0  0.39
 1  72.67  0.46  1  1  0.72
 1  64.69  0.42  1  1  0.50
 0  99.70  0.73  1  0  0.87
 0  82.53  0.96  1  0  0.56
 0  90.98  1.00  1  0  0.49
 0  86.10  0.71  1  0  0.47
 1  67.05  0.71  1  0  1.20
 0  95.31  0.42  1  1  0.69
 1  85.75  0.23  1  1  0.62
 0  92.56  1.24  1  0  0.53
 0  87.33  1.11  1  0  0.49
 1  61.05  0.62  1  1  0.75
 0  90.98  0.57  1  1  0.75
 1  69.02  0.57  1  1  1.04
 1  60.30  0.84  1  1  0.53
 0  98.95  0.95  1  0  0.55
 1  62.54  0.51  1  1  0.56
 1  67.44  0.33  1  1  0.79
 1  89.33  0.27  1  1  1.06
 1  73.90  0.86  1  0  0.99
 0  98.95  0.62  1  0  0.63
 1  82.58  0.40  1  1  1.30
 1  77.42  0.40  1  1  0.52
 1  69.02  1.00  1  1  1.31
 0  92.95  0.71  1  0  0.81
 0  78.06  1.37  1  0  0.97
 0  97.46  1.06  1  0  0.56
 0  81.94  1.37  1  0  0.61
 1  87.33  0.46  1  1  0.67
 1  82.53  0.61  1  1  1.16
 0  92.95  0.86  1  0  0.72
 1  67.05  0.86  1  1  0.70
 0  95.31  1.16  1  0  0.61
 0  99.70  0.84  1  0  0.56
 0  82.58  1.17  1  0  0.42
 1  92.56  0.33  1  1  0.71
 0  67.44  1.24  1  1  0.68
 1  64.69  1.16  1  1  0.55
 1  77.47  0.61  1  1  2.17
 1  60.30  0.73  1  1  0.58
 0  97.46  0.51  1  1  0.85
 0  74.25  1.34  1  1  0.82
 0  90.98  1.00  1  0  0.57
 1  87.33  0.46  1  1  0.67
 1  72.67  0.46  1  1  1.89
 0  74.25  1.34  1  1  0.79
 0  98.95  0.62  1  0  2.16
 0  99.70  0.84  1  0  0.47
 0  67.44  1.24  1  1  0.55
 1  64.69  0.42  1  1  0.57
 1  78.06  0.21  1  1  2.07
 1  62.54  1.06  1  1  0.68
 0  86.10  0.71  1  0  0.75
 1  92.56  0.33  1  1  0.75
 0  92.95  0.86  1  0  0.71
 1  67.44  0.33  1  1  0.46
 1  60.30  0.84  1  1  1.75
 0  95.31  1.16  1  0  0.55
 1  77.42  0.40  1  1  0.66
 0  85.75  1.34  1  0  0.60
 0  92.56  1.24  1  0  0.55
 0  77.42  1.17  1  0  0.54
 1  60.30  0.73  1  1  0.75
 1  70.67  0.27  1  1  0.87
 0  98.95  0.95  1  0  0.58
 1  61.05  0.95  1  1  0.91
 1  82.58  0.40  1  1  1.44
 0  70.67  1.30  1  1  0.63
 1  64.69  1.16  1  1  0.82
 0  72.67  1.11  1  1  0.65
 0  77.47  0.96  1  0  0.75
 0  89.33  1.30  1  0  0.66
 1  89.33  0.27  1  1  0.78
 1  67.05  0.71  1  1  0.69
 0  87.33  1.11  1  0  0.57
 0  99.70  0.73  1  0  0.61
 0  78.06  1.37  1  0  1.17
 0  82.53  0.96  1  0  0.57
 1  77.47  0.61  1  1  1.00
 0  97.46  1.06  1  0  0.56
 0  90.98  0.57  1  0  0.56
 1  81.94  0.21  1  1  0.55
 0  82.58  1.17  1  0  0.59
 1  74.25  0.23  1  1  0.62
 1  69.02  1.00  1  1  0.86
 1  82.53  0.61  1  1  0.77
 1  67.05  0.86  1  1  0.58
 1  85.75  0.23  1  0  0.51
 0  86.10  0.86  1  0  0.64
 1  61.05  0.62  1  1  0.71
 0  92.95  0.71  1  0  0.68
 0  95.31  0.42  1  0  0.98
 1  69.02  0.57  1  0  1.18
 1  73.90  0.86  1  0  0.98
 1  62.54  0.51  1  1  0.70
 1  73.90  0.71  1  1  0.97
 0  97.46  0.51  1  0  1.44
 0  81.94  1.37  1  0  0.65
