 1  62.54  0.51  1  1  1.43
 1  85.75  0.23  1  0  1.67
 0  74.25  1.34  1  1  1.27
 0  99.70  0.73  1  1  1.53
 0  87.33  1.11  1  0  2.83
 0  72.67  1.11  1  0  0.89
 1  64.69  1.16  1  0  0.80
 1  69.02  1.00  1  0  1.62
 1  87.33  0.46  1  1  1.53
 1  81.94  0.21  1  1  0.59
 0  82.53  0.96  1  1  0.98
 0  78.06  1.37  1  0  1.30
 0  90.98  0.57  1  1  1.01
 1  61.05  0.95  1  0  4.01
 1  92.56  0.33  1  1  0.75
 0  92.95  0.71  1  1  1.01
 1  67.05  0.71  1  1  1.39
 0  81.94  1.37  1  0  1.72
 0  70.67  1.30  1  0  2.01
 0  97.46  1.06  1  0  1.37
 0  86.10  0.71  1  1  1.13
 1  74.25  0.23  1  1  1.05
 1  72.67  0.46  1  1  0.85
 1  77.47  0.61  1  1  0.71
 1  77.42  0.40  1  1  0.67
 0  95.31  0.42  1  1  0.89
 0  82.58  1.17  1  0  1.64
 1  70.67  0.27  1  0  1.23
 0  85.75  1.34  1  0  1.71
 0  97.46  0.51  1  1  1.34
 0  89.33  1.30  1  0  2.01
 0  92.95  0.86  1  0  0.66
 0  77.47  0.96  1  0  0.78
 1  89.33  0.27  1  1  2.95
 0  95.31  1.16  1  0  1.61
 1  62.54  1.06  1  0  1.48
 0  98.95  0.62  1  0  2.01
 1  60.30  0.84  1  1  3.11
 1  82.58  0.40  1  0  1.65
 0  86.10  0.86  1  0  1.94
 0  77.42  1.17  1  0  1.05
 0  98.95  0.95  1  0  2.31
 1  78.06  0.21  1  1  1.10
 1  61.05  0.62  1  1  6.59
 0  90.98  1.00  1  0  1.73
 1  73.90  0.71  1  1  2.73
 1  64.69  0.42  1  1  2.06
 1  67.05  0.86  1  1  1.33
 0  67.44  1.24  1  1  1.95
 1  73.90  0.86  1  1  1.13
 1  69.02  0.57  1  1  0.77
 1  60.30  0.73  1  1  0.92
 0  99.70  0.84  1  0  2.88
 1  82.53  0.61  1  1  4.75
 1  67.44  0.33  1  1  0.69
 0  92.56  1.24  1  0  2.21
 1  81.94  0.21  1  1  1.20
 1  73.90  0.71  1  1  1.84
 0  74.25  1.34  1  0  1.16
 1  82.58  0.40  1  1  0.72
 0  81.94  1.37  1  0  1.74
 1  60.30  0.73  1  1  1.33
 0  99.70  0.73  1  0  2.19
 0  98.95  0.95  1  0  1.62
 0  87.33  1.11  1  0  0.62
 1  62.54  1.06  1  1  4.21
 0  92.56  1.24  1  0  2.09
 0  67.44  1.24  1  0  1.94
 1  87.33  0.46  1  1  1.09
 1  67.44  0.33  1  1  0.77
 0  70.67  1.30  1  0  0.84
 0  98.95  0.62  1  0  1.74
 0  95.31  1.16  1  0  1.36
 0  82.53  0.96  1  0  1.08
 1  77.42  0.40  1  1  3.81
 1  67.05  0.71  1  1  1.42
 1  77.47  0.61  1  1  0.63
 0  92.95  0.86  1  0  2.99
 1  70.67  0.27  1  1  2.41
 1  78.06  0.21  1  1  0.73
 1  82.53  0.61  1  1  2.99
 1  61.05  0.62  1  1  2.72
 0  85.75  1.34  1  0  1.34
 0  92.95  0.71  1  0  2.08
 1  74.25  0.23  1  1  1.40
 1  72.67  0.46  1  1  0.73
 1  89.33  0.27  1  1  1.94
 1  62.54  0.51  1  1  2.58
 0  82.58  1.17  1  0  0.69
 1  61.05  0.95  1  0  0.85
 0  99.70  0.84  1  0  0.88
 0  78.06  1.37  1  0  0.72
 1  69.02  0.57  1  1  1.33
 1  64.69  1.16  1  0  0.85
 0  97.46  0.51  1  0  1.11
 1  73.90  0.86  1  1  2.60
 0  86.10  0.71  1  0  1.12
 0  97.46  1.06  1  0  1.70
 0  77.47  0.96  1  0  2.36
 0  95.31  0.42  1  0  1.46
 0  77.42  1.17  1  0  1.18
 0  89.33  1.30  1  0  1.39
 0  72.67  1.11  1  0  0.97
 1  85.75  0.23  1  1  1.83
 1  92.56  0.33  1  1  1.13
 1  67.05  0.86  1  1  3.84
 0  86.10  0.86  1  0  1.59
 1  60.30  0.84  1  1  2.27
 1  69.02  1.00  1  1  0.79
 0  90.98  1.00  1  0  1.64
 1  64.69  0.42  1  1  1.44
 0  90.98  0.57  1  0  1.72
 0  78.06  1.37  1  0  4.16
 1  85.75  0.23  1  1  2.42
 1  60.30  0.73  1  1  2.87
 0  92.95  0.71  1  0  1.20
 0  82.53  0.96  1  0  4.01
 1  69.02  0.57  1  1  1.31
 0  90.98  1.00  1  0  1.56
 1  64.69  0.42  1  1  3.01
 0  92.56  1.24  1  0  1.24
 0  87.33  1.11  1  0  0.68
 1  74.25  0.23  1  1  1.13
 0  72.67  1.11  1  0  1.87
 0  81.94  1.37  1  0  0.81
 1  61.05  0.62  1  1  5.28
 1  78.06  0.21  1  1  1.48
 0  98.95  0.95  1  0  1.42
 1  77.42  0.40  1  1  2.14
 0  86.10  0.86  1  0  1.50
 0  70.67  1.30  1  0  1.02
 1  81.94  0.21  1  1  0.80
 0  92.95  0.86  1  0  0.98
 1  77.47  0.61  1  0  1.54
 0  97.46  0.51  1  0  2.10
 0  95.31  0.42  1  0  0.80
 1  61.05  0.95  1  0  1.21
 0  85.75  1.34  1  0  1.12
 1  67.44  0.33  1  1  1.07
 1  70.67  0.27  1  1  0.86
 0  99.70  0.84  1  0  1.27
 1  64.69  1.16  1  0  1.32
 0  77.47  0.96  1  0  1.52
 1  62.54  0.51  1  1  1.10
 0  82.58  1.17  1  0  1.48
 0  99.70  0.73  1  0  3.10
 0  90.98  0.57  1  0  0.82
 1  72.67  0.46  1  1 12.58
 0  67.44  1.24  1  0  1.52
 0  77.42  1.17  1  0  1.22
 1  82.58  0.40  1  0  1.28
 1  92.56  0.33  1  1  0.78
 1  87.33  0.46  1  1  0.70
 0  98.95  0.62  1  0  1.28
 1  62.54  1.06  1  0  1.55
 1  69.02  1.00  1  1  0.74
 1  73.90  0.86  1  1  2.05
 1  67.05  0.86  1  1  1.02
 1  73.90  0.71  1  1  0.51
 1  60.30  0.84  1  1  4.18
 0  74.25  1.34  1  0  0.93
 0  95.31  1.16  1  0  1.91
 0  97.46  1.06  1  0  0.77
 1  67.05  0.71  1  1  4.92
 0  89.33  1.30  1  0  1.19
 1  82.53  0.61  1  0  0.82
 0  86.10  0.71  1  0  2.99
 1  89.33  0.27  1  0  1.40
 1  67.05  0.71  1  1  1.67
 1  67.05  0.86  1  1  0.76
 0  89.33  1.30  1  0  1.24
 0  97.46  0.51  1  0  1.63
 1  67.44  0.33  1  1  1.63
 0  74.25  1.34  1  0  2.29
 0  92.95  0.86  1  0  4.40
 0  86.10  0.71  1  0  2.15
 0  95.31  1.16  1  0  0.58
 1  78.06  0.21  1  1  1.30
 1  60.30  0.84  1  1  1.43
 1  92.56  0.33  1  1  2.87
 1  81.94  0.21  1  1  0.63
 1  62.54  0.51  1  1  1.38
 0  85.75  1.34  1  0  5.53
 0  99.70  0.84  1  0  1.48
 1  87.33  0.46  1  0 13.96
 0  77.42  1.17  1  0  1.88
 1  85.75  0.23  1  1  1.26
 1  82.58  0.40  1  1  0.56
 0  67.44  1.24  1  0  1.20
 0  72.67  1.11  1  0  0.75
 1  89.33  0.27  1  1  2.27
 1  77.42  0.40  1  1  9.82
 0  82.58  1.17  1  0  2.99
 0  98.95  0.95  1  0  1.28
 0  97.46  1.06  1  0  1.06
 1  82.53  0.61  1  0  4.57
 1  73.90  0.71  1  1  0.86
 0  90.98  1.00  1  0  1.04
 1  64.69  0.42  1  1  1.44
 1  61.05  0.95  1  1  7.51
 1  69.02  1.00  1  1  0.64
 0  99.70  0.73  1  0  3.88
 1  60.30  0.73  1  1  1.33
 1  70.67  0.27  1  1  0.90
 0  87.33  1.11  1  0  0.75
 1  62.54  1.06  1  0  1.07
 1  72.67  0.46  1  1  2.03
 0  81.94  1.37  1  0  1.38
 1  64.69  1.16  1  0  3.12
 0  92.95  0.71  1  0  0.98
 0  77.47  0.96  1  1  4.26
 0  90.98  0.57  1  0  1.08
 1  61.05  0.62  1  1  1.59
 0  92.56  1.24  1  0  1.73
 1  69.02  0.57  1  1  0.92
 0  95.31  0.42  1  0  2.34
 0  82.53  0.96  1  0  4.33
 0  70.67  1.30  1  0  2.06
 1  77.47  0.61  1  1  2.05
 0  78.06  1.37  1  0  0.92
 1  73.90  0.86  1  0  0.94
 0  98.95  0.62  1  0  6.61
 1  74.25  0.23  1  1  1.88
 0  86.10  0.86  1  1  6.88
 0  78.06  1.37  1  0  7.44
 0  97.46  0.51  1  0  1.25
 0  99.70  0.73  1  0  0.79
 1  67.05  0.86  1  0  0.74
 1  77.47  0.61  1  1  0.89
 0  70.67  1.30  1  0  1.03
 1  82.58  0.40  1  0  4.33
 0  74.25  1.34  1  0  1.23
 1  78.06  0.21  1  1  0.93
 0  90.98  0.57  1  0  1.18
 1  69.02  0.57  1  1  1.05
 0  81.94  1.37  1  0  1.73
 0  67.44  1.24  1  0  1.00
 0  92.56  1.24  1  0  2.45
 0  82.58  1.17  1  0  1.02
 0  99.70  0.84  1  0  2.07
 1  60.30  0.84  1  0  1.77
 0  98.95  0.62  1  0  0.68
 0  72.67  1.11  1  1  1.72
 1  64.69  1.16  1  0  1.38
 1  64.69  0.42  1  1  0.96
 1  73.90  0.71  1  1  2.43
 0  82.53  0.96  1  0  6.22
 1  70.67  0.27  1  1  1.47
 1  81.94  0.21  1  1  1.20
 1  61.05  0.62  1  1  0.99
 0  98.95  0.95  1  0  0.98
 1  85.75  0.23  1  1  1.73
 1  67.44  0.33  1  1  1.19
 1  82.53  0.61  1  0 10.09
 1  60.30  0.73  1  1  0.95
 1  62.54  0.51  1  1  0.82
 1  74.25  0.23  1  1  0.88
 0  97.46  1.06  1  0  0.80
 1  73.90  0.86  1  1  2.58
 0  77.47  0.96  1  1  1.65
 1  89.33  0.27  1  1  1.11
 1  67.05  0.71  1  1  6.33
 0  90.98  1.00  1  0  1.65
 0  77.42  1.17  1  1  5.38
 0  92.95  0.71  1  0  1.18
 0  92.95  0.86  1  0  1.03
 1  77.42  0.40  1  1  2.14
 0  87.33  1.11  1  0  1.40
 0  86.10  0.86  1  0  0.85
 0  89.33  1.30  1  0  0.91
 1  72.67  0.46  1  1  1.29
 1  87.33  0.46  1  0  1.64
 0  95.31  1.16  1  0  1.03
 0  85.75  1.34  1  0  0.75
 0  95.31  0.42  1  1  2.88
 1  69.02  1.00  1  1  1.02
 1  61.05  0.95  1  1  1.51
 0  86.10  0.71  1  0  1.13
 1  92.56  0.33  1  0  6.19
 1  62.54  1.06  1  1  1.69
 0  97.46  0.51  1  0  1.37
 0  85.75  1.34  1  0  1.56
 1  67.05  0.71  1  1  1.17
 0  95.31  1.16  1  0  1.01
 1  67.44  0.33  1  1  1.62
 0  87.33  1.11  1  0  1.10
 1  61.05  0.95  1  1  2.69
 1  62.54  0.51  1  1  0.87
 1  62.54  1.06  1  1  3.70
 1  60.30  0.73  1  1  0.96
 1  74.25  0.23  1  1  2.45
 1  61.05  0.62  1  1  0.63
 0  77.47  0.96  1  1  2.63
 0  90.98  1.00  1  0  0.83
 1  82.58  0.40  1  0  2.41
 0  92.95  0.86  1  0  0.72
 1  77.47  0.61  1  0  1.36
 1  85.75  0.23  1  1  2.39
 0  90.98  0.57  1  0  1.67
 1  72.67  0.46  1  1  9.20
 0  77.42  1.17  1  0  1.48
 1  87.33  0.46  1  1  2.61
 0  86.10  0.86  1  0  4.59
 0  67.44  1.24  1  1  2.72
 1  73.90  0.86  1  1  1.61
 1  60.30  0.84  1  1  1.05
 1  82.53  0.61  1  0  2.15
 0  97.46  1.06  1  0  3.39
 0  70.67  1.30  1  0  4.58
 0  89.33  1.30  1  0  0.97
 1  64.69  0.42  1  1  1.05
 1  78.06  0.21  1  1  1.27
 1  89.33  0.27  1  1  0.69
 0  81.94  1.37  1  0  1.31
 0  98.95  0.95  1  0  6.87
 1  67.05  0.86  1  1  1.75
 0  72.67  1.11  1  1  3.78
 0  82.53  0.96  1  0  3.99
 1  77.42  0.40  1  1  1.05
 0  92.95  0.71  1  0  3.65
 0  78.06  1.37  1  0  0.81
 0  86.10  0.71  1  0  4.85
 1  70.67  0.27  1  1  1.05
 0  98.95  0.62  1  0  0.88
 1  73.90  0.71  1  1  1.47
 0  74.25  1.34  1  0  1.13
 0  82.58  1.17  1  0  1.21
 0  92.56  1.24  1  0  2.51
 0  99.70  0.73  1  0  1.95
 0  95.31  0.42  1  0  2.11
 1  64.69  1.16  1  1  1.97
 1  69.02  0.57  1  1  0.69
 1  92.56  0.33  1  0  2.88
 1  69.02  1.00  1  1  0.90
 1  81.94  0.21  1  1  2.75
 0  99.70  0.84  1  0  0.79
 1  64.69  1.16  1  1  1.51
 0  92.95  0.71  1  0  0.77
 1  87.33  0.46  1  0  6.62
 1  77.42  0.40  1  1  0.80
 0  87.33  1.11  1  0  3.77
 0  90.98  0.57  1  0  1.69
 0  82.53  0.96  1  0  0.61
 0  77.42  1.17  1  0  1.54
 0  95.31  0.42  1  1  3.31
 1  60.30  0.84  1  1  9.40
 0  81.94  1.37  1  0  1.51
 0  67.44  1.24  1  0  0.90
 1  69.02  0.57  1  1  3.37
 0  70.67  1.30  1  0  2.03
 0  98.95  0.62  1  0  5.68
 0  72.67  1.11  1  1  1.15
 0  99.70  0.73  1  0  0.83
 1  69.02  1.00  1  1  2.28
 1  62.54  0.51  1  1  0.64
 1  67.05  0.86  1  1  0.71
 1  70.67  0.27  1  1  0.76
 0  90.98  1.00  1  0  2.52
 0  92.56  1.24  1  0  0.77
 1  82.53  0.61  1  0  7.87
 0  89.33  1.30  1  0  1.73
 1  64.69  0.42  1  1  0.67
 0  95.31  1.16  1  0  1.23
 1  61.05  0.62  1  1  0.94
 0  92.95  0.86  1  0  1.21
 1  73.90  0.86  1  1  1.05
 1  78.06  0.21  1  1  1.72
 0  77.47  0.96  1  1  1.18
 1  74.25  0.23  1  1  0.78
 0  82.58  1.17  1  0  1.65
 0  85.75  1.34  1  0  0.93
 1  72.67  0.46  1  1  1.78
 1  89.33  0.27  1  1  1.33
 1  73.90  0.71  1  1  4.43
 0  78.06  1.37  1  0  1.09
 0  98.95  0.95  1  0  0.84
 1  85.75  0.23  1  1  1.20
 1  62.54  1.06  1  1  1.74
 0  97.46  1.06  1  0  1.22
 1  77.47  0.61  1  0  4.69
 0  74.25  1.34  1  0  1.22
 1  82.58  0.40  1  1  2.69
 0  86.10  0.86  1  0  1.33
 1  61.05  0.95  1  1  1.17
 1  60.30  0.73  1  1  0.62
 1  81.94  0.21  1  1  1.46
 1  67.05  0.71  1  1  0.83
 1  92.56  0.33  1  1  0.69
 0  99.70  0.84  1  0  1.02
 0  86.10  0.71  1  0  2.38
 0  97.46  0.51  1  0  1.46
 1  67.44  0.33  1  1  0.92
 0  77.42  1.17  1  1  5.13
 0  99.70  0.73  1  0  0.68
 1  82.53  0.61  1  1  2.79
 1  60.30  0.84  1  1  1.02
 0  72.67  1.11  1  1  1.12
 0  87.33  1.11  1  1 10.24
 0  97.46  0.51  1  0  1.20
 0  82.58  1.17  1  1  2.90
 0  95.31  0.42  1  0  1.47
 0  98.95  0.62  1  0  0.74
 1  72.67  0.46  1  1  1.40
 1  73.90  0.71  1  1  0.65
 1  61.05  0.62  1  1  0.81
 1  70.67  0.27  1  1  0.58
 1  67.44  0.33  1  1  0.53
 1  60.30  0.73  1  1  0.61
 1  64.69  0.42  1  1  0.50
 1  67.05  0.71  1  1  0.38
 0  92.95  0.86  1  0  0.94
 1  89.33  0.27  1  1  3.63
 1  77.47  0.61  1  1  1.24
 0  98.95  0.95  1  0  0.64
 0  92.56  1.24  1  0  1.32
 1  69.02  0.57  1  1  0.90
 0  78.06  1.37  1  0  2.70
 1  73.90  0.86  1  0  0.77
 0  90.98  0.57  1  0  3.66
 0  97.46  1.06  1  0  0.86
 0  74.25  1.34  1  0  0.82
 0  77.47  0.96  1  0  0.68
 1  87.33  0.46  1  0  1.53
 0  67.44  1.24  1  1  1.35
 1  64.69  1.16  1  0  1.11
 1  77.42  0.40  1  1  2.17
 0  86.10  0.71  1  0  1.02
 1  81.94  0.21  1  1  0.93
 0  99.70  0.84  1  0  0.73
 1  61.05  0.95  1  1  1.60
 1  69.02  1.00  1  1  0.81
 1  85.75  0.23  1  1  0.92
 0  90.98  1.00  1  0  0.98
 0  86.10  0.86  1  0  0.84
 1  92.56  0.33  1  0  1.57
 0  81.94  1.37  1  0  1.98
 0  70.67  1.30  1  0  2.43
 0  82.53  0.96  1  0  8.09
 0  95.31  1.16  1  0  1.23
 1  62.54  0.51  1  1  0.80
 1  78.06  0.21  1  1  0.90
 0  92.95  0.71  1  0  1.04
 1  62.54  1.06  1  1  1.23
 1  82.58  0.40  1  1  4.64
 1  67.05  0.86  1  1  0.80
 0  85.75  1.34  1  0  2.04
 0  89.33  1.30  1  0  0.71
 1  74.25  0.23  1  1  0.92
 1  61.05  0.62  1  1  1.57
 1  62.54  1.06  1  1  1.29
 0  95.31  0.42  1  0  9.13
 0  92.56  1.24  1  0  0.79
 0  86.10  0.71  1  0  0.87
 0  98.95  0.95  1  0  0.68
 1  77.47  0.61  1  1  5.87
 1  67.05  0.86  1  1  0.86
 0  92.95  0.71  1  0  1.51
 1  81.94  0.21  1  1  0.94
 0  99.70  0.84  1  0  0.69
 1  64.69  0.42  1  1  0.93
 1  67.44  0.33  1  1  0.65
 1  74.25  0.23  1  1  0.87
 0  77.47  0.96  1  0  1.10
 0  86.10  0.86  1  0  5.98
 1  82.53  0.61  1  1  4.08
 0  87.33  1.11  1  0  1.35
 1  82.58  0.40  1  1  0.97
 0  78.06  1.37  1  0  0.96
 1  85.75  0.23  1  1  1.36
 1  92.56  0.33  1  1  0.55
 1  87.33  0.46  1  1  0.81
 1  72.67  0.46  1  1  0.95
 0  97.46  0.51  1  0  1.72
 0  95.31  1.16  1  0  1.14
 0  72.67  1.11  1  1  1.42
 0  85.75  1.34  1  0  1.42
 0  67.44  1.24  1  0  0.85
 0  90.98  0.57  1  0  1.41
 0  74.25  1.34  1  0  1.05
 1  61.05  0.95  1  1  5.32
 0  97.46  1.06  1  0  1.21
 0  98.95  0.62  1  0  1.22
 0  90.98  1.00  1  0  0.59
 1  73.90  0.71  1  1  1.29
 0  92.95  0.86  1  0  0.81
 0  70.67  1.30  1  0  1.08
 0  99.70  0.73  1  0  0.76
 1  70.67  0.27  1  1  0.72
 1  60.30  0.84  1  1  0.81
 1  69.02  0.57  1  1  0.61
 1  78.06  0.21  1  1  0.84
 0  77.42  1.17  1  1  2.56
 1  67.05  0.71  1  1  1.29
 0  82.58  1.17  1  1  2.77
 1  77.42  0.40  1  1  1.00
 1  73.90  0.86  1  1  2.28
 1  60.30  0.73  1  1  0.54
 1  69.02  1.00  1  1  0.54
 0  89.33  1.30  1  0  6.85
 1  89.33  0.27  1  0  2.28
 1  64.69  1.16  1  1  2.90
 0  82.53  0.96  1  0  1.00
 0  81.94  1.37  1  0  0.76
 1  62.54  0.51  1  1  0.90
 0  82.53  0.96  1  0  1.67
 0  99.70  0.84  1  0  0.89
 0  70.67  1.30  1  0  3.85
 0  67.44  1.24  1  0  0.89
 1  85.75  0.23  1  1  0.91
 1  60.30  0.73  1  1  0.76
 1  73.90  0.86  1  1  2.43
 0  74.25  1.34  1  0  1.24
 0  78.06  1.37  1  0  0.62
 0  97.46  0.51  1  0  1.53
 1  69.02  0.57  1  1  1.78
 1  62.54  0.51  1  1  0.61
 1  70.67  0.27  1  1  1.21
 1  82.53  0.61  1  1  1.51
 1  82.58  0.40  1  1  2.76
 0  92.95  0.71  1  0  0.89
 0  95.31  0.42  1  0  1.63
 1  69.02  1.00  1  1  1.60
 1  61.05  0.62  1  1  0.65
 1  62.54  1.06  1  1  0.93
 1  61.05  0.95  1  1  0.75
 1  67.05  0.71  1  1  0.48
 0  72.67  1.11  1  1  1.30
 1  67.05  0.86  1  1  0.75
 1  92.56  0.33  1  0  1.52
 1  64.69  0.42  1  1  0.88
 0  81.94  1.37  1  0  1.21
 0  90.98  0.57  1  0  1.57
 0  86.10  0.71  1  0  0.54
 0  89.33  1.30  1  0  0.69
 1  77.47  0.61  1  1  1.49
 0  77.47  0.96  1  1  2.25
 0  98.95  0.62  1  0  0.76
 1  87.33  0.46  1  1  2.11
 1  81.94  0.21  1  1  0.65
 0  92.95  0.86  1  0  2.88
 0  90.98  1.00  1  0  0.57
 1  60.30  0.84  1  1  0.99
 1  78.06  0.21  1  1  0.88
 1  64.69  1.16  1  1  1.74
 1  73.90  0.71  1  1  0.69
 0  87.33  1.11  1  0  6.52
 0  99.70  0.73  1  0  0.65
 0  98.95  0.95  1  0  0.50
 0  97.46  1.06  1  0  0.49
 1  74.25  0.23  1  1  0.60
 0  95.31  1.16  1  0  0.58
 0  92.56  1.24  1  0  0.50
 0  85.75  1.34  1  0  0.62
 0  86.10  0.86  1  0  0.53
 0  77.42  1.17  1  1  1.35
 0  82.58  1.17  1  0  1.26
 1  72.67  0.46  1  1  0.73
 1  77.42  0.40  1  1  0.56
 1  67.44  0.33  1  1  0.45
 1  89.33  0.27  1  1  2.54
