 1  98.95  0.95  0  1  3.21
 0  77.42  1.17  0  1  1.19
 1  90.98  1.00  0  1  2.88
 0  60.30  0.84  0  0  1.86
 1  90.98  0.57  0  1  2.11
 1  97.46  0.51  0  1  2.24
 0  62.54  0.51  0  0  1.06
 1  82.58  0.40  0  1  1.68
 1  81.94  0.21  0  1  1.62
 0  70.67  0.27  0  0  2.61
 1  81.94  1.37  0  0  1.75
 1  86.10  0.71  0  1  0.78
 0  73.90  0.86  0  0  2.59
 1  85.75  0.23  0  1  1.52
 1  82.53  0.61  0  1  1.66
 0  77.47  0.61  0  0  3.00
 0  67.44  1.24  0  0  3.37
 1  99.70  0.84  0  1  0.83
 0  67.44  0.33  0  0  1.06
 0  67.05  0.86  0  0  0.77
 1  92.56  0.33  0  1  0.95
 0  73.90  0.71  0  0  0.75
 0  69.02  1.00  0  0  0.70
 0  60.30  0.73  0  0  0.63
 0  61.05  0.62  0  0  0.62
 0  64.69  0.42  0  0  4.02
 0  77.47  0.96  0  1  1.34
 1  95.31  0.42  0  1  0.71
 0  77.42  0.40  0  1  1.56
 1  89.33  0.27  0  1  1.04
 0  78.06  1.37  0  0  1.95
 1  98.95  0.62  0  1  0.74
 0  74.25  0.23  0  1  2.18
 0  72.67  1.11  0  0  0.80
 0  78.06  0.21  0  1  0.87
 0  69.02  0.57  0  0  0.72
 1  89.33  1.30  0  1  1.04
 1  86.10  0.86  0  1  1.42
 0  70.67  1.30  0  0  0.68
 0  62.54  1.06  0  0  0.76
 1  97.46  1.06  0  1  0.90
 0  72.67  0.46  0  0  1.10
 1  99.70  0.73  0  1  0.68
 1  87.33  0.46  0  1  1.34
 0  64.69  1.16  0  0  0.61
 1  92.95  0.71  0  1  0.98
 0  61.05  0.95  0  0  1.08
 0  67.05  0.71  0  0  2.37
 1  95.31  1.16  0  1  0.72
 1  85.75  1.34  0  0  1.77
 1  92.56  1.24  0  1  0.81
 1  82.58  1.17  0  0  1.54
 0  74.25  1.34  0  0  0.96
 1  87.33  1.11  0  1  2.58
 1  82.53  0.96  0  1  1.99
 1  92.95  0.86  0  1  0.81
 0  67.05  0.86  0  0  0.72
 1  92.95  0.86  0  1  0.56
 1  95.31  0.42  0  1  0.72
 0  67.44  1.24  0  0  0.60
 0  64.69  0.42  0  0  0.61
 1  82.53  0.61  0  0  2.27
 1  85.75  0.23  0  1  0.88
 0  74.25  0.23  0  1  1.85
 0  72.67  0.46  0  0  0.88
 0  60.30  0.73  0  0  0.52
 1  92.95  0.71  0  1  0.74
 0  69.02  0.57  0  0  0.73
 0  60.30  0.84  0  0  0.63
 0  78.06  0.21  0  0  5.84
 1  95.31  1.16  0  1  0.86
 0  70.67  1.30  0  0  0.77
 1  97.46  1.06  0  1  0.57
 0  77.42  0.40  0  0  9.96
 0  69.02  1.00  0  0  0.85
 0  74.25  1.34  0  0  1.27
 0  67.05  0.71  0  0  0.65
 1  98.95  0.62  0  1  0.66
 1  81.94  1.37  0  1  2.56
 1  99.70  0.84  0  1  0.79
 0  70.67  0.27  0  0  6.43
 0  62.54  1.06  0  0  0.73
 1  90.98  0.57  0  1  2.50
 1  87.33  0.46  0  1  0.56
 1  85.75  1.34  0  1  4.36
 0  67.44  0.33  0  0  0.85
 0  62.54  0.51  0  0  0.58
 1  86.10  0.71  0  1  2.03
 1  82.58  0.40  0  1  1.00
 1  92.56  0.33  0  1  0.74
 0  64.69  1.16  0  0  1.01
 1  82.58  1.17  0  1  1.10
 1  82.53  0.96  0  1  0.71
 0  73.90  0.71  0  0  2.11
 0  73.90  0.86  0  0  1.22
 0  72.67  1.11  0  0  0.62
 1  90.98  1.00  0  1  0.63
 0  77.42  1.17  0  0  3.85
 1  99.70  0.73  0  1  0.66
 0  61.05  0.95  0  0  2.61
 1  89.33  1.30  0  1  0.67
 1  81.94  0.21  0  1  1.22
 0  77.47  0.96  0  0  3.83
 1  89.33  0.27  0  1  0.69
 1  98.95  0.95  0  1  0.68
 1  86.10  0.86  0  1  0.68
 1  87.33  1.11  0  1  0.70
 1  97.46  0.51  0  1  0.60
 0  78.06  1.37  0  0  0.93
 0  61.05  0.62  0  0  0.60
 0  77.47  0.61  0  0  2.69
 1  92.56  1.24  0  1  0.63
 1  82.53  0.61  0  1  5.91
 1  82.53  0.96  0  1  1.06
 1  95.31  0.42  0  1  0.89
 1  92.95  0.86  0  1  0.85
 1  89.33  0.27  0  1  0.92
 1  87.33  0.46  0  1  0.90
 0  61.05  0.95  0  0  0.62
 1  98.95  0.62  0  1  0.67
 1  97.46  1.06  0  1  0.39
 0  62.54  0.51  0  0  0.42
 1  86.10  0.86  0  1  0.53
 0  67.44  1.24  0  0  0.43
 0  78.06  1.37  0  0  0.69
 1  87.33  1.11  0  1  0.67
 0  77.42  1.17  0  0  0.69
 1  81.94  1.37  0  1  5.68
 0  77.47  0.96  0  1  0.89
 0  67.05  0.71  0  0  0.70
 1  85.75  1.34  0  1  0.99
 1  92.95  0.71  0  1  0.56
 0  73.90  0.71  0  0  1.41
 0  70.67  0.27  0  0  0.84
 0  77.42  0.40  0  0  0.68
 0  64.69  0.42  0  0  0.71
 1  99.70  0.73  0  1  1.02
 1  97.46  0.51  0  1  0.68
 0  72.67  0.46  0  0  1.49
 1  98.95  0.95  0  1  1.10
 0  73.90  0.86  0  0  1.26
 0  74.25  1.34  0  0  0.71
 1  82.58  0.40  0  1  1.23
 1  85.75  0.23  0  1  0.68
 0  78.06  0.21  0  1  2.09
 1  92.56  0.33  0  1  1.26
 0  70.67  1.30  0  0  0.69
 1  99.70  0.84  0  1  1.68
 1  81.94  0.21  0  1  5.31
 1  89.33  1.30  0  1  0.65
 0  67.44  0.33  0  0  0.89
 1  95.31  1.16  0  1  0.58
 0  60.30  0.84  0  0  0.61
 1  82.58  1.17  0  1  0.56
 1  92.56  1.24  0  1  0.59
 0  60.30  0.73  0  0  0.68
 0  67.05  0.86  0  0  0.69
 0  61.05  0.62  0  0  0.59
 0  72.67  1.11  0  0  0.90
 0  69.02  0.57  0  0  0.61
 1  90.98  1.00  0  1  0.68
 0  69.02  1.00  0  0  0.65
 0  74.25  0.23  0  0  0.85
 0  77.47  0.61  0  0  1.26
 1  86.10  0.71  0  1  1.29
 0  64.69  1.16  0  0  0.59
 1  90.98  0.57  0  1  0.56
 0  62.54  1.06  0  0  0.69
 1  99.70  0.73  0  1  0.77
 0  72.67  1.11  0  0  2.69
 0  60.30  0.84  0  0  0.55
 0  74.25  1.34  0  0  1.68
 1  97.46  0.51  0  1  0.74
 1  85.75  0.23  0  1  0.58
 1  92.95  0.71  0  1  1.50
 1  98.95  0.95  0  1  0.84
 0  72.67  0.46  0  0  6.36
 0  64.69  0.42  0  0  0.89
 1  92.56  1.24  0  1  2.71
 1  98.95  0.62  0  1  0.76
 1  81.94  0.21  0  1  1.51
 1  90.98  0.57  0  1  0.68
 0  73.90  0.86  0  0  1.77
 0  78.06  1.37  0  0  0.65
 0  67.44  1.24  0  0  0.63
 1  87.33  1.11  0  1 10.35
 1  89.33  1.30  0  1  0.86
 1  82.53  0.96  0  1  0.70
 0  77.42  1.17  0  0  1.25
 1  86.10  0.71  0  1  0.74
 1  92.95  0.86  0  1  0.70
 1  95.31  0.42  0  1  0.43
 1  81.94  1.37  0  0  2.95
 1  95.31  1.16  0  1  0.73
 0  77.42  0.40  0  0  0.81
 0  67.44  0.33  0  0  0.58
 1  92.56  0.33  0  1  0.66
 0  67.05  0.71  0  0  0.60
 0  73.90  0.71  0  0  1.43
 1  97.46  1.06  0  1  0.52
 0  61.05  0.62  0  0  0.60
 0  64.69  1.16  0  0  3.15
 1  90.98  1.00  0  1  0.63
 0  69.02  0.57  0  0  1.16
 0  78.06  0.21  0  0  0.96
 1  82.58  1.17  0  1  0.51
 0  74.25  0.23  0  1  1.82
 0  77.47  0.61  0  1  0.90
 1  87.33  0.46  0  1  1.07
 1  85.75  1.34  0  1  0.71
 0  70.67  1.30  0  0  0.59
 0  61.05  0.95  0  0  0.38
 0  69.02  1.00  0  0  0.55
 0  70.67  0.27  0  0  0.56
 1  82.53  0.61  0  1  0.75
 0  62.54  1.06  0  0  1.19
 0  62.54  0.51  0  0  0.66
 1  99.70  0.84  0  1  0.54
 0  60.30  0.73  0  0  0.77
 0  77.47  0.96  0  0  1.62
 1  89.33  0.27  0  1  0.73
 1  82.58  0.40  0  1  0.58
 0  67.05  0.86  0  0  0.79
 1  86.10  0.86  0  1  1.38
 1  86.10  0.71  0  1  1.38
 0  74.25  1.34  0  0  0.99
 0  60.30  0.73  0  0  0.62
 1  99.70  0.84  0  1  0.76
 0  69.02  1.00  0  0  0.75
 0  78.06  1.37  0  0  2.38
 0  77.42  0.40  0  0  0.74
 1  95.31  1.16  0  1  0.49
 1  92.56  1.24  0  1  0.71
 1  98.95  0.95  0  1  0.50
 0  62.54  0.51  0  0  0.43
 0  72.67  1.11  0  0  0.59
 0  67.44  1.24  0  0  0.41
 0  67.05  0.71  0  0  1.11
 1  92.95  0.71  0  1  0.37
 1  82.58  0.40  0  1  0.61
 1  85.75  1.34  0  1  0.95
 0  67.05  0.86  0  0  0.99
 0  67.44  0.33  0  0  0.77
 1  99.70  0.73  0  1  0.74
 1  89.33  0.27  0  1  0.67
 1  92.56  0.33  0  1  1.16
 0  69.02  0.57  0  0  0.68
 1  97.46  0.51  0  1  0.65
 0  70.67  1.30  0  0  0.55
 0  64.69  1.16  0  0  0.77
 0  62.54  1.06  0  0  0.67
 0  73.90  0.71  0  0  0.76
 0  61.05  0.62  0  0  0.67
 1  89.33  1.30  0  0  2.92
 0  77.42  1.17  0  0  1.55
 0  72.67  0.46  0  0  0.88
 1  86.10  0.86  0  1  0.51
 1  82.58  1.17  0  1  0.47
 1  85.75  0.23  0  1  0.74
 1  90.98  1.00  0  1  0.90
 0  64.69  0.42  0  0  0.76
 0  61.05  0.95  0  0  0.57
 0  77.47  0.61  0  0  3.38
 1  87.33  0.46  0  1  0.79
 1  90.98  0.57  0  1  0.69
 1  82.53  0.61  0  0  1.48
 0  60.30  0.84  0  0  0.70
 1  82.53  0.96  0  1  2.07
 1  95.31  0.42  0  1  0.74
 1  92.95  0.86  0  1  0.47
 1  81.94  1.37  0  1  1.80
 0  70.67  0.27  0  0  1.02
 0  77.47  0.96  0  0  0.75
 1  98.95  0.62  0  1  1.81
 1  97.46  1.06  0  1  1.41
 0  74.25  0.23  0  0  2.46
 1  81.94  0.21  0  1  0.99
 0  78.06  0.21  0  1  0.66
 1  87.33  1.11  0  0  0.85
 0  73.90  0.86  0  0  0.77
 1  95.31  1.16  0  1  0.68
 0  77.47  0.96  0  1  2.15
 1  86.10  0.86  0  1  0.61
 1  81.94  0.21  0  1  0.82
 1  97.46  0.51  0  1  0.64
 1  99.70  0.84  0  1  0.59
 1  82.58  1.17  0  1  0.95
 0  64.69  0.42  0  0  0.71
 1  99.70  0.73  0  1  0.54
 0  78.06  1.37  0  0  2.04
 1  97.46  1.06  0  1  0.59
 0  74.25  1.34  0  0  0.93
 1  82.53  0.61  0  0  2.30
 0  73.90  0.86  0  0  2.46
 0  77.47  0.61  0  1  2.29
 0  70.67  0.27  0  0  1.09
 0  77.42  0.40  0  0  2.13
 0  72.67  1.11  0  0  1.34
 1  89.33  1.30  0  1  0.71
 0  60.30  0.84  0  0  0.53
 0  67.05  0.71  0  0  0.68
 0  73.90  0.71  0  0  1.27
 0  74.25  0.23  0  1  1.36
 0  67.05  0.86  0  0  0.76
 1  92.56  1.24  0  1  0.81
 1  92.95  0.86  0  1  0.51
 0  78.06  0.21  0  1  1.16
 0  72.67  0.46  0  0  0.74
 1  82.58  0.40  0  1  1.65
 0  69.02  0.57  0  0  0.91
 1  89.33  0.27  0  1  1.21
 0  77.42  1.17  0  0  2.34
 1  85.75  1.34  0  1  0.78
 0  67.44  1.24  0  0  0.85
 0  64.69  1.16  0  0  1.18
 1  81.94  1.37  0  1  0.62
 1  85.75  0.23  0  1  0.65
 0  62.54  0.51  0  0  1.34
 0  61.05  0.62  0  0  1.43
 1  87.33  0.46  0  1  0.62
 0  69.02  1.00  0  0  1.44
 1  90.98  1.00  0  1  0.87
 1  87.33  1.11  0  1  0.65
 1  95.31  0.42  0  1  0.64
 1  92.95  0.71  0  1  0.49
 1  98.95  0.95  0  1  0.59
 0  60.30  0.73  0  0  0.80
 1  86.10  0.71  0  1  0.91
 1  98.95  0.62  0  1  0.69
 1  90.98  0.57  0  1  0.49
 0  61.05  0.95  0  0  0.57
 1  92.56  0.33  0  1  0.64
 1  82.53  0.96  0  1  0.54
 0  62.54  1.06  0  0  0.70
 0  67.44  0.33  0  0  0.73
 0  70.67  1.30  0  0  1.23
 1  86.10  0.71  0  1  1.34
 0  64.69  0.42  0  0  1.13
 0  61.05  0.62  0  0  0.56
 1  81.94  0.21  0  1  3.71
 1  95.31  0.42  0  1  0.65
 1  82.58  0.40  0  1  0.68
 1  82.58  1.17  0  1  0.62
 0  73.90  0.71  0  1  1.65
 0  73.90  0.86  0  0  0.41
 1  89.33  1.30  0  1  0.66
 1  92.95  0.86  0  1  0.65
 1  86.10  0.86  0  1  0.40
 1  81.94  1.37  0  0  0.66
 1  92.95  0.71  0  1  0.52
 1  82.53  0.96  0  1  1.09
 1  98.95  0.95  0  1  0.56
 1  85.75  1.34  0  1  0.83
 1  90.98  0.57  0  1  0.53
 1  85.75  0.23  0  1  0.51
 0  77.42  1.17  0  0  0.71
 0  74.25  0.23  0  0  0.54
 1  97.46  1.06  0  1  0.63
 0  67.44  0.33  0  0  0.93
 0  77.47  0.61  0  0  0.40
 0  74.25  1.34  0  0  0.47
 0  78.06  0.21  0  1  2.72
 1  99.70  0.73  0  1  0.67
 0  72.67  0.46  0  0  4.92
 0  67.44  1.24  0  0  0.69
 1  89.33  0.27  0  1  0.99
 1  87.33  0.46  0  1  0.67
 0  69.02  0.57  0  0  0.60
 1  99.70  0.84  0  1  0.64
 1  90.98  1.00  0  1  6.41
 1  92.56  1.24  0  1  6.69
 0  77.47  0.96  0  0  5.06
 1  92.56  0.33  0  1  0.64
 0  72.67  1.11  0  0  0.76
 0  62.54  0.51  0  0  0.53
 0  70.67  1.30  0  0  0.69
 0  78.06  1.37  0  1  2.22
 0  70.67  0.27  0  0  0.95
 0  64.69  1.16  0  0  0.88
 0  61.05  0.95  0  0  0.48
 0  67.05  0.71  0  0  0.58
 1  87.33  1.11  0  1  0.50
 0  67.05  0.86  0  0  0.93
 0  69.02  1.00  0  0  0.70
 0  62.54  1.06  0  0  0.92
 1  97.46  0.51  0  1  0.64
 1  95.31  1.16  0  1  0.48
 0  60.30  0.73  0  0  0.79
 1  98.95  0.62  0  1  0.45
 0  77.42  0.40  0  1  1.06
 1  82.53  0.61  0  1  1.77
 0  60.30  0.84  0  0  0.53
 0  70.67  0.27  0  0  1.54
 1  89.33  1.30  0  1  0.83
 1  85.75  1.34  0  1  0.42
 1  97.46  0.51  0  1  1.14
 0  67.05  0.86  0  0  1.14
 1  97.46  1.06  0  1  0.51
 0  72.67  0.46  0  0  0.58
 0  77.42  1.17  0  0  1.20
 1  89.33  0.27  0  1  0.60
 0  69.02  1.00  0  0  0.55
 1  82.53  0.96  0  1  0.52
 1  92.56  0.33  0  1  0.65
 1  87.33  1.11  0  1  0.51
 0  77.47  0.61  0  0  2.22
 0  64.69  1.16  0  0  0.62
 1  87.33  0.46  0  1  0.64
 1  82.58  1.17  0  1  2.90
 0  73.90  0.86  0  0  2.70
 1  92.95  0.86  0  1  1.40
 1  81.94  0.21  0  1  2.58
 0  61.05  0.95  0  0  0.60
 0  64.69  0.42  0  0  0.75
 1  86.10  0.71  0  1  0.63
 0  67.44  0.33  0  0  1.37
 1  95.31  1.16  0  1  1.23
 0  60.30  0.84  0  0  0.78
 0  61.05  0.62  0  0  0.84
 1  99.70  0.84  0  1  0.84
 1  92.95  0.71  0  1  0.61
 0  67.05  0.71  0  0  0.77
 0  62.54  0.51  0  0  0.85
 1  81.94  1.37  0  1  0.69
 0  67.44  1.24  0  0  1.55
 1  98.95  0.95  0  1  0.84
 1  85.75  0.23  0  1  1.48
 1  92.56  1.24  0  1  0.46
 1  99.70  0.73  0  1  0.55
 0  70.67  1.30  0  0  1.37
 0  77.42  0.40  0  0  1.14
 1  82.58  0.40  0  1  0.76
 1  82.53  0.61  0  1  0.64
 1  86.10  0.86  0  1  1.12
 0  78.06  1.37  0  0  2.56
 1  90.98  0.57  0  1  1.24
 0  78.06  0.21  0  1  2.48
 0  77.47  0.96  0  1  0.88
 0  73.90  0.71  0  0  1.28
 0  69.02  0.57  0  0  1.06
 1  90.98  1.00  0  1  1.22
 1  98.95  0.62  0  1  0.70
 0  62.54  1.06  0  0  1.54
 0  72.67  1.11  0  0  0.73
 0  60.30  0.73  0  0  0.75
 0  74.25  1.34  0  0  0.74
 1  95.31  0.42  0  1  0.47
 0  74.25  0.23  0  0  1.27
 0  69.02  0.57  0  0  1.32
 1  97.46  1.06  0  1  0.58
 1  81.94  1.37  0  1  1.48
 0  61.05  0.62  0  0  0.60
 0  70.67  0.27  0  0  0.81
 1  85.75  1.34  0  1  0.65
 1  86.10  0.71  0  1  0.53
 1  82.53  0.61  0  1  0.70
 0  74.25  1.34  0  0  2.02
 0  64.69  0.42  0  0  0.89
 1  82.58  0.40  0  1  0.49
 1  92.56  1.24  0  1  0.60
 1  87.33  1.11  0  1  0.55
 0  78.06  1.37  0  0  3.57
 1  90.98  0.57  0  1  0.62
 1  98.95  0.95  0  1  0.78
 0  60.30  0.84  0  0  1.04
 1  99.70  0.84  0  1  0.45
 1  89.33  0.27  0  1  0.59
 0  62.54  0.51  0  0  0.57
 0  77.47  0.61  0  1  0.91
 0  77.42  0.40  0  0  0.53
 0  67.05  0.71  0  0  0.70
 1  89.33  1.30  0  1  1.52
 1  82.53  0.96  0  1  1.68
 1  86.10  0.86  0  1  0.63
 1  92.95  0.71  0  1  0.84
 0  77.47  0.96  0  0  2.00
 0  72.67  1.11  0  0  0.58
 0  62.54  1.06  0  0  0.68
 1  85.75  0.23  0  1  0.65
 1  87.33  0.46  0  1  0.53
 1  95.31  0.42  0  1  0.92
 1  82.58  1.17  0  1  4.26
 0  72.67  0.46  0  0  2.94
 1  81.94  0.21  0  1  0.93
 0  69.02  1.00  0  0  0.82
 1  99.70  0.73  0  1  0.58
 0  70.67  1.30  0  0  0.74
 0  67.44  0.33  0  0  1.14
 0  67.44  1.24  0  0  0.81
 1  92.56  0.33  0  1  0.65
 1  95.31  1.16  0  1  0.75
 0  61.05  0.95  0  0  0.71
 0  60.30  0.73  0  0  0.57
 0  78.06  0.21  0  1  0.74
 0  67.05  0.86  0  0  0.56
 0  77.42  1.17  0  1  1.48
 0  64.69  1.16  0  0  0.62
 0  73.90  0.71  0  0  0.55
 0  73.90  0.86  0  0  0.62
 1  97.46  0.51  0  1  0.47
 1  90.98  1.00  0  1  0.95
 0  74.25  0.23  0  0  1.36
 1  92.95  0.86  0  1  0.45
 1  98.95  0.62  0  1  0.49
 0  70.67  0.27  0  0  1.19
 0  60.30  0.84  0  0  0.88
 0  73.90  0.71  0  0  0.55
 1  97.46  0.51  0  1  1.10
 1  95.31  0.42  0  1  0.81
 0  70.67  1.30  0  0  0.61
 0  77.42  0.40  0  0  0.94
 0  67.44  0.33  0  0  0.81
 0  61.05  0.62  0  0  0.80
 1  98.95  0.62  0  1  0.96
 0  64.69  1.16  0  0  1.25
 1  90.98  0.57  0  1  0.92
 1  92.95  0.86  0  1  1.00
 0  67.05  0.71  0  0  1.24
 0  72.67  1.11  0  0  0.69
 1  89.33  0.27  0  1  0.86
 1  82.53  0.96  0  1  2.43
 1  95.31  1.16  0  1  2.60
 0  73.90  0.86  0  0  0.63
 0  62.54  0.51  0  0  0.65
 0  69.02  0.57  0  0  0.68
 0  64.69  0.42  0  0  1.26
 1  92.56  0.33  0  1  1.03
 1  86.10  0.71  0  1  0.75
 1  82.53  0.61  0  1  2.62
 1  90.98  1.00  0  1  0.62
 1  81.94  0.21  0  0  2.37
 1  85.75  0.23  0  1  0.57
 1  82.58  1.17  0  1  0.51
 1  97.46  1.06  0  1  0.47
 1  87.33  1.11  0  1  0.45
 1  92.56  1.24  0  1  0.52
 0  67.44  1.24  0  0  0.65
 0  72.67  0.46  0  0  0.95
 0  77.47  0.61  0  0  1.03
 1  82.58  0.40  0  1  2.49
 0  77.42  1.17  0  0  0.92
 0  61.05  0.95  0  0  0.56
 1  99.70  0.73  0  1  0.93
 0  62.54  1.06  0  0  0.81
 1  81.94  1.37  0  1  3.06
 1  99.70  0.84  0  1  0.62
 0  69.02  1.00  0  0  0.88
 1  92.95  0.71  0  1  1.69
 1  89.33  1.30  0  1  0.75
 1  98.95  0.95  0  1  0.60
 1  86.10  0.86  0  1  1.07
 0  77.47  0.96  0  1  1.57
 0  78.06  1.37  0  0  0.59
 0  60.30  0.73  0  0  0.59
 1  85.75  1.34  0  0  0.51
 1  87.33  0.46  0  1  0.61
 0  74.25  0.23  0  1  0.64
 0  67.05  0.86  0  0  0.55
 0  74.25  1.34  0  0  4.64
 0  78.06  0.21  0  1  0.80
