 1  87.33  1.11  0  0  5.06
 0  67.44  0.33  0  0  1.54
 0  61.05  0.95  0  1  0.59
 0  70.67  0.27  0  0  0.92
 1  82.58  1.17  0  1  0.89
 0  74.25  1.34  0  1  1.25
 0  67.05  0.71  0  0  2.49
 1  95.31  1.16  0  0  1.36
 0  77.47  0.61  0  0  0.90
 1  97.46  0.51  0  1  0.98
 0  69.02  1.00  0  0  0.67
 1  99.70  0.73  0  1  0.56
 1  85.75  0.23  0  0  1.38
 1  98.95  0.62  0  1  1.07
 0  73.90  0.71  0  0  1.08
 0  64.69  0.42  0  0  0.83
 1  82.53  0.96  0  1  0.53
 1  82.58  0.40  0  1  1.23
 0  60.30  0.84  0  0  0.51
 0  78.06  1.37  0  0  6.49
 0  62.54  1.06  0  0  0.92
 1  98.95  0.95  0  1  0.48
 0  67.05  0.86  0  0  0.57
 1  92.56  1.24  0  1  0.56
 1  81.94  0.21  0  0  4.57
 1  85.75  1.34  0  0  0.77
 0  74.25  0.23  0  0  1.12
 0  67.44  1.24  0  0  1.09
 0  72.67  0.46  0  0  1.10
 1  92.95  0.86  0  1  0.55
 0  77.47  0.96  0  0  0.66
 0  62.54  0.51  0  0  1.11
 0  69.02  0.57  0  0  0.61
 1  99.70  0.84  0  1  0.55
 0  73.90  0.86  0  0  1.03
 1  92.95  0.71  0  1  1.13
 0  61.05  0.62  0  0  0.57
 0  64.69  1.16  0  0  0.75
 0  70.67  1.30  0  0  0.71
 1  86.10  0.71  0  1  0.72
 0  78.06  0.21  0  1  0.83
 0  72.67  1.11  0  0  0.83
 1  86.10  0.86  0  0  1.18
 1  89.33  0.27  0  1  0.88
 1  81.94  1.37  0  0  0.84
 1  90.98  1.00  0  1  1.18
 0  77.42  1.17  0  0  0.86
 1  87.33  0.46  0  1  0.72
 1  92.56  0.33  0  1  1.17
 0  77.42  0.40  0  1  2.14
 0  60.30  0.73  0  0  0.70
 1  89.33  1.30  0  1  1.23
 1  95.31  0.42  0  1  0.77
 1  97.46  1.06  0  1  0.60
 1  82.53  0.61  0  0  1.12
 1  90.98  0.57  0  1  0.85
 1  90.98  0.57  0  1  0.57
 0  73.90  0.86  0  0  0.68
 1  99.70  0.73  0  1  0.63
 1  82.53  0.96  0  0  1.15
 0  62.54  1.06  0  0  1.45
 0  77.42  1.17  0  0  0.93
 0  67.05  0.86  0  0  0.51
 0  78.06  1.37  0  0  0.84
 1  92.95  0.86  0  1  0.64
 1  95.31  0.42  0  1  0.43
 1  92.95  0.71  0  1  0.57
 0  67.44  0.33  0  0  0.59
 0  78.06  0.21  0  1  0.58
 1  99.70  0.84  0  1  0.59
 1  85.75  1.34  0  0  1.13
 0  73.90  0.71  0  0  1.37
 1  82.58  0.40  0  0  0.79
 1  81.94  0.21  0  1  0.87
 1  81.94  1.37  0  0  3.54
 1  87.33  1.11  0  1  1.02
 1  82.58  1.17  0  0  1.24
 1  86.10  0.71  0  1  1.14
 0  60.30  0.84  0  0  0.70
 0  62.54  0.51  0  0  0.83
 0  77.42  0.40  0  1  0.61
 0  60.30  0.73  0  0  0.68
 0  74.25  1.34  0  0  0.91
 1  89.33  1.30  0  1  0.86
 1  87.33  0.46  0  1  0.65
 1  95.31  1.16  0  1  0.83
 1  98.95  0.62  0  1  0.83
 0  64.69  0.42  0  0  0.64
 0  77.47  0.96  0  1  1.08
 1  92.56  0.33  0  1  1.02
 1  97.46  0.51  0  1  0.64
 0  67.05  0.71  0  0  1.25
 0  61.05  0.95  0  0  0.57
 1  86.10  0.86  0  1  0.86
 0  61.05  0.62  0  0  0.69
 1  92.56  1.24  0  1  0.53
 0  72.67  0.46  0  1  1.75
 0  69.02  0.57  0  0  6.70
 0  67.44  1.24  0  0  1.98
 1  90.98  1.00  0  1  1.44
 0  77.47  0.61  0  1  1.39
 0  72.67  1.11  0  0  0.79
 0  64.69  1.16  0  0  0.54
 0  69.02  1.00  0  0  0.47
 0  70.67  1.30  0  0  0.53
 1  97.46  1.06  0  1  0.57
 1  98.95  0.95  0  1  0.42
 0  74.25  0.23  0  0  1.65
 1  85.75  0.23  0  1  1.56
 1  89.33  0.27  0  1  0.86
 1  82.53  0.61  0  1  0.88
 0  70.67  0.27  0  0  0.63
 1  81.94  0.21  0  1  5.76
 0  67.05  0.71  0  0  1.09
 0  77.47  0.96  0  0  4.04
 0  73.90  0.86  0  0  0.62
 1  92.56  0.33  0  1  0.59
 0  78.06  0.21  0  0  1.12
 0  73.90  0.71  0  0  0.73
 1  85.75  0.23  0  1  0.97
 1  81.94  1.37  0  1  2.47
 1  99.70  0.84  0  1  0.57
 0  72.67  0.46  0  0  0.91
 1  97.46  1.06  0  1  0.70
 0  67.05  0.86  0  0  0.61
 0  77.42  0.40  0  0  1.38
 0  61.05  0.62  0  0  0.56
 0  67.44  1.24  0  0  0.61
 1  95.31  0.42  0  1  0.55
 1  85.75  1.34  0  1  2.54
 0  62.54  1.06  0  0  0.73
 1  82.58  0.40  0  1  1.20
 0  77.42  1.17  0  1  1.62
 0  70.67  0.27  0  0  1.33
 1  86.10  0.71  0  1  0.81
 1  98.95  0.95  0  1  0.84
 1  97.46  0.51  0  1  0.50
 1  95.31  1.16  0  1  0.56
 1  82.53  0.61  0  1  0.83
 1  82.58  1.17  0  1  1.69
 1  90.98  1.00  0  1  0.64
 0  70.67  1.30  0  0  0.51
 0  78.06  1.37  0  0  0.43
 1  98.95  0.62  0  1  0.53
 0  74.25  0.23  0  0  0.74
 0  67.44  0.33  0  0  0.69
 1  92.95  0.71  0  1  0.57
 1  89.33  1.30  0  1  1.79
 0  74.25  1.34  0  0  0.64
 1  99.70  0.73  0  1  0.52
 0  64.69  1.16  0  0  0.95
 1  89.33  0.27  0  1  0.67
 1  90.98  0.57  0  1  0.59
 0  60.30  0.73  0  0  0.80
 1  92.95  0.86  0  1  0.74
 0  69.02  0.57  0  0  0.74
 0  64.69  0.42  0  0  0.49
 1  92.56  1.24  0  1  0.68
 1  87.33  0.46  0  1  0.57
 0  62.54  0.51  0  0  0.52
 0  77.47  0.61  0  0  1.16
 0  69.02  1.00  0  0  0.58
 1  87.33  1.11  0  1  1.35
 1  86.10  0.86  0  1  1.15
 0  72.67  1.11  0  0  0.71
 0  60.30  0.84  0  0  0.41
 0  61.05  0.95  0  0  0.44
 1  82.53  0.96  0  1  0.51
 1  86.10  0.71  0  1  0.43
 0  74.25  1.34  0  0  0.59
 0  77.47  0.61  0  1  2.90
 0  62.54  1.06  0  0  0.64
 0  70.67  1.30  0  0  0.44
 1  92.95  0.71  0  1  0.98
 0  78.06  1.37  0  0  0.94
 0  60.30  0.73  0  0  0.55
 0  67.44  0.33  0  1  0.80
 1  82.53  0.96  0  1  1.01
 0  64.69  1.16  0  0  0.67
 0  67.05  0.86  0  0  0.98
 1  87.33  1.11  0  1  0.64
 1  81.94  0.21  0  1  0.70
 1  81.94  1.37  0  0  1.27
 0  73.90  0.86  0  0  1.13
 1  86.10  0.86  0  1  1.10
 0  61.05  0.95  0  0  0.52
 0  77.42  1.17  0  0  1.76
 1  92.95  0.86  0  1  0.50
 1  92.56  0.33  0  1  0.61
 0  74.25  0.23  0  0  0.81
 1  85.75  0.23  0  1  0.58
 1  92.56  1.24  0  1  0.75
 1  87.33  0.46  0  1  0.50
 1  99.70  0.73  0  1  0.58
 0  61.05  0.62  0  0  0.61
 1  95.31  1.16  0  1  0.64
 0  72.67  0.46  0  0  0.71
 1  98.95  0.95  0  1  0.55
 0  77.42  0.40  0  0  0.76
 0  70.67  0.27  0  0  0.53
 0  69.02  0.57  0  0  0.54
 1  99.70  0.84  0  1  0.53
 1  98.95  0.62  0  1  0.84
 1  90.98  1.00  0  1  0.72
 1  90.98  0.57  0  1  0.49
 0  73.90  0.71  0  0  0.59
 0  64.69  0.42  0  0  0.49
 1  95.31  0.42  0  1  0.56
 1  97.46  0.51  0  1  0.45
 0  78.06  0.21  0  0  1.44
 0  72.67  1.11  0  0  0.55
 1  89.33  1.30  0  1  1.13
 0  62.54  0.51  0  0  0.57
 1  89.33  0.27  0  1  0.78
 0  67.05  0.71  0  0  2.15
 1  82.58  0.40  0  0  1.36
 1  85.75  1.34  0  1  1.95
 0  69.02  1.00  0  0  0.62
 1  97.46  1.06  0  1  0.63
 1  82.53  0.61  0  1  1.32
 0  67.44  1.24  0  0  1.26
 0  60.30  0.84  0  0  0.58
 0  77.47  0.96  0  1  0.85
 1  82.58  1.17  0  1  0.86
 1  98.95  0.95  0  1  1.94
 1  85.75  0.23  0  1  0.58
 1  95.31  0.42  0  1  0.42
 1  99.70  0.84  0  1  0.52
 1  97.46  0.51  0  1  0.47
 1  95.31  1.16  0  1  0.62
 1  87.33  0.46  0  1  0.54
 0  67.44  0.33  0  0  0.50
 0  62.54  0.51  0  0  0.43
 0  72.67  1.11  0  0  1.15
 1  92.95  0.86  0  1  0.45
 0  74.25  0.23  0  0  1.55
 1  89.33  1.30  0  1  0.53
 0  69.02  1.00  0  0  0.60
 0  64.69  1.16  0  0  0.42
 0  73.90  0.71  0  0  0.51
 0  77.47  0.96  0  0  1.76
 1  97.46  1.06  0  1  0.52
 1  87.33  1.11  0  1  2.11
 0  77.42  1.17  0  0  0.72
 1  90.98  1.00  0  1  0.73
 0  61.05  0.62  0  0  0.42
 1  86.10  0.71  0  1  0.51
 1  99.70  0.73  0  1  0.53
 0  78.06  1.37  0  0  0.62
 1  82.53  0.61  0  1  0.72
 0  64.69  0.42  0  0  0.57
 0  61.05  0.95  0  0  0.62
 1  85.75  1.34  0  0  1.10
 0  70.67  1.30  0  0  0.60
 1  82.58  1.17  0  0  1.76
 0  72.67  0.46  0  1  1.07
 1  82.58  0.40  0  1  0.81
 0  67.05  0.71  0  0  0.82
 1  86.10  0.86  0  1  0.59
 1  89.33  0.27  0  1  0.46
 1  90.98  0.57  0  1  0.47
 1  98.95  0.62  0  1  0.45
 1  82.53  0.96  0  1  1.29
 0  67.05  0.86  0  0  0.48
 0  77.42  0.40  0  1  0.85
 0  62.54  1.06  0  0  0.98
 0  77.47  0.61  0  0  1.37
 1  81.94  1.37  0  1  0.69
 0  73.90  0.86  0  0  0.69
 0  69.02  0.57  0  0  0.52
 0  70.67  0.27  0  1  1.01
 0  60.30  0.73  0  0  0.56
 1  92.56  0.33  0  1  0.53
 0  67.44  1.24  0  0  0.48
 0  74.25  1.34  0  0  0.52
 1  92.56  1.24  0  1  0.48
 1  92.95  0.71  0  1  0.59
 0  78.06  0.21  0  0  0.91
 0  60.30  0.84  0  0  0.47
 1  81.94  0.21  0  0  0.95
 0  77.42  0.40  0  0  1.10
 1  92.56  0.33  0  1  0.75
 1  97.46  1.06  0  1  0.65
 1  90.98  0.57  0  1  0.40
 0  74.25  0.23  0  0  0.82
 1  87.33  0.46  0  1  0.61
 0  69.02  0.57  0  0  0.77
 1  98.95  0.62  0  1  0.45
 0  74.25  1.34  0  0  0.56
 0  77.42  1.17  0  0  0.73
 1  90.98  1.00  0  1  0.55
 1  89.33  0.27  0  1  0.83
 0  69.02  1.00  0  0  0.72
 1  85.75  0.23  0  1  0.78
 0  73.90  0.86  0  0  0.70
 0  67.05  0.71  0  0  0.53
 0  78.06  1.37  0  0  0.69
 1  85.75  1.34  0  1  0.57
 0  70.67  1.30  0  0  0.41
 1  86.10  0.86  0  1  0.48
 0  73.90  0.71  0  0  1.13
 0  67.44  1.24  0  0  0.54
 1  99.70  0.73  0  1  0.42
 0  64.69  0.42  0  0  0.61
 1  95.31  0.42  0  1  0.54
 0  72.67  0.46  0  0  0.51
 1  86.10  0.71  0  1  1.46
 0  77.47  0.96  0  0  0.76
 0  61.05  0.95  0  0  0.49
 0  60.30  0.73  0  0  0.59
 1  82.58  1.17  0  1  1.21
 1  97.46  0.51  0  1  0.57
 1  89.33  1.30  0  1  1.06
 1  95.31  1.16  0  1  0.59
 1  99.70  0.84  0  1  0.50
 0  64.69  1.16  0  0  0.49
 0  62.54  1.06  0  0  0.46
 1  82.53  0.61  0  1  0.80
 1  92.56  1.24  0  1  0.60
 0  67.44  0.33  0  0  0.57
 0  72.67  1.11  0  0  1.61
 0  70.67  0.27  0  0  0.77
 1  98.95  0.95  0  1  0.40
 1  81.94  0.21  0  1  0.57
 1  92.95  0.71  0  1  0.58
 0  62.54  0.51  0  0  0.98
 0  78.06  0.21  0  0  2.27
 1  92.95  0.86  0  1  0.46
 0  60.30  0.84  0  0  0.74
 1  87.33  1.11  0  1  0.58
 1  82.53  0.96  0  1  0.51
 1  81.94  1.37  0  1  1.95
 1  82.58  0.40  0  1  0.59
 0  61.05  0.62  0  0  0.67
 0  67.05  0.86  0  0  0.62
 0  77.47  0.61  0  1  1.30
 1  97.46  1.06  0  1  5.41
 0  61.05  0.62  0  0  0.64
 1  86.10  0.71  0  1  0.63
 0  77.47  0.61  0  1  0.70
 1  98.95  0.95  0  1  0.56
 0  67.44  0.33  0  0  0.38
 1  86.10  0.86  0  1  0.82
 1  82.53  0.96  0  0  0.94
 0  78.06  1.37  0  0  2.09
 0  73.90  0.71  0  0  2.29
 1  82.58  1.17  0  1  0.93
 1  97.46  0.51  0  1  0.53
 1  81.94  1.37  0  1  2.89
 0  74.25  1.34  0  0  0.66
 1  87.33  1.11  0  1  0.96
 1  89.33  0.27  0  1  0.55
 1  92.56  1.24  0  1  0.59
 0  60.30  0.84  0  0  0.58
 0  72.67  1.11  0  0  2.47
 1  82.58  0.40  0  1  0.45
 0  69.02  0.57  0  0  1.33
 0  61.05  0.95  0  0  0.67
 1  95.31  1.16  0  1  0.56
 1  90.98  1.00  0  1  0.57
 1  98.95  0.62  0  1  0.47
 1  81.94  0.21  0  1  0.63
 0  62.54  0.51  0  0  0.65
 1  87.33  0.46  0  1  0.40
 1  92.56  0.33  0  1  0.43
 1  99.70  0.84  0  1  0.54
 1  82.53  0.61  0  1  0.69
 1  85.75  0.23  0  1  0.86
 0  78.06  0.21  0  1  0.54
 1  99.70  0.73  0  1  0.55
 1  92.95  0.86  0  1  0.56
 0  77.42  0.40  0  0  0.43
 0  70.67  0.27  0  0  0.64
 0  67.44  1.24  0  0  0.56
 0  62.54  1.06  0  0  0.57
 1  95.31  0.42  0  1  0.47
 0  77.47  0.96  0  1  1.81
 0  70.67  1.30  0  0  0.65
 0  67.05  0.86  0  0  2.88
 0  74.25  0.23  0  0  1.85
 0  64.69  1.16  0  0  0.53
 1  90.98  0.57  0  1  0.42
 0  77.42  1.17  0  1  0.68
 0  69.02  1.00  0  0  0.46
 1  89.33  1.30  0  1  0.60
 1  92.95  0.71  0  1  0.79
 0  60.30  0.73  0  0  0.55
 1  85.75  1.34  0  1  0.63
 0  73.90  0.86  0  0  1.61
 0  64.69  0.42  0  0  0.67
 0  67.05  0.71  0  0  0.76
 0  72.67  0.46  0  0  0.83
 0  74.25  0.23  0  0  1.19
 0  60.30  0.73  0  0  0.53
 0  77.42  1.17  0  1  0.69
 0  78.06  0.21  0  1  0.54
 0  61.05  0.62  0  0  0.45
 0  77.47  0.96  0  0  1.08
 0  67.05  0.71  0  0  0.44
 0  62.54  1.06  0  0  0.42
 1  86.10  0.86  0  1  0.60
 0  67.44  1.24  0  0  0.67
 1  95.31  1.16  0  1  0.64
 0  74.25  1.34  0  0  1.54
 1  81.94  1.37  0  0  0.75
 0  72.67  0.46  0  1  0.65
 0  64.69  1.16  0  0  0.63
 1  98.95  0.62  0  1  0.49
 1  98.95  0.95  0  1  0.56
 1  95.31  0.42  0  1  0.57
 1  86.10  0.71  0  1  0.59
 1  85.75  1.34  0  0  0.70
 1  89.33  1.30  0  1  1.45
 1  99.70  0.73  0  1  0.55
 1  85.75  0.23  0  1  0.70
 1  97.46  1.06  0  1  0.53
 0  77.47  0.61  0  0  1.10
 1  87.33  0.46  0  1  0.44
 0  67.44  0.33  0  0  0.58
 1  82.58  1.17  0  1  0.60
 1  99.70  0.84  0  1  0.51
 1  92.95  0.86  0  1  0.45
 0  78.06  1.37  0  0  0.50
 0  70.67  0.27  0  0  0.78
 0  62.54  0.51  0  0  0.48
 1  97.46  0.51  0  1  0.46
 0  60.30  0.84  0  0  0.54
 0  72.67  1.11  0  0  0.53
 1  82.53  0.61  0  1  0.90
 1  89.33  0.27  0  1  0.54
 1  82.53  0.96  0  0  1.89
 0  67.05  0.86  0  0  0.47
 0  69.02  0.57  0  0  0.75
 1  90.98  1.00  0  1  0.45
 0  61.05  0.95  0  0  0.68
 1  92.95  0.71  0  1  0.45
 0  70.67  1.30  0  0  1.70
 1  82.58  0.40  0  1  0.48
 1  92.56  0.33  0  1  0.53
 0  64.69  0.42  0  0  0.61
 0  73.90  0.71  0  0  0.78
 0  77.42  0.40  0  1  0.67
 1  87.33  1.11  0  1  0.48
 0  73.90  0.86  0  1  2.50
 0  69.02  1.00  0  0  3.30
 1  92.56  1.24  0  1  0.71
 1  90.98  0.57  0  1  0.60
 1  81.94  0.21  0  1  0.58
 0  69.02  1.00  0  0  1.29
 0  62.54  1.06  0  0  0.52
 1  99.70  0.84  0  1  0.69
 0  70.67  1.30  0  0  0.64
 0  60.30  0.73  0  0  0.73
 1  81.94  0.21  0  1  0.64
 1  97.46  0.51  0  1  0.53
 0  67.44  0.33  0  0  2.49
 0  73.90  0.71  0  1  1.00
 0  77.42  0.40  0  1  2.12
 0  73.90  0.86  0  0  0.80
 0  61.05  0.62  0  0  0.54
 0  67.44  1.24  0  0  0.64
 1  87.33  1.11  0  1  0.56
 1  89.33  0.27  0  1  0.61
 1  82.53  0.96  0  1  0.47
 1  92.95  0.86  0  1  0.40
 0  77.42  1.17  0  1  0.60
 1  90.98  1.00  0  1  0.94
 0  64.69  0.42  0  0  0.74
 0  78.06  0.21  0  1  0.98
 0  62.54  0.51  0  0  0.66
 1  98.95  0.62  0  1  0.51
 1  92.56  1.24  0  1  0.48
 1  85.75  1.34  0  1  2.14
 1  95.31  1.16  0  1  0.64
 1  89.33  1.30  0  1  0.49
 0  78.06  1.37  0  0  0.50
 1  92.95  0.71  0  1  0.85
 1  82.58  0.40  0  1  0.54
 0  69.02  0.57  0  0  0.78
 0  77.47  0.96  0  0  0.88
 0  74.25  0.23  0  0  0.86
 1  82.53  0.61  0  1  0.79
 1  97.46  1.06  0  1  0.55
 1  85.75  0.23  0  1  0.84
 1  87.33  0.46  0  1  0.87
 0  64.69  1.16  0  0  0.55
 0  77.47  0.61  0  0  0.94
 0  70.67  0.27  0  0  0.59
 0  67.05  0.86  0  0  0.54
 1  95.31  0.42  0  1  0.58
 0  72.67  0.46  0  0  0.47
 1  81.94  1.37  0  1  2.67
 1  98.95  0.95  0  1  0.55
 0  61.05  0.95  0  0  0.57
 1  86.10  0.86  0  1  1.20
 1  86.10  0.71  0  1  0.62
 1  90.98  0.57  0  1  0.65
 1  99.70  0.73  0  1  0.58
 0  72.67  1.11  0  0  0.66
 0  67.05  0.71  0  0  0.78
 0  60.30  0.84  0  0  0.48
 1  92.56  0.33  0  1  0.50
 1  82.58  1.17  0  1  1.15
 0  74.25  1.34  0  0  0.66
 0  72.67  1.11  0  0  0.87
 1  99.70  0.84  0  1  0.43
 1  87.33  1.11  0  1  1.23
 0  69.02  1.00  0  0  0.86
 1  95.31  1.16  0  1  0.86
 1  81.94  1.37  0  0  0.74
 1  97.46  0.51  0  1  0.83
 1  89.33  0.27  0  1  0.53
 1  99.70  0.73  0  1  0.51
 0  78.06  0.21  0  0  1.03
 0  74.25  1.34  0  0  2.25
 0  60.30  0.73  0  0  0.54
 1  92.56  0.33  0  1  0.57
 1  90.98  1.00  0  1  0.58
 0  72.67  0.46  0  0  0.77
 1  82.58  0.40  0  1  1.78
 0  69.02  0.57  0  0  1.07
 1  95.31  0.42  0  1  0.72
 0  78.06  1.37  0  0  0.53
 0  67.44  1.24  0  0  0.84
 1  86.10  0.86  0  1  0.51
 0  67.05  0.86  0  0  0.58
 0  77.42  0.40  0  1  0.62
 0  73.90  0.86  0  1  2.65
 1  81.94  0.21  0  1  0.72
 0  62.54  0.51  0  0  0.60
 1  87.33  0.46  0  1  0.49
 1  82.58  1.17  0  1  0.85
 0  64.69  1.16  0  0  0.75
 1  92.95  0.86  0  1  0.53
 1  98.95  0.95  0  1  0.51
 1  89.33  1.30  0  1  0.85
 1  92.95  0.71  0  1  0.49
 0  61.05  0.62  0  0  0.48
 1  97.46  1.06  0  1  0.45
 1  82.53  0.61  0  1  0.74
 1  85.75  1.34  0  1  0.97
 1  92.56  1.24  0  1  1.03
 0  70.67  0.27  0  0  1.00
 0  62.54  1.06  0  0  0.55
 0  74.25  0.23  0  1  0.69
 0  60.30  0.84  0  0  0.66
 0  61.05  0.95  0  0  0.79
 1  85.75  0.23  0  1  0.48
 1  90.98  0.57  0  1  0.45
 0  73.90  0.71  0  0  1.80
 0  67.44  0.33  0  0  0.53
 1  82.53  0.96  0  1  0.50
 0  70.67  1.30  0  0  0.49
 0  77.47  0.96  0  0  2.55
 0  67.05  0.71  0  0  0.52
 1  98.95  0.62  0  1  0.46
 0  64.69  0.42  0  0  0.55
 0  77.42  1.17  0  0  1.01
 1  86.10  0.71  0  1  0.38
 0  77.47  0.61  0  1  0.54
