 1  89.33  0.27  0  0  1.15
 0  77.47  0.61  0  1  3.18
 3  60.30  0.84  1  0  3.12
 2  92.95  0.71  1  2  3.54
 3  82.58  0.40  1  2  1.03
 2  92.56  1.24  1  3  2.86
 1  82.58  1.17  0  1  1.78
 3  81.94  0.21  1  2  1.16
 3  77.42  0.40  1  2  1.18
 3  67.05  0.86  1  0  3.99
 3  87.33  0.46  1  2  2.17
 3  67.44  0.33  1  0  3.84
 3  72.67  0.46  1  0  0.63
 0  70.67  0.27  0  0  0.61
 0  60.30  0.73  0  1  3.24
 0  73.90  0.86  0  1  0.70
 1  85.75  1.34  0  1  0.76
 1  82.53  0.96  0  2  2.31
 1  95.31  1.16  0  1  3.66
 2  86.10  0.71  1  2  0.57
 2  86.10  0.86  1  3  1.13
 1  92.56  1.24  0  3  0.63
 0  74.25  1.34  0  1  0.92
 0  67.44  0.33  0  0  0.88
 0  62.54  1.06  0  1  1.05
 2  90.98  0.57  1  2  0.51
 3  60.30  0.73  1  3  0.80
 2  82.53  0.61  1  2  0.61
 1  95.31  0.42  0  0  0.68
 0  78.06  0.21  0  0  0.60
 2  82.53  0.96  1  3  2.68
 3  95.31  0.42  1  2  0.82
 1  90.98  1.00  0  1  0.97
 0  61.05  0.95  0  0  2.40
 2  95.31  1.16  1  3  0.97
 0  78.06  1.37  0  1  1.30
 1  81.94  1.37  0  0  1.10
 2  99.70  0.73  1  2  0.65
 2  77.42  1.17  1  3  2.24
 3  67.44  1.24  1  3  0.58
 1  82.53  0.61  0  1  1.18
 3  92.56  0.33  1  2  0.76
 1  99.70  0.84  0  0  1.09
 1  98.95  0.62  0  0  1.60
 0  69.02  1.00  0  3  0.68
 0  67.05  0.71  0  1  0.63
 0  73.90  0.71  0  1  0.96
 3  64.69  1.16  1  3  2.45
 3  85.75  0.23  1  2  0.69
 0  67.44  1.24  0  1  2.74
 3  64.69  0.42  1  2  0.99
 2  78.06  1.37  1  3  1.23
 3  78.06  0.21  1  2  0.65
 2  92.95  0.86  1  2  0.75
 3  61.05  0.62  1  2  0.78
 2  81.94  1.37  1  2  1.70
 2  77.47  0.96  1  3  1.14
 3  70.67  1.30  1  3  1.28
 0  61.05  0.62  0  0  0.97
 1  92.95  0.71  0  0  0.71
 3  70.67  0.27  1  2  0.83
 3  61.05  0.95  1  2  0.91
 0  67.05  0.86  0  1  0.86
 1  87.33  0.46  0  0  2.87
 2  98.95  0.62  1  2  1.21
 1  86.10  0.86  0  0  2.92
 3  74.25  0.23  1  2  0.99
 2  73.90  0.71  1  2  0.73
 1  86.10  0.71  0  1  0.96
 0  72.67  0.46  0  1  0.71
 1  97.46  0.51  0  1  1.50
 0  64.69  1.16  0  0  0.73
 0  64.69  0.42  0  0  0.65
 3  62.54  1.06  1  2  1.22
 2  82.58  1.17  1  3  1.44
 1  92.95  0.86  0  1  1.41
 0  62.54  0.51  0  0  0.52
 1  85.75  0.23  0  1  0.61
 1  81.94  0.21  0  1  0.66
 1  89.33  1.30  0  0  2.03
 0  72.67  1.11  0  0  1.21
 1  97.46  1.06  0  1  0.78
 1  82.58  0.40  0  1  0.66
 2  85.75  1.34  1  2  1.61
 2  97.46  1.06  1  2  0.54
 3  69.02  1.00  1  3  0.74
 1  90.98  0.57  0  1  1.47
 2  72.67  1.11  1  0  0.54
 0  74.25  0.23  0  0  1.18
 0  77.42  0.40  0  0  0.77
 0  69.02  0.57  0  1  1.33
 2  87.33  1.11  1  3  1.93
 0  77.47  0.96  0  1  1.88
 2  90.98  1.00  1  2  0.74
 1  99.70  0.73  0  1  0.72
 1  92.56  0.33  0  1  0.55
 3  69.02  0.57  1  3  1.01
 3  89.33  0.27  1  2  0.81
 2  74.25  1.34  1  3  1.04
 1  98.95  0.95  0  1  1.44
 3  97.46  0.51  1  3  1.46
 2  89.33  1.30  1  3  1.10
 1  87.33  1.11  0  1  1.20
 0  70.67  1.30  0  0  0.85
 2  99.70  0.84  1  3  0.89
 3  67.05  0.71  1  3  0.81
 0  77.42  1.17  0  0  1.01
 2  77.47  0.61  1  2  0.88
 2  73.90  0.86  1  3  1.13
 0  60.30  0.84  0  0  0.90
 2  98.95  0.95  1  2  1.15
 3  62.54  0.51  1  3  0.71
 0  73.90  0.86  0  0  5.19
 0  62.54  0.51  0  0  0.70
 1  98.95  0.62  0  1  0.61
 3  77.42  0.40  1  2  1.06
 0  70.67  1.30  0  3  0.66
 3  61.05  0.62  1  3  1.19
 2  90.98  1.00  1  2  0.68
 1  99.70  0.73  0  1  1.15
 1  86.10  0.86  0  1  0.73
 1  82.58  1.17  0  0  0.58
 3  81.94  0.21  1  2  0.59
 2  82.53  0.61  1  2  0.81
 1  92.56  0.33  0  1  0.89
 3  70.67  0.27  1  3  0.80
 1  92.95  0.71  0  1  0.60
 1  92.95  0.86  0  1  0.79
 3  64.69  1.16  1  3  1.12
 2  73.90  0.86  1  3  0.58
 1  89.33  0.27  0  1  1.12
 3  74.25  0.23  1  2  1.39
 1  98.95  0.95  0  1  0.84
 2  89.33  1.30  1  2  1.38
 1  81.94  0.21  0  1  0.78
 1  95.31  1.16  0  1  0.85
 2  86.10  0.71  1  2  0.69
 1  85.75  0.23  0  1  0.63
 3  67.05  0.86  1  3  0.49
 1  87.33  0.46  0  1  0.69
 0  61.05  0.95  0  0  0.49
 0  62.54  1.06  0  0  0.61
 2  97.46  1.06  1  2  0.93
 1  99.70  0.84  0  1  0.67
 0  67.44  0.33  0  0  0.64
 1  81.94  1.37  0  1  0.89
 0  72.67  1.11  0  0  0.55
 1  87.33  1.11  0  1  0.61
 2  90.98  0.57  1  2  0.62
 2  77.47  0.61  1  3  0.93
 2  82.53  0.96  1  2  0.70
 3  62.54  1.06  1  3  0.62
 2  98.95  0.95  1  2  0.50
 0  77.42  1.17  0  1  0.95
 0  60.30  0.73  0  0  0.60
 2  95.31  1.16  1  2  1.19
 2  74.25  1.34  1  3  0.70
 1  82.53  0.61  0  1  1.24
 0  70.67  0.27  0  1  1.46
 3  92.56  0.33  1  2  0.69
 3  67.05  0.71  1  3  0.75
 0  73.90  0.71  0  0  1.67
 0  77.47  0.61  0  0  0.62
 2  85.75  1.34  1  2  1.15
 1  97.46  0.51  0  1  0.78
 0  72.67  0.46  0  0  1.52
 2  73.90  0.71  1  3  0.63
 1  92.56  1.24  0  1  2.82
 0  74.25  1.34  0  0  0.84
 1  95.31  0.42  0  1  0.50
 1  90.98  1.00  0  1  0.65
 3  62.54  0.51  1  3  0.89
 0  78.06  0.21  0  1  1.54
 3  97.46  0.51  1  2  0.75
 3  70.67  1.30  1  3  0.65
 2  78.06  1.37  1  3  0.57
 1  82.53  0.96  0  1  1.14
 2  77.42  1.17  1  3  0.84
 3  78.06  0.21  1  2  0.94
 0  74.25  0.23  0  1  1.26
 2  87.33  1.11  1  2  0.89
 1  86.10  0.71  0  1  0.79
 3  60.30  0.73  1  3  0.60
 3  61.05  0.95  1  3  0.71
 0  60.30  0.84  0  0  0.48
 3  95.31  0.42  1  2  0.70
 3  64.69  0.42  1  3  1.16
 2  92.95  0.71  1  2  0.72
 2  99.70  0.84  1  2  0.76
 2  98.95  0.62  1  2  0.56
 3  67.44  0.33  1  3  0.57
 3  60.30  0.84  1  3  0.70
 0  69.02  1.00  0  0  1.03
 2  86.10  0.86  1  2  0.74
 1  85.75  1.34  0  1  1.63
 0  61.05  0.62  0  0  1.23
 3  82.58  0.40  1  2  0.61
 2  99.70  0.73  1  2  0.53
 1  97.46  1.06  0  1  0.80
 0  64.69  1.16  0  0  0.68
 2  92.56  1.24  1  2  0.78
 3  85.75  0.23  1  3  0.82
 0  77.42  0.40  0  0  1.26
 3  89.33  0.27  1  2  0.92
 0  67.05  0.71  0  0  0.74
 0  69.02  0.57  0  0  0.58
 0  77.47  0.96  0  0  0.66
 1  82.58  0.40  0  1  0.62
 3  87.33  0.46  1  2  0.68
 3  69.02  1.00  1  3  0.68
 2  92.95  0.86  1  2  0.83
 0  67.05  0.86  0  0  0.79
 0  67.44  1.24  0  0  0.69
 3  69.02  0.57  1  3  1.05
 0  78.06  1.37  0  0  0.87
 2  72.67  1.11  1  3  0.82
 1  89.33  1.30  0  1  1.11
 0  64.69  0.42  0  0  1.33
 1  90.98  0.57  0  1  0.67
 2  77.47  0.96  1  3  0.97
 2  82.58  1.17  1  3  1.32
 3  67.44  1.24  1  3  0.83
 3  72.67  0.46  1  2  1.60
 2  81.94  1.37  1  2  0.98
 3  61.05  0.62  1  3  1.16
 1  98.95  0.62  0  1  0.94
 3  61.05  0.95  1  3  0.92
 3  70.67  1.30  1  3  0.88
 1  85.75  1.34  0  1  1.18
 1  82.58  1.17  0  1  0.78
 1  92.95  0.86  0  1  0.72
 3  78.06  0.21  1  2  0.86
 3  70.67  0.27  1  3  1.01
 2  90.98  1.00  1  2  2.89
 1  92.95  0.71  0  1  0.85
 1  89.33  0.27  0  0  1.02
 3  69.02  0.57  1  3  0.87
 3  67.44  0.33  1  3  0.63
 2  85.75  1.34  1  2  0.76
 3  62.54  0.51  1  3  0.69
 0  60.30  0.84  0  0  1.01
 3  97.46  0.51  1  2  0.78
 0  74.25  1.34  0  0  1.14
 3  92.56  0.33  1  2  0.70
 2  87.33  1.11  1  2  0.89
 1  95.31  1.16  0  1  1.34
 0  77.42  1.17  0  0  1.10
 0  64.69  1.16  0  0  0.77
 1  92.56  1.24  0  1  0.96
 1  95.31  0.42  0  1  0.83
 2  77.47  0.61  1  2  1.07
 3  64.69  1.16  1  3  0.78
 2  73.90  0.71  1  3  1.07
 1  87.33  1.11  0  1  1.19
 1  81.94  0.21  0  0  1.48
 0  70.67  1.30  0  0  0.82
 2  78.06  1.37  1  2  1.57
 0  67.05  0.86  0  1  1.24
 0  72.67  0.46  0  1  1.53
 0  62.54  0.51  0  0  0.90
 2  92.56  1.24  1  2  1.03
 0  74.25  0.23  0  1  1.42
 1  98.95  0.95  0  1  0.72
 2  97.46  1.06  1  2  0.81
 0  73.90  0.86  0  0  0.83
 0  64.69  0.42  0  0  0.63
 3  64.69  0.42  1  0  0.65
 1  97.46  1.06  0  1  2.88
 2  72.67  1.11  1  3  1.25
 3  82.58  0.40  1  2  0.67
 1  85.75  0.23  0  1  0.99
 2  90.98  0.57  1  2  1.29
 0  61.05  0.62  0  0  0.65
 0  77.42  0.40  0  1  1.63
 3  85.75  0.23  1  3  1.58
 2  99.70  0.73  1  2  0.86
 2  82.58  1.17  1  3  1.25
 3  77.42  0.40  1  2  1.32
 3  87.33  0.46  1  3  1.27
 1  99.70  0.73  0  1  0.87
 3  67.05  0.71  1  3  1.13
 2  89.33  1.30  1  2  0.95
 2  81.94  1.37  1  2  1.62
 3  67.44  1.24  1  3  0.92
 1  86.10  0.71  0  1  1.17
 0  77.47  0.96  0  1  1.35
 2  77.47  0.96  1  3  1.77
 1  99.70  0.84  0  1  1.03
 1  87.33  0.46  0  1  0.96
 2  95.31  1.16  1  2  0.98
 1  86.10  0.86  0  1  1.07
 1  81.94  1.37  0  1  0.80
 0  78.06  0.21  0  1  1.13
 2  77.42  1.17  1  2  1.22
 3  95.31  0.42  1  2  0.64
 1  82.58  0.40  0  3  1.00
 0  69.02  0.57  0  3  0.71
 2  82.53  0.61  1  3  1.26
 2  86.10  0.86  1  2  1.03
 0  78.06  1.37  0  1  1.54
 0  73.90  0.71  0  1  1.07
 2  92.95  0.86  1  2  1.12
 3  74.25  0.23  1  3  1.23
 2  73.90  0.86  1  3  0.89
 3  60.30  0.84  1  3  0.65
 3  81.94  0.21  1  3  1.32
 1  89.33  1.30  0  1  1.08
 0  70.67  0.27  0  1  1.64
 3  60.30  0.73  1  3  1.42
 2  99.70  0.84  1  2  1.11
 2  82.53  0.96  1  2  0.68
 0  67.44  1.24  0  0  0.87
 0  77.47  0.61  0  1  1.66
 0  69.02  1.00  0  0  0.75
 3  72.67  0.46  1  2  2.26
 3  62.54  1.06  1  3  0.83
 3  69.02  1.00  1  3  0.71
 2  86.10  0.71  1  2  1.05
 1  82.53  0.96  0  1  1.16
 1  90.98  1.00  0  1  0.69
 3  89.33  0.27  1  3  0.99
 3  67.05  0.86  1  3  1.21
 2  98.95  0.95  1  2  0.88
 1  90.98  0.57  0  1  1.21
 0  62.54  1.06  0  0  0.69
 0  60.30  0.73  0  0  1.09
 0  67.05  0.71  0  0  0.54
 0  67.44  0.33  0  0  0.59
 0  72.67  1.11  0  0  0.67
 1  92.56  0.33  0  1  0.71
 0  61.05  0.95  0  0  0.71
 2  74.25  1.34  1  3  0.97
 2  98.95  0.62  1  3  1.29
 1  97.46  0.51  0  1  1.11
 1  82.53  0.61  0  1  0.76
 2  92.95  0.71  1  2  1.24
 3  62.54  1.06  1  3  1.37
 0  64.69  1.16  0  0  0.93
 3  70.67  0.27  1  3  1.61
 0  61.05  0.95  0  0  0.93
 1  82.53  0.96  0  1  1.00
 2  82.53  0.61  1  2  1.66
 3  74.25  0.23  1  3  0.76
 3  70.67  1.30  1  3  0.76
 3  95.31  0.42  1  2  1.07
 2  90.98  0.57  1  3  0.78
 0  77.42  0.40  0  1  1.11
 2  97.46  1.06  1  2  0.95
 2  85.75  1.34  1  2  0.81
 3  89.33  0.27  1  2  1.83
 3  61.05  0.62  1  3  0.74
 2  92.56  1.24  1  2  0.74
 3  78.06  0.21  1  3  1.18
 0  69.02  1.00  0  0  0.91
 0  61.05  0.62  0  0  0.66
 0  78.06  1.37  0  0  1.42
 2  92.95  0.86  1  2  0.82
 1  92.56  0.33  0  1  1.03
 2  98.95  0.95  1  2  1.66
 1  92.95  0.71  0  1  0.64
 1  82.58  1.17  0  0  0.61
 0  70.67  1.30  0  0  0.63
 1  90.98  0.57  0  1  0.73
 1  97.46  0.51  0  1  0.78
 1  98.95  0.62  0  1  0.92
 1  95.31  0.42  0  1  0.57
 2  82.53  0.96  1  2  1.48
 1  81.94  1.37  0  1  1.19
 1  86.10  0.71  0  1  0.82
 3  67.44  0.33  1  3  1.00
 2  73.90  0.86  1  3  0.62
 0  62.54  1.06  0  0  0.91
 3  82.58  0.40  1  2  1.08
 0  67.05  0.86  0  0  0.85
 1  99.70  0.84  0  1  0.76
 2  82.58  1.17  1  2  1.29
 3  67.05  0.71  1  3  3.20
 0  62.54  0.51  0  0  1.13
 2  74.25  1.34  1  3  0.98
 3  81.94  0.21  1  3  1.44
 2  99.70  0.73  1  2  0.74
 0  67.44  1.24  0  0  0.62
 3  69.02  0.57  1  3  0.69
 2  99.70  0.84  1  2  0.90
 1  92.95  0.86  0  1  0.74
 2  81.94  1.37  1  3  0.67
 1  86.10  0.86  0  1  1.75
 1  92.56  1.24  0  1  0.64
 1  89.33  0.27  0  1  1.43
 0  60.30  0.84  0  0  0.55
 3  67.44  1.24  1  3  0.95
 1  89.33  1.30  0  1  1.11
 2  92.95  0.71  1  3  1.22
 0  74.25  1.34  0  0  0.80
 0  67.05  0.71  0  0  0.72
 3  77.42  0.40  1  3  1.41
 2  90.98  1.00  1  2  0.93
 2  78.06  1.37  1  3  0.67
 3  85.75  0.23  1  3  0.92
 3  92.56  0.33  1  2  1.43
 0  74.25  0.23  0  0  1.97
 3  64.69  0.42  1  0  0.62
 1  90.98  1.00  0  1  0.98
 2  86.10  0.86  1  2  1.58
 0  72.67  0.46  0  0  2.27
 0  70.67  0.27  0  0  1.19
 1  98.95  0.95  0  1  0.74
 3  67.05  0.86  1  3  1.44
 0  67.44  0.33  0  0  0.90
 3  60.30  0.73  1  3  0.70
 1  87.33  1.11  0  1  0.91
 2  77.42  1.17  1  3  0.91
 3  72.67  0.46  1  3  1.47
 2  86.10  0.71  1  2  0.83
 2  73.90  0.71  1  2  0.97
 0  73.90  0.71  0  0  1.61
 2  95.31  1.16  1  2  0.92
 3  60.30  0.84  1  3  0.88
 1  82.53  0.61  0  1  0.68
 0  73.90  0.86  0  0  1.15
 0  77.47  0.96  0  0  0.65
 1  99.70  0.73  0  1  0.78
 3  62.54  0.51  1  3  0.88
 0  77.42  1.17  0  0  1.88
 1  82.58  0.40  0  1  0.73
 3  64.69  1.16  1  3  0.70
 2  77.47  0.61  1  3  1.33
 3  61.05  0.95  1  3  0.59
 2  87.33  1.11  1  2  0.82
 2  89.33  1.30  1  2  0.66
 2  77.47  0.96  1  2  1.01
 2  98.95  0.62  1  3  1.06
 3  87.33  0.46  1  3  0.56
 0  60.30  0.73  0  0  1.78
 0  78.06  0.21  0  1  2.32
 1  81.94  0.21  0  1  1.69
 0  69.02  0.57  0  0  0.76
 1  85.75  1.34  0  1  0.85
 0  72.67  1.11  0  0  0.65
 1  87.33  0.46  0  1  0.70
 0  77.47  0.61  0  1  1.15
 1  97.46  1.06  0  1  4.69
 1  85.75  0.23  0  1  0.96
 3  97.46  0.51  1  2  1.04
 3  69.02  1.00  1  3  1.16
 1  95.31  1.16  0  1  1.57
 2  72.67  1.11  1  3  1.30
 0  64.69  0.42  0  0  1.67
 0  78.06  1.37  0  0  1.07
 0  69.02  0.57  0  0  0.85
 0  77.42  1.17  0  0  1.05
 2  81.94  1.37  1  2  1.31
 0  69.02  1.00  0  0  0.90
 1  92.56  1.24  0  1  0.78
 2  82.53  0.61  1  3  1.47
 0  77.47  0.96  0  0  2.98
 3  61.05  0.95  1  3  0.78
 3  60.30  0.73  1  3  1.12
 0  67.05  0.86  0  0  0.92
 1  90.98  1.00  0  1  0.73
 2  97.46  1.06  1  2  0.87
 1  89.33  1.30  0  1  0.99
 0  67.44  1.24  0  0  0.85
 2  77.47  0.61  1  3  1.06
 1  98.95  0.62  0  1  0.75
 1  87.33  1.11  0  1  0.91
 2  95.31  1.16  1  2  0.54
 3  89.33  0.27  1  3  1.14
 3  70.67  1.30  1  3  0.71
 1  95.31  1.16  0  1  0.87
 0  72.67  0.46  0  0  0.81
 0  64.69  1.16  0  0  0.56
 3  82.58  0.40  1  3  1.56
 0  74.25  1.34  0  0  0.66
 2  78.06  1.37  1  2  1.42
 1  99.70  0.73  0  1  0.80
 1  82.58  0.40  0  1  1.31
 1  82.53  0.96  0  1  0.75
 3  67.05  0.71  1  3  1.58
 3  61.05  0.62  1  3  0.92
 3  69.02  0.57  1  3  1.26
 0  61.05  0.62  0  0  0.69
 0  77.42  0.40  0  1  0.70
 1  92.56  0.33  0  1  2.45
 0  72.67  1.11  0  0  0.61
 1  86.10  0.86  0  1  1.09
 2  98.95  0.62  1  2  0.83
 2  73.90  0.71  1  2  1.47
 1  82.53  0.61  0  1  0.93
 3  70.67  0.27  1  3  2.26
 1  87.33  0.46  0  1  0.74
 2  85.75  1.34  1  2  1.13
 3  97.46  0.51  1  3  1.42
 3  72.67  0.46  1  3  1.36
 1  85.75  1.34  0  1  0.76
 2  77.42  1.17  1  2  1.64
 2  92.95  0.86  1  2  2.33
 0  73.90  0.86  0  0  1.15
 0  78.06  0.21  0  1  1.23
 3  92.56  0.33  1  3  1.91
 3  60.30  0.84  1  3  0.63
 3  81.94  0.21  1  3  1.41
 3  77.42  0.40  1  3  1.36
 0  60.30  0.73  0  0  0.88
 2  92.95  0.71  1  2  0.86
 0  67.05  0.71  0  0  0.92
 0  74.25  0.23  0  1  1.43
 2  86.10  0.86  1  2  0.79
 1  99.70  0.84  0  1  2.42
 2  99.70  0.84  1  2  0.79
 3  69.02  1.00  1  3  1.00
 0  62.54  0.51  0  0  1.18
 2  89.33  1.30  1  2  1.42
 2  92.56  1.24  1  2  1.21
 0  61.05  0.95  0  0  0.61
 0  67.44  0.33  0  0  2.74
 0  73.90  0.71  0  0  1.89
 1  86.10  0.71  0  1  0.81
 2  87.33  1.11  1  2  1.03
 2  82.53  0.96  1  2  0.53
 3  67.05  0.86  1  3  0.58
 3  95.31  0.42  1  2  0.85
 0  64.69  0.42  0  0  0.69
 1  81.94  0.21  0  0  1.04
 3  87.33  0.46  1  2  1.05
 2  74.25  1.34  1  3  1.06
 3  67.44  1.24  1  3  0.76
 1  89.33  0.27  0  1  1.21
 1  85.75  0.23  0  1  1.03
 1  95.31  0.42  0  1  0.72
 2  77.47  0.96  1  2  1.89
 3  62.54  1.06  1  3  0.64
 2  90.98  0.57  1  3  1.25
 0  70.67  0.27  0  0  1.47
 2  98.95  0.95  1  2  0.80
 0  77.47  0.61  0  0  1.15
 3  64.69  1.16  1  3  0.63
 3  78.06  0.21  1  3  1.20
 0  70.67  1.30  0  0  0.72
 2  82.58  1.17  1  2  1.01
 1  81.94  1.37  0  0  1.59
 2  90.98  1.00  1  2  0.85
 1  92.95  0.71  0  1  1.07
 2  86.10  0.71  1  3  1.21
 3  85.75  0.23  1  3  0.62
 3  74.25  0.23  1  3  3.23
 0  62.54  1.06  0  0  0.76
 1  97.46  1.06  0  1  0.95
 1  90.98  0.57  0  1  1.11
 1  92.95  0.86  0  1  0.80
 3  62.54  0.51  1  0  0.66
 1  82.58  1.17  0  1  1.11
 3  67.44  0.33  1  3  1.38
 2  99.70  0.73  1  2  0.93
 2  72.67  1.11  1  2  1.32
 1  97.46  0.51  0  1  1.09
 1  98.95  0.95  0  1  1.05
 0  60.30  0.84  0  0  0.66
 3  64.69  0.42  1  3  1.62
 2  73.90  0.86  1  2  2.13
