 1  70.67  1.30  1  0  1.86
 0  74.25  1.34  1  1  1.31
 1  89.33  1.30  0  0  2.42
 0  97.46  1.06  1  0  1.19
 1  74.25  0.23  1  0  1.82
 0  86.10  0.71  1  0  1.87
 1  62.54  1.06  1  1  0.80
 1  67.05  0.86  1  1  1.07
 1  90.98  0.57  0  0  1.11
 1  70.67  0.27  1  1  2.73
 1  87.33  0.46  1  1  1.19
 1  64.69  0.42  1  0  1.09
 0  98.95  0.95  1  0  1.95
 0  87.33  1.11  1  0  1.17
 0  70.67  1.30  0  0  1.28
 0  73.90  0.71  1  1  0.84
 1  92.56  0.33  0  1  1.05
 0  89.33  1.30  1  0  0.96
 0  77.42  0.40  0  1  1.03
 0  92.95  0.86  1  1  2.05
 1  82.53  0.96  0  1  1.56
 1  85.75  0.23  1  1  2.06
 0  99.70  0.73  1  1  1.36
 1  87.33  0.46  0  1  0.81
 0  82.53  0.96  1  0  0.98
 1  92.95  0.71  0  0  1.09
 1  86.10  0.86  0  0  2.77
 0  67.05  0.86  0  0  1.29
 0  82.53  0.61  1  1  1.02
 0  64.69  0.42  0  1  1.95
 0  98.95  0.62  1  1  4.79
 0  61.05  0.62  0  0  1.11
 1  92.95  0.86  0  1  0.93
 0  78.06  1.37  0  1  0.97
 0  67.05  0.71  0  0  1.06
 0  73.90  0.86  0  0  0.98
 0  73.90  0.71  0  0  1.06
 0  92.56  1.24  1  1  1.40
 0  61.05  0.95  0  0  1.05
 0  99.70  0.84  1  1  2.36
 1  89.33  0.27  1  1  1.86
 1  86.10  0.71  0  1  0.92
 1  92.56  0.33  1  1  0.69
 0  78.06  1.37  1  0  0.73
 1  60.30  0.73  1  0  2.01
 1  82.58  1.17  0  0  1.21
 0  70.67  0.27  0  1  0.71
 0  77.47  0.61  0  1  0.98
 1  97.46  1.06  0  1  1.02
 1  95.31  0.42  1  1  1.79
 0  74.25  1.34  0  1  1.52
 1  69.02  0.57  1  1  0.65
 0  81.94  1.37  1  0  1.14
 0  77.47  0.96  1  1  3.85
 0  74.25  0.23  0  1  0.82
 0  77.42  1.17  0  1  1.67
 1  95.31  1.16  0  1  0.89
 1  85.75  0.23  0  0  1.90
 1  67.44  1.24  1  0  1.50
 0  92.95  0.71  1  0  1.00
 1  82.58  0.40  1  0  0.73
 0  64.69  1.16  0  1  2.00
 1  92.56  1.24  0  1  2.88
 1  72.67  0.46  1  1  1.43
 0  72.67  1.11  0  1  4.30
 0  60.30  0.73  0  1  1.88
 1  99.70  0.84  0  1  1.40
 0  67.44  0.33  0  0  1.00
 1  82.58  0.40  0  1  1.49
 1  97.46  0.51  1  1  0.97
 1  77.42  0.40  1  0  0.94
 0  60.30  0.84  0  0  0.98
 1  81.94  0.21  1  1  1.25
 0  69.02  0.57  0  0  2.32
 1  98.95  0.95  0  1  1.36
 0  72.67  1.11  1  0  1.02
 1  97.46  0.51  0  1  0.85
 1  99.70  0.73  0  1  0.84
 1  64.69  1.16  1  0  0.90
 1  61.05  0.95  1  0  0.85
 0  69.02  1.00  0  0  0.82
 1  81.94  0.21  0  1  1.17
 1  60.30  0.84  1  0  0.96
 1  87.33  1.11  0  1  1.55
 0  62.54  1.06  0  0  0.79
 0  67.44  1.24  0  0  0.79
 1  95.31  0.42  0  1  0.79
 0  82.58  1.17  1  1  1.86
 1  90.98  1.00  0  1  1.52
 1  82.53  0.61  0  1  1.40
 1  62.54  0.51  1  0  1.05
 0  85.75  1.34  1  0  1.15
 0  90.98  1.00  1  1  1.54
 0  77.47  0.61  1  0  1.00
 0  86.10  0.86  1  0  1.14
 1  67.44  0.33  1  0  0.90
 0  95.31  1.16  1  1  3.00
 0  62.54  0.51  0  0  0.93
 0  77.47  0.96  0  0  2.22
 0  72.67  0.46  0  0  0.77
 1  67.05  0.71  1  0  0.61
 0  77.42  1.17  1  0  3.19
 0  78.06  0.21  0  1  2.06
 1  85.75  1.34  0  0  1.29
 0  73.90  0.86  1  0  2.92
 0  90.98  0.57  1  1  0.94
 1  78.06  0.21  1  0  0.87
 1  61.05  0.62  1  0  0.91
 1  89.33  0.27  0  1  1.82
 1  98.95  0.62  0  1  2.01
 1  69.02  1.00  1  0  1.15
 1  81.94  1.37  0  1  2.07
 0  78.06  1.37  1  1  3.83
 0  98.95  0.95  1  1  2.53
 1  95.31  0.42  0  1  1.03
 1  72.67  0.46  1  1  0.91
 1  99.70  0.73  0  1  1.08
 1  82.58  0.40  1  1  0.91
 1  85.75  1.34  0  0  2.73
 1  86.10  0.86  0  1  1.01
 0  89.33  1.30  1  0  2.26
 0  86.10  0.86  1  1  1.03
 0  73.90  0.71  1  0  1.30
 1  87.33  1.11  0  1  1.26
 0  67.44  1.24  0  1  1.78
 0  74.25  1.34  0  0  1.50
 0  70.67  1.30  0  0  0.72
 1  67.05  0.71  1  0  4.40
 0  81.94  1.37  1  0  2.65
 0  67.44  0.33  0  1  1.13
 1  97.46  0.51  0  1  2.53
 1  61.05  0.62  1  1  1.27
 1  82.58  0.40  0  1  1.12
 0  85.75  1.34  1  0  0.93
 1  92.95  0.71  0  1  1.00
 0  99.70  0.84  1  1  1.56
 1  86.10  0.71  0  1  0.92
 1  92.56  0.33  1  1  0.85
 0  87.33  1.11  1  0  1.03
 0  67.05  0.86  0  0  1.81
 0  92.56  1.24  1  1  1.32
 0  69.02  0.57  0  1  1.25
 0  61.05  0.62  0  0  0.84
 0  61.05  0.95  0  0  1.16
 1  87.33  0.46  1  1  1.10
 0  64.69  0.42  0  1  2.21
 1  90.98  0.57  0  1  1.17
 0  73.90  0.86  0  0  0.82
 0  60.30  0.73  0  0  0.92
 0  73.90  0.86  1  0  1.75
 1  89.33  1.30  0  1  1.17
 1  70.67  0.27  1  1  2.18
 1  95.31  0.42  1  1  1.11
 0  77.42  1.17  1  0  1.47
 0  82.58  1.17  1  1  0.93
 1  67.44  1.24  1  0  0.81
 0  77.42  1.17  0  0  0.94
 1  64.69  1.16  1  0  0.71
 1  89.33  0.27  0  1  0.96
 1  69.02  1.00  1  0  1.37
 0  90.98  0.57  1  1  0.76
 0  62.54  0.51  0  0  0.96
 0  82.53  0.96  1  0  1.10
 1  77.42  0.40  1  1  2.06
 1  82.53  0.96  0  1  2.27
 0  70.67  0.27  0  1  2.27
 1  95.31  1.16  0  1  0.92
 1  67.44  0.33  1  0  1.07
 1  81.94  0.21  1  1  1.55
 0  60.30  0.84  0  0  2.15
 0  77.42  0.40  0  1  1.53
 1  92.56  1.24  0  1  0.87
 0  72.67  0.46  0  1  0.81
 1  97.46  1.06  0  1  1.82
 0  92.95  0.71  1  1  0.78
 0  64.69  1.16  0  0  1.73
 0  62.54  1.06  0  0  0.69
 1  64.69  0.42  1  0  1.26
 0  99.70  0.73  1  1  0.64
 1  82.58  1.17  0  1  0.82
 1  61.05  0.95  1  0  0.91
 1  60.30  0.84  1  1  0.77
 0  74.25  0.23  0  1  4.95
 1  87.33  0.46  0  1  1.09
 0  77.47  0.96  1  1  4.10
 1  67.05  0.86  1  0  0.63
 1  78.06  0.21  1  1  0.70
 0  98.95  0.62  1  1  1.54
 1  90.98  1.00  0  1  0.74
 1  98.95  0.62  0  1  0.76
 0  97.46  1.06  1  1  1.07
 0  67.05  0.71  0  0  2.48
 1  60.30  0.73  1  0  0.66
 1  70.67  1.30  1  0  0.68
 0  77.47  0.61  1  1  1.51
 0  78.06  1.37  0  1  2.69
 1  89.33  0.27  1  1  1.48
 1  92.56  0.33  0  1  1.15
 1  85.75  0.23  0  1  1.08
 1  74.25  0.23  1  0  0.98
 1  85.75  0.23  1  1  3.27
 0  95.31  1.16  1  0  6.04
 1  62.54  1.06  1  0  1.44
 0  86.10  0.71  1  0  1.49
 1  62.54  0.51  1  0  0.84
 0  77.47  0.96  0  0  1.41
 1  81.94  1.37  0  1  1.15
 1  98.95  0.95  0  1  3.39
 0  73.90  0.71  0  0  0.97
 0  82.53  0.61  1  0  0.90
 1  81.94  0.21  0  0  4.44
 1  82.53  0.61  0  1  1.15
 1  92.95  0.86  0  1  1.12
 1  97.46  0.51  1  0  5.86
 1  69.02  0.57  1  0  0.69
 1  99.70  0.84  0  1  0.92
 0  69.02  1.00  0  1  0.97
 0  72.67  1.11  0  0  2.50
 0  90.98  1.00  1  1  1.46
 0  92.95  0.86  1  1  9.29
 0  78.06  0.21  0  1  0.89
 0  72.67  1.11  1  0  3.37
 0  74.25  1.34  1  0  1.06
 0  77.47  0.61  0  1 10.58
 1  97.46  0.51  1  1  0.81
 1  95.31  0.42  0  1  1.34
 1  90.98  0.57  0  1  0.99
 1  62.54  1.06  1  1  1.43
 0  77.42  1.17  1  1  1.14
 0  82.53  0.61  1  1  1.73
 0  87.33  1.11  1  1  1.58
 0  73.90  0.86  0  0  1.61
 1  98.95  0.62  0  1  1.03
 0  90.98  0.57  1  1  1.16
 1  85.75  0.23  1  1  2.74
 0  78.06  0.21  0  0  2.68
 1  99.70  0.84  0  1 11.96
 0  77.42  0.40  0  0  1.08
 1  82.53  0.96  0  0  5.05
 0  60.30  0.84  0  0  0.87
 1  87.33  0.46  1  1  1.13
 0  86.10  0.71  1  1  0.88
 0  77.47  0.96  0  1  0.60
 1  67.05  0.86  1  1  0.82
 1  85.75  1.34  0  1  5.40
 0  90.98  1.00  1  1  0.69
 1  81.94  0.21  1  1  0.62
 0  73.90  0.71  1  0  1.18
 1  67.44  0.33  1  0  0.61
 1  98.95  0.95  0  1  0.55
 0  82.53  0.96  1  1 14.54
 1  92.56  1.24  0  1  1.07
 0  61.05  0.95  0  0  1.29
 0  74.25  1.34  1  1  1.45
 0  67.44  1.24  0  0  0.97
 0  77.47  0.61  1  1  1.14
 0  81.94  1.37  1  1  1.32
 1  67.05  0.71  1  1  1.57
 1  92.56  0.33  1  1  4.46
 1  89.33  1.30  0  0  2.12
 1  70.67  0.27  1  1  0.43
 1  95.31  0.42  1  1 10.82
 0  67.44  0.33  0  1  1.16
 1  92.56  0.33  0  1  0.60
 1  82.58  1.17  0  1  2.44
 1  62.54  0.51  1  1  1.00
 1  82.58  0.40  0  1  1.26
 1  78.06  0.21  1  1  0.74
 1  64.69  1.16  1  1  0.90
 0  89.33  1.30  1  1  2.06
 0  62.54  1.06  0  0  0.97
 0  69.02  1.00  0  0  0.94
 1  95.31  1.16  0  1  0.24
 0  72.67  1.11  1  1  2.95
 0  85.75  1.34  1  1  0.61
 1  86.10  0.71  0  1  1.24
 1  60.30  0.73  1  1  0.93
 1  82.58  0.40  1  1  1.16
 0  82.58  1.17  1  1  0.92
 0  86.10  0.86  1  1  0.68
 0  60.30  0.73  0  0  0.99
 0  73.90  0.86  1  0  2.01
 1  67.44  1.24  1  1  1.17
 0  70.67  0.27  0  1  0.86
 1  92.95  0.86  0  1  0.80
 0  92.95  0.86  1  1  4.21
 0  67.05  0.86  0  1  1.56
 0  64.69  0.42  0  1  0.69
 1  97.46  1.06  0  1  1.18
 1  85.75  0.23  0  1  0.73
 1  86.10  0.86  0  1  1.37
 1  60.30  0.84  1  1  0.85
 0  98.95  0.62  1  1  1.53
 0  74.25  0.23  0  1  0.76
 0  99.70  0.73  1  1  1.21
 1  70.67  1.30  1  1  1.74
 0  61.05  0.62  0  0  0.57
 0  95.31  1.16  1  0  2.27
 0  73.90  0.71  0  1  1.51
 1  82.53  0.61  0  1  1.00
 1  64.69  0.42  1  1  2.31
 0  97.46  1.06  1  1  1.52
 0  77.47  0.61  0  1  1.78
 0  92.56  1.24  1  1  1.90
 1  74.25  0.23  1  1  1.49
 0  77.47  0.96  1  1  1.77
 1  77.42  0.40  1  1  0.91
 0  67.05  0.71  0  0  0.66
 0  92.95  0.71  1  1  0.80
 1  87.33  1.11  0  1  1.52
 0  98.95  0.95  1  1  2.06
 1  69.02  0.57  1  1  0.74
 0  62.54  0.51  0  0  0.65
 1  69.02  1.00  1  0  2.19
 1  81.94  0.21  0  0  1.12
 1  87.33  0.46  0  1  0.98
 0  74.25  1.34  0  0  1.76
 0  64.69  1.16  0  0  1.04
 0  78.06  1.37  0  0  1.29
 1  92.95  0.71  0  1  1.02
 1  99.70  0.73  0  1  3.12
 0  70.67  1.30  0  0  2.09
 1  90.98  1.00  0  1  1.04
 1  89.33  0.27  0  1  0.87
 0  72.67  1.11  0  0  1.45
 1  72.67  0.46  1  1  1.08
 0  78.06  1.37  1  1 10.66
 1  97.46  0.51  0  1  0.73
 0  99.70  0.84  1  1  0.74
 1  81.94  1.37  0  0  1.10
 1  89.33  0.27  1  1  0.65
 0  69.02  0.57  0  0  1.84
 1  61.05  0.62  1  1  0.91
 1  61.05  0.95  1  1  0.61
 0  72.67  0.46  0  0  1.10
 0  77.42  1.17  0  0  1.01
 0  72.67  1.11  0  0  3.85
 0  77.42  0.40  0  1  0.98
 0  77.47  0.96  0  1  0.63
 1  92.95  0.71  0  1  0.65
 1  69.02  0.57  1  1  1.17
 1  60.30  0.84  1  1  0.75
 1  89.33  1.30  0  0  1.56
 0  73.90  0.71  1  1  3.32
 0  62.54  1.06  0  0  0.60
 0  82.53  0.96  1  0  0.69
 0  86.10  0.86  1  0  1.15
 0  92.95  0.71  1  1  2.20
 0  92.56  1.24  1  1  1.90
 1  95.31  1.16  0  1  0.99
 0  72.67  1.11  1  1  1.31
 1  82.53  0.61  0  1  9.90
 1  90.98  1.00  0  1  0.88
 1  86.10  0.86  0  1  6.65
 0  78.06  0.21  0  1  1.33
 0  62.54  0.51  0  0  0.71
 1  64.69  0.42  1  1  0.70
 0  77.47  0.61  1  0  0.79
 1  92.95  0.86  0  1  1.27
 1  64.69  1.16  1  1  1.12
 1  70.67  1.30  1  1  1.07
 1  81.94  0.21  0  1  1.49
 0  74.25  0.23  0  1  1.01
 1  61.05  0.95  1  1  2.12
 0  85.75  1.34  1  0  1.38
 0  73.90  0.71  0  1  1.75
 1  85.75  1.34  0  1  1.20
 1  99.70  0.84  0  1  1.19
 1  90.98  0.57  0  1  1.13
 1  95.31  0.42  0  1  1.18
 0  70.67  1.30  0  0  1.08
 0  74.25  1.34  0  0  0.99
 1  82.58  0.40  1  1 10.52
 1  62.54  1.06  1  1  1.04
 0  64.69  0.42  0  0  9.36
 0  77.47  0.96  1  0  1.15
 0  95.31  1.16  1  0  1.25
 1  89.33  0.27  0  1  1.10
 1  81.94  1.37  0  1 10.83
 0  70.67  0.27  0  1  2.00
 1  98.95  0.95  0  1  0.87
 1  87.33  1.11  0  1  1.29
 1  67.05  0.71  1  1  0.87
 1  70.67  0.27  1  0  1.43
 1  67.44  1.24  1  1  0.91
 0  87.33  1.11  1  0  1.55
 0  61.05  0.62  0  0  8.43
 1  85.75  0.23  0  1  1.27
 0  73.90  0.86  1  1  1.07
 0  77.47  0.61  0  1  0.78
 1  87.33  0.46  0  1  0.92
 0  60.30  0.73  0  0  1.09
 1  92.56  1.24  0  1  1.11
 1  95.31  0.42  1  1  0.95
 1  85.75  0.23  1  1  7.35
 0  64.69  1.16  0  0  0.89
 1  77.42  0.40  1  0  1.17
 1  92.56  0.33  0  1  0.67
 1  72.67  0.46  1  0  6.58
 0  98.95  0.62  1  1  1.06
 0  90.98  0.57  1  1  0.67
 1  87.33  0.46  1  0  1.50
 0  74.25  1.34  1  1  0.93
 0  77.42  1.17  1  1  0.97
 1  61.05  0.62  1  1  1.00
 0  78.06  1.37  1  0  1.12
 0  72.67  0.46  0  0  1.36
 0  69.02  0.57  0  0  0.76
 0  67.44  0.33  0  0  2.12
 0  82.53  0.61  1  0  1.09
 1  97.46  0.51  0  1  1.21
 0  99.70  0.73  1  1  1.16
 1  82.58  0.40  0  1  0.96
 0  69.02  1.00  0  0  1.82
 1  99.70  0.73  0  1  1.36
 0  77.42  1.17  0  0  3.34
 0  97.46  1.06  1  0  2.13
 1  89.33  0.27  1  1  1.65
 1  62.54  0.51  1  1  1.11
 0  73.90  0.86  0  0  0.88
 1  92.56  0.33  1  1  1.86
 1  81.94  0.21  1  1  1.20
 1  82.58  1.17  0  0  4.15
 0  78.06  1.37  0  1  0.88
 0  98.95  0.95  1  1  1.45
 0  67.44  1.24  0  0  0.95
 0  99.70  0.84  1  0  1.44
 1  78.06  0.21  1  1  5.38
 1  86.10  0.71  0  0  1.25
 1  67.44  0.33  1  1  1.12
 0  67.05  0.86  0  0  0.70
 0  86.10  0.71  1  1  5.53
 1  97.46  0.51  1  1  0.85
 0  81.94  1.37  1  1  0.95
 1  69.02  1.00  1  1  0.92
 1  67.05  0.86  1  1  1.41
 0  92.95  0.86  1  0  1.06
 1  74.25  0.23  1  0  1.49
 0  82.58  1.17  1  0  1.52
 1  97.46  1.06  0  0  1.48
 0  89.33  1.30  1  0  5.82
 1  60.30  0.73  1  1  0.97
 0  90.98  1.00  1  1  1.48
 0  60.30  0.84  0  0  0.70
 1  82.53  0.96  0  0  1.15
 1  98.95  0.62  0  1  0.76
 0  61.05  0.95  0  0  1.25
 0  67.05  0.71  0  0  0.78
 0  86.10  0.86  1  0  1.20
 0  99.70  0.73  1  0  1.13
 0  85.75  1.34  1  0  1.01
 1  70.67  1.30  1  1  6.52
 0  82.58  1.17  1  1  0.61
 1  99.70  0.84  0  1  1.40
 1  97.46  0.51  0  1  1.04
 0  78.06  1.37  0  0  1.32
 0  67.05  0.86  0  0  0.64
 1  77.42  0.40  1  0  3.28
 0  77.47  0.61  1  0  0.67
 1  89.33  0.27  1  1  1.93
 0  69.02  1.00  0  0  1.10
 1  62.54  0.51  1  1  6.46
 1  60.30  0.73  1  1  1.00
 0  73.90  0.86  0  0 10.26
 1  87.33  0.46  1  0  1.12
 0  67.05  0.71  0  0  0.78
 1  62.54  1.06  1  1  0.66
 1  72.67  0.46  1  0  1.54
 0  99.70  0.84  1  1  1.46
 0  77.47  0.96  0  0  0.84
 0  72.67  1.11  0  0  0.60
 0  81.94  1.37  1  1  1.81
 0  70.67  1.30  0  0  0.66
 0  98.95  0.95  1  0  1.21
 1  89.33  0.27  0  1  0.99
 0  78.06  0.21  0  1  0.83
 1  86.10  0.71  0  1  1.03
 0  87.33  1.11  1  0  1.02
 0  74.25  0.23  0  1  0.93
 0  73.90  0.71  0  0  0.97
 1  61.05  0.62  1  1  1.27
 0  92.95  0.86  1  1  1.14
 0  89.33  1.30  1  1  1.24
 0  60.30  0.73  0  0  0.98
 0  61.05  0.95  0  0  0.68
 1  98.95  0.62  0  1  1.78
 1  92.56  0.33  1  1  1.56
 1  92.95  0.71  0  1  1.86
 1  95.31  1.16  0  1  1.81
 1  60.30  0.84  1  1  1.61
 1  85.75  1.34  0  0  1.02
 1  90.98  0.57  0  1  0.95
 0  72.67  1.11  1  1  0.89
 1  97.46  0.51  1  0  0.78
 1  85.75  0.23  1  0  0.81
 0  92.56  1.24  1  0  0.81
 1  92.56  1.24  0  0  2.21
 0  60.30  0.84  0  0  1.87
 1  81.94  1.37  0  0  0.81
 0  77.42  1.17  1  0  1.68
 1  92.56  0.33  0  0  1.54
 0  74.25  1.34  0  0  0.83
 1  86.10  0.86  0  1  9.60
 1  82.58  0.40  0  1  0.53
 1  67.44  0.33  1  1  0.92
 0  62.54  1.06  0  0  0.61
 0  90.98  1.00  1  1  0.77
 0  90.98  0.57  1  1  0.81
 1  67.44  1.24  1  1  0.89
 1  81.94  0.21  1  0  5.99
 1  82.53  0.96  0  0  0.95
 0  70.67  0.27  0  0  1.24
 0  82.53  0.61  1  0  0.83
 0  73.90  0.86  1  0  0.63
 1  95.31  0.42  1  0  0.81
 0  98.95  0.62  1  1  0.84
 1  90.98  1.00  0  1  0.92
 0  82.53  0.96  1  0  0.80
 0  92.95  0.71  1  0  1.98
 0  64.69  0.42  0  0  7.86
 0  77.47  0.96  1  0  1.95
 1  69.02  0.57  1  1  1.35
 1  97.46  1.06  0  1  1.03
 1  87.33  1.11  0  1  0.57
 1  99.70  0.73  0  0  1.12
 1  89.33  1.30  0  0  0.66
 0  77.47  0.61  0  1 10.43
 1  82.58  0.40  1  1  1.02
 1  70.67  0.27  1  1  2.64
 1  67.05  0.86  1  1  1.96
 0  73.90  0.71  1  0  1.01
 0  61.05  0.62  0  0  0.88
 0  78.06  1.37  1  0  1.03
 1  64.69  0.42  1  0  0.86
 1  74.25  0.23  1  0  0.99
 0  64.69  1.16  0  0  0.80
 0  95.31  1.16  1  0 14.81
 0  67.44  0.33  0  1  0.95
 0  74.25  1.34  1  1  0.95
 0  86.10  0.71  1  0  1.02
 1  82.53  0.61  0  1  1.38
 1  78.06  0.21  1  0  1.16
 1  85.75  0.23  0  0  0.75
 1  87.33  0.46  0  0  0.68
 1  61.05  0.95  1  1  1.00
 0  77.42  1.17  0  1  1.91
 0  72.67  0.46  0  0  5.83
 1  92.95  0.86  0  1  0.95
 0  77.42  0.40  0  1  0.80
 1  67.05  0.71  1  1  0.87
 0  62.54  0.51  0  0  1.50
 1  82.58  1.17  0  0  0.89
 1  95.31  0.42  0  1  1.48
 1  64.69  1.16  1  1  1.16
 1  69.02  1.00  1  1  1.01
 0  67.44  1.24  0  0  2.97
 0  97.46  1.06  1  0  1.15
 1  81.94  0.21  0  1  0.89
 1  98.95  0.95  0  1  0.70
 0  69.02  0.57  0  0  0.85
