 0  73.90  0.86  0  1  9.27
 1  82.58  0.40  0  0  0.96
 2  86.10  0.86  1  2  2.60
 3  82.58  0.40  1  2  1.67
 1  85.75  0.23  0  0  1.94
 0  61.05  0.95  0  1  1.18
 1  92.56  0.33  0  0  3.38
 0  72.67  1.11  0  3  1.21
 0  74.25  0.23  0  2  1.29
 3  62.54  1.06  1  3  1.75
 1  92.56  1.24  0  1  1.38
 0  77.42  1.17  0  1  0.79
 0  77.47  0.61  0  1  0.97
 3  60.30  0.73  1  2  1.49
 2  92.95  0.86  1  3  1.28
 2  98.95  0.95  1  2  0.84
 3  69.02  0.57  1  3  1.00
 3  92.56  0.33  1  3  3.37
 3  67.44  1.24  1  2  1.74
 3  78.06  0.21  1  3  2.60
 2  90.98  1.00  1  2  0.57
 1  95.31  0.42  0  0  2.29
 2  82.53  0.61  1  2  5.97
 0  67.05  0.86  0  1  1.25
 0  72.67  0.46  0  0  0.78
 0  78.06  0.21  0  1  3.86
 2  82.58  1.17  1  3  1.02
 2  86.10  0.71  1  2  0.86
 2  72.67  1.11  1  2  1.19
 2  92.95  0.71  1  3  0.80
 2  77.47  0.96  1  3  0.75
 2  99.70  0.84  1  2  0.66
 0  64.69  0.42  0  0  2.00
 1  82.53  0.96  0  1  1.02
 3  97.46  0.51  1  2  1.22
 3  69.02  1.00  1  2  1.09
 3  89.33  0.27  1  2  1.61
 1  90.98  0.57  0  1  2.27
 2  99.70  0.73  1  3  3.44
 3  87.33  0.46  1  2  0.86
 1  87.33  0.46  0  0  0.80
 1  92.95  0.71  0  1  1.20
 3  67.05  0.86  1  2  0.62
 3  67.05  0.71  1  3  0.50
 2  73.90  0.71  1  3  0.82
 0  67.44  0.33  0  1  1.68
 2  74.25  1.34  1  2  1.99
 0  77.47  0.96  0  0  1.60
 0  67.05  0.71  0  0  3.74
 0  61.05  0.62  0  0  0.82
 2  73.90  0.86  1  2  2.58
 3  72.67  0.46  1  2  4.26
 2  90.98  0.57  1  2  3.40
 3  70.67  1.30  1  3  1.07
 1  98.95  0.62  0  0  1.18
 2  87.33  1.11  1  2  3.56
 2  77.42  1.17  1  2  0.86
 2  89.33  1.30  1  2  0.74
 3  61.05  0.95  1  3  0.86
 3  77.42  0.40  1  2  0.79
 1  98.95  0.95  0  1  2.71
 3  64.69  1.16  1  3  3.13
 2  97.46  1.06  1  2  0.86
 1  82.53  0.61  0  1  1.70
 1  99.70  0.84  0  1  0.73
 3  74.25  0.23  1  2  3.93
 3  64.69  0.42  1  3  1.36
 2  77.47  0.61  1  2  1.13
 0  64.69  1.16  0  0  1.52
 3  95.31  0.42  1  2  1.12
 1  90.98  1.00  0  1  1.32
 0  69.02  1.00  0  0  1.96
 2  95.31  1.16  1  3  5.27
 0  74.25  1.34  0  0  3.20
 3  81.94  0.21  1  3  1.09
 0  62.54  0.51  0  0  3.10
 1  92.95  0.86  0  1  2.04
 1  81.94  1.37  0  1  3.07
 0  78.06  1.37  0  0  1.68
 1  86.10  0.71  0  1  0.90
 3  70.67  0.27  1  3  1.04
 2  82.53  0.96  1  2  0.85
 1  87.33  1.11  0  1  2.42
 3  67.44  0.33  1  2  0.66
 1  95.31  1.16  0  1  3.02
 0  70.67  0.27  0  0  1.45
 1  89.33  1.30  0  1  1.43
 3  60.30  0.84  1  3  1.96
 0  69.02  0.57  0  0  3.38
 2  81.94  1.37  1  2  6.00
 0  62.54  1.06  0  0  1.58
 0  60.30  0.84  0  0  1.60
 3  61.05  0.62  1  3  2.61
 1  99.70  0.73  0  1  2.18
 1  97.46  1.06  0  1  0.96
 0  77.42  0.40  0  1  1.14
 1  81.94  0.21  0  1  1.07
 0  60.30  0.73  0  0  0.93
 1  86.10  0.86  0  1  0.95
 0  73.90  0.71  0  1  1.22
 2  92.56  1.24  1  2  3.90
 3  85.75  0.23  1  3  1.40
 1  89.33  0.27  0  1  4.28
 0  67.44  1.24  0  0  3.73
 2  85.75  1.34  1  2  3.52
 2  78.06  1.37  1  2  1.09
 1  85.75  1.34  0  0  3.03
 0  70.67  1.30  0  1  0.77
 2  98.95  0.62  1  3  4.32
 1  82.58  1.17  0  1  2.55
 1  97.46  0.51  0  0  0.96
 3  62.54  0.51  1  3  4.18
 2  73.90  0.86  1  2  5.42
 0  60.30  0.84  0  0  2.62
 3  95.31  0.42  1  3  5.69
 0  73.90  0.71  0  0  1.80
 1  86.10  0.71  0  1  6.48
 1  90.98  0.57  0  1  0.78
 3  69.02  0.57  1  3  2.19
 0  74.25  0.23  0  1  2.20
 2  90.98  0.57  1  3  2.01
 3  67.44  1.24  1  2  3.53
 1  98.95  0.62  0  1  2.47
 0  70.67  0.27  0  0  2.85
 1  87.33  0.46  0  1  0.91
 1  99.70  0.73  0  1  1.03
 3  69.02  1.00  1  2  5.70
 1  90.98  1.00  0  1  2.41
 0  78.06  0.21  0  1  1.59
 3  60.30  0.73  1  3  3.41
 3  72.67  0.46  1  3  4.16
 2  85.75  1.34  1  2  4.10
 0  67.44  1.24  0  0  3.28
 3  77.42  0.40  1  3  4.29
 3  67.05  0.86  1  3  2.16
 2  74.25  1.34  1  2  1.70
 2  95.31  1.16  1  2  7.78
 3  62.54  1.06  1  3  0.91
 3  85.75  0.23  1  2  1.98
 2  92.95  0.71  1  2  2.79
 2  77.47  0.61  1  2 10.48
 1  98.95  0.95  0  1  4.47
 0  74.25  1.34  0  0  1.14
 3  60.30  0.84  1  3  1.78
 0  77.47  0.96  0  0  3.22
 3  62.54  0.51  1  3  2.40
 0  62.54  1.06  0  0  0.98
 3  89.33  0.27  1  3  3.03
 1  82.58  1.17  0  1  2.93
 3  61.05  0.62  1  3  1.18
 1  85.75  1.34  0  1  0.90
 1  81.94  0.21  0  0  2.40
 3  74.25  0.23  1  3  3.52
 2  86.10  0.86  1  2  1.27
 1  89.33  1.30  0  1  1.32
 0  61.05  0.62  0  0  0.90
 0  67.05  0.86  0  3  1.70
 0  77.42  0.40  0  0  2.47
 2  72.67  1.11  1  3  4.10
 3  61.05  0.95  1  2  1.42
 1  92.56  1.24  0  1  0.82
 3  92.56  0.33  1  3  1.87
 2  98.95  0.95  1  2  3.59
 1  85.75  0.23  0  1  3.86
 2  86.10  0.71  1  2  1.57
 3  81.94  0.21  1  3  1.44
 2  92.56  1.24  1  2  2.54
 0  64.69  0.42  0  0  2.16
 3  67.05  0.71  1  3  3.17
 2  90.98  1.00  1  2  1.07
 2  82.53  0.61  1  2  1.98
 2  97.46  1.06  1  2  0.96
 2  73.90  0.71  1  2  1.53
 0  70.67  1.30  0  0  1.64
 3  87.33  0.46  1  2  2.28
 1  82.58  0.40  0  1  2.80
 1  82.53  0.61  0  1  0.88
 3  67.44  0.33  1  3  8.51
 1  89.33  0.27  0  0  2.60
 3  70.67  0.27  1  3  1.09
 0  62.54  0.51  0  0  3.69
 1  97.46  1.06  0  1  0.87
 1  92.95  0.71  0  1  0.85
 3  64.69  0.42  1  3  2.01
 1  81.94  1.37  0  1  1.98
 2  82.58  1.17  1  2  1.12
 2  77.42  1.17  1  2  0.83
 2  82.53  0.96  1  2  0.80
 0  61.05  0.95  0  0  8.02
 3  70.67  1.30  1  3  4.30
 0  73.90  0.86  0  1  1.92
 0  69.02  1.00  0  0  1.14
 0  60.30  0.73  0  0  1.50
 2  81.94  1.37  1  2  2.47
 2  99.70  0.73  1  2  1.40
 3  82.58  0.40  1  2  0.81
 1  95.31  0.42  0  0  2.35
 1  82.53  0.96  0  1  5.50
 0  72.67  1.11  0  0  1.07
 1  87.33  1.11  0  1  0.86
 1  86.10  0.86  0  1  1.25
 0  78.06  1.37  0  1  1.19
 2  99.70  0.84  1  2  1.80
 0  67.05  0.71  0  0  1.45
 3  64.69  1.16  1  3  2.08
 0  72.67  0.46  0  1  2.12
 0  77.47  0.61  0  1  2.54
 1  97.46  0.51  0  1  0.79
 1  92.56  0.33  0  1  2.95
 2  78.06  1.37  1  2  1.87
 2  89.33  1.30  1  2  0.89
 2  98.95  0.62  1  2  1.70
 0  67.44  0.33  0  0  1.38
 1  99.70  0.84  0  1  1.33
 2  92.95  0.86  1  2  3.15
 2  87.33  1.11  1  2  0.99
 0  64.69  1.16  0  0  1.23
 0  77.42  1.17  0  1  1.71
 3  78.06  0.21  1  3  1.19
 0  69.02  0.57  0  0  1.94
 2  77.47  0.96  1  2  2.79
 1  95.31  1.16  0  1  1.01
 3  97.46  0.51  1  3  1.47
 1  92.95  0.86  0  1  1.72
 0  61.05  0.95  0  0  4.29
 1  97.46  0.51  0  1  0.85
 3  60.30  0.84  1  2  0.74
 2  99.70  0.84  1  2  0.79
 2  89.33  1.30  1  2  0.89
 0  70.67  1.30  0  0  1.15
 3  61.05  0.95  1  3  1.52
 0  67.05  0.71  0  0  2.39
 3  67.44  1.24  1  3  2.37
 3  89.33  0.27  1  3  1.26
 2  77.42  1.17  1  2  1.15
 3  64.69  0.42  1  3  1.01
 3  69.02  1.00  1  2  0.86
 2  95.31  1.16  1  2  0.72
 1  98.95  0.95  0  1  0.93
 1  81.94  1.37  0  1  1.32
 1  82.53  0.61  0  1  1.35
 1  92.56  0.33  0  1  0.71
 0  77.47  0.61  0  1  0.87
 0  61.05  0.62  0  0  0.63
 0  64.69  1.16  0  0  0.85
 3  67.05  0.71  1  3  5.03
 2  81.94  1.37  1  2  0.90
 2  92.95  0.71  1  2  3.75
 3  95.31  0.42  1  2  1.03
 3  97.46  0.51  1  3  1.19
 0  74.25  1.34  0  1  6.71
 0  73.90  0.71  0  1  0.98
 2  74.25  1.34  1  1  1.96
 1  92.56  1.24  0  1  0.76
 0  62.54  1.06  0  0  2.12
 2  98.95  0.95  1  2  0.96
 1  90.98  0.57  0  1  0.87
 0  67.05  0.86  0  0  1.95
 1  99.70  0.73  0  1  0.89
 0  70.67  0.27  0  0  0.99
 3  81.94  0.21  1  3  2.12
 1  92.95  0.86  0  1  5.45
 2  78.06  1.37  1  3  2.96
 2  82.53  0.96  1  2  0.98
 2  99.70  0.73  1  2  0.80
 0  72.67  1.11  0  0  1.54
 0  73.90  0.86  0  1  2.28
 2  73.90  0.86  1  2  3.23
 3  62.54  0.51  1  3  1.28
 0  77.42  0.40  0  1  1.09
 1  82.58  1.17  0  1  3.37
 2  97.46  1.06  1  1  0.88
 1  82.53  0.96  0  1  1.54
 2  87.33  1.11  1  2  1.65
 2  98.95  0.62  1  2  1.43
 3  85.75  0.23  1  3  1.04
 1  82.58  0.40  0  1  2.18
 3  60.30  0.73  1  3  0.79
 3  70.67  0.27  1  3  1.04
 1  86.10  0.86  0  1  1.28
 0  78.06  1.37  0  1  0.98
 2  86.10  0.86  1  2  2.14
 0  67.44  0.33  0  0  2.33
 3  74.25  0.23  1  3  4.30
 2  77.47  0.61  1  2  4.66
 1  92.95  0.71  0  1  0.83
 1  98.95  0.62  0  1  2.33
 2  90.98  0.57  1  2  1.62
 2  73.90  0.71  1  3  1.20
 0  74.25  0.23  0  0  2.06
 2  82.53  0.61  1  2  5.29
 0  77.42  1.17  0  1  0.85
 1  87.33  1.11  0  1  0.70
 3  78.06  0.21  1  3  2.24
 2  72.67  1.11  1  3  2.27
 0  77.47  0.96  0  1  9.69
 2  86.10  0.71  1  2  2.19
 1  97.46  1.06  0  1  2.22
 0  78.06  0.21  0  0  1.63
 3  62.54  1.06  1  3  1.09
 1  89.33  0.27  0  1  2.60
 2  90.98  1.00  1  2  6.30
 2  92.95  0.86  1  2  0.91
 3  69.02  0.57  1  2  1.75
 0  69.02  1.00  0  0  1.21
 2  92.56  1.24  1  2  1.87
 1  95.31  0.42  0  1  1.21
 3  92.56  0.33  1  3  0.81
 1  85.75  0.23  0  1  2.28
 1  99.70  0.84  0  1  6.00
 3  82.58  0.40  1  3  1.26
 3  64.69  1.16  1  3  0.95
 1  86.10  0.71  0  1  1.25
 0  67.44  1.24  0  0  0.94
 1  85.75  1.34  0  1  0.69
 1  90.98  1.00  0  2  1.40
 2  82.58  1.17  1  2  1.39
 0  60.30  0.73  0  0  0.87
 0  64.69  0.42  0  0  5.39
 3  87.33  0.46  1  3  1.57
 0  69.02  0.57  0  0  1.69
 1  89.33  1.30  0  1  0.91
 3  77.42  0.40  1  3  2.07
 1  95.31  1.16  0  1  0.92
 3  67.44  0.33  1  3  0.71
 3  61.05  0.62  1  3  0.78
 3  70.67  1.30  1  3  0.83
 2  85.75  1.34  1  2  0.72
 1  87.33  0.46  0  1  0.76
 0  62.54  0.51  0  0  0.81
 0  60.30  0.84  0  0  1.07
 1  81.94  0.21  0  1  1.43
 0  72.67  0.46  0  1  1.16
 3  72.67  0.46  1  3  4.79
 3  67.05  0.86  1  3  1.68
 2  77.47  0.96  1  2  1.59
 1  86.10  0.86  0  1  1.83
 0  78.06  1.37  0  1  0.89
 3  97.46  0.51  1  3  1.82
 3  61.05  0.62  1  3  0.74
 3  67.44  0.33  1  3  1.34
 0  73.90  0.71  0  1  1.96
 0  61.05  0.95  0  0  0.81
 3  72.67  0.46  1  3  1.90
 2  92.95  0.86  1  2  0.61
 1  92.56  1.24  0  1  0.59
 0  67.44  1.24  0  0  0.75
 0  70.67  1.30  0  0  0.81
 2  73.90  0.71  1  3  2.80
 3  95.31  0.42  1  2  0.56
 3  60.30  0.73  1  3  0.64
 3  67.05  0.86  1  3  1.52
 1  86.10  0.71  0  1  2.42
 0  62.54  1.06  0  0  1.44
 2  95.31  1.16  1  2  2.20
 1  99.70  0.73  0  1  0.94
 3  62.54  1.06  1  3  1.53
 2  98.95  0.95  1  2  0.82
 3  62.54  0.51  1  3  1.66
 0  69.02  1.00  0  0  1.83
 1  98.95  0.62  0  1  0.65
 2  86.10  0.71  1  2  1.79
 1  89.33  0.27  0  1  0.99
 3  64.69  1.16  1  3  1.39
 2  82.53  0.61  1  2  1.33
 2  90.98  1.00  1  2  0.70
 3  81.94  0.21  1  3  0.76
 2  78.06  1.37  1  2  1.38
 3  60.30  0.84  1  3  0.97
 1  92.95  0.71  0  1  0.67
 0  72.67  1.11  0  1  2.12
 1  90.98  1.00  0  1  1.51
 1  97.46  1.06  0  1  0.92
 0  67.44  0.33  0  0  0.91
 2  72.67  1.11  1  3  0.80
 2  85.75  1.34  1  2  1.66
 1  82.58  1.17  0  1  1.85
 2  97.46  1.06  1  2  1.07
 1  87.33  1.11  0  1  1.25
 0  62.54  0.51  0  0  0.85
 0  77.42  0.40  0  1  1.10
 3  61.05  0.95  1  3  0.94
 2  74.25  1.34  1  2  0.86
 1  92.56  0.33  0  1  0.95
 2  81.94  1.37  1  2  4.24
 2  98.95  0.62  1  2  1.72
 2  77.42  1.17  1  3  0.71
 1  81.94  1.37  0  1  1.48
 0  74.25  0.23  0  1  1.22
 2  99.70  0.73  1  2  6.39
 0  64.69  1.16  0  0  0.77
 3  85.75  0.23  1  3  1.71
 2  92.56  1.24  1  2  0.64
 3  89.33  0.27  1  3  0.91
 0  77.42  1.17  0  1  1.29
 2  77.47  0.96  1  2  1.17
 0  61.05  0.62  0  0  5.53
 3  67.05  0.71  1  3  4.86
 3  74.25  0.23  1  3  0.94
 1  82.58  0.40  0  1  0.78
 2  86.10  0.86  1  2  0.79
 3  82.58  0.40  1  2  0.93
 3  69.02  0.57  1  3  0.90
 1  99.70  0.84  0  1  1.46
 3  78.06  0.21  1  3  1.10
 1  95.31  0.42  0  1  0.69
 1  85.75  0.23  0  0  1.65
 1  97.46  0.51  0  1  4.32
 3  67.44  1.24  1  3  1.51
 2  89.33  1.30  1  2  0.72
 0  60.30  0.84  0  0  3.08
 0  64.69  0.42  0  0  1.52
 0  67.05  0.86  0  0  0.84
 3  69.02  1.00  1  3  1.94
 0  72.67  0.46  0  0  1.45
 0  70.67  0.27  0  1  1.23
 2  87.33  1.11  1  2  8.41
 0  67.05  0.71  0  0 12.09
 3  87.33  0.46  1  2  1.75
 1  82.53  0.96  0  1  0.78
 0  77.47  0.61  0  1  4.59
 2  77.47  0.61  1  2  0.97
 1  98.95  0.95  0  1  0.61
 1  89.33  1.30  0  1  0.68
 2  82.58  1.17  1  2  1.15
 1  82.53  0.61  0  1  0.87
 0  77.47  0.96  0  1  0.99
 0  74.25  1.34  0  0  0.67
 1  81.94  0.21  0  1  1.21
 0  60.30  0.73  0  0  1.16
 1  92.95  0.86  0  1  0.75
 0  78.06  0.21  0  1  1.12
 3  70.67  0.27  1  3  1.47
 0  69.02  0.57  0  0  1.00
 3  64.69  0.42  1  3  0.95
 2  92.95  0.71  1  2  0.62
 3  77.42  0.40  1  2  0.95
 2  82.53  0.96  1  2  0.89
 1  85.75  1.34  0  1  1.33
 1  90.98  0.57  0  1  0.79
 2  73.90  0.86  1  3  1.11
 2  90.98  0.57  1  2  0.73
 3  92.56  0.33  1  3  0.79
 1  95.31  1.16  0  1  3.19
 1  87.33  0.46  0  1  1.04
 0  73.90  0.86  0  0  6.50
 2  99.70  0.84  1  2  4.57
 3  70.67  1.30  1  3  0.65
 3  67.05  0.71  1  3  1.46
 0  70.67  0.27  0  0  1.83
 2  92.95  0.86  1  2  0.61
 2  82.53  0.96  1  2  1.19
 0  78.06  0.21  0  1  0.78
 1  90.98  0.57  0  1  0.70
 0  62.54  0.51  0  0  0.79
 1  90.98  1.00  0  1  1.69
 3  67.44  0.33  1  3  1.10
 1  87.33  1.11  0  1  1.12
 0  67.44  0.33  0  0  0.73
 1  86.10  0.86  0  1  0.69
 2  98.95  0.95  1  2  1.32
 3  69.02  1.00  1  3  0.61
 0  60.30  0.84  0  0  0.64
 3  67.05  0.86  1  3  0.72
 0  61.05  0.95  0  0  0.86
 3  74.25  0.23  1  3  1.05
 0  72.67  1.11  0  0  0.82
 3  77.42  0.40  1  3  1.26
 2  99.70  0.73  1  2  0.72
 0  77.42  0.40  0  0  0.84
 0  69.02  1.00  0  0  0.94
 2  90.98  0.57  1  2  0.72
 0  60.30  0.73  0  0  0.73
 2  92.95  0.71  1  2  0.94
 3  72.67  0.46  1  3  1.83
 2  98.95  0.62  1  2  0.70
 1  86.10  0.71  0  1  0.79
 2  85.75  1.34  1  2  1.16
 1  85.75  1.34  0  1  0.68
 1  92.56  0.33  0  1  1.16
 0  61.05  0.62  0  0  0.97
 3  89.33  0.27  1  1  0.93
 0  77.47  0.96  0  1  0.85
 2  77.42  1.17  1  3  1.46
 0  74.25  1.34  0  1  2.67
 1  98.95  0.62  0  1  0.68
 3  61.05  0.95  1  3  1.55
 1  87.33  0.46  0  1  1.29
 3  85.75  0.23  1  3  1.00
 3  61.05  0.62  1  3  0.65
 2  90.98  1.00  1  2  0.61
 3  67.44  1.24  1  3  0.70
 2  73.90  0.71  1  3  0.84
 2  82.58  1.17  1  2  0.81
 0  62.54  1.06  0  0  0.72
 0  69.02  0.57  0  1  1.08
 1  82.58  0.40  0  1  0.75
 1  92.56  1.24  0  1  0.58
 3  64.69  1.16  1  3  0.58
 3  78.06  0.21  1  2  0.58
 2  82.53  0.61  1  2  0.94
 3  81.94  0.21  1  3  1.15
 3  95.31  0.42  1  2  0.80
 2  89.33  1.30  1  2  0.83
 1  99.70  0.73  0  1  0.61
 0  67.05  0.71  0  0  0.72
 3  60.30  0.84  1  0  0.82
 2  72.67  1.11  1  3  0.82
 1  81.94  0.21  0  1  1.13
 1  92.95  0.86  0  1  0.73
 1  92.95  0.71  0  1  1.01
 1  81.94  1.37  0  1  1.32
 0  74.25  0.23  0  1  1.50
 1  97.46  1.06  0  1  1.58
 0  70.67  1.30  0  0  1.10
 1  95.31  0.42  0  1  0.69
 0  77.47  0.61  0  1  2.66
 2  97.46  1.06  1  2  0.97
 2  78.06  1.37  1  2  0.99
 1  95.31  1.16  0  1  0.69
 3  62.54  0.51  1  0  0.72
 3  97.46  0.51  1  2  0.69
 1  82.53  0.96  0  1  1.32
 0  73.90  0.71  0  0  1.62
 0  72.67  0.46  0  1  5.72
 1  98.95  0.95  0  1  0.62
 2  74.25  1.34  1  3  0.84
 2  92.56  1.24  1  2  0.55
 0  78.06  1.37  0  1  2.80
 1  82.58  1.17  0  0  3.05
 1  82.53  0.61  0  1  0.54
 3  70.67  1.30  1  3  3.03
 2  99.70  0.84  1  2  1.01
 2  86.10  0.86  1  2  2.21
 0  64.69  1.16  0  0  0.83
 3  87.33  0.46  1  3  1.32
 3  70.67  0.27  1  3  0.81
 0  77.42  1.17  0  1  1.07
 1  97.46  0.51  0  1  1.07
 0  67.44  1.24  0  0  0.88
 0  73.90  0.86  0  0  1.18
 2  95.31  1.16  1  2  0.91
 2  87.33  1.11  1  2  0.75
 3  64.69  0.42  1  3  0.70
 3  69.02  0.57  1  3  0.98
 0  67.05  0.86  0  0  0.88
 1  89.33  1.30  0  1  0.55
 3  92.56  0.33  1  3  1.19
 0  64.69  0.42  0  0  0.81
 1  85.75  0.23  0  1  0.89
 2  73.90  0.86  1  3  0.88
 1  89.33  0.27  0  1  1.03
 2  81.94  1.37  1  2  2.69
 2  86.10  0.71  1  2  0.79
 2  77.47  0.96  1  2  1.10
 3  82.58  0.40  1  3  1.69
 3  60.30  0.73  1  3  0.82
 3  62.54  1.06  1  3  0.65
 1  99.70  0.84  0  1  0.61
 2  77.47  0.61  1  2  5.28
