 1  70.67  1.30  1  0  2.32
 1  99.70  0.73  0  0  3.47
 0  77.47  0.96  1  1  3.13
 0  72.67  1.11  0  0  1.31
 0  74.25  1.34  0  0  1.55
 0  77.47  0.96  0  1  0.54
 1  60.30  0.73  1  1  1.24
 0  67.44  1.24  0  0  0.87
 1  69.02  1.00  1  1  0.89
 1  87.33  0.46  1  1  0.96
 0  81.94  1.37  1  0  1.15
 0  67.05  0.71  0  1  1.05
 1  98.95  0.95  0  1  1.01
 1  67.05  0.86  1  0  1.66
 0  61.05  0.95  0  0  0.89
 1  82.58  0.40  1  1  0.82
 0  73.90  0.71  0  0  0.89
 1  92.56  1.24  0  0  1.16
 1  92.95  0.71  0  1  3.26
 1  62.54  0.51  1  1  2.84
 0  67.44  0.33  0  0  2.18
 0  77.42  1.17  1  1  1.96
 0  97.46  1.06  1  1  1.15
 1  74.25  0.23  1  1  2.50
 0  99.70  0.84  1  1  1.13
 1  81.94  1.37  0  0  4.12
 0  78.06  1.37  0  0  0.84
 0  98.95  0.62  1  1  0.69
 0  72.67  1.11  1  1  1.24
 1  95.31  0.42  1  0  1.18
 0  77.47  0.61  0  0  0.88
 0  77.42  0.40  0  0  2.27
 0  62.54  1.06  0  0  0.98
 0  73.90  0.86  0  0  0.53
 0  95.31  1.16  1  1  0.57
 0  74.25  0.23  0  0  1.00
 1  72.67  0.46  1  1  0.83
 0  77.47  0.61  1  1  0.51
 0  69.02  1.00  0  0  0.43
 1  62.54  1.06  1  0  3.71
 1  81.94  0.21  1  1  1.02
 1  90.98  1.00  0  0  1.26
 0  70.67  1.30  0  0  1.98
 1  86.10  0.86  0  1  1.69
 0  78.06  1.37  1  0  0.95
 0  99.70  0.73  1  1  4.46
 0  60.30  0.73  0  0  0.46
 0  85.75  1.34  1  0  2.26
 1  67.44  0.33  1  1  1.75
 1  78.06  0.21  1  1  0.59
 1  90.98  0.57  0  0  0.97
 1  82.53  0.61  0  1  0.66
 1  82.58  0.40  0  1  1.04
 0  70.67  0.27  0  1  1.11
 0  86.10  0.86  1  1  0.91
 0  67.05  0.86  0  0  0.98
 1  85.75  1.34  0  0  0.79
 1  89.33  0.27  0  1  0.85
 0  87.33  1.11  1  1  0.73
 1  67.44  1.24  1  0  0.49
 0  98.95  0.95  1  1  1.17
 0  82.53  0.96  1  0  0.81
 0  64.69  0.42  0  0  1.12
 1  86.10  0.71  0  0  0.74
 1  60.30  0.84  1  0  0.75
 1  98.95  0.62  0  0  1.20
 1  64.69  1.16  1  0  0.47
 0  62.54  0.51  0  1  0.57
 1  89.33  1.30  0  0  0.48
 1  99.70  0.84  0  1  1.40
 1  69.02  0.57  1  1  0.74
 1  81.94  0.21  0  1  1.63
 0  69.02  0.57  0  1  0.49
 1  70.67  0.27  1  1  0.49
 1  64.69  0.42  1  1  0.82
 0  73.90  0.71  1  1  1.84
 0  82.53  0.61  1  1  0.47
 1  97.46  0.51  0  1  0.55
 1  92.56  0.33  0  1  0.67
 0  73.90  0.86  1  0  1.32
 0  78.06  0.21  0  1  1.24
 1  85.75  0.23  1  1  0.89
 1  89.33  0.27  1  1  1.10
 1  82.58  1.17  0  0  2.25
 0  90.98  1.00  1  1  1.57
 0  89.33  1.30  1  0  1.51
 0  92.95  0.71  1  1  4.86
 1  87.33  1.11  0  0  1.57
 1  77.42  0.40  1  0  1.32
 1  95.31  0.42  0  0  2.21
 0  90.98  0.57  1  1  0.92
 0  61.05  0.62  0  0  0.86
 0  92.56  1.24  1  0  0.90
 1  97.46  0.51  1  1  0.60
 1  61.05  0.62  1  0  0.83
 0  86.10  0.71  1  0  0.50
 1  82.53  0.96  0  0  0.61
 1  67.05  0.71  1  0  0.42
 1  92.56  0.33  1  0  0.41
 0  64.69  1.16  0  0  0.57
 0  92.95  0.86  1  1  0.99
 0  74.25  1.34  1  1  0.50
 1  85.75  0.23  0  1  1.04
 0  82.58  1.17  1  1  2.65
 1  61.05  0.95  1  0  0.84
 0  72.67  0.46  0  1  2.00
 0  60.30  0.84  0  0  0.63
 0  77.42  1.17  0  0  0.56
 1  87.33  0.46  0  1  0.75
 1  95.31  1.16  0  1  2.90
 1  97.46  1.06  0  1  0.89
 1  92.95  0.86  0  1  1.04
 0  73.90  0.71  0  0  2.15
 0  70.67  1.30  0  0  0.46
 0  72.67  0.46  0  0  0.91
 1  95.31  1.16  0  1  0.69
 1  67.05  0.71  1  0  0.54
 0  77.47  0.61  1  0  2.26
 1  87.33  0.46  0  1  3.51
 1  97.46  0.51  1  0  1.24
 1  92.95  0.86  0  1  3.50
 0  69.02  1.00  0  0  1.19
 1  92.95  0.71  0  1  1.03
 0  74.25  1.34  0  0  1.02
 1  82.58  1.17  0  0  1.11
 0  67.05  0.71  0  0  0.94
 1  74.25  0.23  1  1  2.06
 1  92.56  1.24  0  1  1.42
 0  74.25  0.23  0  1  1.16
 0  98.95  0.62  1  0  1.51
 0  95.31  1.16  1  0  1.09
 0  73.90  0.86  0  0  1.24
 1  82.53  0.61  0  1  1.78
 1  87.33  1.11  0  1  1.50
 1  85.75  1.34  0  1  1.44
 1  97.46  0.51  0  1  1.60
 0  78.06  1.37  0  1  1.33
 0  62.54  1.06  0  0  0.88
 0  78.06  0.21  0  1  1.17
 1  81.94  1.37  0  0  0.97
 1  64.69  1.16  1  1  1.57
 0  92.56  1.24  1  0  0.81
 0  74.25  1.34  1  0  0.69
 1  82.58  0.40  0  1  1.03
 0  69.02  0.57  0  0  0.80
 1  81.94  0.21  0  1  1.23
 0  99.70  0.84  1  0  1.90
 1  90.98  0.57  0  1  1.32
 1  67.44  0.33  1  0  2.11
 1  60.30  0.84  1  1  1.19
 1  61.05  0.62  1  1  1.16
 0  64.69  1.16  0  0  1.71
 1  69.02  1.00  1  1  1.34
 1  85.75  0.23  0  1  1.71
 1  64.69  0.42  1  1  2.31
 0  61.05  0.95  0  0  1.37
 1  95.31  0.42  0  1  0.96
 1  82.53  0.96  0  1  1.14
 0  77.47  0.96  0  1  2.84
 1  62.54  0.51  1  0  1.88
 1  86.10  0.71  0  1  1.40
 0  77.47  0.96  1  0  7.64
 0  61.05  0.62  0  0  5.07
 1  62.54  1.06  1  0  1.36
 1  67.05  0.86  1  1  1.94
 0  72.67  1.11  0  0  1.37
 0  85.75  1.34  1  0  1.80
 0  60.30  0.84  0  0  1.45
 0  99.70  0.73  1  0  1.21
 0  92.95  0.86  1  0  0.68
 0  78.06  1.37  1  0  1.79
 0  77.47  0.61  0  1  1.20
 1  82.58  0.40  1  0  1.02
 0  60.30  0.73  0  0  0.86
 0  98.95  0.95  1  0  1.41
 1  92.56  0.33  0  1  1.16
 0  67.05  0.86  0  0  0.67
 1  72.67  0.46  1  0  1.84
 0  77.42  0.40  0  1  1.10
 0  90.98  1.00  1  0  1.07
 0  87.33  1.11  1  0  0.84
 0  67.44  0.33  0  0  8.22
 0  72.67  1.11  1  1  5.01
 1  92.56  0.33  1  1  0.58
 1  67.44  1.24  1  1  0.98
 1  81.94  0.21  1  1  0.90
 0  90.98  0.57  1  0  1.42
 1  89.33  1.30  0  1  1.02
 0  89.33  1.30  1  0  1.33
 0  82.53  0.61  1  0  2.42
 0  92.95  0.71  1  0  0.66
 0  86.10  0.86  1  0  0.48
 1  97.46  1.06  0  1  1.17
 0  73.90  0.71  1  0  1.02
 0  77.42  1.17  1  1  5.96
 0  62.54  0.51  0  0  0.67
 1  77.42  0.40  1  0  1.13
 1  85.75  0.23  1  1  0.58
 1  95.31  0.42  1  0  1.63
 1  98.95  0.95  0  1  1.70
 1  99.70  0.73  0  1  0.96
 1  98.95  0.62  0  1  0.94
 1  70.67  0.27  1  1  2.42
 1  99.70  0.84  0  1  1.09
 0  64.69  0.42  0  0  1.23
 1  60.30  0.73  1  0  1.37
 0  82.53  0.96  1  0  1.46
 0  81.94  1.37  1  0  0.71
 0  77.42  1.17  0  1  1.11
 0  82.58  1.17  1  0  0.85
 1  69.02  0.57  1  0  0.75
 1  61.05  0.95  1  1  3.44
 1  86.10  0.86  0  1  1.15
 0  70.67  0.27  0  1  2.10
 1  70.67  1.30  1  1  5.34
 0  86.10  0.71  1  0  1.27
 0  97.46  1.06  1  0  0.97
 1  78.06  0.21  1  0  0.85
 0  67.44  1.24  0  0  1.08
 1  89.33  0.27  0  1  1.33
 1  90.98  1.00  0  1  0.98
 0  73.90  0.86  1  0  3.70
 1  87.33  0.46  1  0  1.49
 1  89.33  0.27  1  1  1.39
 0  90.98  0.57  1  0  1.49
 1  62.54  1.06  1  1  1.05
 1  92.95  0.71  0  1  1.36
 0  77.47  0.61  1  0  1.20
 1  81.94  1.37  0  0  1.53
 0  72.67  1.11  0  0  1.14
 1  67.05  0.86  1  1  1.46
 1  87.33  0.46  0  1  1.40
 1  82.58  0.40  1  0  1.20
 1  97.46  1.06  0  1  1.22
 1  74.25  0.23  1  1  1.92
 1  92.56  0.33  0  1  2.24
 0  89.33  1.30  1  1  4.32
 0  92.95  0.71  1  0  1.33
 0  92.95  0.86  1  0  0.86
 1  67.44  1.24  1  1  1.02
 0  77.42  1.17  1  1  0.79
 1  98.95  0.95  0  1  1.48
 0  77.42  0.40  0  1  1.10
 0  69.02  0.57  0  0  0.71
 1  87.33  1.11  0  1  0.96
 0  86.10  0.71  1  0  1.71
 1  78.06  0.21  1  0  1.03
 0  99.70  0.84  1  0  1.19
 1  95.31  1.16  0  1 10.07
 1  86.10  0.86  0  1  0.66
 0  97.46  1.06  1  0  0.99
 1  89.33  0.27  1  1  3.45
 0  73.90  0.86  0  0  1.01
 1  90.98  1.00  0  1  0.96
 0  64.69  0.42  0  1  1.53
 1  69.02  0.57  1  1  1.28
 0  77.47  0.61  0  1  1.10
 1  92.95  0.86  0  1  0.96
 1  82.53  0.61  0  1  0.68
 1  92.56  0.33  1  0  0.83
 1  64.69  1.16  1  1  1.17
 0  73.90  0.71  1  0  3.58
 0  67.05  0.71  0  0  1.79
 0  85.75  1.34  1  1  2.09
 1  89.33  1.30  0  0  1.76
 0  74.25  1.34  1  0  0.93
 1  61.05  0.62  1  0  0.72
 0  78.06  1.37  0  1  1.02
 0  67.44  1.24  0  0  0.54
 0  95.31  1.16  1  0  0.74
 0  86.10  0.86  1  0  0.65
 0  73.90  0.71  0  0  0.63
 0  78.06  1.37  1  0  2.92
 0  72.67  1.11  1  0  0.70
 1  60.30  0.84  1  0  0.60
 0  82.53  0.61  1  0  0.78
 0  77.42  1.17  0  1  1.16
 1  97.46  0.51  1  0  0.89
 1  81.94  0.21  1  0  1.82
 1  70.67  1.30  1  1  2.83
 0  98.95  0.95  1  0  1.80
 1  99.70  0.84  0  1  1.40
 1  69.02  1.00  1  1 11.44
 1  82.53  0.96  0  1  1.10
 0  92.56  1.24  1  1  9.61
 0  82.58  1.17  1  0  2.34
 0  81.94  1.37  1  0  2.31
 1  87.33  0.46  1  1  1.95
 0  62.54  1.06  0  0  1.41
 0  69.02  1.00  0  0  1.03
 1  82.58  0.40  0  1  1.68
 0  60.30  0.73  0  0  1.34
 1  61.05  0.95  1  1  1.35
 0  62.54  0.51  0  0  4.02
 0  87.33  1.11  1  0  1.83
 0  67.05  0.86  0  0  2.81
 1  92.56  1.24  0  1  1.73
 1  77.42  0.40  1  1  1.77
 1  70.67  0.27  1  0  6.51
 0  77.47  0.96  0  1  1.53
 1  85.75  0.23  0  1  1.37
 0  70.67  0.27  0  1  1.65
 1  97.46  0.51  0  1  1.20
 0  72.67  0.46  0  0  2.30
 0  70.67  1.30  0  0  1.73
 0  61.05  0.95  0  0  1.85
 0  61.05  0.62  0  0  1.64
 0  99.70  0.73  1  0  5.92
 0  64.69  1.16  0  0  0.85
 1  82.58  1.17  0  1  0.69
 1  67.44  0.33  1  1  0.74
 1  98.95  0.62  0  1  1.26
 1  62.54  0.51  1  1  0.87
 0  74.25  1.34  0  0  1.07
 1  72.67  0.46  1  1  0.60
 0  90.98  1.00  1  0  0.72
 0  60.30  0.84  0  0  0.53
 1  85.75  1.34  0  0  1.59
 1  89.33  0.27  0  1  1.11
 1  85.75  0.23  1  0  0.76
 0  67.44  0.33  0  1  1.28
 0  77.47  0.96  1  0  1.01
 0  78.06  0.21  0  0  1.04
 0  73.90  0.86  1  0  0.62
 1  95.31  0.42  1  0  4.36
 0  98.95  0.62  1  1  0.51
 1  90.98  0.57  0  1  0.92
 0  74.25  0.23  0  1  1.39
 1  64.69  0.42  1  0  1.15
 1  67.05  0.71  1  0  1.21
 0  82.53  0.96  1  0  1.28
 1  60.30  0.73  1  0  0.98
 1  81.94  0.21  0  1  0.68
 1  86.10  0.71  0  1  1.67
 1  99.70  0.73  0  1  0.72
 1  95.31  0.42  0  1  0.62
 0  67.44  1.24  0  0  1.90
 0  62.54  0.51  0  0  1.09
 0  74.25  1.34  1  1  6.29
 1  67.44  0.33  1  1  0.75
 0  73.90  0.71  0  0  0.97
 1  92.95  0.71  0  1  0.80
 0  78.06  1.37  0  0  0.77
 1  95.31  1.16  0  1  1.13
 1  99.70  0.73  0  1  1.13
 1  82.53  0.61  0  1  0.38
 1  82.58  0.40  1  0  1.84
 0  90.98  0.57  1  1  0.81
 0  82.53  0.61  1  0  0.66
 1  70.67  1.30  1  1  1.04
 0  77.42  1.17  1  0  1.18
 1  60.30  0.84  1  0  0.76
 1  97.46  1.06  0  1  0.70
 0  73.90  0.71  1  0  0.74
 1  97.46  0.51  1  0  1.41
 1  64.69  1.16  1  0  4.19
 0  98.95  0.62  1  0  0.65
 1  92.95  0.86  0  1  1.25
 1  95.31  0.42  0  1  1.19
 0  62.54  1.06  0  0 10.09
 1  87.33  0.46  0  1  0.86
 0  99.70  0.84  1  0  1.85
 0  72.67  1.11  1  1  1.01
 1  89.33  1.30  0  1 10.47
 1  82.53  0.96  0  1  1.37
 0  86.10  0.86  1  1  1.29
 0  74.25  0.23  0  0  1.26
 1  61.05  0.62  1  0  1.26
 0  64.69  1.16  0  0  1.03
 1  86.10  0.86  0  1  0.68
 0  69.02  1.00  0  0  1.23
 1  67.05  0.86  1  1  0.80
 0  69.02  0.57  0  0  0.93
 1  81.94  1.37  0  1  1.07
 1  70.67  0.27  1  1  2.34
 1  81.94  0.21  1  1  1.56
 1  89.33  0.27  1  1  0.54
 1  85.75  1.34  0  1  0.78
 0  77.47  0.61  0  1  0.87
 1  87.33  1.11  0  1  0.60
 0  92.95  0.86  1  0  1.37
 1  67.44  1.24  1  1  1.18
 1  81.94  0.21  0  1  0.91
 1  78.06  0.21  1  0  1.06
 0  86.10  0.71  1  0  0.88
 0  64.69  0.42  0  1  0.78
 0  78.06  0.21  0  1  1.49
 1  99.70  0.84  0  1  1.56
 0  60.30  0.73  0  0  1.41
 0  82.58  1.17  1  0  3.53
 1  87.33  0.46  1  0  4.60
 0  85.75  1.34  1  0  1.08
 1  62.54  1.06  1  1  1.61
 0  77.47  0.96  1  1  4.56
 0  98.95  0.95  1  0  3.27
 0  97.46  1.06  1  0  0.96
 1  98.95  0.62  0  1  1.02
 1  62.54  0.51  1  1  1.48
 0  72.67  1.11  0  0  1.13
 0  77.42  0.40  0  1  1.25
 0  73.90  0.86  1  1  1.68
 1  86.10  0.71  0  1  2.27
 0  70.67  1.30  0  1  1.66
 0  87.33  1.11  1  0  1.43
 1  89.33  0.27  0  0  1.94
 0  78.06  1.37  1  0  1.41
 0  89.33  1.30  1  0  1.30
 0  70.67  0.27  0  0  1.67
 0  82.53  0.96  1  1  8.28
 0  92.56  1.24  1  0  0.88
 1  69.02  1.00  1  1  2.05
 0  99.70  0.73  1  0  1.29
 1  69.02  0.57  1  1  1.41
 0  77.42  1.17  0  1  5.47
 1  61.05  0.95  1  1  2.04
 1  92.56  1.24  0  1  1.94
 0  61.05  0.62  0  0  1.72
 1  82.58  0.40  0  1  5.05
 1  64.69  0.42  1  1  7.44
 0  60.30  0.84  0  0 14.16
 1  92.56  0.33  1  0  0.92
 0  61.05  0.95  0  0  0.66
 0  81.94  1.37  1  0  0.78
 0  73.90  0.86  0  0  0.70
 1  95.31  0.42  1  0  1.36
 1  98.95  0.95  0  0  0.74
 1  90.98  0.57  0  1  2.56
 1  97.46  0.51  0  1  0.71
 0  67.44  0.33  0  1  1.70
 1  72.67  0.46  1  0  1.66
 1  82.58  1.17  0  1  1.19
 1  85.75  0.23  0  1  2.45
 1  67.05  0.71  1  0  3.05
 1  92.56  0.33  0  1  2.02
 1  77.42  0.40  1  0  1.36
 0  72.67  0.46  0  1  3.72
 0  74.25  1.34  0  1  1.78
 1  90.98  1.00  0  1  0.89
 0  77.47  0.61  1  0  1.06
 1  74.25  0.23  1  0  1.40
 0  67.05  0.71  0  0  1.97
 1  85.75  0.23  1  0  1.31
 0  90.98  1.00  1  0  1.07
 0  95.31  1.16  1  0  0.65
 0  77.47  0.96  0  1  1.92
 0  67.05  0.86  0  0  1.32
 0  92.95  0.71  1  0  1.37
 1  60.30  0.73  1  1  1.49
 0  99.70  0.73  1  0  1.24
 1  67.44  0.33  1  0  0.76
 1  95.31  0.42  1  0  0.56
 0  64.69  0.42  0  0  2.21
 1  92.56  1.24  0  1  1.44
 0  86.10  0.71  1  0  1.07
 1  89.33  1.30  0  1  2.82
 1  67.05  0.86  1  1  5.91
 1  69.02  1.00  1  1  1.14
 1  87.33  0.46  1  0  1.13
 1  64.69  0.42  1  1  1.85
 0  72.67  1.11  0  0  2.27
 1  81.94  0.21  0  1  1.88
 0  77.47  0.96  1  0  1.39
 1  82.53  0.96  0  1  1.46
 1  95.31  1.16  0  1  1.80
 1  97.46  1.06  0  1  1.03
 1  98.95  0.62  0  1  0.97
 0  82.58  1.17  1  1  1.05
 1  92.56  0.33  1  0  1.46
 0  77.42  1.17  1  0  1.89
 1  60.30  0.84  1  1  1.67
 0  72.67  0.46  0  0  2.15
 1  97.46  0.51  0  1  1.18
 0  62.54  0.51  0  0  1.73
 1  85.75  1.34  0  1  1.44
 1  89.33  0.27  0  1  1.32
 0  78.06  1.37  0  1  1.52
 0  97.46  1.06  1  0  1.52
 0  77.47  0.61  1  0  1.43
 1  82.58  0.40  0  1  1.31
 1  70.67  1.30  1  0  1.17
 1  86.10  0.86  0  1  1.55
 0  61.05  0.95  0  0  1.80
 1  70.67  0.27  1  1  3.73
 0  78.06  1.37  1  1  1.10
 1  92.56  0.33  0  1  1.17
 1  74.25  0.23  1  0  7.70
 1  95.31  0.42  0  1  0.75
 1  67.44  1.24  1  1  1.10
 0  70.67  0.27  0  0  1.80
 1  61.05  0.95  1  1  1.09
 0  60.30  0.84  0  0  1.85
 1  77.42  0.40  1  0  1.12
 1  81.94  1.37  0  1  1.65
 0  92.95  0.71  1  0  1.01
 0  82.53  0.61  1  0  1.28
 0  73.90  0.71  0  0  1.56
 0  74.25  1.34  1  1  2.32
 1  64.69  1.16  1  0  1.43
 0  90.98  1.00  1  0  1.44
 1  67.05  0.71  1  1  2.37
 1  89.33  0.27  1  0  2.44
 1  82.53  0.61  0  1  1.83
 0  64.69  1.16  0  0  0.96
 1  62.54  1.06  1  1  1.74
 0  95.31  1.16  1  0  1.18
 0  67.44  1.24  0  0  0.82
 0  98.95  0.95  1  0  1.13
 1  99.70  0.84  0  1  1.13
 1  90.98  0.57  0  1  0.89
 0  67.05  0.71  0  0  0.83
 1  86.10  0.71  0  1  1.08
 0  72.67  1.11  1  1  2.08
 1  81.94  0.21  1  0  1.27
 0  77.42  1.17  0  1  1.44
 0  86.10  0.86  1  0  0.86
 0  73.90  0.86  1  0  4.98
 1  85.75  0.23  0  1  1.27
 0  61.05  0.62  0  0  5.19
 0  89.33  1.30  1  0  6.67
 1  78.06  0.21  1  0  2.21
 1  92.95  0.71  0  1  1.06
 1  98.95  0.95  0  1  0.53
 0  77.47  0.96  0  1  2.01
 0  73.90  0.86  0  0  1.52
 0  78.06  0.21  0  1  1.19
 0  67.44  0.33  0  1 10.13
 1  85.75  0.23  1  0  3.16
 1  61.05  0.62  1  1  1.75
 0  73.90  0.71  1  1  0.86
 0  74.25  0.23  0  1  1.33
 1  72.67  0.46  1  0  0.66
 0  87.33  1.11  1  0  0.87
 0  70.67  1.30  0  0  1.71
 0  85.75  1.34  1  0  1.09
 0  62.54  1.06  0  0  0.53
 1  69.02  0.57  1  0  4.15
 0  67.05  0.86  0  0  0.64
 1  87.33  1.11  0  1  1.05
 0  77.47  0.61  0  1  1.03
 0  90.98  0.57  1  0  1.30
 0  81.94  1.37  1  0  0.75
 0  92.95  0.86  1  0  0.75
 0  69.02  0.57  0  1  1.06
 0  74.25  1.34  0  0  0.98
 0  77.42  0.40  0  1  1.02
 0  60.30  0.73  0  0  1.33
 0  82.53  0.96  1  0  0.69
 1  62.54  0.51  1  1  1.92
 1  60.30  0.73  1  1  1.38
 1  97.46  0.51  1  0  1.21
 1  87.33  0.46  0  1  1.10
 0  69.02  1.00  0  0  0.64
 0  99.70  0.84  1  0  0.68
 1  82.58  1.17  0  1  0.92
 0  92.56  1.24  1  0  0.61
 1  99.70  0.73  0  1  1.04
 1  92.95  0.86  0  1  0.56
 1  90.98  1.00  0  1  0.44
 1  82.58  0.40  1  0  1.03
 0  98.95  0.62  1  0  1.40
