 0  64.69  0.42  0  0  2.88
 2  73.90  0.71  1  0  1.46
 2  77.47  0.61  1  1  1.44
 3  69.02  0.57  1  0  3.39
 1  81.94  0.21  0  3  1.30
 2  78.06  1.37  1  3  1.23
 0  73.90  0.86  0  2  1.75
 0  67.05  0.71  0  0  5.00
 2  77.42  1.17  1  2  1.78
 0  61.05  0.95  0  1  1.31
 3  77.42  0.40  1  3  0.93
 3  62.54  0.51  1  3  1.26
 0  70.67  1.30  0  0  1.04
 2  97.46  1.06  1  1  1.82
 2  95.31  1.16  1  3  0.73
 0  74.25  1.34  0  0  0.87
 2  99.70  0.84  1  3  1.02
 0  73.90  0.71  0  0  0.71
 0  60.30  0.73  0  0  0.57
 2  89.33  1.30  1  3  1.14
 1  87.33  1.11  0  0  0.55
 1  82.58  1.17  0  0  0.50
 1  92.56  1.24  0  0  0.47
 1  85.75  1.34  0  0  0.69
 3  69.02  1.00  1  0  1.64
 1  89.33  0.27  0  1  0.94
 3  67.05  0.71  1  0  1.56
 1  82.53  0.96  0  0  0.77
 2  98.95  0.95  1  1  0.89
 1  97.46  0.51  0  1  1.02
 3  61.05  0.62  1  2  1.06
 1  92.56  0.33  0  1  0.99
 1  92.95  0.86  0  3  1.30
 1  90.98  1.00  0  0  0.99
 0  77.47  0.96  0  1  0.75
 3  64.69  1.16  1  1  1.07
 3  89.33  0.27  1  1  0.97
 3  78.06  0.21  1  1  1.17
 2  99.70  0.73  1  2  0.95
 2  98.95  0.62  1  2  0.59
 0  77.47  0.61  0  0  1.40
 3  61.05  0.95  1  3  2.33
 1  95.31  1.16  0  0  3.34
 3  85.75  0.23  1  1  0.90
 1  82.58  0.40  0  1  0.67
 3  60.30  0.73  1  2  1.51
 0  64.69  1.16  0  0  0.71
 0  67.44  0.33  0  0  0.78
 1  81.94  1.37  0  0  1.04
 0  62.54  1.06  0  0  0.70
 3  70.67  0.27  1  2  1.11
 3  95.31  0.42  1  3  0.94
 2  92.95  0.71  1  3  0.74
 1  86.10  0.71  0  2  1.13
 0  72.67  0.46  0  0  0.69
 1  82.53  0.61  0  0  0.96
 3  74.25  0.23  1  1  1.01
 3  67.44  0.33  1  1  0.91
 2  92.95  0.86  1  0  1.36
 0  67.44  1.24  0  0  0.71
 1  98.95  0.62  0  2  1.09
 1  95.31  0.42  0  0  0.23
 3  62.54  1.06  1  3  0.20
 1  97.46  1.06  0  0  1.99
 1  90.98  0.57  0  1  1.26
 1  92.95  0.71  0  1  0.91
 2  82.58  1.17  1  0  2.03
 3  82.58  0.40  1  1  1.33
 0  67.05  0.86  0  0  0.70
 2  85.75  1.34  1  2  1.40
 1  99.70  0.73  0  3  2.05
 0  72.67  1.11  0  0  0.85
 3  60.30  0.84  1  0  1.03
 0  69.02  1.00  0  0  0.99
 2  77.47  0.96  1  0  1.39
 2  82.53  0.61  1  2  1.49
 2  74.25  1.34  1  2  0.64
 3  67.44  1.24  1  2  0.63
 2  81.94  1.37  1  2  0.59
 0  74.25  0.23  0  1  0.86
 0  77.42  1.17  0  0  1.50
 2  72.67  1.11  1  2  1.37
 2  82.53  0.96  1  3  0.97
 1  89.33  1.30  0  2  1.70
 2  86.10  0.86  1  2  1.39
 1  87.33  0.46  0  1  0.93
 0  60.30  0.84  0  0  1.64
 1  85.75  0.23  0  1  0.95
 3  64.69  0.42  1  1  1.56
 3  70.67  1.30  1  3  0.81
 3  81.94  0.21  1  3  1.45
 0  78.06  1.37  0  2  1.48
 2  87.33  1.11  1  2  0.80
 3  92.56  0.33  1  3  1.87
 0  61.05  0.62  0  0  0.92
 1  98.95  0.95  0  2  1.52
 0  69.02  0.57  0  0  0.78
 3  87.33  0.46  1  2  1.54
 0  77.42  0.40  0  0  0.26
 2  86.10  0.71  1  3  1.30
 2  73.90  0.86  1  2  0.91
 0  70.67  0.27  0  1  0.94
 3  67.05  0.86  1  1  1.13
 0  78.06  0.21  0  1  0.89
 0  62.54  0.51  0  0  0.76
 1  99.70  0.84  0  0  2.70
 2  90.98  0.57  1  3  0.88
 2  90.98  1.00  1  2  0.52
 2  92.56  1.24  1  2  0.58
 3  97.46  0.51  1  3  1.53
 3  72.67  0.46  1  3  0.93
 1  86.10  0.86  0  1  2.01
 0  61.05  0.95  0  0  2.10
 0  73.90  0.86  0  0  1.00
 2  99.70  0.73  1  3  3.17
 2  97.46  1.06  1  2  1.13
 0  67.44  0.33  0  1  1.95
 2  86.10  0.71  1  3  1.70
 3  60.30  0.73  1  2  1.71
 0  70.67  1.30  0  0  0.77
 3  81.94  0.21  1  3  1.69
 0  69.02  0.57  0  0  1.46
 2  90.98  1.00  1  2  1.07
 3  89.33  0.27  1  2  0.86
 2  77.47  0.96  1  2  1.06
 2  85.75  1.34  1  3  0.86
 0  72.67  1.11  0  0  1.81
 1  98.95  0.62  0  1  0.79
 1  97.46  1.06  0  1  0.73
 2  98.95  0.95  1  2  1.23
 1  97.46  0.51  0  1  0.98
 1  87.33  0.46  0  1  1.47
 0  62.54  0.51  0  0  0.65
 0  61.05  0.62  0  0  0.59
 3  62.54  0.51  1  2  1.05
 2  86.10  0.86  1  2  1.17
 1  82.53  0.61  0  1  0.82
 0  73.90  0.71  0  0  0.65
 3  61.05  0.95  1  0  1.22
 3  64.69  1.16  1  3  0.66
 1  92.95  0.71  0  1  1.94
 1  82.58  0.40  0  1  0.78
 3  62.54  1.06  1  3  1.47
 2  73.90  0.71  1  3  0.78
 3  60.30  0.84  1  3  0.68
 0  78.06  1.37  0  1  0.80
 0  72.67  0.46  0  1  0.86
 1  89.33  0.27  0  1  0.76
 3  82.58  0.40  1  2  1.28
 1  92.56  0.33  0  1  0.98
 0  77.47  0.96  0  0  1.11
 1  99.70  0.84  0  1  1.15
 1  81.94  1.37  0  0  1.24
 1  86.10  0.71  0  1  0.85
 2  77.47  0.61  1  2  1.24
 2  92.95  0.71  1  2  0.65
 3  95.31  0.42  1  2  0.63
 2  81.94  1.37  1  2  0.68
 0  69.02  1.00  0  0  1.20
 0  77.47  0.61  0  1  1.14
 2  99.70  0.84  1  3  1.33
 2  82.53  0.61  1  2  0.78
 1  87.33  1.11  0  1  1.12
 0  74.25  1.34  0  0  0.66
 2  82.53  0.96  1  3  1.09
 3  78.06  0.21  1  3  0.98
 1  85.75  0.23  0  1  0.77
 0  62.54  1.06  0  0  0.61
 2  92.95  0.86  1  2  1.62
 1  85.75  1.34  0  1  1.19
 1  99.70  0.73  0  1  0.74
 1  81.94  0.21  0  1  0.79
 0  77.42  1.17  0  1  0.58
 3  67.05  0.86  1  2  0.70
 3  74.25  0.23  1  3  1.04
 3  87.33  0.46  1  3  0.81
 2  78.06  1.37  1  3  0.86
 3  72.67  0.46  1  3  0.75
 2  82.58  1.17  1  3  1.07
 1  90.98  1.00  0  1  0.89
 3  77.42  0.40  1  2  1.26
 1  82.53  0.96  0  1  0.62
 2  74.25  1.34  1  3  0.87
 0  60.30  0.84  0  0  0.75
 0  67.05  0.86  0  0  0.49
 2  73.90  0.86  1  3  1.16
 2  98.95  0.62  1  2  1.46
 2  77.42  1.17  1  3  0.98
 1  98.95  0.95  0  1  0.78
 0  70.67  0.27  0  1  0.92
 3  67.44  1.24  1  3  1.11
 2  92.56  1.24  1  3  0.59
 1  95.31  0.42  0  1  0.97
 2  90.98  0.57  1  3  1.75
 2  89.33  1.30  1  3  1.03
 0  67.44  1.24  0  0  0.91
 3  70.67  0.27  1  1  1.01
 1  82.58  1.17  0  1  0.99
 0  64.69  1.16  0  1  1.04
 3  67.05  0.71  1  3  1.47
 3  64.69  0.42  1  3  0.75
 3  92.56  0.33  1  2  0.97
 0  77.42  0.40  0  1  0.96
 3  61.05  0.62  1  3  1.11
 3  97.46  0.51  1  2  0.92
 2  95.31  1.16  1  3  1.28
 1  89.33  1.30  0  1  0.97
 3  69.02  0.57  1  3  1.04
 3  69.02  1.00  1  3  0.62
 1  92.95  0.86  0  1  0.98
 0  67.05  0.71  0  0  0.96
 3  85.75  0.23  1  3  1.40
 0  64.69  0.42  0  0  0.99
 1  86.10  0.86  0  1  0.90
 1  95.31  1.16  0  1  1.71
 2  72.67  1.11  1  3  1.00
 0  74.25  0.23  0  1  1.24
 1  90.98  0.57  0  1  0.99
 3  67.44  0.33  1  3  0.91
 0  60.30  0.73  0  0  0.97
 1  92.56  1.24  0  1  0.72
 2  87.33  1.11  1  2  2.20
 3  70.67  1.30  1  3  0.70
 0  78.06  0.21  0  1  0.97
 1  97.46  1.06  0  1  2.81
 2  90.98  0.57  1  3  0.95
 0  69.02  0.57  0  0  2.76
 2  90.98  1.00  1  3  1.30
 3  74.25  0.23  1  3  0.86
 2  72.67  1.11  1  3  0.73
 3  60.30  0.84  1  3  0.59
 2  89.33  1.30  1  3  1.21
 1  85.75  1.34  0  1  2.49
 0  72.67  1.11  0  0  1.27
 3  62.54  1.06  1  3  1.05
 1  99.70  0.73  0  1  2.14
 0  73.90  0.86  0  1  1.02
 3  62.54  0.51  1  3  0.71
 0  78.06  0.21  0  0  1.05
 2  82.53  0.96  1  2  1.61
 0  67.44  1.24  0  0  1.21
 2  87.33  1.11  1  2  1.19
 0  72.67  0.46  0  0  0.97
 0  61.05  0.95  0  0  0.65
 1  85.75  0.23  0  0  0.67
 0  67.44  0.33  0  0  0.60
 2  98.95  0.95  1  2  1.66
 0  77.42  0.40  0  0  0.65
 1  97.46  0.51  0  0  1.00
 1  82.58  1.17  0  1  1.12
 2  73.90  0.86  1  3  1.27
 0  74.25  1.34  0  1  1.46
 2  98.95  0.62  1  2  1.46
 2  82.53  0.61  1  2  0.78
 0  61.05  0.62  0  0  0.72
 3  82.58  0.40  1  3  0.81
 0  64.69  0.42  0  0  0.59
 2  74.25  1.34  1  2  0.97
 3  64.69  1.16  1  2  0.67
 3  70.67  0.27  1  3  0.98
 1  87.33  0.46  0  0  1.17
 1  90.98  0.57  0  1  0.80
 1  86.10  0.86  0  0  1.01
 0  70.67  0.27  0  0  0.93
 2  86.10  0.86  1  2  1.26
 1  82.58  0.40  0  0  0.79
 3  67.05  0.86  1  3  0.70
 0  70.67  1.30  0  0  0.66
 1  89.33  0.27  0  0  0.88
 0  60.30  0.84  0  0  0.52
 3  85.75  0.23  1  2  0.70
 2  97.46  1.06  1  2  0.98
 2  92.95  0.86  1  2  0.76
 2  73.90  0.71  1  2  0.65
 3  87.33  0.46  1  2  0.71
 1  82.53  0.61  0  1  1.59
 2  85.75  1.34  1  2  1.43
 2  78.06  1.37  1  2  0.45
 0  67.05  0.86  0  1  0.75
 3  92.56  0.33  1  3  1.37
 2  77.42  1.17  1  2  0.92
 0  77.47  0.61  0  0  0.88
 3  77.42  0.40  1  3  0.85
 1  95.31  1.16  0  1  1.18
 1  86.10  0.71  0  0  0.89
 3  89.33  0.27  1  3  0.83
 1  92.95  0.86  0  1  0.90
 3  78.06  0.21  1  3  1.30
 2  82.58  1.17  1  2  0.94
 2  92.56  1.24  1  2  0.66
 3  81.94  0.21  1  3  0.78
 3  70.67  1.30  1  2  0.82
 2  95.31  1.16  1  2  0.98
 1  92.56  1.24  0  1  0.83
 1  81.94  0.21  0  0  1.67
 2  99.70  0.84  1  2  1.31
 2  86.10  0.71  1  2  0.67
 1  89.33  1.30  0  1  1.28
 3  67.05  0.71  1  3  2.06
 0  69.02  1.00  0  0  0.73
 0  77.47  0.96  0  0  1.25
 2  77.47  0.96  1  3  0.83
 3  97.46  0.51  1  2  1.05
 1  99.70  0.84  0  1  0.88
 3  72.67  0.46  1  2  0.81
 0  67.05  0.71  0  0  0.59
 1  98.95  0.62  0  1  0.70
 3  64.69  0.42  1  3  0.74
 2  99.70  0.73  1  2  0.74
 3  95.31  0.42  1  2  0.60
 0  64.69  1.16  0  0  0.69
 1  92.95  0.71  0  1  0.98
 1  87.33  1.11  0  1  0.73
 2  81.94  1.37  1  2  0.97
 3  67.44  1.24  1  3  0.63
 1  98.95  0.95  0  1  0.81
 1  81.94  1.37  0  1  0.73
 0  62.54  1.06  0  0  0.67
 3  69.02  0.57  1  3  0.86
 0  74.25  0.23  0  0  1.57
 0  77.42  1.17  0  1  0.85
 1  92.56  0.33  0  0  0.88
 3  61.05  0.62  1  3  0.61
 0  78.06  1.37  0  0  1.07
 2  77.47  0.61  1  3  1.17
 3  67.44  0.33  1  2  0.84
 3  69.02  1.00  1  3  0.64
 0  73.90  0.71  0  0  0.87
 1  95.31  0.42  0  0  1.00
 3  61.05  0.95  1  3  0.73
 3  60.30  0.73  1  3  0.69
 1  90.98  1.00  0  1  1.06
 1  82.53  0.96  0  1  0.63
 0  62.54  0.51  0  0  0.50
 2  92.95  0.71  1  3  0.70
 0  60.30  0.73  0  0  0.84
 1  81.94  0.21  0  1  5.32
 2  90.98  1.00  1  3  1.39
 0  74.25  1.34  0  0  1.15
 2  77.47  0.96  1  3  1.07
 2  78.06  1.37  1  2  0.74
 3  61.05  0.95  1  3  0.68
 2  73.90  0.71  1  2  0.99
 0  69.02  0.57  0  1  0.80
 2  85.75  1.34  1  2  1.21
 1  82.53  0.96  0  1  0.80
 1  92.56  1.24  0  1  0.84
 2  87.33  1.11  1  2  0.76
 0  77.47  0.96  0  1  0.85
 3  85.75  0.23  1  3  0.95
 1  86.10  0.86  0  1  0.84
 2  97.46  1.06  1  2  1.00
 1  82.53  0.61  0  1  0.93
 0  64.69  1.16  0  0  0.57
 2  86.10  0.86  1  2  0.98
 3  77.42  0.40  1  3  0.88
 2  92.95  0.71  1  2  0.75
 0  67.05  0.71  0  0  0.66
 1  90.98  1.00  0  1  1.34
 3  87.33  0.46  1  3  0.99
 1  97.46  1.06  0  1  0.97
 1  98.95  0.95  0  1  0.59
 1  92.56  0.33  0  0  0.75
 2  82.58  1.17  1  2  0.86
 3  70.67  1.30  1  3  0.73
 3  70.67  0.27  1  3  0.83
 2  77.47  0.61  1  3  0.53
 2  98.95  0.62  1  2  0.61
 2  95.31  1.16  1  2  0.83
 0  62.54  0.51  0  3  0.61
 3  62.54  0.51  1  3  0.90
 3  64.69  0.42  1  3  0.50
 1  95.31  1.16  0  1  0.66
 3  72.67  0.46  1  3  0.69
 2  81.94  1.37  1  2  1.00
 2  89.33  1.30  1  2  0.63
 3  69.02  1.00  1  2  0.76
 1  95.31  0.42  0  0  1.21
 2  74.25  1.34  1  3  0.75
 2  92.56  1.24  1  2  0.60
 3  69.02  0.57  1  3  0.52
 3  95.31  0.42  1  2  0.75
 0  62.54  1.06  0  0  0.91
 1  82.58  1.17  0  0  1.08
 0  72.67  1.11  0  0  0.85
 3  89.33  0.27  1  3  0.97
 0  60.30  0.73  0  0  0.62
 1  81.94  1.37  0  1  0.77
 1  85.75  1.34  0  1  0.54
 0  78.06  1.37  0  1  0.51
 2  99.70  0.73  1  2  0.97
 1  87.33  1.11  0  1  0.68
 3  74.25  0.23  1  3  0.69
 0  70.67  0.27  0  1  0.56
 3  67.05  0.86  1  3  0.71
 1  92.95  0.71  0  1  1.25
 3  78.06  0.21  1  3  0.76
 1  99.70  0.73  0  1  1.66
 0  70.67  1.30  0  0  0.60
 1  82.58  0.40  0  1  0.60
 2  82.53  0.96  1  2  0.98
 3  61.05  0.62  1  0  0.65
 1  89.33  1.30  0  1  1.57
 0  64.69  0.42  0  0  0.79
 2  90.98  0.57  1  3  1.28
 1  99.70  0.84  0  1  0.93
 0  77.47  0.61  0  0  1.09
 3  81.94  0.21  1  3  1.12
 2  86.10  0.71  1  2  0.95
 2  72.67  1.11  1  3  0.67
 0  61.05  0.95  0  0  0.64
 0  69.02  1.00  0  0  0.62
 3  67.05  0.71  1  3  0.82
 0  78.06  0.21  0  1  0.86
 3  62.54  1.06  1  3  0.69
 0  77.42  1.17  0  1  2.02
 3  60.30  0.73  1  3  0.73
 3  97.46  0.51  1  3  1.22
 1  97.46  0.51  0  0  1.77
 3  60.30  0.84  1  3  0.57
 0  72.67  0.46  0  0  0.95
 1  85.75  0.23  0  0  0.61
 0  67.05  0.86  0  0  0.61
 2  73.90  0.86  1  3  0.57
 0  73.90  0.86  0  0  0.79
 0  73.90  0.71  0  0  0.68
 2  82.53  0.61  1  3  1.78
 0  67.44  0.33  0  1  0.83
 2  99.70  0.84  1  2  1.16
 0  61.05  0.62  0  0  0.62
 0  74.25  0.23  0  0  0.95
 3  67.44  1.24  1  3  0.63
 1  89.33  0.27  0  0  0.88
 3  82.58  0.40  1  3  1.32
 3  92.56  0.33  1  3  0.71
 3  64.69  1.16  1  3  0.75
 0  67.44  1.24  0  0  0.58
 2  98.95  0.95  1  2  1.08
 0  60.30  0.84  0  0  0.61
 3  67.44  0.33  1  3  0.96
 1  87.33  0.46  0  0  1.50
 1  92.95  0.86  0  1  1.23
 1  90.98  0.57  0  1  0.50
 0  77.42  0.40  0  1  0.59
 2  92.95  0.86  1  2  0.90
 2  77.42  1.17  1  2  0.83
 1  98.95  0.62  0  1  1.41
 1  86.10  0.71  0  1  0.86
 2  99.70  0.84  1  2  2.88
 2  86.10  0.86  1  2  0.65
 1  86.10  0.86  0  1  0.90
 2  90.98  1.00  1  2  0.81
 0  60.30  0.84  0  0  0.80
 3  89.33  0.27  1  3  0.73
 3  95.31  0.42  1  3  0.81
 1  92.56  0.33  0  0  1.05
 0  67.44  1.24  0  0  0.61
 1  89.33  1.30  0  1  1.01
 0  77.47  0.61  0  1  0.98
 2  82.53  0.96  1  2  1.05
 3  67.05  0.86  1  2  0.71
 1  87.33  1.11  0  1  1.02
 0  69.02  1.00  0  0  0.56
 0  67.05  0.71  0  0  0.64
 3  69.02  1.00  1  3  0.61
 1  90.98  1.00  0  1  0.68
 1  97.46  0.51  0  0  1.17
 2  97.46  1.06  1  2  0.80
 3  64.69  0.42  1  3  0.51
 0  73.90  0.86  0  1  1.38
 3  87.33  0.46  1  3  1.49
 3  67.05  0.71  1  3  0.62
 2  73.90  0.86  1  3  0.59
 0  77.42  0.40  0  0  0.92
 0  67.44  0.33  0  0  0.49
 3  70.67  1.30  1  3  1.28
 1  82.53  0.96  0  1  1.22
 0  77.47  0.96  0  1  0.54
 3  92.56  0.33  1  3  0.74
 3  69.02  0.57  1  3  0.64
 0  67.05  0.86  0  0  0.69
 0  72.67  1.11  0  0  0.50
 1  98.95  0.62  0  1  0.93
 0  61.05  0.62  0  0  0.64
 1  95.31  0.42  0  1  0.68
 1  92.95  0.86  0  1  1.18
 1  86.10  0.71  0  1  0.62
 3  77.42  0.40  1  2  1.01
 3  67.44  1.24  1  3  0.67
 2  72.67  1.11  1  3  0.52
 3  74.25  0.23  1  3  0.72
 2  92.95  0.86  1  2  0.84
 2  98.95  0.95  1  2  0.98
 2  77.47  0.96  1  3  0.67
 0  62.54  0.51  0  0  0.63
 3  67.44  0.33  1  3  0.86
 0  74.25  0.23  0  0  0.79
 1  89.33  0.27  0  0  1.69
 1  81.94  0.21  0  1  0.70
 1  92.95  0.71  0  1  0.63
 3  60.30  0.73  1  3  0.59
 2  78.06  1.37  1  2  1.59
 0  72.67  0.46  0  0  1.14
 2  92.95  0.71  1  3  0.67
 3  62.54  0.51  1  3  0.58
 2  82.53  0.61  1  2  0.75
 3  81.94  0.21  1  3  0.90
 1  99.70  0.84  0  1  0.98
 1  90.98  0.57  0  1  0.73
 1  82.53  0.61  0  1  0.50
 0  77.42  1.17  0  0  0.98
 3  61.05  0.95  1  3  0.58
 0  70.67  1.30  0  0  0.59
 3  62.54  1.06  1  3  0.56
 1  85.75  1.34  0  1  1.03
 2  81.94  1.37  1  2  0.79
 1  82.58  0.40  0  0  1.32
 1  92.56  1.24  0  1  0.85
 3  64.69  1.16  1  3  0.51
 2  77.42  1.17  1  3  0.77
 2  95.31  1.16  1  2  0.71
 2  87.33  1.11  1  2  0.47
 0  70.67  0.27  0  0  0.92
 3  85.75  0.23  1  2  0.83
 1  87.33  0.46  0  1  0.70
 1  98.95  0.95  0  1  0.63
 3  70.67  0.27  1  3  1.11
 1  99.70  0.73  0  1  0.75
 2  85.75  1.34  1  2  1.09
 1  97.46  1.06  0  1  0.67
 0  69.02  0.57  0  0  0.71
 3  61.05  0.62  1  3  0.60
 2  77.47  0.61  1  2  1.46
 3  97.46  0.51  1  2  0.62
 2  92.56  1.24  1  2  0.97
 0  64.69  0.42  0  0  0.91
 1  95.31  1.16  0  1  0.83
 1  82.58  1.17  0  1  0.73
 0  64.69  1.16  0  0  0.49
 2  82.58  1.17  1  1  0.73
 0  73.90  0.71  0  0  1.04
 3  72.67  0.46  1  3  0.68
 0  78.06  1.37  0  1  1.08
 2  86.10  0.71  1  2  0.75
 1  85.75  0.23  0  1  1.09
 3  60.30  0.84  1  3  1.18
 0  60.30  0.73  0  0  0.59
 2  74.25  1.34  1  3  0.60
 0  61.05  0.95  0  0  0.57
 2  98.95  0.62  1  2  0.72
 3  82.58  0.40  1  2  0.58
 2  99.70  0.73  1  2  0.53
 2  90.98  0.57  1  2  0.48
 2  89.33  1.30  1  3  0.67
 0  78.06  0.21  0  1  0.82
 2  73.90  0.71  1  3  0.72
 0  74.25  1.34  0  1  1.37
 3  78.06  0.21  1  0  0.62
 0  62.54  1.06  0  0  2.01
 1  81.94  1.37  0  1  1.13
