 1  85.75  1.34  0  0  1.52
 0  98.95  0.95  1  1  2.48
 0  89.33  1.30  1  0  1.67
 1  87.33  1.11  0  1  0.85
 1  81.94  0.21  0  1  4.20
 1  70.67  1.30  1  0  0.95
 1  89.33  0.27  1  0  2.13
 0  73.90  0.86  1  1  1.09
 1  89.33  0.27  0  0  2.50
 1  97.46  0.51  0  0  1.60
 0  70.67  0.27  0  1  1.23
 1  82.53  0.61  0  1  1.39
 0  77.47  0.96  0  1  1.26
 0  67.05  0.86  0  0  1.03
 1  67.05  0.86  1  0  1.86
 1  92.56  0.33  0  0  1.99
 1  70.67  0.27  1  0  3.69
 0  86.10  0.86  1  1  1.17
 0  77.47  0.96  1  0  1.10
 1  87.33  0.46  1  1  1.01
 0  74.25  1.34  0  0  3.99
 1  86.10  0.71  0  1  0.82
 0  69.02  0.57  0  0  2.48
 1  92.95  0.86  0  1  2.23
 1  64.69  0.42  1  1  5.15
 0  60.30  0.73  0  0  1.05
 0  85.75  1.34  1  0  1.05
 0  77.47  0.61  0  1  0.84
 1  95.31  0.42  1  0  2.16
 1  97.46  0.51  1  1  0.98
 0  61.05  0.95  0  0  1.05
 0  99.70  0.84  1  1  2.67
 0  67.44  0.33  0  0  2.20
 0  90.98  1.00  1  0  1.40
 0  95.31  1.16  1  0  0.79
 1  81.94  0.21  1  0  1.90
 1  77.42  0.40  1  1  1.13
 0  77.47  0.61  1  1  1.00
 1  92.56  0.33  1  1  2.62
 0  73.90  0.86  0  1  1.55
 1  60.30  0.84  1  1  1.17
 0  70.67  1.30  0  0  4.96
 1  67.44  0.33  1  0  3.74
 1  82.58  0.40  1  0  1.53
 1  62.54  0.51  1  0  1.24
 1  98.95  0.62  0  1  1.73
 1  78.06  0.21  1  1  1.75
 0  62.54  1.06  0  0  1.39
 0  87.33  1.11  1  0  2.04
 1  85.75  0.23  1  1  2.84
 0  99.70  0.73  1  1  3.40
 0  69.02  1.00  0  0  0.86
 0  62.54  0.51  0  0  0.73
 0  92.95  0.71  1  1  2.86
 1  60.30  0.73  1  1  2.51
 1  82.53  0.96  0  0  2.06
 0  97.46  1.06  1  0  2.94
 0  73.90  0.71  1  0  8.63
 0  77.42  0.40  0  1  1.84
 0  73.90  0.71  0  0  0.71
 1  82.58  1.17  0  1  1.61
 1  90.98  0.57  0  1  1.90
 1  69.02  0.57  1  1  2.34
 0  60.30  0.84  0  0  1.05
 0  67.44  1.24  0  0  1.05
 0  86.10  0.71  1  1  4.15
 1  67.44  1.24  1  0  4.02
 0  64.69  1.16  0  0  2.99
 1  81.94  1.37  0  1  2.28
 0  81.94  1.37  1  0  4.00
 0  78.06  1.37  0  1  2.45
 1  92.56  1.24  0  1  2.56
 1  90.98  1.00  0  1  1.43
 1  95.31  0.42  0  0  1.04
 1  85.75  0.23  0  1  0.54
 0  98.95  0.62  1  0  2.87
 1  67.05  0.71  1  0  4.49
 0  77.42  1.17  0  1  2.47
 0  82.53  0.96  1  0  5.37
 0  72.67  1.11  0  0  0.97
 0  92.95  0.86  1  0  2.94
 1  99.70  0.84  0  1  0.75
 0  64.69  0.42  0  0  2.72
 0  78.06  1.37  1  1  8.78
 0  61.05  0.62  0  1  1.66
 1  98.95  0.95  0  1  0.90
 1  95.31  1.16  0  1  4.55
 0  74.25  1.34  1  0  1.28
 0  78.06  0.21  0  1  2.39
 0  72.67  0.46  0  1  1.84
 1  99.70  0.73  0  1  1.65
 0  72.67  1.11  1  0  1.83
 0  67.05  0.71  0  0  0.64
 1  64.69  1.16  1  1  2.37
 1  86.10  0.86  0  1  1.16
 1  89.33  1.30  0  1  0.83
 1  74.25  0.23  1  1  1.53
 0  90.98  0.57  1  0  2.71
 1  87.33  0.46  0  1  3.74
 1  69.02  1.00  1  0  3.25
 0  92.56  1.24  1  0  4.38
 1  61.05  0.95  1  1  1.49
 0  74.25  0.23  0  0  2.45
 1  92.95  0.71  0  1  1.13
 1  82.58  0.40  0  1  0.98
 1  97.46  1.06  0  1  2.02
 0  82.53  0.61  1  0  0.99
 1  61.05  0.62  1  1  1.50
 0  82.58  1.17  1  0  2.05
 1  62.54  1.06  1  1  2.00
 0  77.42  1.17  1  0  2.10
 1  72.67  0.46  1  0  2.81
 0  92.56  1.24  1  0  1.87
 1  98.95  0.95  0  1  1.61
 0  60.30  0.73  0  0  0.79
 0  98.95  0.95  1  0  1.64
 1  85.75  0.23  1  1  4.62
 0  97.46  1.06  1  0  1.07
 1  82.58  0.40  0  1  1.45
 1  67.44  0.33  1  1  2.72
 1  82.58  1.17  0  1  2.72
 1  89.33  0.27  1  1  5.51
 1  60.30  0.84  1  1  1.61
 1  62.54  1.06  1  1  1.78
 1  69.02  0.57  1  0  3.04
 1  90.98  1.00  0  1  1.11
 1  99.70  0.73  0  1  1.03
 0  89.33  1.30  1  0  2.73
 1  85.75  1.34  0  1  0.93
 0  67.44  1.24  0  0  2.12
 1  82.53  0.96  0  1  0.90
 0  82.53  0.96  1  1  0.87
 1  97.46  0.51  1  1  3.30
 0  74.25  1.34  1  0  1.14
 1  92.95  0.86  0  1  1.27
 1  81.94  0.21  1  1  2.54
 1  67.05  0.71  1  1  2.84
 1  62.54  0.51  1  1  3.89
 1  87.33  0.46  0  1  6.97
 0  74.25  1.34  0  0  1.73
 1  95.31  1.16  0  1  1.07
 0  82.53  0.61  1  0  2.55
 0  77.42  0.40  0  0  6.25
 0  82.58  1.17  1  0  1.86
 0  67.05  0.71  0  0  1.37
 0  64.69  0.42  0  0  3.23
 1  72.67  0.46  1  1  3.51
 1  81.94  1.37  0  1  1.47
 0  62.54  0.51  0  0  2.11
 1  67.44  1.24  1  1  1.11
 0  86.10  0.71  1  0  2.89
 1  82.58  0.40  1  1  3.07
 1  87.33  1.11  0  1  2.89
 1  98.95  0.62  0  1  1.63
 1  92.56  1.24  0  1  1.07
 0  61.05  0.62  0  0  0.82
 0  78.06  1.37  1  0  2.99
 0  60.30  0.84  0  0  1.08
 0  99.70  0.84  1  0  2.53
 0  62.54  1.06  0  0  0.92
 1  67.05  0.86  1  1  0.95
 1  70.67  1.30  1  0  1.49
 1  60.30  0.73  1  0  2.44
 0  73.90  0.71  1  0  5.10
 0  74.25  0.23  0  0  1.30
 0  67.05  0.86  0  1  1.48
 1  64.69  0.42  1  1  3.68
 1  90.98  0.57  0  1  1.36
 1  95.31  0.42  1  1  4.44
 0  72.67  1.11  0  1  1.42
 1  81.94  0.21  0  0  2.10
 1  92.56  0.33  0  1  2.12
 1  97.46  0.51  0  1  1.38
 0  77.42  1.17  0  1  4.02
 0  86.10  0.86  1  0  4.27
 0  92.95  0.86  1  0  3.35
 1  89.33  1.30  0  1  9.20
 1  69.02  1.00  1  1  3.33
 0  90.98  0.57  1  0  2.07
 1  86.10  0.71  0  1  3.44
 0  67.44  0.33  0  1  4.58
 0  77.47  0.96  0  1  0.76
 0  73.90  0.86  0  0  1.11
 1  74.25  0.23  1  1  2.72
 0  72.67  0.46  0  1  3.47
 0  70.67  1.30  0  0  3.45
 1  82.53  0.61  0  1  1.16
 0  87.33  1.11  1  0  1.85
 1  78.06  0.21  1  1  2.35
 1  77.42  0.40  1  1  4.16
 0  95.31  1.16  1  0  1.54
 0  98.95  0.62  1  0  5.64
 1  86.10  0.86  0  0  1.41
 1  85.75  0.23  0  0  2.36
 1  64.69  1.16  1  1  2.27
 0  77.42  1.17  1  0  2.96
 0  73.90  0.71  0  1  1.48
 0  81.94  1.37  1  0  2.69
 0  90.98  1.00  1  0  1.43
 0  61.05  0.95  0  0  0.95
 1  99.70  0.84  0  1  0.87
 0  78.06  1.37  0  1  5.05
 0  69.02  1.00  0  0  0.76
 0  70.67  0.27  0  1  2.90
 0  78.06  0.21  0  0  1.96
 1  61.05  0.62  1  1  3.43
 0  72.67  1.11  1  1  2.90
 0  77.47  0.96  1  0  2.70
 1  61.05  0.95  1  1  1.67
 1  87.33  0.46  1  0  1.66
 1  97.46  1.06  0  1  1.87
 1  92.95  0.71  0  1  2.44
 0  64.69  1.16  0  0  2.66
 0  69.02  0.57  0  0  3.55
 1  95.31  0.42  0  1  1.86
 0  99.70  0.73  1  0  1.99
 0  92.95  0.71  1  0  3.78
 0  77.47  0.61  1  1  3.14
 1  92.56  0.33  1  0  2.31
 0  73.90  0.86  1  1  7.00
 0  85.75  1.34  1  0  1.65
 0  77.47  0.61  0  1  6.19
 1  89.33  0.27  0  0  3.03
 1  70.67  0.27  1  1  3.35
 1  89.33  1.30  0  1  2.24
 1  99.70  0.84  0  1  1.35
 1  74.25  0.23  1  1  2.51
 1  98.95  0.62  0  1  1.53
 1  70.67  0.27  1  0  5.71
 0  82.53  0.61  1  0  4.58
 0  89.33  1.30  1  0  2.28
 0  82.58  1.17  1  0  2.36
 0  77.42  1.17  0  1  1.07
 1  89.33  0.27  0  1  2.39
 1  61.05  0.95  1  1  3.50
 0  69.02  1.00  0  0  1.20
 1  92.56  0.33  0  1  1.93
 1  90.98  0.57  0  1  1.49
 0  86.10  0.86  1  0  1.26
 1  95.31  1.16  0  1  1.21
 0  78.06  1.37  0  1  1.29
 0  82.53  0.96  1  1  4.63
 0  95.31  1.16  1  0  1.26
 0  77.42  0.40  0  1  2.38
 0  64.69  0.42  0  0  1.54
 0  64.69  1.16  0  0  1.24
 0  98.95  0.62  1  0  2.18
 0  99.70  0.73  1  0  1.31
 0  62.54  1.06  0  0  0.99
 1  97.46  0.51  1  0  1.37
 1  62.54  1.06  1  1  1.55
 1  77.42  0.40  1  0  1.61
 0  72.67  0.46  0  1  6.51
 1  64.69  0.42  1  1  1.02
 1  99.70  0.73  0  1  1.25
 1  78.06  0.21  1  1  1.96
 0  85.75  1.34  1  0  2.71
 0  92.56  1.24  1  0  0.73
 1  97.46  0.51  0  1  1.00
 0  70.67  0.27  0  0  1.59
 0  67.05  0.71  0  0  1.21
 1  67.05  0.71  1  1  1.36
 1  98.95  0.95  0  1  1.27
 0  74.25  0.23  0  0  1.45
 1  82.53  0.96  0  1  1.65
 1  85.75  0.23  1  1  1.94
 1  82.58  1.17  0  1  1.22
 1  92.95  0.86  0  1  1.20
 1  87.33  1.11  0  1  1.14
 0  74.25  1.34  1  1  1.49
 0  61.05  0.95  0  0  1.73
 1  87.33  0.46  0  1  0.83
 1  69.02  1.00  1  1  3.52
 0  62.54  0.51  0  0  1.14
 0  77.42  1.17  1  1  2.52
 0  73.90  0.71  0  0  3.20
 0  70.67  1.30  0  0  1.48
 1  92.95  0.71  0  1  0.87
 0  77.47  0.61  1  0  3.36
 1  82.58  0.40  1  0  1.04
 1  60.30  0.84  1  1  3.16
 0  72.67  1.11  1  0  6.57
 1  70.67  1.30  1  0  1.08
 0  87.33  1.11  1  0  4.07
 1  86.10  0.86  0  1  1.36
 0  73.90  0.86  1  0  6.03
 0  78.06  0.21  0  0  2.80
 0  90.98  0.57  1  0  2.38
 0  67.44  0.33  0  0  4.33
 0  78.06  1.37  1  0  3.00
 1  69.02  0.57  1  0  2.56
 1  61.05  0.62  1  1  4.00
 1  95.31  0.42  1  0  2.15
 0  60.30  0.84  0  0  1.30
 1  81.94  0.21  1  1  5.46
 1  95.31  0.42  0  1  1.43
 0  72.67  1.11  0  1  2.24
 1  81.94  1.37  0  1  1.21
 0  61.05  0.62  0  0  0.86
 0  77.47  0.61  0  1  0.89
 0  69.02  0.57  0  0  1.75
 1  62.54  0.51  1  1  1.58
 1  60.30  0.73  1  1  0.97
 0  92.95  0.86  1  0  2.12
 0  81.94  1.37  1  0  3.37
 1  82.58  0.40  0  1  0.84
 0  98.95  0.95  1  0  2.59
 1  67.05  0.86  1  1  1.89
 0  92.95  0.71  1  0  1.14
 0  99.70  0.84  1  0  1.02
 1  87.33  0.46  1  0  1.17
 1  81.94  0.21  0  0  1.98
 0  67.44  1.24  0  0  0.91
 0  90.98  1.00  1  0  3.12
 0  77.47  0.96  1  1  3.09
 1  90.98  1.00  0  1  1.16
 0  97.46  1.06  1  0  1.26
 1  97.46  1.06  0  1  1.57
 1  92.56  0.33  1  1  2.76
 1  82.53  0.61  0  1  0.93
 0  77.47  0.96  0  0  5.30
 1  86.10  0.71  0  1  0.89
 0  67.05  0.86  0  0  0.93
 0  86.10  0.71  1  0  1.27
 1  92.56  1.24  0  1  0.99
 1  85.75  0.23  0  0  5.01
 1  89.33  0.27  1  1  1.49
 1  72.67  0.46  1  1  3.32
 1  67.44  1.24  1  1  1.31
 1  67.44  0.33  1  1  2.82
 0  60.30  0.73  0  0  3.49
 0  74.25  1.34  0  0  4.61
 1  64.69  1.16  1  1  1.06
 0  73.90  0.71  1  1  4.86
 0  73.90  0.86  0  0  4.14
 1  85.75  1.34  0  1  1.10
 1  89.33  0.27  0  1  2.73
 1  67.44  0.33  1  1  3.79
 1  87.33  0.46  1  0  2.27
 0  97.46  1.06  1  0  3.45
 0  64.69  1.16  0  0  1.41
 1  72.67  0.46  1  0  5.93
 0  86.10  0.86  1  0  2.41
 0  87.33  1.11  1  0  3.42
 1  61.05  0.62  1  1  2.74
 1  60.30  0.73  1  1  0.79
 0  77.42  1.17  0  1  1.95
 0  69.02  1.00  0  0  1.22
 1  92.56  1.24  0  1  0.85
 0  92.95  0.71  1  0  1.24
 1  92.95  0.86  0  1  1.16
 0  74.25  1.34  0  0  3.63
 1  86.10  0.86  0  1  1.17
 1  62.54  0.51  1  1  1.68
 0  73.90  0.71  1  1  3.29
 0  72.67  1.11  1  1  1.40
 0  89.33  1.30  1  0  0.86
 0  73.90  0.86  0  0  1.97
 1  69.02  0.57  1  0  5.39
 1  98.95  0.62  0  1  0.97
 0  99.70  0.84  1  0  1.15
 0  61.05  0.95  0  0  0.74
 0  92.95  0.86  1  0  1.25
 1  86.10  0.71  0  1  1.64
 0  74.25  0.23  0  0  1.91
 0  77.47  0.61  1  0  2.70
 1  87.33  0.46  0  0  4.95
 1  85.75  0.23  0  1  3.49
 0  78.06  0.21  0  0  2.64
 0  67.44  0.33  0  0  0.97
 1  81.94  0.21  1  0  7.13
 0  82.58  1.17  1  0  1.74
 0  92.56  1.24  1  0  1.16
 1  95.31  0.42  0  1  2.21
 1  64.69  1.16  1  0  1.74
 0  95.31  1.16  1  0  1.00
 0  90.98  1.00  1  0  2.11
 0  77.47  0.96  1  1  2.98
 1  61.05  0.95  1  1  0.77
 0  60.30  0.84  0  0  0.98
 1  97.46  0.51  1  0  1.63
 1  95.31  0.42  1  1  1.63
 1  92.95  0.71  0  1  0.92
 0  99.70  0.73  1  0  1.08
 0  98.95  0.95  1  0  1.28
 1  89.33  0.27  1  1  1.06
 1  98.95  0.95  0  1  0.75
 1  74.25  0.23  1  0  2.19
 0  73.90  0.86  1  1  4.53
 0  70.67  0.27  0  0  3.17
 1  81.94  0.21  0  1  1.96
 0  64.69  0.42  0  0  0.98
 1  99.70  0.84  0  1  1.08
 0  62.54  0.51  0  0  0.93
 0  82.53  0.96  1  0  2.32
 0  70.67  1.30  0  0  1.30
 1  85.75  0.23  1  1  1.91
 1  78.06  0.21  1  1  1.38
 1  82.58  0.40  0  1  2.26
 1  82.58  1.17  0  1  1.19
 0  67.05  0.86  0  0  0.80
 0  62.54  1.06  0  0  0.66
 0  85.75  1.34  1  0  1.13
 1  99.70  0.73  0  1  0.63
 1  92.56  0.33  0  0  3.16
 1  67.05  0.71  1  0  7.17
 1  90.98  0.57  0  1  1.29
 1  69.02  1.00  1  1  2.31
 1  82.58  0.40  1  0 10.64
 1  92.56  0.33  1  0  3.51
 0  61.05  0.62  0  0  0.91
 0  67.44  1.24  0  0  0.80
 0  77.42  0.40  0  1  1.16
 1  82.53  0.96  0  1  0.87
 1  64.69  0.42  1  0  1.36
 1  85.75  1.34  0  1  0.93
 0  73.90  0.71  0  0  5.41
 1  67.05  0.86  1  1  1.03
 1  60.30  0.84  1  1  1.39
 1  89.33  1.30  0  1  1.29
 0  78.06  1.37  0  1  4.51
 0  77.42  1.17  1  1  2.16
 1  90.98  1.00  0  1  0.82
 1  62.54  1.06  1  1  3.38
 1  70.67  1.30  1  1  0.69
 0  74.25  1.34  1  1  1.45
 1  77.42  0.40  1  1  2.87
 0  72.67  1.11  0  1  0.91
 1  97.46  0.51  0  1  2.47
 0  77.47  0.61  0  0  2.05
 1  70.67  0.27  1  1  5.37
 0  72.67  0.46  0  1  1.87
 0  81.94  1.37  1  0  2.16
 0  82.53  0.61  1  0  0.94
 1  87.33  1.11  0  1  0.77
 0  60.30  0.73  0  0  4.10
 0  77.47  0.96  0  1  1.29
 0  86.10  0.71  1  0  0.91
 1  97.46  1.06  0  1  1.10
 1  81.94  1.37  0  1  0.89
 0  90.98  0.57  1  0  2.92
 1  82.53  0.61  0  1  1.77
 0  67.05  0.71  0  0  1.12
 1  95.31  1.16  0  1  0.76
 1  67.44  1.24  1  1  1.29
 0  69.02  0.57  0  0  2.23
 0  98.95  0.62  1  1  4.02
 0  78.06  1.37  1  1  2.19
 1  82.58  1.17  0  1  1.17
 1  82.58  0.40  1  0  2.40
 0  90.98  1.00  1  0  1.27
 0  89.33  1.30  1  0  1.52
 1  87.33  0.46  0  1  0.95
 0  64.69  1.16  0  0  0.95
 0  85.75  1.34  1  0  1.87
 0  92.56  1.24  1  0  0.90
 0  95.31  1.16  1  0  0.61
 1  81.94  0.21  1  1  4.02
 0  81.94  1.37  1  0  1.42
 0  74.25  1.34  1  1  0.65
 0  99.70  0.84  1  0  1.30
 1  85.75  0.23  0  1  1.73
 1  67.44  1.24  1  1  1.06
 1  60.30  0.84  1  1  2.85
 1  89.33  1.30  0  1  1.47
 1  99.70  0.84  0  1  1.46
 1  89.33  0.27  0  1  1.28
 0  98.95  0.95  1  0  1.98
 1  67.44  0.33  1  1  1.81
 0  78.06  0.21  0  1  2.09
 0  60.30  0.73  0  0  1.37
 1  61.05  0.62  1  1  1.38
 0  70.67  1.30  0  0  4.63
 0  67.44  1.24  0  0  0.75
 0  67.05  0.71  0  0  2.86
 0  77.42  1.17  1  1  1.97
 1  64.69  0.42  1  0  1.03
 0  77.42  0.40  0  1  2.39
 0  70.67  0.27  0  0  3.49
 0  62.54  0.51  0  0  1.47
 0  60.30  0.84  0  0  1.20
 1  97.46  0.51  0  1  0.79
 0  92.95  0.71  1  0  2.38
 1  90.98  0.57  0  1  1.25
 1  62.54  1.06  1  1  1.75
 0  98.95  0.62  1  0  1.35
 1  89.33  0.27  1  1  5.81
 0  61.05  0.95  0  0  1.55
 0  72.67  0.46  0  0  6.06
 0  78.06  1.37  1  0  1.63
 0  67.44  0.33  0  1  2.71
 1  90.98  1.00  0  1  1.20
 1  97.46  1.06  0  1  0.75
 0  67.05  0.86  0  0  0.76
 1  82.53  0.61  0  1  0.82
 0  90.98  0.57  1  0  5.00
 0  72.67  1.11  1  0  3.34
 1  92.56  1.24  0  1  1.66
 1  70.67  0.27  1  1  2.35
 1  60.30  0.73  1  0  0.96
 1  77.42  0.40  1  0  2.20
 1  92.56  0.33  0  1  2.28
 0  64.69  0.42  0  0  1.05
 0  74.25  0.23  0  0  5.88
 0  77.42  1.17  0  1  0.75
 1  85.75  0.23  1  0  3.74
 0  86.10  0.86  1  0  1.68
 0  69.02  0.57  0  0  1.11
 1  86.10  0.86  0  1  1.34
 1  64.69  1.16  1  1  2.31
 0  86.10  0.71  1  0  1.93
 0  82.58  1.17  1  0  3.10
 0  77.47  0.96  1  0  1.21
 1  99.70  0.73  0  0  2.43
 1  92.95  0.71  0  1  0.68
 1  95.31  1.16  0  1  0.86
 0  87.33  1.11  1  0  1.73
 1  95.31  0.42  1  1  3.74
 0  62.54  1.06  0  0  0.88
 0  82.53  0.96  1  0  2.15
 0  73.90  0.86  0  0  0.92
 0  73.90  0.71  1  0  3.52
 1  82.53  0.96  0  1  1.09
 1  92.95  0.86  0  1  1.07
 1  81.94  0.21  0  1  1.27
 0  77.47  0.96  0  1  1.37
 0  73.90  0.86  1  0  2.91
 1  61.05  0.95  1  1  1.28
 0  61.05  0.62  0  0  1.04
 1  87.33  1.11  0  1  0.73
 0  73.90  0.71  0  1  0.76
 1  92.56  0.33  1  0  1.68
 0  69.02  1.00  0  0  0.76
 1  87.33  0.46  1  1  6.08
 1  72.67  0.46  1  0  2.01
 0  77.47  0.61  0  0  3.86
 1  74.25  0.23  1  1  1.83
 0  77.47  0.61  1  0  1.73
 1  69.02  1.00  1  1  5.72
 1  97.46  0.51  1  0  6.56
 1  67.05  0.71  1  1  1.96
 1  70.67  1.30  1  1  1.25
 1  78.06  0.21  1  0  6.90
 1  98.95  0.62  0  0  4.79
 1  95.31  0.42  0  1  0.92
 1  98.95  0.95  0  1  0.84
 0  72.67  1.11  0  0  2.82
 1  62.54  0.51  1  1  1.38
 1  82.58  0.40  0  0  2.28
 0  78.06  1.37  0  1  1.73
 0  82.53  0.61  1  0  2.93
 0  74.25  1.34  0  0  5.33
 0  97.46  1.06  1  0  1.58
 1  69.02  0.57  1  1  0.97
 1  86.10  0.71  0  1  1.97
 1  67.05  0.86  1  1  1.88
 1  81.94  1.37  0  1  2.13
 0  92.95  0.86  1  0  1.35
 0  99.70  0.73  1  0  1.80
 1  85.75  1.34  0  1  2.32
