 1  89.33  1.30  0  2  3.99
 1  95.31  0.42  0  2  3.31
 1  81.94  0.21  0  2  0.92
 1  82.58  0.40  0  2  0.76
 1  90.98  0.57  0  2  1.17
 2  92.56  1.24  1  2  1.78
 3  60.30  0.84  1  3  2.60
 0  69.02  0.57  0  1  1.45
 2  82.58  1.17  1  2  1.55
 3  67.05  0.86  1  3  0.78
 2  99.70  0.84  1  2  1.41
 0  70.67  1.30  0  1  1.75
 1  87.33  1.11  0  0  0.68
 3  87.33  0.46  1  2  6.12
 0  78.06  0.21  0  1  3.94
 0  60.30  0.84  0  1  0.97
 2  99.70  0.73  1  2  1.31
 3  77.42  0.40  1  0  3.64
 1  82.53  0.96  0  1  7.02
 1  86.10  0.71  0  1  2.01
 2  77.47  0.61  1  2  3.16
 2  97.46  1.06  1  2  4.40
 0  61.05  0.62  0  3  3.12
 2  82.53  0.96  1  2  1.47
 1  82.53  0.61  0  1  0.84
 3  97.46  0.51  1  2  0.80
 0  70.67  0.27  0  0  2.58
 0  77.47  0.96  0  0  1.14
 3  67.05  0.71  1  3  6.46
 2  90.98  1.00  1  2  0.81
 2  98.95  0.62  1  2  1.32
 2  92.95  0.71  1  2  0.60
 2  98.95  0.95  1  2  0.68
 1  82.58  1.17  0  1  1.83
 0  67.05  0.86  0  0  0.63
 1  97.46  0.51  0  1  1.30
 2  87.33  1.11  1  2  1.36
 0  73.90  0.71  0  0  8.17
 0  73.90  0.86  0  0  0.73
 3  85.75  0.23  1  2  1.58
 3  61.05  0.62  1  3  1.03
 0  69.02  1.00  0  0  2.84
 3  67.44  0.33  1  2  1.48
 3  95.31  0.42  1  2  1.23
 1  86.10  0.86  0  1  2.16
 1  92.95  0.71  0  1  2.54
 0  77.42  1.17  0  0  0.82
 3  72.67  0.46  1  2  0.78
 3  69.02  0.57  1  3  0.85
 2  92.95  0.86  1  2  0.94
 2  90.98  0.57  1  2  1.13
 3  61.05  0.95  1  3  0.99
 1  87.33  0.46  0  1  0.86
 3  89.33  0.27  1  2  1.83
 2  78.06  1.37  1  3  1.00
 0  67.44  0.33  0  0  1.70
 2  72.67  1.11  1  3  7.52
 1  81.94  1.37  0  0  9.49
 0  74.25  1.34  0  1  0.99
 2  85.75  1.34  1  2  5.77
 0  60.30  0.73  0  0  1.58
 3  69.02  1.00  1  3  2.21
 1  92.56  0.33  0  1  1.48
 1  99.70  0.73  0  1  4.78
 0  67.05  0.71  0  0  3.48
 2  73.90  0.86  1  3 14.67
 2  74.25  1.34  1  2  2.53
 1  89.33  0.27  0  1  2.59
 0  78.06  1.37  0  0  4.10
 3  78.06  0.21  1  2  1.36
 1  85.75  1.34  0  0  1.28
 2  73.90  0.71  1  3  1.88
 0  64.69  1.16  0  0  1.51
 2  77.42  1.17  1  3  6.32
 3  81.94  0.21  1  2  0.98
 2  86.10  0.71  1  2  3.14
 0  64.69  0.42  0  0  1.71
 3  60.30  0.73  1  3  5.14
 2  86.10  0.86  1  2  0.89
 1  85.75  0.23  0  1  4.49
 2  77.47  0.96  1  2  2.54
 0  77.42  0.40  0  1  4.24
 3  62.54  1.06  1  3  1.52
 0  67.44  1.24  0  0  1.01
 0  72.67  1.11  0  0  1.60
 0  74.25  0.23  0  1  2.79
 3  92.56  0.33  1  2  3.32
 1  98.95  0.62  0  1  2.13
 2  95.31  1.16  1  2  4.46
 0  62.54  0.51  0  0  1.06
 0  61.05  0.95  0  0  0.87
 1  95.31  1.16  0  1 19.14
 0  72.67  0.46  0  0  2.90
 2  89.33  1.30  1  2  1.09
 1  92.56  1.24  0  1  1.25
 3  82.58  0.40  1  2  2.79
 2  82.53  0.61  1  3  2.31
 1  92.95  0.86  0  1  1.19
 3  62.54  0.51  1  3  3.01
 3  64.69  1.16  1  3  0.86
 0  77.47  0.61  0  1  1.48
 3  70.67  0.27  1  3  4.86
 3  67.44  1.24  1  3  2.03
 3  70.67  1.30  1  3  0.81
 0  62.54  1.06  0  0  1.27
 1  99.70  0.84  0  1  1.48
 1  90.98  1.00  0  1  1.33
 1  97.46  1.06  0  1  0.82
 1  98.95  0.95  0  1  0.83
 2  81.94  1.37  1  2  1.14
 3  74.25  0.23  1  3  2.60
 3  64.69  0.42  1  3  0.83
 2  73.90  0.86  1  2  9.69
 1  98.95  0.95  0  1  0.96
 1  81.94  0.21  0  0  0.82
 0  74.25  0.23  0  0  2.83
 2  74.25  1.34  1  2  1.71
 0  70.67  1.30  0  0  1.90
 3  82.58  0.40  1  2  8.51
 0  73.90  0.71  0  0  2.73
 2  86.10  0.86  1  2  1.29
 2  86.10  0.71  1  2  1.12
 3  81.94  0.21  1  3  1.10
 0  60.30  0.84  0  0  1.31
 0  61.05  0.62  0  0  0.59
 0  61.05  0.95  0  0  0.51
 3  67.44  0.33  1  3  3.23
 0  77.42  0.40  0  1  6.32
 2  82.58  1.17  1  2  1.03
 2  92.56  1.24  1  2  0.57
 3  92.56  0.33  1  3  1.25
 2  92.95  0.86  1  2  0.98
 2  82.53  0.61  1  2  1.16
 3  69.02  0.57  1  3  1.14
 0  64.69  1.16  0  0  1.06
 1  87.33  0.46  0  0  5.51
 0  72.67  0.46  0  0  1.71
 2  77.42  1.17  1  2  1.05
 2  92.95  0.71  1  2  1.18
 2  87.33  1.11  1  2  0.65
 2  90.98  1.00  1  2  0.55
 0  62.54  0.51  0  0  0.99
 1  99.70  0.73  0  1  4.92
 3  64.69  1.16  1  3  1.28
 0  67.44  1.24  0  0  0.92
 2  81.94  1.37  1  2  1.21
 1  97.46  0.51  0  1  1.07
 2  72.67  1.11  1  3  1.83
 3  89.33  0.27  1  3  1.49
 0  69.02  1.00  0  0  4.07
 1  97.46  1.06  0  1  1.92
 1  82.58  1.17  0  1  5.98
 1  89.33  1.30  0  1  0.77
 3  70.67  0.27  1  3  1.99
 1  89.33  0.27  0  0  2.35
 2  98.95  0.62  1  2  0.96
 2  77.47  0.61  1  2  0.77
 3  87.33  0.46  1  2  0.84
 2  90.98  0.57  1  2  1.73
 3  60.30  0.84  1  3  2.12
 3  85.75  0.23  1  3  1.74
 2  82.53  0.96  1  2  0.70
 0  67.05  0.71  0  0  2.42
 2  98.95  0.95  1  2  2.25
 3  70.67  1.30  1  3  5.46
 2  97.46  1.06  1  2  0.89
 2  99.70  0.84  1  2  1.77
 0  67.05  0.86  0  0  1.54
 1  81.94  1.37  0  1  1.63
 1  87.33  1.11  0  1  0.87
 2  89.33  1.30  1  2  0.98
 0  67.44  0.33  0  0  3.29
 0  69.02  0.57  0  0  1.73
 3  78.06  0.21  1  3  1.13
 3  60.30  0.73  1  3  0.90
 0  70.67  0.27  0  0  2.24
 1  92.56  0.33  0  0  0.94
 2  78.06  1.37  1  2  1.14
 3  61.05  0.95  1  3  0.77
 3  67.44  1.24  1  3  0.73
 3  72.67  0.46  1  2  1.27
 1  98.95  0.62  0  1  1.50
 2  95.31  1.16  1  2  1.02
 2  77.47  0.96  1  2  2.12
 1  90.98  0.57  0  1  1.55
 1  95.31  0.42  0  1  2.69
 1  85.75  0.23  0  0  1.98
 0  60.30  0.73  0  0  0.78
 3  67.05  0.71  1  3  3.49
 1  82.58  0.40  0  1  1.33
 3  74.25  0.23  1  3  1.16
 3  61.05  0.62  1  3  0.77
 3  69.02  1.00  1  2  1.11
 0  77.47  0.96  0  1  0.90
 3  95.31  0.42  1  2  1.69
 1  95.31  1.16  0  1  0.83
 1  82.53  0.61  0  1  2.03
 1  86.10  0.71  0  1  5.14
 1  85.75  1.34  0  1  1.22
 0  78.06  1.37  0  1  0.63
 1  86.10  0.86  0  1  0.97
 3  64.69  0.42  1  3  1.10
 0  73.90  0.86  0  1  0.99
 1  92.56  1.24  0  1  0.74
 0  72.67  1.11  0  0  0.66
 1  92.95  0.86  0  1  0.71
 3  67.05  0.86  1  3  0.89
 3  77.42  0.40  1  2  1.17
 0  64.69  0.42  0  0  1.09
 2  73.90  0.71  1  2  1.51
 1  92.95  0.71  0  1  0.99
 1  82.53  0.96  0  1  1.60
 0  77.42  1.17  0  1  0.56
 2  85.75  1.34  1  2  0.75
 3  62.54  0.51  1  3  1.01
 3  62.54  1.06  1  3  0.62
 2  99.70  0.73  1  2  0.85
 1  99.70  0.84  0  1  0.82
 0  78.06  0.21  0  0  1.71
 1  90.98  1.00  0  1  0.92
 0  74.25  1.34  0  0  1.49
 0  77.47  0.61  0  1  0.81
 3  97.46  0.51  1  2  2.61
 0  62.54  1.06  0  0  4.33
 3  61.05  0.62  1  3  9.46
 3  60.30  0.73  1  3  0.80
 1  86.10  0.86  0  1  1.17
 2  78.06  1.37  1  2  0.95
 1  92.95  0.71  0  1  1.09
 3  81.94  0.21  1  3  1.03
 0  74.25  0.23  0  0  4.95
 2  73.90  0.71  1  2  4.10
 3  82.58  0.40  1  2  2.17
 0  77.42  0.40  0  1  1.67
 1  98.95  0.95  0  1  0.79
 2  97.46  1.06  1  2  1.12
 1  81.94  1.37  0  1  1.05
 1  87.33  1.11  0  1  0.92
 1  82.53  0.96  0  1  0.69
 0  70.67  0.27  0  0  1.11
 2  82.53  0.96  1  2  0.92
 0  78.06  1.37  0  1  1.05
 3  69.02  1.00  1  3  1.42
 0  72.67  1.11  0  0  2.08
 2  87.33  1.11  1  2  0.74
 1  97.46  1.06  0  1  0.79
 2  99.70  0.84  1  2  0.66
 0  64.69  0.42  0  0  1.02
 0  62.54  1.06  0  0  0.67
 1  90.98  1.00  0  1  0.74
 0  77.47  0.96  0  1  1.85
 0  61.05  0.62  0  0  0.71
 2  98.95  0.95  1  2  0.82
 1  89.33  1.30  0  1  0.82
 0  69.02  1.00  0  0  1.57
 3  85.75  0.23  1  3  1.19
 0  73.90  0.71  0  1  1.56
 2  89.33  1.30  1  2  0.53
 1  82.58  1.17  0  1  0.82
 3  62.54  1.06  1  3  0.96
 0  60.30  0.73  0  0  0.96
 2  92.95  0.71  1  2  1.46
 1  92.56  0.33  0  1  4.75
 2  90.98  1.00  1  2  0.78
 3  67.05  0.86  1  3  1.03
 1  82.58  0.40  0  1  1.13
 2  92.95  0.86  1  2  0.51
 3  70.67  1.30  1  3  0.81
 2  98.95  0.62  1  2  1.35
 1  86.10  0.71  0  1  1.58
 3  62.54  0.51  1  3  1.04
 3  92.56  0.33  1  2  1.10
 0  67.05  0.86  0  0  2.91
 2  72.67  1.11  1  3  1.23
 2  85.75  1.34  1  2  1.23
 1  99.70  0.84  0  1  1.25
 3  78.06  0.21  1  3  1.43
 0  74.25  1.34  0  1  1.82
 1  98.95  0.62  0  1  1.16
 3  77.42  0.40  1  2  1.07
 2  99.70  0.73  1  2  0.78
 2  74.25  1.34  1  3  0.68
 0  72.67  0.46  0  1  1.88
 3  67.44  0.33  1  0  9.49
 1  89.33  0.27  0  0  3.76
 3  74.25  0.23  1  3  5.87
 1  85.75  0.23  0  1  3.09
 1  87.33  0.46  0  1  8.66
 2  77.42  1.17  1  2  1.79
 3  87.33  0.46  1  2  1.13
 0  60.30  0.84  0  0  2.08
 0  78.06  0.21  0  0  4.57
 0  61.05  0.95  0  0  0.77
 1  90.98  0.57  0  1  0.99
 0  64.69  1.16  0  0  0.75
 0  77.47  0.61  0  1  1.28
 1  81.94  0.21  0  0  1.95
 3  72.67  0.46  1  2  0.97
 2  90.98  0.57  1  2  0.82
 0  67.05  0.71  0  1  1.00
 3  67.44  1.24  1  0  1.46
 2  86.10  0.71  1  1  0.06
 3  64.69  1.16  1  2  0.56
 3  67.05  0.71  1  3  0.49
 1  95.31  1.16  0  1  0.64
 3  69.02  0.57  1  2  0.85
 2  81.94  1.37  1  1  0.23
 0  62.54  0.51  0  1  0.62
 0  70.67  1.30  0  2  0.35
 3  64.69  0.42  1  1  0.18
 2  86.10  0.86  1  1  0.12
 3  70.67  0.27  1  0  0.20
 3  89.33  0.27  1  3  0.27
 3  61.05  0.95  1  3  0.45
 3  97.46  0.51  1  0  0.29
 0  69.02  0.57  0  2  0.26
 1  97.46  0.51  0  1  0.29
 1  99.70  0.73  0  2  0.26
 0  67.44  1.24  0  1  0.27
 1  82.53  0.61  0  3  0.36
 1  92.95  0.86  0  1  0.33
 2  77.47  0.96  1  2  0.25
 3  95.31  0.42  1  2  0.60
 2  95.31  1.16  1  0  0.35
 3  60.30  0.84  1  3  0.03
 0  77.42  1.17  0  3  0.24
 2  77.47  0.61  1  0  0.06
 1  95.31  0.42  0  2  0.30
 1  85.75  1.34  0  1  0.26
 2  73.90  0.86  1  2  0.73
 2  82.53  0.61  1  2  0.60
 2  82.58  1.17  1  2  0.55
 1  92.56  1.24  0  2  0.30
 0  67.44  0.33  0  1  0.64
 0  73.90  0.86  0  2  0.29
 2  92.56  1.24  1  1  0.34
 3  61.05  0.62  1  2  4.51
 1  99.70  0.84  0  1  0.26
 2  77.42  1.17  1  2  0.25
 0  73.90  0.71  0  2  0.03
 2  87.33  1.11  1  1  0.27
 2  86.10  0.71  1  2  0.77
 0  74.25  1.34  0  3  0.32
 0  74.25  0.23  0  1  0.60
 1  90.98  1.00  0  0  0.26
 2  82.53  0.96  1  2  0.30
 0  69.02  0.57  0  2  0.38
 1  82.53  0.96  0  1  0.92
 0  67.44  0.33  0  1  0.26
 3  82.58  0.40  1  2  0.33
 1  98.95  0.62  0  1  0.27
 1  92.56  0.33  0  0  0.23
 3  87.33  0.46  1  3  0.27
 3  64.69  0.42  1  2  0.27
 2  73.90  0.86  1  1  0.41
 3  60.30  0.84  1  1  0.25
 2  92.95  0.86  1  1  0.08
 0  67.05  0.86  0  1  1.83
 0  64.69  1.16  0  2  0.28
 2  82.58  1.17  1  0  0.19
 1  99.70  0.73  0  3  0.19
 0  61.05  0.62  0  2  0.31
 0  67.05  0.71  0  3  0.10
 3  67.05  0.86  1  1  0.56
 0  70.67  1.30  0  0  0.28
 3  78.06  0.21  1  2  0.18
 3  62.54  1.06  1  1  0.31
 0  77.42  0.40  0  1  1.13
 2  77.47  0.96  1  2  0.37
 2  82.53  0.61  1  1  0.36
 3  85.75  0.23  1  2  0.27
 0  78.06  1.37  0  0  0.26
 3  70.67  0.27  1  3  0.23
 1  82.58  0.40  0  1  0.28
 1  87.33  0.46  0  2  0.33
 0  69.02  1.00  0  2  0.34
 3  64.69  1.16  1  2  0.42
 2  85.75  1.34  1  2  0.82
 0  60.30  0.73  0  2  0.61
 0  62.54  1.06  0  2  0.47
 1  81.94  0.21  0  2  0.38
 0  72.67  1.11  0  1  0.26
 3  69.02  0.57  1  1  0.48
 3  61.05  0.95  1  3  0.59
 3  67.05  0.71  1  0  0.53
 2  99.70  0.84  1  1  0.42
 2  73.90  0.71  1  2  0.34
 3  70.67  1.30  1  2  0.34
 1  81.94  1.37  0  1  0.06
 0  62.54  0.51  0  2  0.37
 2  98.95  0.62  1  1  0.31
 1  86.10  0.71  0  1  0.41
 0  60.30  0.84  0  0  0.83
 2  92.56  1.24  1  2  1.44
 3  67.44  1.24  1  3  0.75
 1  97.46  0.51  0  1  0.58
 2  77.47  0.61  1  2  0.54
 2  74.25  1.34  1  3  0.59
 0  73.90  0.86  0  1  0.64
 0  77.47  0.61  0  1  0.73
 1  98.95  0.95  0  2  1.08
 1  92.56  1.24  0  2  0.75
 1  85.75  0.23  0  2  0.39
 1  89.33  0.27  0  1  0.58
 3  81.94  0.21  1  2  0.67
 1  85.75  1.34  0  2  1.02
 1  89.33  1.30  0  1  0.64
 0  77.47  0.96  0  1  0.92
 3  95.31  0.42  1  2  0.64
 1  87.33  1.11  0  1  0.84
 0  64.69  0.42  0  0  1.08
 2  90.98  1.00  1  1  0.30
 2  86.10  0.86  1  2  0.17
 3  62.54  0.51  1  0  0.81
 2  92.95  0.71  1  3  0.35
 1  82.53  0.61  0  2  0.29
 3  69.02  1.00  1  1  0.25
 2  95.31  1.16  1  2  0.40
 1  92.95  0.86  0  2  0.30
 2  78.06  1.37  1  2  0.54
 2  98.95  0.95  1  2  0.57
 1  95.31  1.16  0  1  0.62
 3  74.25  0.23  1  2  0.67
 2  97.46  1.06  1  1  0.70
 0  78.06  0.21  0  1  0.65
 3  92.56  0.33  1  2  0.56
 3  89.33  0.27  1  1  0.59
 3  60.30  0.73  1  2  0.65
 0  77.42  1.17  0  2  0.69
 1  90.98  0.57  0  1  0.69
 2  81.94  1.37  1  2  0.73
 2  72.67  1.11  1  2  0.55
 3  72.67  0.46  1  2  0.73
 1  82.58  1.17  0  1  0.59
 3  97.46  0.51  1  2  0.55
 1  92.95  0.71  0  1  0.75
 0  67.44  1.24  0  3  0.85
 1  97.46  1.06  0  1  0.77
 1  95.31  0.42  0  1  0.88
 2  90.98  0.57  1  2  0.70
 0  61.05  0.95  0  0  0.73
 3  77.42  0.40  1  2  0.98
 3  67.44  0.33  1  3  0.79
 0  72.67  0.46  0  1  0.75
 2  99.70  0.73  1  2  0.55
 0  70.67  0.27  0  1  0.67
 1  86.10  0.86  0  1  0.61
 2  89.33  1.30  1  2  0.65
 2  92.95  0.86  1  2  0.81
 3  70.67  0.27  1  3  0.72
 2  95.31  1.16  1  2  0.54
 1  95.31  1.16  0  1  0.87
 0  61.05  0.62  0  0  0.80
 3  67.44  0.33  1  3  1.87
 2  73.90  0.71  1  2  1.26
 0  69.02  0.57  0  1  1.41
 2  77.47  0.96  1  2  0.81
 1  87.33  0.46  0  1  1.30
 2  90.98  0.57  1  2  1.97
 2  82.53  0.96  1  2  0.59
 3  62.54  1.06  1  3  0.72
 3  61.05  0.62  1  3  0.84
 1  85.75  1.34  0  1  1.30
 2  98.95  0.95  1  2  0.98
 0  77.47  0.96  0  1  1.23
 2  77.42  1.17  1  2  0.84
 0  60.30  0.73  0  0  1.06
 2  86.10  0.86  1  2  0.99
 1  89.33  0.27  0  1  1.06
 0  64.69  0.42  0  0  2.72
 0  78.06  1.37  0  1  0.62
 2  82.58  1.17  1  2  1.67
 3  67.05  0.71  1  2  0.88
 0  61.05  0.95  0  0  1.92
 1  86.10  0.86  0  1  0.83
 3  72.67  0.46  1  2  0.86
 0  64.69  1.16  0  0  2.24
 2  72.67  1.11  1  2  1.27
 0  77.42  0.40  0  1  2.20
 1  81.94  1.37  0  1  3.74
 1  85.75  0.23  0  0  2.13
 2  73.90  0.86  1  2  0.92
 0  67.44  0.33  0  1  1.77
 1  82.58  0.40  0  1  2.83
 3  60.30  0.84  1  3  1.27
 3  70.67  1.30  1  2  0.78
 0  74.25  1.34  0  1  1.85
 0  77.42  1.17  0  1 13.41
 3  69.02  1.00  1  3  5.64
 2  87.33  1.11  1  3  0.81
 0  70.67  0.27  0  2  0.12
 0  60.30  0.84  0  3  0.64
 3  85.75  0.23  1  1  0.01
 1  90.98  0.57  0  3  0.32
 1  92.56  0.33  0  2  0.17
 3  82.58  0.40  1  3  0.08
 1  89.33  1.30  0  3  0.30
 1  82.58  1.17  0  3  0.28
 1  95.31  0.42  0  3  0.29
 0  74.25  0.23  0  3  0.48
 1  92.95  0.71  0  3  0.81
 1  99.70  0.73  0  2  0.38
 1  92.56  1.24  0  2  0.35
 3  64.69  1.16  1  2  0.39
 0  77.47  0.61  0  3  1.37
 2  99.70  0.73  1  2  1.31
 1  87.33  1.11  0  3  1.52
 2  82.53  0.61  1  3  4.07
 2  92.95  0.71  1  1  0.52
 3  61.05  0.95  1  2  0.63
 1  81.94  0.21  0  1  0.41
 2  85.75  1.34  1  2  0.57
 2  90.98  1.00  1  2  0.92
 0  73.90  0.71  0  2  1.28
 0  67.44  1.24  0  1  1.68
 2  77.47  0.61  1  2  0.35
 3  62.54  0.51  1  2  1.00
 3  87.33  0.46  1  1  0.82
 3  64.69  0.42  1  2  0.27
 1  92.95  0.86  0  1  0.06
 3  95.31  0.42  1  2  0.95
 0  62.54  0.51  0  1  1.26
 0  78.06  0.21  0  1  0.95
 0  72.67  0.46  0  0  0.60
 1  99.70  0.84  0  0  0.79
 2  99.70  0.84  1  1  0.33
 0  73.90  0.86  0  1  0.26
 1  90.98  1.00  0  2  0.64
 0  67.05  0.86  0  2  0.02
 1  82.53  0.61  0  1  0.18
 3  67.44  1.24  1  1  0.41
 3  67.05  0.86  1  0  1.00
 3  60.30  0.73  1  1  0.48
 1  98.95  0.95  0  0  0.65
 3  89.33  0.27  1  2  3.13
 2  74.25  1.34  1  1  6.23
 2  97.46  1.06  1  1  1.87
 1  97.46  0.51  0  2  0.53
 3  78.06  0.21  1  1 12.87
 3  69.02  0.57  1  3  1.17
 0  72.67  1.11  0  3  0.36
 2  81.94  1.37  1  3 19.29
 1  98.95  0.62  0  2  0.30
 3  74.25  0.23  1  3  0.16
 0  67.05  0.71  0  1 11.66
 0  70.67  1.30  0  2  0.27
 2  78.06  1.37  1  0  0.03
 3  92.56  0.33  1  1  0.30
 0  69.02  1.00  0  2  0.05
 2  89.33  1.30  1  2  0.39
 1  97.46  1.06  0  2  0.09
 1  86.10  0.71  0  1  0.39
 3  81.94  0.21  1  1  0.36
 3  77.42  0.40  1  2  0.22
 0  62.54  1.06  0  1  0.26
 3  97.46  0.51  1  3  0.23
 1  82.53  0.96  0  0  0.45
 2  98.95  0.62  1  2  0.44
 2  86.10  0.71  1  1  0.36
 2  92.56  1.24  1  1  0.80
