 0  73.90  0.86  0  0  1.03
 2  86.10  0.71  1  2  2.69
 2  90.98  0.57  1  2  1.07
 2  77.42  1.17  1  0  0.69
 2  92.95  0.86  1  2  0.80
 3  67.44  0.33  1  1  0.89
 0  61.05  0.95  0  1  2.75
 2  87.33  1.11  1  0  2.43
 2  98.95  0.95  1  2  0.60
 2  99.70  0.84  1  1  0.97
 0  64.69  0.42  0  3  0.78
 3  70.67  1.30  1  0  2.62
 1  92.95  0.86  0  0  1.35
 2  81.94  1.37  1  2  1.08
 0  74.25  0.23  0  3  0.68
 0  73.90  0.71  0  1  0.75
 3  67.05  0.86  1  0  0.32
 2  92.95  0.71  1  1  1.03
 1  82.58  1.17  0  2  0.92
 2  73.90  0.86  1  3  0.38
 3  69.02  1.00  1  0  0.20
 2  74.25  1.34  1  1  0.78
 3  87.33  0.46  1  2  0.68
 0  78.06  1.37  0  1  0.64
 1  81.94  0.21  0  0  0.29
 1  89.33  0.27  0  3  0.37
 1  82.53  0.96  0  1  0.26
 0  77.47  0.96  0  1  0.60
 1  87.33  0.46  0  3  1.30
 3  64.69  0.42  1  0  1.15
 1  86.10  0.86  0  1  0.81
 1  90.98  1.00  0  1  0.65
 0  69.02  0.57  0  2  0.63
 3  70.67  0.27  1  2  0.80
 1  97.46  0.51  0  3  2.08
 1  95.31  1.16  0  0  0.83
 2  86.10  0.86  1  1  0.79
 2  77.47  0.96  1  2  0.76
 1  86.10  0.71  0  3  1.56
 1  92.56  0.33  0  1  0.98
 3  77.42  0.40  1  0  1.01
 1  92.56  1.24  0  1  1.12
 0  77.47  0.61  0  1  2.44
 0  77.42  1.17  0  2  1.11
 3  67.05  0.71  1  2  1.38
 0  60.30  0.84  0  0  0.90
 3  61.05  0.62  1  0  0.69
 0  60.30  0.73  0  3  0.40
 1  85.75  0.23  0  2  0.86
 2  85.75  1.34  1  1  1.08
 3  97.46  0.51  1  3  0.62
 1  95.31  0.42  0  3  0.48
 0  67.44  1.24  0  1  1.34
 1  90.98  0.57  0  0  0.21
 3  85.75  0.23  1  2  0.24
 2  82.53  0.96  1  2  0.80
 1  89.33  1.30  0  2  1.42
 3  60.30  0.84  1  0  0.80
 1  98.95  0.62  0  1  0.77
 0  72.67  0.46  0  1  0.59
 2  92.56  1.24  1  3  0.33
 1  87.33  1.11  0  2  0.46
 3  95.31  0.42  1  1  0.35
 2  89.33  1.30  1  2  0.23
 2  82.53  0.61  1  2  0.21
 2  77.47  0.61  1  0  0.28
 3  72.67  0.46  1  3  0.27
 2  95.31  1.16  1  3  0.45
 2  98.95  0.62  1  3  0.68
 0  70.67  0.27  0  3  1.31
 3  60.30  0.73  1  3  0.70
 3  67.44  1.24  1  3  0.55
 0  64.69  1.16  0  3  0.52
 3  62.54  0.51  1  3  0.60
 0  74.25  1.34  0  0  1.48
 2  78.06  1.37  1  1  1.88
 3  78.06  0.21  1  2  1.82
 3  89.33  0.27  1  2  1.13
 0  69.02  1.00  0  1  0.45
 3  92.56  0.33  1  3  0.32
 2  99.70  0.73  1  3  2.02
 0  67.05  0.71  0  3  0.65
 0  67.44  0.33  0  0  0.56
 3  82.58  0.40  1  1  0.84
 3  64.69  1.16  1  3  1.23
 2  82.58  1.17  1  2  0.84
 1  82.53  0.61  0  1  1.55
 0  78.06  0.21  0  1  0.74
 1  81.94  1.37  0  1  1.83
 2  97.46  1.06  1  3  1.81
 0  62.54  1.06  0  3  1.62
 0  67.05  0.86  0  0  0.46
 3  61.05  0.95  1  3  0.73
 3  62.54  1.06  1  3  0.81
 3  81.94  0.21  1  1  0.64
 2  73.90  0.71  1  3  1.64
 1  82.58  0.40  0  0  0.85
 1  97.46  1.06  0  2  0.72
 1  99.70  0.73  0  0  1.61
 1  99.70  0.84  0  3  0.46
 2  72.67  1.11  1  3  0.81
 1  92.95  0.71  0  2  0.28
 2  90.98  1.00  1  0  0.58
 0  62.54  0.51  0  1  0.28
 0  72.67  1.11  0  3  0.23
 1  98.95  0.95  0  0  0.24
 0  70.67  1.30  0  2  0.21
 1  85.75  1.34  0  3  0.31
 3  74.25  0.23  1  0  0.23
 0  77.42  0.40  0  3  0.32
 0  61.05  0.62  0  0  1.63
 3  69.02  0.57  1  0  0.71
 0  67.44  0.33  0  0  1.01
 0  70.67  0.27  0  0  0.49
 2  99.70  0.73  1  3  0.56
 2  97.46  1.06  1  1  0.59
 3  67.05  0.86  1  3  0.58
 3  69.02  0.57  1  3  1.52
 0  69.02  0.57  0  0  0.71
 2  95.31  1.16  1  2  3.15
 1  90.98  0.57  0  1  0.68
 0  77.42  1.17  0  2  0.96
 3  60.30  0.84  1  3  1.78
 0  74.25  0.23  0  2  2.29
 1  86.10  0.71  0  0  2.20
 0  73.90  0.71  0  2  1.17
 1  82.58  0.40  0  1  0.78
 2  82.53  0.61  1  1  1.05
 0  67.05  0.86  0  3  0.63
 0  61.05  0.95  0  3  0.67
 3  67.44  1.24  1  0  0.03
 3  70.67  1.30  1  3  0.85
 0  62.54  0.51  0  0  0.66
 1  85.75  1.34  0  1  1.09
 1  82.53  0.61  0  1  0.65
 2  72.67  1.11  1  2  2.42
 1  99.70  0.84  0  0  1.24
 2  92.56  1.24  1  3  3.76
 1  87.33  0.46  0  2  1.30
 1  97.46  1.06  0  3  0.56
 3  67.05  0.71  1  3  0.70
 0  67.05  0.71  0  0  1.98
 3  62.54  1.06  1  3  0.61
 2  78.06  1.37  1  1  0.84
 3  69.02  1.00  1  3  0.68
 0  73.90  0.86  0  0  2.18
 3  97.46  0.51  1  1  1.50
 2  98.95  0.62  1  2  0.41
 1  92.95  0.86  0  2  0.52
 0  77.47  0.61  0  3  0.34
 1  85.75  0.23  0  0  0.50
 3  81.94  0.21  1  1  0.59
 2  74.25  1.34  1  0  0.22
 0  64.69  1.16  0  3  0.39
 1  87.33  1.11  0  1  1.15
 0  60.30  0.73  0  3  0.79
 0  69.02  1.00  0  0  0.77
 1  89.33  1.30  0  0  0.88
 3  61.05  0.95  1  3  0.64
 0  60.30  0.84  0  3  0.59
 3  78.06  0.21  1  0  0.62
 2  98.95  0.95  1  1  0.37
 3  72.67  0.46  1  3  0.45
 2  82.53  0.96  1  3  0.46
 1  82.53  0.96  0  0  0.56
 2  90.98  1.00  1  1  0.64
 3  95.31  0.42  1  0  1.07
 0  78.06  1.37  0  0  0.70
 2  73.90  0.71  1  3  0.62
 2  86.10  0.86  1  0  0.51
 0  72.67  0.46  0  3  0.77
 3  87.33  0.46  1  1  1.61
 2  90.98  0.57  1  3  0.22
 1  89.33  0.27  0  0  0.55
 1  90.98  1.00  0  3  1.93
 3  89.33  0.27  1  0  0.61
 2  87.33  1.11  1  1  0.57
 0  70.67  1.30  0  0  1.03
 1  98.95  0.62  0  2  0.67
 1  82.58  1.17  0  0  2.00
 0  77.47  0.96  0  0  1.01
 3  64.69  0.42  1  3  0.55
 0  62.54  1.06  0  0  0.58
 1  95.31  1.16  0  3  0.88
 2  77.47  0.96  1  0  0.71
 3  61.05  0.62  1  3  0.57
 0  61.05  0.62  0  0  0.69
 3  70.67  0.27  1  0  1.34
 2  82.58  1.17  1  2  2.94
 2  99.70  0.84  1  2  0.63
 2  89.33  1.30  1  2  0.55
 1  92.56  0.33  0  1  0.75
 3  77.42  0.40  1  2  0.62
 0  72.67  1.11  0  0  0.89
 1  81.94  0.21  0  0  0.79
 3  82.58  0.40  1  2  0.79
 1  98.95  0.95  0  1  1.45
 2  86.10  0.71  1  1  0.54
 3  64.69  1.16  1  3  0.56
 1  95.31  0.42  0  2  1.51
 2  92.95  0.71  1  2  0.87
 3  62.54  0.51  1  3  0.58
 2  81.94  1.37  1  3  0.95
 0  64.69  0.42  0  0  0.83
 1  92.56  1.24  0  1  1.48
 3  74.25  0.23  1  2  5.30
 3  85.75  0.23  1  1  1.10
 1  97.46  0.51  0  3  0.50
 1  86.10  0.86  0  0  0.27
 2  85.75  1.34  1  3  0.51
 0  77.42  0.40  0  1  0.57
 2  77.47  0.61  1  3  0.61
 0  74.25  1.34  0  0  0.01
 3  92.56  0.33  1  2  0.95
 0  78.06  0.21  0  3  0.23
 0  67.44  1.24  0  1  0.62
 1  99.70  0.73  0  3  0.47
 3  67.44  0.33  1  3  1.57
 1  81.94  1.37  0  3  0.66
 2  73.90  0.86  1  0  0.68
 2  77.42  1.17  1  2  0.52
 2  92.95  0.86  1  3  0.73
 3  60.30  0.73  1  3  1.14
 1  92.95  0.71  0  1  0.61
 3  81.94  0.21  1  0  0.76
 1  99.70  0.84  0  1  0.88
 3  69.02  0.57  1  3  0.54
 1  90.98  1.00  0  1  0.66
 0  74.25  0.23  0  0  2.13
 0  61.05  0.62  0  0  1.02
 0  64.69  0.42  0  0  0.77
 1  98.95  0.95  0  0  0.74
 1  87.33  1.11  0  1  0.73
 2  78.06  1.37  1  3  1.39
 2  77.42  1.17  1  2  0.65
 1  89.33  1.30  0  0  1.83
 0  62.54  0.51  0  1  1.09
 1  85.75  0.23  0  0  0.56
 3  95.31  0.42  1  2  5.61
 3  69.02  1.00  1  3  0.81
 0  77.47  0.61  0  1  1.94
 1  92.56  0.33  0  0  0.62
 1  82.53  0.61  0  1  1.22
 0  77.47  0.96  0  1  0.74
 2  82.53  0.61  1  2  0.87
 3  61.05  0.95  1  3  0.91
 3  97.46  0.51  1  2  9.61
 0  78.06  1.37  0  0 11.42
 1  82.58  1.17  0  0  0.47
 0  67.05  0.86  0  0  0.85
 3  89.33  0.27  1  1  0.96
 1  89.33  0.27  0  2  0.77
 2  73.90  0.86  1  3  0.30
 3  67.05  0.86  1  2  0.55
 2  77.47  0.61  1  3  0.59
 2  77.47  0.96  1  3  9.54
 2  81.94  1.37  1  2  0.22
 0  67.44  0.33  0  0  0.99
 1  81.94  0.21  0  1  0.71
 0  77.42  1.17  0  0  0.77
 0  64.69  1.16  0  0  0.97
 2  92.56  1.24  1  2  1.71
 3  70.67  1.30  1  2  0.81
 1  90.98  0.57  0  1  0.83
 1  86.10  0.86  0  1  0.63
 1  98.95  0.62  0  1  0.56
 1  82.58  0.40  0  1  0.53
 2  82.53  0.96  1  2  2.34
 3  60.30  0.84  1  3  0.58
 2  97.46  1.06  1  3  1.36
 3  92.56  0.33  1  2  0.58
 0  78.06  0.21  0  1  0.98
 0  77.42  0.40  0  0  0.46
 0  72.67  0.46  0  0  0.42
 0  74.25  1.34  0  1  0.64
 3  61.05  0.62  1  3  0.64
 1  99.70  0.73  0  1  1.59
 2  99.70  0.84  1  0  0.90
 2  72.67  1.11  1  3  0.59
 3  67.05  0.71  1  3  0.56
 2  73.90  0.71  1  2  0.90
 3  64.69  0.42  1  2  0.52
 3  77.42  0.40  1  3  0.77
 0  70.67  1.30  0  0  1.20
 3  74.25  0.23  1  3  1.04
 1  85.75  1.34  0  1  0.80
 1  81.94  1.37  0  1  0.50
 1  92.56  1.24  0  1  0.46
 0  69.02  0.57  0  0  0.70
 3  60.30  0.73  1  3  0.48
 3  62.54  1.06  1  3  0.43
 2  90.98  1.00  1  3  1.63
 3  62.54  0.51  1  3  0.58
 2  82.58  1.17  1  2  0.94
 2  90.98  0.57  1  2  0.90
 1  92.95  0.86  0  1  1.46
 1  92.95  0.71  0  1  0.49
 1  95.31  0.42  0  1  0.47
 1  82.53  0.96  0  1  0.39
 2  87.33  1.11  1  1  0.51
 1  97.46  1.06  0  1  1.94
 0  69.02  1.00  0  3  0.66
 3  85.75  0.23  1  2  1.49
 1  86.10  0.71  0  0  1.99
 0  60.30  0.73  0  0  0.82
 2  86.10  0.86  1  2  0.97
 3  72.67  0.46  1  2  0.76
 3  87.33  0.46  1  0  0.36
 0  61.05  0.95  0  3  0.70
 3  67.44  0.33  1  3  1.31
 0  67.44  1.24  0  0  0.66
 2  98.95  0.62  1  0  0.95
 0  60.30  0.84  0  0  1.02
 1  87.33  0.46  0  0  0.68
 1  95.31  1.16  0  3  0.27
 2  92.95  0.86  1  1  0.75
 1  97.46  0.51  0  1  0.89
 3  70.67  0.27  1  0  0.87
 0  73.90  0.71  0  2  1.01
 3  64.69  1.16  1  3  0.56
 0  72.67  1.11  0  0  0.60
 2  92.95  0.71  1  0  0.66
 3  82.58  0.40  1  3  0.66
 2  86.10  0.71  1  0  0.63
 2  95.31  1.16  1  0  0.83
 2  98.95  0.95  1  2  0.03
 0  73.90  0.86  0  3  1.79
 0  70.67  0.27  0  0  1.73
 0  67.05  0.71  0  0  0.59
 2  74.25  1.34  1  0  0.56
 2  99.70  0.73  1  0  0.73
 2  85.75  1.34  1  1  0.42
 2  89.33  1.30  1  1  1.74
 3  78.06  0.21  1  2  1.21
 3  67.44  1.24  1  3  0.38
 0  62.54  1.06  0  0  0.58
 0  69.02  1.00  0  1  1.13
 1  82.58  0.40  0  0  0.76
 1  81.94  1.37  0  1  1.25
 3  70.67  0.27  1  2  0.80
 2  90.98  1.00  1  2  0.80
 1  92.56  1.24  0  0  3.94
 0  64.69  1.16  0  0  0.46
 3  74.25  0.23  1  2  1.28
 3  67.44  1.24  1  3  0.55
 3  64.69  0.42  1  3  0.59
 2  90.98  0.57  1  3  1.92
 2  73.90  0.71  1  3  0.56
 0  73.90  0.86  0  1  4.68
 2  97.46  1.06  1  2  1.70
 2  99.70  0.73  1  3  2.05
 2  81.94  1.37  1  3  0.86
 1  92.95  0.86  0  1  1.99
 0  69.02  0.57  0  0  0.98
 0  60.30  0.84  0  0  0.55
 0  61.05  0.95  0  0  0.54
 3  69.02  0.57  1  3  0.79
 3  61.05  0.95  1  3  0.60
 2  87.33  1.11  1  2  4.78
 3  64.69  1.16  1  3  0.59
 1  95.31  1.16  0  1  4.61
 1  92.95  0.71  0  1  0.98
 0  77.47  0.96  0  1  0.63
 3  69.02  1.00  1  3  0.50
 2  74.25  1.34  1  3  1.03
 3  82.58  0.40  1  3  1.41
 2  82.53  0.96  1  2  1.01
 1  85.75  1.34  0  0  3.37
 2  98.95  0.62  1  2  1.06
 0  72.67  0.46  0  0  0.95
 2  89.33  1.30  1  3  1.76
 0  61.05  0.62  0  0  1.03
 0  62.54  0.51  0  0  1.47
 1  89.33  1.30  0  3  0.78
 0  67.44  0.33  0  0  0.77
 3  67.05  0.86  1  3  0.73
 2  78.06  1.37  1  3  0.65
 2  92.56  1.24  1  0  2.03
 3  85.75  0.23  1  2  2.69
 2  92.95  0.71  1  3  0.92
 0  70.67  1.30  0  0  0.67
 2  86.10  0.71  1  3  0.91
 3  60.30  0.73  1  3  0.69
 2  77.47  0.61  1  0  0.77
 0  77.42  0.40  0  0  1.17
 1  95.31  0.42  0  2  1.16
 1  92.56  0.33  0  3  0.53
 2  72.67  1.11  1  3  0.87
 3  67.44  0.33  1  3  0.58
 2  73.90  0.86  1  3  0.57
 1  82.58  1.17  0  3  0.56
 3  92.56  0.33  1  0  0.26
 3  81.94  0.21  1  1  0.49
 3  97.46  0.51  1  3  0.89
 1  82.53  0.96  0  0  1.05
 2  86.10  0.86  1  3  0.50
 1  82.53  0.61  0  3  1.31
 2  82.58  1.17  1  3  0.79
 0  78.06  1.37  0  1  0.85
 0  74.25  1.34  0  0  1.37
 3  72.67  0.46  1  3  0.62
 1  86.10  0.71  0  0  0.83
 1  97.46  0.51  0  1  0.81
 0  70.67  0.27  0  0  0.62
 2  92.95  0.86  1  2  1.35
 1  90.98  1.00  0  1  0.81
 1  98.95  0.95  0  1  0.83
 0  78.06  0.21  0  0  0.82
 3  60.30  0.84  1  0  0.69
 2  77.42  1.17  1  3  1.43
 1  98.95  0.62  0  1  2.18
 0  74.25  0.23  0  0  0.89
 2  95.31  1.16  1  2  1.63
 0  67.05  0.86  0  0  0.77
 1  87.33  0.46  0  0  0.87
 3  78.06  0.21  1  3  1.28
 1  86.10  0.86  0  1  1.65
 3  62.54  1.06  1  3  0.62
 0  67.44  1.24  0  0  2.30
 0  62.54  1.06  0  0  0.54
 2  82.53  0.61  1  2  1.19
 3  77.42  0.40  1  2  0.74
 3  95.31  0.42  1  3  0.95
 3  87.33  0.46  1  0  0.67
 0  60.30  0.73  0  0  1.13
 2  77.47  0.96  1  3  0.64
 0  77.47  0.61  0  3  0.64
 0  64.69  0.42  0  0  0.45
 3  67.05  0.71  1  3  1.24
 2  98.95  0.95  1  2  0.81
 1  85.75  0.23  0  1  0.86
 0  67.05  0.71  0  0  0.92
 1  81.94  0.21  0  2  0.64
 0  77.42  1.17  0  3  0.89
 1  90.98  0.57  0  0  0.57
 2  85.75  1.34  1  3  0.68
 3  70.67  1.30  1  3  0.78
 2  99.70  0.84  1  2  0.78
 1  99.70  0.84  0  1  1.03
 1  89.33  0.27  0  1  0.93
 3  61.05  0.62  1  3  3.57
 1  97.46  1.06  0  1  0.83
 0  72.67  1.11  0  0  0.60
 0  73.90  0.71  0  0  0.96
 3  62.54  0.51  1  3  0.60
 3  89.33  0.27  1  2  0.67
 1  99.70  0.73  0  2  0.61
 1  87.33  1.11  0  1  0.78
 1  97.46  0.51  0  1  2.73
 3  70.67  1.30  1  3  0.47
 0  61.05  0.95  0  3  0.72
 3  60.30  0.84  1  3  0.54
 1  82.58  1.17  0  1  0.63
 2  72.67  1.11  1  3  0.70
 1  90.98  0.57  0  1  0.81
 2  82.53  0.96  1  2  0.70
 0  62.54  1.06  0  0  0.97
 0  67.44  1.24  0  0  0.81
 2  86.10  0.71  1  2  0.74
 3  61.05  0.62  1  3  0.59
 1  85.75  1.34  0  1  0.82
 0  74.25  0.23  0  0  0.83
 1  82.58  0.40  0  2  0.81
 3  92.56  0.33  1  2  1.31
 3  85.75  0.23  1  3  0.77
 3  69.02  1.00  1  3  0.48
 3  67.05  0.86  1  3  0.45
 3  89.33  0.27  1  3  1.51
 2  77.47  0.96  1  3  4.76
 3  61.05  0.95  1  3  0.62
 0  70.67  0.27  0  0  0.60
 2  73.90  0.71  1  2  0.75
 3  67.05  0.71  1  3  2.99
 2  77.42  1.17  1  3  1.30
 1  95.31  1.16  0  0  0.84
 3  67.44  0.33  1  3  0.72
 1  99.70  0.84  0  1  0.89
 2  99.70  0.73  1  1  1.06
 3  74.25  0.23  1  3  1.88
 0  73.90  0.86  0  0  0.70
 0  72.67  0.46  0  0  0.55
 2  82.53  0.61  1  3  3.97
 3  97.46  0.51  1  2  1.23
 1  92.95  0.71  0  1  1.04
 3  87.33  0.46  1  2  1.26
 3  60.30  0.73  1  3  1.18
 1  81.94  1.37  0  1  1.13
 2  98.95  0.95  1  1  0.95
 2  89.33  1.30  1  2  1.26
 0  70.67  1.30  0  0  0.58
 3  81.94  0.21  1  2  0.78
 0  78.06  1.37  0  1  1.58
 0  74.25  1.34  0  1  0.94
 1  87.33  1.11  0  0  0.73
 1  89.33  1.30  0  1  0.61
 3  64.69  0.42  1  3  1.13
 0  64.69  0.42  0  0  0.93
 3  62.54  0.51  1  3  0.60
 0  64.69  1.16  0  0  1.78
 0  67.05  0.86  0  0  0.80
 1  95.31  0.42  0  1  0.69
 0  73.90  0.71  0  3  2.82
 2  92.95  0.86  1  1  1.00
 2  95.31  1.16  1  0  0.70
 3  67.44  1.24  1  0  0.67
 2  74.25  1.34  1  3  1.51
 1  87.33  0.46  0  1  0.83
 0  69.02  1.00  0  0  0.95
 0  61.05  0.62  0  0  0.84
 1  99.70  0.73  0  1  1.17
 0  77.42  1.17  0  1  1.38
 1  98.95  0.95  0  0  0.91
 3  78.06  0.21  1  0  0.51
 2  87.33  1.11  1  1  0.50
 2  77.47  0.61  1  3  0.50
 1  90.98  1.00  0  1  0.73
 3  72.67  0.46  1  2  0.97
 2  98.95  0.62  1  3  0.55
 2  73.90  0.86  1  2  0.48
 0  77.47  0.96  0  1  0.91
 0  67.44  0.33  0  0  0.39
 3  95.31  0.42  1  2  1.01
 2  78.06  1.37  1  3  0.65
 1  82.53  0.61  0  2  0.28
 1  89.33  0.27  0  1  0.74
 1  92.56  0.33  0  1  0.86
 1  81.94  0.21  0  2  0.50
 1  92.56  1.24  0  3  0.27
 2  99.70  0.84  1  0  0.51
 3  77.42  0.40  1  2  0.82
 3  62.54  1.06  1  3  0.40
 0  77.47  0.61  0  0  1.17
 0  62.54  0.51  0  0  0.87
 2  97.46  1.06  1  2  3.13
 2  81.94  1.37  1  2  1.02
 0  60.30  0.73  0  0  0.66
 0  69.02  0.57  0  0  0.95
 1  98.95  0.62  0  2  0.98
 1  86.10  0.86  0  1  0.62
 2  85.75  1.34  1  1  0.89
 3  70.67  0.27  1  2  0.81
 3  69.02  0.57  1  3  0.27
 1  85.75  0.23  0  1  0.57
 2  92.95  0.71  1  1  0.76
 1  86.10  0.71  0  2  0.78
 1  92.95  0.86  0  1  0.69
 1  97.46  1.06  0  2  0.77
 2  90.98  1.00  1  1  0.51
 2  90.98  0.57  1  0  0.62
 0  77.42  0.40  0  0  0.72
 1  82.53  0.96  0  2  0.66
 2  92.56  1.24  1  3  0.59
 2  86.10  0.86  1  1  0.90
 2  82.58  1.17  1  0  1.97
 3  82.58  0.40  1  2  0.69
 3  64.69  1.16  1  3  0.45
 0  60.30  0.84  0  0  0.60
 0  67.05  0.71  0  0  0.56
 0  78.06  0.21  0  1  0.96
 0  72.67  1.11  0  0  0.64
