 2  72.67  1.11  1  0  2.88
 1  81.94  1.37  0  1  1.32
 3  78.06  0.21  1  2  1.99
 2  85.75  1.34  1  1  1.79
 2  73.90  0.71  1  1  3.63
 1  87.33  0.46  0  3  0.65
 0  70.67  1.30  0  0  0.94
 3  60.30  0.73  1  2  2.19
 0  69.02  1.00  0  1  0.89
 3  61.05  0.62  1  0  0.75
 3  67.05  0.71  1  3  0.69
 0  74.25  0.23  0  3  0.70
 1  85.75  1.34  0  0  2.16
 1  85.75  0.23  0  2  1.12
 3  69.02  0.57  1  3  1.43
 3  64.69  1.16  1  3  0.57
 1  97.46  1.06  0  2  2.04
 0  67.05  0.71  0  3  0.63
 3  92.56  0.33  1  3  0.63
 2  77.47  0.96  1  1  0.85
 3  67.44  1.24  1  0  0.63
 2  82.53  0.61  1  0  2.48
 2  99.70  0.73  1  3  0.71
 2  78.06  1.37  1  2  0.73
 3  89.33  0.27  1  3  0.64
 3  62.54  1.06  1  1  2.05
 0  62.54  0.51  0  0  0.57
 0  64.69  0.42  0  0  0.66
 2  89.33  1.30  1  3  0.61
 0  61.05  0.95  0  0  0.77
 2  86.10  0.71  1  3  0.57
 1  81.94  0.21  0  3  0.59
 3  62.54  0.51  1  0  0.74
 0  72.67  0.46  0  1  0.86
 2  86.10  0.86  1  3  0.80
 3  67.44  0.33  1  0  0.76
 3  87.33  0.46  1  2  2.53
 1  90.98  1.00  0  3  0.90
 0  77.47  0.96  0  1  0.65
 1  95.31  1.16  0  3  0.74
 0  67.44  0.33  0  0  0.70
 1  92.95  0.86  0  3  0.59
 1  86.10  0.71  0  2  0.95
 0  78.06  0.21  0  1  2.12
 1  92.56  0.33  0  3  0.58
 3  69.02  1.00  1  0  0.69
 2  87.33  1.11  1  1  0.67
 1  92.56  1.24  0  3  0.63
 0  70.67  0.27  0  0  0.58
 2  73.90  0.86  1  0  0.58
 1  89.33  1.30  0  2  3.34
 3  72.67  0.46  1  1  2.39
 3  97.46  0.51  1  3  0.70
 3  81.94  0.21  1  2  1.77
 0  67.05  0.86  0  0  0.55
 2  90.98  0.57  1  3  0.52
 3  61.05  0.95  1  0  0.58
 0  77.42  0.40  0  0  3.66
 2  77.47  0.61  1  1  2.03
 2  95.31  1.16  1  3  0.61
 2  82.53  0.96  1  2  0.50
 3  77.42  0.40  1  1  1.45
 1  82.58  1.17  0  2  1.86
 2  74.25  1.34  1  0  0.57
 0  60.30  0.73  0  0  0.78
 1  82.53  0.61  0  2  1.16
 1  97.46  0.51  0  3  0.73
 0  73.90  0.86  0  1  1.01
 0  67.44  1.24  0  0  0.53
 2  81.94  1.37  1  3  0.67
 2  92.95  0.71  1  2  1.31
 2  99.70  0.84  1  2  0.63
 0  69.02  0.57  0  1  1.38
 1  86.10  0.86  0  1  0.61
 3  67.05  0.86  1  1  1.36
 1  99.70  0.84  0  2  1.48
 1  95.31  0.42  0  3  1.03
 3  82.58  0.40  1  3  1.82
 2  98.95  0.62  1  3  0.65
 2  82.58  1.17  1  2  0.46
 3  95.31  0.42  1  3  0.67
 0  64.69  1.16  0  0  0.78
 3  64.69  0.42  1  0  0.69
 0  78.06  1.37  0  1  2.64
 1  90.98  0.57  0  2  1.43
 0  77.47  0.61  0  3  0.47
 1  99.70  0.73  0  3  0.54
 2  77.42  1.17  1  2  2.24
 3  60.30  0.84  1  0  0.80
 3  85.75  0.23  1  3  0.81
 0  60.30  0.84  0  0  0.95
 1  98.95  0.95  0  2  1.73
 3  74.25  0.23  1  1  2.98
 1  98.95  0.62  0  2  0.96
 3  70.67  0.27  1  3  1.40
 1  92.95  0.71  0  2  0.70
 0  72.67  1.11  0  2  1.19
 1  82.58  0.40  0  3  0.63
 0  62.54  1.06  0  0  0.56
 2  90.98  1.00  1  2  1.50
 2  97.46  1.06  1  2  0.57
 1  87.33  1.11  0  2  0.58
 3  70.67  1.30  1  1  1.82
 0  73.90  0.71  0  2  1.22
 0  61.05  0.62  0  0  0.63
 1  82.53  0.96  0  1  2.06
 2  98.95  0.95  1  1  0.71
 2  92.56  1.24  1  2  0.49
 0  77.42  1.17  0  2  0.57
 0  74.25  1.34  0  1  0.49
 2  92.95  0.86  1  2  0.90
 1  89.33  0.27  0  3  2.07
 0  78.06  1.37  0  3  2.17
 3  78.06  0.21  1  3  0.66
 0  77.42  1.17  0  2  1.13
 2  99.70  0.84  1  2  1.24
 0  67.44  0.33  0  1  0.75
 1  99.70  0.84  0  2  0.86
 0  77.47  0.96  0  3  0.77
 3  72.67  0.46  1  1  0.73
 3  97.46  0.51  1  3  0.63
 2  82.53  0.61  1  3  1.35
 3  85.75  0.23  1  3  0.60
 0  61.05  0.62  0  0  0.66
 2  82.58  1.17  1  1  1.35
 0  73.90  0.71  0  2  0.78
 1  92.95  0.86  0  3  0.69
 2  81.94  1.37  1  2  0.81
 2  92.95  0.86  1  2  1.07
 0  67.44  1.24  0  2  0.51
 3  69.02  1.00  1  1  0.88
 1  86.10  0.71  0  2  0.76
 0  70.67  0.27  0  0  0.58
 0  67.05  0.86  0  0  0.90
 3  60.30  0.84  1  0  0.80
 2  72.67  1.11  1  1  1.47
 1  92.56  0.33  0  2  1.53
 0  69.02  1.00  0  2  0.68
 1  97.46  1.06  0  2  0.75
 1  90.98  0.57  0  3  0.59
 0  74.25  0.23  0  3  1.51
 2  98.95  0.62  1  3  0.59
 2  85.75  1.34  1  3  0.81
 1  81.94  0.21  0  3  0.95
 3  70.67  0.27  1  0  0.92
 3  61.05  0.62  1  0  0.78
 1  87.33  0.46  0  1  0.85
 0  60.30  0.84  0  0  0.80
 3  64.69  0.42  1  1  1.72
 0  64.69  1.16  0  1  1.05
 2  73.90  0.86  1  2  0.76
 0  60.30  0.73  0  0  0.70
 2  74.25  1.34  1  2  0.83
 3  89.33  0.27  1  3  0.65
 0  70.67  1.30  0  2  1.41
 3  67.44  1.24  1  1  0.60
 3  61.05  0.95  1  0  0.66
 2  89.33  1.30  1  2  1.15
 1  87.33  1.11  0  2  2.20
 3  67.05  0.86  1  0  0.68
 2  77.47  0.61  1  2  1.94
 2  90.98  1.00  1  2  1.66
 1  86.10  0.86  0  2  0.61
 3  95.31  0.42  1  3  1.02
 1  95.31  1.16  0  3  0.58
 0  62.54  0.51  0  1  1.35
 3  67.05  0.71  1  0  0.55
 2  97.46  1.06  1  2  0.88
 0  73.90  0.86  0  2  0.53
 1  90.98  1.00  0  3  0.57
 0  72.67  0.46  0  2  0.54
 2  82.53  0.96  1  2  1.54
 3  77.42  0.40  1  2  1.09
 1  85.75  0.23  0  3  0.58
 1  92.56  1.24  0  2  1.98
 1  85.75  1.34  0  1  0.91
 1  99.70  0.73  0  2  0.87
 3  81.94  0.21  1  3  0.95
 3  87.33  0.46  1  3  0.51
 1  97.46  0.51  0  3  0.52
 1  82.53  0.96  0  1  1.58
 3  60.30  0.73  1  0  1.34
 0  72.67  1.11  0  1  0.77
 2  87.33  1.11  1  2  1.90
 2  95.31  1.16  1  2  0.93
 0  69.02  0.57  0  1  2.71
 0  62.54  1.06  0  0  0.64
 3  92.56  0.33  1  3  0.90
 0  61.05  0.95  0  0  1.99
 1  89.33  1.30  0  2  2.90
 1  92.95  0.71  0  2  0.91
 2  77.47  0.96  1  1  0.62
 0  67.05  0.71  0  0  0.63
 3  62.54  0.51  1  0  0.57
 3  67.44  0.33  1  0  1.27
 2  86.10  0.71  1  2  0.74
 1  95.31  0.42  0  2  0.82
 2  77.42  1.17  1  3  0.59
 0  64.69  0.42  0  1  1.35
 2  99.70  0.73  1  2  3.57
 1  82.58  1.17  0  1  1.14
 0  74.25  1.34  0  1  0.67
 1  98.95  0.62  0  3  0.69
 1  89.33  0.27  0  3  0.64
 2  98.95  0.95  1  3  0.51
 2  78.06  1.37  1  1  5.57
 1  81.94  1.37  0  2  3.80
 3  70.67  1.30  1  1  6.41
 1  98.95  0.95  0  2  1.30
 2  73.90  0.71  1  2  3.90
 2  92.56  1.24  1  2  1.13
 2  92.95  0.71  1  2  1.10
 3  69.02  0.57  1  2  1.88
 2  90.98  0.57  1  2  1.09
 1  82.58  0.40  0  3  2.01
 2  86.10  0.86  1  2  1.04
 0  78.06  0.21  0  3  3.26
 0  77.42  0.40  0  1  0.89
 3  82.58  0.40  1  2  0.94
 0  77.47  0.61  0  1  2.22
 3  62.54  1.06  1  0  0.83
 1  82.53  0.61  0  3  3.26
 3  64.69  1.16  1  2  1.31
 3  74.25  0.23  1  3  1.17
 3  70.67  0.27  1  1  1.89
 2  98.95  0.95  1  2  1.41
 1  97.46  1.06  0  2  0.86
 3  67.05  0.86  1  1  1.43
 2  97.46  1.06  1  2  1.12
 3  62.54  1.06  1  0  0.67
 0  60.30  0.73  0  0  1.04
 0  78.06  1.37  0  1  2.97
 3  67.44  1.24  1  1  1.12
 3  69.02  1.00  1  0  0.79
 3  72.67  0.46  1  1  1.29
 2  90.98  0.57  1  2  0.59
 3  89.33  0.27  1  2  0.66
 3  82.58  0.40  1  3  0.67
 1  82.58  1.17  0  2  1.74
 3  61.05  0.95  1  1  3.68
 1  99.70  0.73  0  2  1.95
 0  69.02  1.00  0  0  0.85
 0  67.44  1.24  0  1  0.89
 3  92.56  0.33  1  2  0.88
 0  74.25  1.34  0  1  2.72
 0  69.02  0.57  0  1  1.23
 1  86.10  0.71  0  2  0.84
 1  99.70  0.84  0  3  0.68
 3  78.06  0.21  1  2  0.72
 2  82.53  0.61  1  2  0.53
 1  87.33  1.11  0  3  1.32
 2  72.67  1.11  1  2  1.22
 3  97.46  0.51  1  3  1.27
 1  82.53  0.96  0  1  5.48
 3  69.02  0.57  1  1  1.43
 0  74.25  0.23  0  2  1.97
 2  74.25  1.34  1  1  6.67
 1  92.56  0.33  0  3  1.54
 2  77.47  0.96  1  0  4.75
 0  77.47  0.61  0  1  2.98
 0  67.44  0.33  0  2  1.22
 2  73.90  0.71  1  2  1.64
 0  70.67  1.30  0  2  2.22
 1  92.95  0.86  0  2  3.86
 3  60.30  0.73  1  0  2.51
 3  77.42  0.40  1  2  2.26
 1  95.31  0.42  0  3  1.51
 1  81.94  1.37  0  1  0.89
 1  87.33  0.46  0  2  0.80
 0  61.05  0.62  0  0  0.77
 0  77.47  0.96  0  1  2.00
 2  92.95  0.86  1  2  0.65
 2  77.42  1.17  1  2  0.63
 2  86.10  0.71  1  2  0.72
 3  61.05  0.62  1  0  0.67
 2  77.47  0.61  1  2  0.82
 0  64.69  0.42  0  1  1.14
 3  64.69  1.16  1  0  0.63
 3  60.30  0.84  1  0  0.55
 2  78.06  1.37  1  1  0.77
 2  86.10  0.86  1  2  0.48
 0  64.69  1.16  0  2  1.76
 3  87.33  0.46  1  3  0.62
 3  62.54  0.51  1  0  0.67
 2  92.56  1.24  1  2  2.30
 3  70.67  1.30  1  1  1.14
 1  98.95  0.95  0  2  3.38
 1  98.95  0.62  0  2  0.65
 0  73.90  0.86  0  1  0.89
 0  77.42  0.40  0  1  1.61
 0  61.05  0.95  0  0  0.68
 2  95.31  1.16  1  2  0.67
 2  99.70  0.73  1  3  0.98
 1  85.75  0.23  0  2  0.56
 2  81.94  1.37  1  2  0.86
 0  62.54  0.51  0  1  0.94
 2  82.53  0.96  1  2  1.01
 3  67.44  0.33  1  1  1.40
 1  92.95  0.71  0  2  0.48
 0  62.54  1.06  0  0  0.89
 1  86.10  0.86  0  2  0.81
 1  92.56  1.24  0  2  0.62
 1  85.75  1.34  0  1  0.57
 1  81.94  0.21  0  2  0.54
 0  72.67  0.46  0  2  0.75
 3  95.31  0.42  1  2  0.68
 0  67.05  0.71  0  1  0.79
 3  67.05  0.71  1  1  1.04
 2  87.33  1.11  1  2  1.32
 2  82.58  1.17  1  2  0.59
 1  82.58  0.40  0  3  0.85
 1  90.98  0.57  0  3  0.74
 2  73.90  0.86  1  2  1.40
 1  97.46  0.51  0  3  0.92
 0  72.67  1.11  0  2  1.32
 2  90.98  1.00  1  2  0.66
 1  82.53  0.61  0  1  1.18
 0  60.30  0.84  0  0  0.77
 0  77.42  1.17  0  1  0.58
 2  85.75  1.34  1  2  1.69
 0  70.67  0.27  0  1  1.22
 0  78.06  0.21  0  3  0.58
 3  81.94  0.21  1  2  0.68
 1  90.98  1.00  0  2  1.45
 2  99.70  0.84  1  2  0.99
 1  89.33  1.30  0  1  0.65
 1  95.31  1.16  0  1  0.58
 3  64.69  0.42  1  2  1.57
 2  98.95  0.62  1  2  0.70
 3  85.75  0.23  1  3  1.18
 0  73.90  0.71  0  1  1.27
 3  74.25  0.23  1  1  2.03
 0  67.05  0.86  0  1  0.76
 2  92.95  0.71  1  2  0.71
 2  89.33  1.30  1  2  0.83
 1  89.33  0.27  0  3  1.05
 2  92.95  0.71  1  2  0.93
 1  92.56  1.24  0  1  5.75
 1  87.33  0.46  0  1  0.83
 1  99.70  0.73  0  1  0.72
 1  97.46  1.06  0  1  0.52
 0  61.05  0.95  0  0  0.71
 2  77.42  1.17  1  2  0.97
 2  86.10  0.86  1  2  0.76
 3  82.58  0.40  1  2  1.15
 0  62.54  0.51  0  0  0.66
 3  67.44  1.24  1  1  1.36
 2  82.53  0.61  1  2  0.72
 3  67.05  0.71  1  2  0.88
 1  81.94  1.37  0  1  1.32
 0  60.30  0.84  0  0  0.64
 1  99.70  0.84  0  1  1.47
 0  62.54  1.06  0  0  0.79
 1  86.10  0.86  0  1  0.78
 1  92.95  0.86  0  1  0.71
 3  60.30  0.84  1  0  0.60
 2  77.47  0.96  1  2  0.75
 2  95.31  1.16  1  2  0.56
 2  74.25  1.34  1  2  0.61
 1  97.46  0.51  0  1  0.88
 0  77.42  1.17  0  1  0.59
 2  85.75  1.34  1  2  0.81
 2  72.67  1.11  1  2  1.59
 1  92.56  0.33  0  3  1.95
 1  89.33  1.30  0  1  0.62
 1  89.33  0.27  0  1  1.03
 0  70.67  1.30  0  1  0.87
 0  78.06  0.21  0  1  0.99
 0  78.06  1.37  0  1  0.76
 3  89.33  0.27  1  3  1.54
 0  74.25  0.23  0  1  2.85
 0  70.67  0.27  0  3  1.14
 0  64.69  0.42  0  0  2.16
 0  72.67  0.46  0  0  3.08
 3  74.25  0.23  1  0  2.11
 1  82.53  0.61  0  1  0.87
 3  70.67  0.27  1  2  1.65
 2  90.98  0.57  1  2  0.82
 3  81.94  0.21  1  3  1.33
 2  97.46  1.06  1  2  2.21
 2  98.95  0.62  1  2  0.49
 2  73.90  0.86  1  2  0.84
 2  90.98  1.00  1  2  0.68
 2  81.94  1.37  1  2  0.80
 0  77.47  0.61  0  1  3.30
 3  87.33  0.46  1  2  0.78
 0  67.05  0.86  0  0  1.82
 3  62.54  0.51  1  0  0.53
 1  82.58  1.17  0  1  0.91
 3  60.30  0.73  1  0  0.68
 3  62.54  1.06  1  2  0.67
 1  86.10  0.71  0  1  0.98
 0  67.05  0.71  0  1  0.93
 3  85.75  0.23  1  3  1.34
 3  92.56  0.33  1  3  0.98
 3  61.05  0.62  1  0  0.90
 3  77.42  0.40  1  2  0.78
 2  98.95  0.95  1  2  0.83
 3  70.67  1.30  1  2  1.48
 1  90.98  1.00  0  1  0.66
 1  82.53  0.96  0  1  0.59
 2  73.90  0.71  1  2  1.44
 0  73.90  0.86  0  1  0.94
 2  89.33  1.30  1  2  1.08
 2  82.58  1.17  1  2  0.56
 2  78.06  1.37  1  2  0.66
 0  77.42  0.40  0  1  2.77
 2  82.53  0.96  1  2  0.62
 1  90.98  0.57  0  1  2.80
 0  60.30  0.73  0  0  0.74
 2  87.33  1.11  1  2  0.96
 0  77.47  0.96  0  1  1.03
 1  95.31  0.42  0  3  1.20
 0  67.44  0.33  0  0  0.64
 0  61.05  0.62  0  0  0.66
 1  95.31  1.16  0  1  0.81
 0  74.25  1.34  0  1  1.12
 3  64.69  1.16  1  0  0.79
 2  86.10  0.71  1  2  1.00
 2  92.95  0.86  1  2  0.58
 2  92.56  1.24  1  2  0.58
 0  69.02  1.00  0  0  2.24
 0  67.44  1.24  0  0  0.74
 1  82.58  0.40  0  3  1.38
 3  67.44  0.33  1  2  1.48
 0  69.02  0.57  0  1  0.75
 1  81.94  0.21  0  3  1.62
 1  98.95  0.95  0  1  0.81
 3  78.06  0.21  1  3  1.32
 3  67.05  0.86  1  2  0.99
 2  99.70  0.84  1  2  0.74
 2  99.70  0.73  1  2  0.69
 3  64.69  0.42  1  0  1.96
 1  98.95  0.62  0  1  0.56
 3  72.67  0.46  1  2  2.01
 0  72.67  1.11  0  1  1.06
 3  95.31  0.42  1  2  1.57
 2  77.47  0.61  1  2  0.93
 3  69.02  0.57  1  2  1.91
 3  97.46  0.51  1  2  0.57
 1  85.75  0.23  0  3  1.29
 1  87.33  1.11  0  1  1.38
 3  69.02  1.00  1  2  1.55
 0  73.90  0.71  0  1  1.03
 3  61.05  0.95  1  0  0.49
 1  85.75  1.34  0  1  1.32
 0  64.69  1.16  0  1  2.02
 1  92.95  0.71  0  1  0.63
 1  89.33  0.27  0  1  1.10
 2  73.90  0.86  1  2  1.37
 0  60.30  0.73  0  0  1.72
 3  97.46  0.51  1  2  1.70
 1  87.33  0.46  0  1  1.23
 3  61.05  0.62  1  0  0.79
 0  69.02  1.00  0  0  2.93
 1  86.10  0.86  0  1  0.60
 0  77.42  0.40  0  1  2.08
 3  69.02  0.57  1  0  3.19
 2  85.75  1.34  1  2  1.08
 1  95.31  0.42  0  1  0.83
 2  78.06  1.37  1  2  0.88
 2  92.56  1.24  1  2  1.61
 2  98.95  0.62  1  2  1.75
 0  67.44  0.33  0  1  2.34
 1  86.10  0.71  0  1  2.13
 3  67.05  0.71  1  0  1.12
 2  77.47  0.61  1  2  2.97
 1  92.95  0.86  0  1  0.81
 0  70.67  1.30  0  1  0.91
 2  99.70  0.84  1  2  0.92
 3  70.67  0.27  1  3  1.63
 3  62.54  0.51  1  3  0.61
 3  74.25  0.23  1  3  0.81
 1  98.95  0.62  0  1  0.75
 3  85.75  0.23  1  3  2.63
 0  67.05  0.86  0  1  0.74
 0  77.42  1.17  0  1  0.77
 2  95.31  1.16  1  2  0.81
 3  64.69  0.42  1  0  0.90
 0  72.67  1.11  0  1  0.70
 0  62.54  1.06  0  0  1.74
 1  89.33  1.30  0  1  0.74
 2  77.47  0.96  1  2  0.67
 1  97.46  1.06  0  1  1.25
 0  77.47  0.96  0  1  0.58
 2  97.46  1.06  1  2  0.59
 0  74.25  1.34  0  1  0.81
 1  95.31  1.16  0  1  0.80
 0  67.05  0.71  0  0  1.04
 3  62.54  1.06  1  0  0.60
 1  85.75  0.23  0  1  0.75
 3  89.33  0.27  1  3  1.17
 1  85.75  1.34  0  1  0.90
 3  61.05  0.95  1  0  0.70
 3  60.30  0.84  1  2  1.04
 2  86.10  0.86  1  2  0.70
 3  87.33  0.46  1  2  0.84
 3  70.67  1.30  1  2  0.69
 0  74.25  0.23  0  1  0.95
 1  92.95  0.71  0  1  0.72
 1  98.95  0.95  0  1  0.65
 2  98.95  0.95  1  2  0.65
 2  90.98  1.00  1  2  0.52
 0  64.69  1.16  0  0  0.86
 2  77.42  1.17  1  2  1.26
 0  64.69  0.42  0  0  2.08
 0  62.54  0.51  0  0  1.36
 1  97.46  0.51  0  1  0.78
 3  82.58  0.40  1  2  0.72
 3  92.56  0.33  1  3  2.03
 2  81.94  1.37  1  2  1.63
 0  72.67  0.46  0  1  0.84
 2  87.33  1.11  1  2  0.75
 1  99.70  0.84  0  1  0.70
 0  77.47  0.61  0  1  0.93
 1  81.94  1.37  0  1  0.67
 2  99.70  0.73  1  2  0.91
 2  92.95  0.71  1  2  0.60
 2  74.25  1.34  1  2  0.52
 3  60.30  0.73  1  0  0.96
 1  81.94  0.21  0  3  1.11
 2  92.95  0.86  1  2  0.87
 1  99.70  0.73  0  1  1.09
 2  86.10  0.71  1  2  0.60
 2  90.98  0.57  1  2  1.21
 0  60.30  0.84  0  0  0.77
 2  82.58  1.17  1  2  1.33
 1  87.33  1.11  0  1  0.61
 0  67.44  1.24  0  0  0.94
 2  72.67  1.11  1  2  1.11
 2  82.53  0.96  1  2  0.74
 1  90.98  0.57  0  1  0.96
 3  67.05  0.86  1  0  1.50
 3  67.44  1.24  1  2  0.50
 0  69.02  0.57  0  1  1.34
 1  82.53  0.96  0  1  0.67
 1  92.56  0.33  0  1  0.95
 1  90.98  1.00  0  1  0.52
 0  73.90  0.71  0  1  0.57
 3  69.02  1.00  1  0  0.72
 0  61.05  0.95  0  0  0.70
 0  61.05  0.62  0  0  0.56
 2  73.90  0.71  1  2  1.39
 2  82.53  0.61  1  2  1.12
 3  95.31  0.42  1  2  0.52
 3  78.06  0.21  1  3  0.45
 0  70.67  0.27  0  0  3.40
 3  64.69  1.16  1  2  1.77
 2  89.33  1.30  1  2  0.67
 1  82.53  0.61  0  1  1.05
 3  77.42  0.40  1  2  1.20
 0  73.90  0.86  0  1  0.53
 3  72.67  0.46  1  2  1.15
 1  82.58  1.17  0  1  1.21
 1  82.58  0.40  0  1  1.49
 3  67.44  0.33  1  3  1.37
 1  92.56  1.24  0  1  0.77
 0  78.06  0.21  0  1  1.21
 3  81.94  0.21  1  3  1.06
 0  78.06  1.37  0  1  0.55
