 3  77.42  0.40  1  0  1.48
 2  85.75  1.34  1  0  4.16
 0  67.44  1.24  0  1  1.88
 1  92.56  1.24  0  1  4.41
 2  82.53  0.61  1  2  3.55
 3  95.31  0.42  1  2  1.77
 1  95.31  0.42  0  1  1.68
 2  98.95  0.62  1  2  1.77
 2  92.95  0.86  1  0  2.47
 3  64.69  1.16  1  0  3.37
 1  82.58  1.17  0  1  1.57
 3  74.25  0.23  1  0  1.65
 3  62.54  0.51  1  3  3.15
 2  87.33  1.11  1  3  2.76
 0  69.02  1.00  0  1  1.18
 1  82.53  0.96  0  1  1.01
 2  86.10  0.86  1  2  3.37
 1  99.70  0.84  0  1  1.10
 1  97.46  1.06  0  1  1.05
 0  78.06  1.37  0  0  4.60
 1  99.70  0.73  0  1  1.92
 0  64.69  1.16  0  0  2.34
 1  92.56  0.33  0  1  2.02
 2  89.33  1.30  1  2  2.86
 2  92.95  0.71  1  2  0.91
 1  82.58  0.40  0  1  6.86
 3  81.94  0.21  1  2  5.62
 1  95.31  1.16  0  1  1.53
 0  77.47  0.96  0  0  1.99
 0  62.54  0.51  0  0  1.49
 3  67.44  1.24  1  3  1.22
 3  62.54  1.06  1  3  0.71
 0  69.02  0.57  0  0  3.72
 2  97.46  1.06  1  2  1.10
 3  69.02  0.57  1  3  0.71
 0  77.42  0.40  0  0  2.80
 2  92.56  1.24  1  2  2.58
 1  87.33  1.11  0  0  5.07
 0  61.05  0.95  0  0  0.87
 3  67.05  0.71  1  3  0.89
 1  98.95  0.62  0  1  1.04
 0  72.67  0.46  0  0  2.01
 3  70.67  1.30  1  3  4.68
 3  97.46  0.51  1  2  4.88
 2  81.94  1.37  1  2  2.18
 3  92.56  0.33  1  2  2.51
 1  81.94  0.21  0  0  3.98
 0  60.30  0.84  0  0  1.42
 3  69.02  1.00  1  3  4.87
 2  82.58  1.17  1  2 11.34
 2  99.70  0.84  1  3  2.50
 2  98.95  0.95  1  3  1.75
 1  92.95  0.86  0  1  0.76
 0  72.67  1.11  0  0  0.92
 0  78.06  0.21  0  0  1.36
 2  78.06  1.37  1  2  1.78
 1  90.98  0.57  0  1  1.68
 3  61.05  0.62  1  3  2.32
 2  90.98  1.00  1  2  1.23
 1  98.95  0.95  0  1  0.85
 3  67.44  0.33  1  3  0.83
 2  82.53  0.96  1  2  1.68
 3  72.67  0.46  1  3  0.83
 0  73.90  0.86  0  0  0.82
 1  86.10  0.71  0  1  0.79
 3  89.33  0.27  1  2  4.24
 3  87.33  0.46  1  3  0.95
 2  77.42  1.17  1  3  1.32
 0  77.47  0.61  0  0  1.63
 2  90.98  0.57  1  3  0.76
 2  73.90  0.71  1  3  1.10
 2  95.31  1.16  1  3  1.03
 0  67.05  0.86  0  0  1.53
 2  72.67  1.11  1  2  1.68
 1  92.95  0.71  0  1  2.16
 0  67.44  0.33  0  0  0.81
 0  62.54  1.06  0  1  0.66
 1  89.33  1.30  0  1  0.84
 1  97.46  0.51  0  1  1.47
 1  85.75  0.23  0  0  1.97
 3  60.30  0.73  1  3  1.92
 0  70.67  1.30  0  0  0.99
 3  82.58  0.40  1  3  3.34
 0  70.67  0.27  0  0  1.03
 0  74.25  1.34  0  0  1.12
 1  82.53  0.61  0  0  4.23
 1  86.10  0.86  0  1  2.10
 3  64.69  0.42  1  3  1.15
 0  74.25  0.23  0  1  7.94
 2  74.25  1.34  1  2  1.87
 3  85.75  0.23  1  3  3.74
 0  60.30  0.73  0  0  1.02
 2  73.90  0.86  1  3  1.14
 2  99.70  0.73  1  3  1.35
 0  73.90  0.71  0  0  0.67
 0  61.05  0.62  0  0  1.28
 2  86.10  0.71  1  2  1.59
 3  70.67  0.27  1  3  1.20
 1  81.94  1.37  0  0  2.17
 1  89.33  0.27  0  0  1.34
 3  60.30  0.84  1  3  0.99
 1  87.33  0.46  0  1  1.59
 0  64.69  0.42  0  0  0.87
 3  78.06  0.21  1  3  1.46
 3  67.05  0.86  1  2  1.22
 0  77.42  1.17  0  0  1.09
 2  77.47  0.96  1  3  1.32
 2  77.47  0.61  1  2  0.67
 1  90.98  1.00  0  0  5.59
 3  61.05  0.95  1  3  6.56
 1  85.75  1.34  0  0  1.23
 0  67.05  0.71  0  0  1.63
 3  61.05  0.95  1  2 13.06
 0  60.30  0.73  0  0  2.69
 3  60.30  0.73  1  3  2.62
 1  92.56  0.33  0  1  1.05
 0  77.42  1.17  0  0  1.13
 2  92.95  0.86  1  3  0.82
 1  92.56  1.24  0  1  2.29
 2  92.56  1.24  1  2  1.59
 1  81.94  1.37  0  0  0.81
 2  74.25  1.34  1  3  7.61
 2  90.98  1.00  1  3  7.11
 1  99.70  0.84  0  1  1.22
 1  92.95  0.71  0  1  0.89
 0  73.90  0.86  0  0  0.74
 0  74.25  0.23  0  0  3.04
 0  67.44  0.33  0  0  0.76
 2  86.10  0.86  1  2  1.79
 0  60.30  0.84  0  0  0.85
 3  67.05  0.86  1  3  1.27
 3  61.05  0.62  1  3  0.57
 1  98.95  0.95  0  1  0.62
 1  97.46  1.06  0  1  0.60
 0  77.47  0.61  0  0  0.84
 1  81.94  0.21  0  0  0.99
 2  77.47  0.96  1  2  2.22
 1  86.10  0.71  0  1  1.48
 1  98.95  0.62  0  0  1.59
 2  99.70  0.73  1  2  0.99
 1  89.33  1.30  0  1  3.59
 3  62.54  1.06  1  3  3.38
 2  73.90  0.86  1  3  1.91
 3  67.44  0.33  1  3  0.87
 2  81.94  1.37  1  2  0.99
 3  67.44  1.24  1  3  1.07
 3  82.58  0.40  1  2  0.96
 2  77.47  0.61  1  3  2.17
 0  67.44  1.24  0  0  0.86
 1  89.33  0.27  0  1  1.00
 0  73.90  0.71  0  0  4.40
 2  85.75  1.34  1  2  2.54
 0  69.02  0.57  0  0  6.37
 1  90.98  1.00  0  1  1.98
 3  64.69  1.16  1  3  2.41
 2  86.10  0.71  1  2  2.13
 0  62.54  0.51  0  0  1.16
 1  99.70  0.73  0  1  0.98
 2  72.67  1.11  1  3  2.91
 3  97.46  0.51  1  2  1.51
 0  70.67  1.30  0  0  2.06
 0  78.06  0.21  0  0  6.78
 3  72.67  0.46  1  2  2.80
 0  77.42  0.40  0  0  1.67
 1  82.58  1.17  0  1  1.02
 3  77.42  0.40  1  3  3.68
 1  82.53  0.61  0  1  7.45
 2  78.06  1.37  1  3  2.27
 2  77.42  1.17  1  2  2.89
 1  82.53  0.96  0  0  2.96
 1  82.58  0.40  0  1  2.93
 0  67.05  0.71  0  0  3.12
 1  97.46  0.51  0  1  5.95
 3  69.02  1.00  1  3 10.05
 3  64.69  0.42  1  3  2.64
 3  95.31  0.42  1  2  0.78
 3  81.94  0.21  1  3  2.86
 2  98.95  0.62  1  2  4.52
 1  95.31  0.42  0  1  2.42
 2  99.70  0.84  1  2  3.44
 3  74.25  0.23  1  3  0.93
 1  87.33  0.46  0  0  1.55
 0  67.05  0.86  0  1  0.75
 2  82.53  0.61  1  3  4.41
 1  95.31  1.16  0  0  3.95
 0  69.02  1.00  0  0  7.46
 2  98.95  0.95  1  2  4.89
 0  64.69  0.42  0  0  3.66
 2  82.53  0.96  1  3 14.58
 2  97.46  1.06  1  3  1.52
 1  85.75  0.23  0  0  2.37
 2  92.95  0.71  1  2  1.69
 0  72.67  0.46  0  0  2.74
 1  92.95  0.86  0  1  1.72
 2  73.90  0.71  1  3  4.25
 1  85.75  1.34  0  1  7.10
 1  90.98  0.57  0  1  1.11
 3  69.02  0.57  1  2  2.18
 3  85.75  0.23  1  2  1.58
 2  89.33  1.30  1  2  1.55
 0  61.05  0.62  0  0  1.24
 3  67.05  0.71  1  3  2.00
 3  89.33  0.27  1  2  0.96
 3  70.67  1.30  1  3  0.71
 3  60.30  0.84  1  3  0.61
 3  87.33  0.46  1  2  1.12
 3  78.06  0.21  1  2  1.38
 0  62.54  1.06  0  0  0.78
 2  90.98  0.57  1  2  1.63
 2  95.31  1.16  1  2  1.32
 3  70.67  0.27  1  3  0.54
 2  82.58  1.17  1  3  6.41
 0  74.25  1.34  0  0  1.04
 0  77.47  0.96  0  0  1.17
 1  87.33  1.11  0  0  0.87
 0  70.67  0.27  0  0  1.24
 3  92.56  0.33  1  2  2.93
 0  78.06  1.37  0  0  3.46
 0  72.67  1.11  0  0  1.42
 0  61.05  0.95  0  0  0.70
 2  87.33  1.11  1  2  2.98
 1  86.10  0.86  0  1  2.82
 3  62.54  0.51  1  3  1.04
 0  64.69  1.16  0  0  2.09
 0  64.69  1.16  0  0 13.84
 0  67.44  1.24  0  0  0.79
 1  87.33  1.11  0  1  0.93
 1  98.95  0.95  0  1  1.44
 3  87.33  0.46  1  3  2.98
 2  86.10  0.71  1  3  0.90
 0  61.05  0.95  0  0  0.99
 2  81.94  1.37  1  3  2.65
 0  69.02  1.00  0  0  0.77
 2  98.95  0.62  1  2  1.61
 1  90.98  0.57  0  1  1.74
 2  74.25  1.34  1  3  1.37
 3  67.05  0.71  1  3  1.97
 2  78.06  1.37  1  2  2.33
 0  60.30  0.84  0  0  0.79
 2  92.95  0.86  1  2  8.80
 2  73.90  0.86  1  3  2.56
 3  85.75  0.23  1  3  1.05
 2  90.98  0.57  1  3  1.00
 3  67.05  0.86  1  3  1.02
 2  82.53  0.61  1  3  4.54
 3  97.46  0.51  1  2  1.29
 3  67.44  0.33  1  3  0.80
 2  97.46  1.06  1  2  2.02
 1  82.58  1.17  0  0  5.96
 3  69.02  1.00  1  3  0.81
 2  82.58  1.17  1  2  1.09
 2  87.33  1.11  1  3  1.22
 2  85.75  1.34  1  2  4.34
 1  98.95  0.62  0  1  2.21
 3  64.69  0.42  1  3  2.41
 3  72.67  0.46  1  2  1.73
 3  70.67  0.27  1  3  1.56
 0  69.02  0.57  0  0  4.73
 0  78.06  1.37  0  0  2.71
 2  72.67  1.11  1  3  3.42
 0  62.54  0.51  0  0  1.43
 3  81.94  0.21  1  2  0.88
 0  77.42  0.40  0  0  1.16
 1  86.10  0.86  0  1  2.62
 0  77.47  0.61  0  0  0.71
 1  89.33  1.30  0  1  1.61
 2  82.53  0.96  1  2  1.65
 3  69.02  0.57  1  3  1.02
 1  82.53  0.96  0  0  3.44
 0  61.05  0.62  0  0  0.63
 1  95.31  0.42  0  1  1.54
 1  90.98  1.00  0  1  0.80
 2  95.31  1.16  1  2  5.05
 3  67.44  1.24  1  3  1.32
 0  67.44  0.33  0  0  2.03
 0  77.47  0.96  0  0  0.80
 0  72.67  0.46  0  1  1.23
 3  82.58  0.40  1  3  2.93
 0  67.05  0.71  0  0  1.20
 0  60.30  0.73  0  0  0.67
 1  81.94  0.21  0  1  1.20
 3  60.30  0.84  1  3  1.09
 3  62.54  1.06  1  3  0.93
 0  64.69  0.42  0  0  0.74
 1  99.70  0.84  0  1  2.26
 0  62.54  1.06  0  0  0.75
 3  60.30  0.73  1  0  0.60
 2  99.70  0.84  1  2  1.59
 1  81.94  1.37  0  1  2.42
 2  73.90  0.71  1  2  2.28
 0  73.90  0.71  0  1  1.32
 1  95.31  1.16  0  1  1.26
 3  89.33  0.27  1  2  4.00
 1  92.95  0.71  0  1  2.39
 2  92.56  1.24  1  2  3.46
 1  89.33  0.27  0  1 19.48
 1  82.58  0.40  0  0  1.63
 3  77.42  0.40  1  3  1.86
 0  70.67  0.27  0  0  4.10
 2  86.10  0.86  1  2  7.99
 2  77.42  1.17  1  3  2.22
 0  72.67  1.11  0  0  1.61
 0  73.90  0.86  0  0  1.32
 1  87.33  0.46  0  0  4.57
 0  74.25  1.34  0  0  1.09
 0  77.42  1.17  0  0  3.41
 2  92.95  0.71  1  2  8.01
 3  70.67  1.30  1  3  5.95
 0  74.25  0.23  0  0  1.83
 3  78.06  0.21  1  3  2.19
 1  92.56  1.24  0  1  0.84
 1  97.46  1.06  0  1  1.68
 1  97.46  0.51  0  1  1.07
 3  61.05  0.62  1  3  0.70
 2  77.47  0.96  1  3  1.51
 2  89.33  1.30  1  3  9.32
 3  95.31  0.42  1  2  2.20
 1  86.10  0.71  0  0  1.32
 1  92.95  0.86  0  1  1.00
 1  82.53  0.61  0  0  1.95
 0  70.67  1.30  0  0  0.70
 3  64.69  1.16  1  3  0.73
 3  61.05  0.95  1  3  0.91
 0  67.05  0.86  0  0  0.65
 3  74.25  0.23  1  2  3.66
 1  85.75  0.23  0  1  1.80
 2  99.70  0.73  1  2  1.86
 2  90.98  1.00  1  2  1.09
 2  77.47  0.61  1  3  1.21
 1  85.75  1.34  0  1  1.96
 0  78.06  0.21  0  0  1.33
 3  92.56  0.33  1  2  2.88
 1  92.56  0.33  0  1  1.79
 2  98.95  0.95  1  2  1.81
 3  62.54  0.51  1  0  0.76
 1  99.70  0.73  0  1  4.63
 3  67.05  0.71  1  3  3.53
 2  87.33  1.11  1  2  2.41
 0  64.69  1.16  0  0  0.74
 0  61.05  0.95  0  0  0.63
 3  70.67  1.30  1  3  1.54
 3  85.75  0.23  1  2  0.63
 1  81.94  1.37  0  1  0.96
 3  82.58  0.40  1  2  2.37
 1  86.10  0.71  0  1  1.44
 1  81.94  0.21  0  0  1.13
 2  90.98  0.57  1  2  1.53
 2  77.42  1.17  1  3  2.32
 3  89.33  0.27  1  2  1.54
 1  82.53  0.96  0  1  1.49
 1  98.95  0.95  0  1 11.73
 2  82.58  1.17  1  2  2.26
 2  99.70  0.84  1  2  3.83
 0  72.67  0.46  0  0  1.66
 0  64.69  0.42  0  0  0.56
 1  85.75  0.23  0  1  1.00
 3  62.54  1.06  1  3  1.31
 0  77.42  0.40  0  3  1.04
 0  69.02  0.57  0  0  0.65
 1  99.70  0.84  0  1  0.85
 1  95.31  0.42  0  1  1.95
 0  77.47  0.61  0  0  0.66
 3  95.31  0.42  1  2  1.43
 3  78.06  0.21  1  2  1.85
 3  70.67  0.27  1  3  0.97
 2  77.47  0.61  1  2  0.95
 1  82.53  0.61  0  0  0.63
 2  73.90  0.71  1  2  2.36
 1  98.95  0.62  0  1  0.59
 2  98.95  0.62  1  2  1.61
 1  97.46  1.06  0  1  2.85
 0  60.30  0.73  0  0  0.60
 0  67.05  0.86  0  0  0.71
 1  82.58  1.17  0  1  1.50
 3  77.42  0.40  1  3  1.57
 2  98.95  0.95  1  2  0.91
 2  74.25  1.34  1  3  1.20
 3  67.05  0.86  1  3  1.82
 0  67.44  1.24  0  0  0.85
 2  95.31  1.16  1  2  1.25
 1  95.31  1.16  0  1  1.50
 0  62.54  0.51  0  0  1.09
 3  87.33  0.46  1  2  0.82
 0  74.25  1.34  0  0  2.24
 3  64.69  1.16  1  3  0.96
 3  69.02  1.00  1  3  1.86
 3  67.44  1.24  1  3  1.90
 0  78.06  0.21  0  1  3.08
 3  74.25  0.23  1  2  2.71
 1  90.98  1.00  0  1  1.95
 3  92.56  0.33  1  2  1.64
 3  60.30  0.84  1  3  1.09
 0  78.06  1.37  0  0  4.66
 1  92.56  1.24  0  1  7.11
 1  92.95  0.71  0  1  5.61
 0  77.42  1.17  0  0  0.91
 0  73.90  0.86  0  0  2.15
 2  81.94  1.37  1  2  1.81
 0  72.67  1.11  0  0  2.33
 1  92.56  0.33  0  1  3.72
 3  64.69  0.42  1  3  1.11
 1  92.95  0.86  0  1  6.18
 2  97.46  1.06  1  2  8.66
 1  87.33  0.46  0  1  1.37
 2  92.95  0.71  1  2  0.95
 3  61.05  0.95  1  3  0.63
 0  70.67  0.27  0  0  1.03
 2  99.70  0.73  1  3  6.26
 2  73.90  0.86  1  3  0.71
 3  97.46  0.51  1  2  0.68
 3  60.30  0.73  1  3  0.61
 1  97.46  0.51  0  1  3.80
 2  86.10  0.86  1  2  4.73
 2  82.53  0.96  1  2  1.12
 1  89.33  1.30  0  0  2.22
 0  74.25  0.23  0  0  1.21
 2  90.98  1.00  1  2  1.32
 0  62.54  1.06  0  0  3.24
 2  92.56  1.24  1  2  8.09
 3  67.44  0.33  1  3  0.73
 0  60.30  0.84  0  0  0.71
 2  82.53  0.61  1  2  1.37
 2  85.75  1.34  1  2  3.09
 1  90.98  0.57  0  1  1.06
 2  77.47  0.96  1  0  1.52
 1  85.75  1.34  0  1  1.59
 3  61.05  0.62  1  3  3.77
 2  72.67  1.11  1  3  3.00
 0  70.67  1.30  0  0  1.19
 2  78.06  1.37  1  2  5.93
 0  67.05  0.71  0  1  2.61
 0  73.90  0.71  0  0  0.86
 0  67.44  0.33  0  0  2.49
 0  61.05  0.62  0  0  1.02
 3  69.02  0.57  1  3  1.54
 1  99.70  0.73  0  1  2.34
 3  62.54  0.51  1  3  3.46
 1  89.33  0.27  0  1  1.92
 1  87.33  1.11  0  0  1.51
 0  77.47  0.96  0  0  0.66
 3  72.67  0.46  1  3  3.08
 2  89.33  1.30  1  2  0.98
 2  92.95  0.86  1  2  0.95
 2  86.10  0.71  1  2  2.04
 1  82.58  0.40  0  0  1.01
 3  81.94  0.21  1  3  1.73
 0  69.02  1.00  0  0  1.00
 1  86.10  0.86  0  0  2.01
 0  72.67  0.46  0  0  5.55
 0  67.05  0.71  0  0  0.69
 2  82.53  0.61  1  3  4.57
 1  92.95  0.71  0  1  0.78
 1  81.94  0.21  0  1  1.62
 3  77.42  0.40  1  3  2.93
 0  69.02  0.57  0  0  1.39
 1  89.33  1.30  0  1  0.99
 1  90.98  1.00  0  1  0.78
 0  61.05  0.62  0  0  0.80
 3  89.33  0.27  1  2  0.67
 1  99.70  0.73  0  1  0.75
 2  77.42  1.17  1  3  0.72
 3  72.67  0.46  1  3  1.30
 1  86.10  0.71  0  1  1.58
 1  98.95  0.95  0  1  0.88
 1  92.56  0.33  0  1  0.95
 1  99.70  0.84  0  1  0.84
 0  72.67  1.11  0  0  0.66
 0  70.67  1.30  0  2  0.77
 3  64.69  0.42  1  2  0.88
 0  64.69  1.16  0  0  0.76
 0  64.69  0.42  0  0  0.68
 2  77.47  0.61  1  2  1.61
 1  95.31  1.16  0  1  0.59
 3  62.54  1.06  1  3  0.97
 3  85.75  0.23  1  2  2.81
 3  69.02  1.00  1  3  0.97
 1  92.95  0.86  0  1  0.66
 0  74.25  0.23  0  1  0.82
 2  81.94  1.37  1  2  0.99
 1  82.58  1.17  0  1  0.95
 2  72.67  1.11  1  3  0.66
 1  98.95  0.62  0  1  1.07
 1  86.10  0.86  0  1  3.49
 0  78.06  0.21  0  1  1.54
 3  97.46  0.51  1  3  4.65
 2  98.95  0.95  1  2  2.86
 1  95.31  0.42  0  1  1.08
 0  73.90  0.71  0  0  2.44
 3  67.44  1.24  1  3  1.70
 0  62.54  0.51  0  0  1.68
 3  74.25  0.23  1  1  1.45
 3  69.02  0.57  1  3  1.92
 2  86.10  0.71  1  2  1.82
 1  87.33  0.46  0  1  2.24
 3  78.06  0.21  1  2  1.31
 2  99.70  0.84  1  2  0.92
 0  70.67  0.27  0  0  1.11
 3  61.05  0.62  1  0  0.96
 3  95.31  0.42  1  2  0.79
 3  87.33  0.46  1  2  1.04
 2  90.98  0.57  1  2  0.62
 2  85.75  1.34  1  3  1.55
 2  73.90  0.86  1  3  0.70
 1  89.33  0.27  0  1  0.77
 2  92.95  0.71  1  2  5.68
 0  74.25  1.34  0  0  0.96
 2  92.95  0.86  1  2  0.90
 1  82.53  0.96  0  1  1.62
 3  92.56  0.33  1  2  1.05
 2  99.70  0.73  1  2  2.25
 3  70.67  0.27  1  3  1.30
 1  82.58  0.40  0  0  4.19
 2  73.90  0.71  1  3  0.80
 0  67.44  0.33  0  0  1.10
 3  67.44  0.33  1  3  1.02
 2  95.31  1.16  1  2  1.34
 2  98.95  0.62  1  2  0.92
 1  92.56  1.24  0  1  1.15
 0  73.90  0.86  0  1  1.11
 2  90.98  1.00  1  2  0.88
 3  82.58  0.40  1  3  1.54
 2  92.56  1.24  1  2 12.91
 3  70.67  1.30  1  3  0.87
 2  89.33  1.30  1  2  0.85
 0  77.42  0.40  0  0  1.04
 2  86.10  0.86  1  0  2.57
 2  82.58  1.17  1  3  0.63
 3  62.54  0.51  1  1  0.29
 3  60.30  0.84  1  3  1.07
 2  77.47  0.96  1  2  1.54
 2  87.33  1.11  1  2  0.75
 2  97.46  1.06  1  2  0.95
 0  78.06  1.37  0  0  4.49
 0  69.02  1.00  0  0  0.49
 3  67.05  0.86  1  2  3.02
 2  78.06  1.37  1  3  1.26
 1  85.75  0.23  0  1  2.08
 3  81.94  0.21  1  2  2.15
 2  82.53  0.96  1  3  5.31
 0  77.47  0.96  0  0  0.83
 1  81.94  1.37  0  1  0.78
 0  62.54  1.06  0  0  0.88
 1  97.46  0.51  0  1  0.74
 0  67.05  0.86  0  0  6.37
 0  77.47  0.61  0  0  0.55
 0  77.42  1.17  0  0  0.45
 1  90.98  0.57  0  1  1.27
 1  97.46  1.06  0  1  0.65
 3  61.05  0.95  1  3  0.63
 0  60.30  0.73  0  0  0.59
 2  74.25  1.34  1  2  1.11
 0  60.30  0.84  0  0  0.87
 3  67.05  0.71  1  3  0.64
 3  60.30  0.73  1  3  0.51
 1  82.53  0.61  0  1  1.67
 3  64.69  1.16  1  3  0.76
 1  85.75  1.34  0  1  1.67
 1  87.33  1.11  0  1  0.80
 0  67.44  1.24  0  0  0.56
 0  61.05  0.95  0  0  0.58
