 0  69.02  1.00  0  0  2.24
 3  95.31  0.42  1  1  1.21
 3  67.44  1.24  1  2  1.17
 3  67.05  0.71  1  0  1.00
 1  82.58  1.17  0  3  0.89
 3  97.46  0.51  1  0  1.10
 0  74.25  0.23  0  1  0.75
 1  99.70  0.73  0  2  1.22
 3  67.44  0.33  1  0  0.74
 2  87.33  1.11  1  0  1.03
 3  89.33  0.27  1  0  0.82
 1  89.33  1.30  0  0  0.88
 2  90.98  0.57  1  0  1.04
 2  86.10  0.71  1  1  0.46
 3  70.67  1.30  1  1  0.57
 0  72.67  0.46  0  2  1.44
 0  77.47  0.96  0  3  1.08
 1  87.33  0.46  0  2  0.70
 2  95.31  1.16  1  1  0.53
 1  87.33  1.11  0  0  0.34
 3  62.54  1.06  1  1  0.56
 2  77.47  0.96  1  3  0.44
 0  67.05  0.71  0  2  1.05
 0  61.05  0.95  0  3  0.67
 0  77.42  1.17  0  1  0.65
 2  72.67  1.11  1  0  0.60
 2  92.95  0.86  1  1  0.99
 1  97.46  1.06  0  2  0.65
 0  70.67  1.30  0  1  2.06
 1  89.33  0.27  0  3  3.46
 2  98.95  0.95  1  0  2.63
 3  61.05  0.62  1  3  0.77
 2  86.10  0.86  1  2  1.20
 2  73.90  0.86  1  3  0.74
 3  87.33  0.46  1  3  1.01
 3  67.05  0.86  1  2  0.71
 3  64.69  1.16  1  1  0.69
 0  72.67  1.11  0  3  0.84
 1  95.31  0.42  0  3  0.69
 2  82.58  1.17  1  1  1.08
 0  61.05  0.62  0  0  0.95
 2  90.98  1.00  1  3  1.81
 1  98.95  0.62  0  3  0.76
 2  81.94  1.37  1  2  1.08
 3  70.67  0.27  1  1  0.93
 2  89.33  1.30  1  2  0.81
 2  73.90  0.71  1  1  1.10
 0  73.90  0.71  0  3  0.98
 2  78.06  1.37  1  0  0.78
 3  72.67  0.46  1  2  0.88
 0  73.90  0.86  0  3  0.54
 0  74.25  1.34  0  3  0.92
 3  64.69  0.42  1  1  3.37
 2  77.42  1.17  1  3  0.78
 0  67.44  1.24  0  2  0.95
 1  99.70  0.84  0  0  0.66
 0  67.44  0.33  0  1  0.54
 1  82.53  0.96  0  2  0.65
 3  60.30  0.73  1  3  0.91
 0  77.42  0.40  0  1  1.24
 3  74.25  0.23  1  0  1.13
 1  90.98  1.00  0  0  1.75
 0  60.30  0.73  0  3  1.22
 2  82.53  0.61  1  2  0.78
 3  81.94  0.21  1  2  0.78
 1  92.95  0.71  0  1  1.12
 2  77.47  0.61  1  0  1.90
 1  81.94  0.21  0  3  1.15
 3  82.58  0.40  1  0  0.78
 1  81.94  1.37  0  3  0.63
 2  99.70  0.84  1  2  0.70
 3  61.05  0.95  1  0  1.53
 1  86.10  0.86  0  3  1.05
 0  62.54  1.06  0  3  1.37
 0  60.30  0.84  0  3  1.17
 1  82.58  0.40  0  1  0.75
 2  92.95  0.71  1  1  3.90
 1  95.31  1.16  0  1  1.04
 3  78.06  0.21  1  2  1.31
 1  92.56  1.24  0  0  0.91
 1  82.53  0.61  0  3  0.60
 3  92.56  0.33  1  0  0.82
 1  85.75  1.34  0  2  0.79
 1  98.95  0.95  0  1  0.53
 0  69.02  0.57  0  3  0.57
 2  92.56  1.24  1  3  0.80
 1  86.10  0.71  0  2  0.45
 0  78.06  1.37  0  3  0.63
 2  82.53  0.96  1  0  0.47
 2  97.46  1.06  1  1  0.96
 2  99.70  0.73  1  3  0.52
 2  85.75  1.34  1  2  0.93
 1  97.46  0.51  0  2  0.70
 0  77.47  0.61  0  1  0.77
 3  77.42  0.40  1  0  0.65
 0  70.67  0.27  0  3  0.59
 3  85.75  0.23  1  1  0.55
 3  69.02  0.57  1  0  0.57
 1  85.75  0.23  0  3  0.70
 1  90.98  0.57  0  1  0.96
 0  62.54  0.51  0  3  1.09
 2  74.25  1.34  1  2  0.81
 0  78.06  0.21  0  1  0.80
 1  92.95  0.86  0  1  0.88
 3  62.54  0.51  1  0  0.86
 3  69.02  1.00  1  1  1.73
 0  64.69  1.16  0  3  0.86
 0  64.69  0.42  0  2  0.96
 2  98.95  0.62  1  2  1.96
 3  60.30  0.84  1  3  1.08
 0  67.05  0.86  0  3  0.77
 1  92.56  0.33  0  1  2.02
 2  77.47  0.61  1  2  1.66
 0  61.05  0.62  0  3  4.51
 0  72.67  0.46  0  3  0.70
 2  72.67  1.11  1  2  0.60
 2  74.25  1.34  1  2  1.75
 3  67.44  0.33  1  3  1.12
 2  89.33  1.30  1  2  0.82
 3  70.67  0.27  1  0  1.92
 2  86.10  0.86  1  2  0.84
 3  77.42  0.40  1  2  2.47
 2  98.95  0.62  1  1  1.43
 1  92.56  0.33  0  3  0.81
 0  77.42  1.17  0  1  0.74
 3  60.30  0.73  1  2  1.30
 0  72.67  1.11  0  3  0.83
 0  61.05  0.95  0  1  0.64
 0  60.30  0.73  0  0  0.80
 1  97.46  0.51  0  1  0.76
 0  78.06  1.37  0  2  3.67
 3  70.67  1.30  1  0  1.08
 1  92.95  0.71  0  1  0.99
 1  81.94  0.21  0  1  6.55
 1  92.56  1.24  0  1  0.71
 3  78.06  0.21  1  2  1.24
 2  92.56  1.24  1  3  0.97
 0  62.54  0.51  0  3  1.45
 0  73.90  0.71  0  0  0.67
 2  81.94  1.37  1  0  0.68
 2  85.75  1.34  1  2  3.54
 1  90.98  0.57  0  1  0.82
 3  89.33  0.27  1  3  1.63
 1  82.53  0.61  0  1  1.19
 0  67.44  1.24  0  0  0.55
 2  95.31  1.16  1  1  1.08
 3  69.02  1.00  1  2  0.61
 2  99.70  0.73  1  1  1.23
 3  61.05  0.95  1  0  0.92
 2  98.95  0.95  1  1  0.70
 3  69.02  0.57  1  2  1.47
 1  98.95  0.62  0  1  0.70
 1  82.58  0.40  0  1  0.76
 1  82.58  1.17  0  1  1.20
 3  67.44  1.24  1  2  1.66
 3  81.94  0.21  1  0  1.48
 3  62.54  0.51  1  3  0.90
 1  89.33  1.30  0  1  2.89
 1  82.53  0.96  0  1  1.01
 2  82.58  1.17  1  1  0.62
 1  99.70  0.73  0  1  0.77
 1  86.10  0.86  0  1  0.83
 3  64.69  0.42  1  2  0.84
 2  97.46  1.06  1  3  1.41
 2  99.70  0.84  1  1  0.67
 0  77.47  0.96  0  0  0.62
 0  73.90  0.86  0  1  0.69
 1  99.70  0.84  0  1  0.68
 2  92.95  0.71  1  0  0.78
 3  95.31  0.42  1  1  0.79
 3  85.75  0.23  1  3  1.10
 0  78.06  0.21  0  3  1.39
 3  97.46  0.51  1  1  0.86
 0  69.02  0.57  0  2  1.19
 2  87.33  1.11  1  1  0.75
 3  72.67  0.46  1  0  0.81
 1  97.46  1.06  0  1  1.06
 0  64.69  0.42  0  0  0.84
 2  82.53  0.96  1  1  0.61
 3  87.33  0.46  1  2  0.41
 3  60.30  0.84  1  3  0.71
 1  90.98  1.00  0  1  0.64
 1  92.95  0.86  0  1  0.63
 3  64.69  1.16  1  0  2.27
 2  73.90  0.86  1  2  0.74
 1  98.95  0.95  0  1  0.68
 0  67.05  0.71  0  2  0.95
 0  60.30  0.84  0  3  0.62
 1  87.33  1.11  0  1  0.79
 0  67.44  0.33  0  3  1.43
 1  95.31  0.42  0  3  0.89
 3  82.58  0.40  1  0  0.85
 2  90.98  1.00  1  1  1.06
 1  86.10  0.71  0  2  0.90
 0  74.25  1.34  0  2  2.24
 2  77.47  0.96  1  0  0.63
 2  73.90  0.71  1  1  0.65
 1  95.31  1.16  0  1  0.64
 3  61.05  0.62  1  3  0.68
 0  62.54  1.06  0  2  3.97
 2  77.42  1.17  1  0  1.50
 0  70.67  1.30  0  3  0.72
 3  74.25  0.23  1  2  0.79
 2  78.06  1.37  1  2  1.01
 1  81.94  1.37  0  2  0.71
 0  74.25  0.23  0  1  0.76
 1  89.33  0.27  0  3  0.90
 0  67.05  0.86  0  3  1.09
 3  92.56  0.33  1  1  0.90
 3  67.05  0.71  1  0  0.78
 0  69.02  1.00  0  2  0.65
 2  90.98  0.57  1  1  0.66
 3  62.54  1.06  1  2  0.67
 1  87.33  0.46  0  1  0.47
 0  64.69  1.16  0  2  0.90
 2  92.95  0.86  1  1  4.91
 3  67.05  0.86  1  0  1.23
 2  82.53  0.61  1  3  0.84
 1  85.75  0.23  0  1  0.90
 0  77.42  0.40  0  2  0.67
 0  70.67  0.27  0  0  1.38
 1  85.75  1.34  0  0  0.88
 0  77.47  0.61  0  2  1.14
 2  86.10  0.71  1  1  0.62
 3  74.25  0.23  1  0  1.21
 2  77.47  0.61  1  3  2.29
 3  61.05  0.95  1  2  4.78
 3  87.33  0.46  1  0  0.78
 3  85.75  0.23  1  1  0.73
 1  86.10  0.71  0  1  0.65
 0  73.90  0.86  0  1  0.75
 0  72.67  0.46  0  2  1.12
 1  89.33  0.27  0  1  3.06
 3  70.67  0.27  1  0  0.89
 0  69.02  0.57  0  3  1.10
 0  67.05  0.86  0  1  0.58
 2  92.95  0.71  1  1  0.96
 1  95.31  0.42  0  1  0.86
 2  82.58  1.17  1  2  0.65
 1  86.10  0.86  0  1  1.03
 0  70.67  1.30  0  2  0.76
 2  85.75  1.34  1  3  1.59
 0  78.06  0.21  0  0  0.97
 1  97.46  1.06  0  1  1.11
 2  82.53  0.61  1  2  6.09
 3  81.94  0.21  1  0  1.61
 2  82.53  0.96  1  1  0.55
 1  92.56  1.24  0  2  0.50
 3  60.30  0.73  1  2  0.60
 1  82.58  1.17  0  2  0.71
 3  60.30  0.84  1  3  0.88
 2  92.56  1.24  1  1  0.74
 2  99.70  0.84  1  1  0.70
 3  95.31  0.42  1  0  2.19
 3  67.05  0.71  1  2  0.66
 2  72.67  1.11  1  3  0.46
 3  62.54  1.06  1  0  0.59
 2  81.94  1.37  1  1  0.56
 2  73.90  0.71  1  1  2.31
 3  69.02  1.00  1  2  0.72
 1  98.95  0.95  0  1  0.71
 2  89.33  1.30  1  0  0.77
 2  95.31  1.16  1  2  0.81
 2  87.33  1.11  1  2  6.77
 0  60.30  0.84  0  3  0.93
 3  82.58  0.40  1  0  0.85
 0  60.30  0.73  0  3  0.98
 1  82.58  0.40  0  1  0.73
 1  97.46  0.51  0  1  0.84
 3  64.69  0.42  1  2  6.40
 0  64.69  1.16  0  0  4.80
 1  82.53  0.61  0  1  1.43
 0  77.42  0.40  0  1  0.96
 1  81.94  0.21  0  1  2.82
 2  78.06  1.37  1  2  2.34
 1  99.70  0.84  0  1  1.01
 0  74.25  0.23  0  3  1.10
 1  87.33  1.11  0  1  0.75
 3  89.33  0.27  1  0  1.96
 0  64.69  0.42  0  1  2.93
 0  77.47  0.96  0  1  3.05
 1  90.98  1.00  0  1  2.92
 2  73.90  0.86  1  2  2.14
 3  62.54  0.51  1  0  0.90
 0  61.05  0.95  0  3  1.25
 3  64.69  1.16  1  2  0.66
 3  97.46  0.51  1  1  1.53
 3  77.42  0.40  1  0  3.55
 0  67.44  0.33  0  2  4.62
 1  89.33  1.30  0  1  1.30
 1  82.53  0.96  0  1  1.59
 3  69.02  0.57  1  2  0.92
 0  69.02  1.00  0  0  0.72
 1  99.70  0.73  0  1  1.18
 3  67.44  0.33  1  0  0.88
 2  98.95  0.95  1  2  0.52
 1  92.56  0.33  0  1  0.46
 1  85.75  1.34  0  1  2.93
 2  74.25  1.34  1  0  0.96
 3  67.44  1.24  1  1  0.67
 1  87.33  0.46  0  1  0.58
 2  77.42  1.17  1  2  0.83
 0  73.90  0.71  0  1  0.92
 0  74.25  1.34  0  1  0.82
 0  77.47  0.61  0  1  0.73
 2  90.98  1.00  1  1  1.47
 0  62.54  1.06  0  3  1.09
 2  98.95  0.62  1  1  0.92
 0  67.44  1.24  0  0  0.81
 2  86.10  0.86  1  2  1.05
 1  92.95  0.86  0  1  0.70
 1  85.75  0.23  0  3  1.25
 0  62.54  0.51  0  2  1.03
 3  61.05  0.62  1  0  0.83
 1  92.95  0.71  0  1  0.65
 0  72.67  1.11  0  0  0.79
 3  92.56  0.33  1  2  0.82
 2  99.70  0.73  1  1  0.77
 0  61.05  0.62  0  2  1.06
 2  92.95  0.86  1  0  7.85
 2  90.98  0.57  1  2  0.53
 3  67.05  0.86  1  2  0.63
 3  78.06  0.21  1  3  0.96
 3  72.67  0.46  1  2  0.87
 0  67.05  0.71  0  0  0.98
 0  77.42  1.17  0  1  2.42
 1  98.95  0.62  0  1  1.62
 2  97.46  1.06  1  0  0.59
 1  90.98  0.57  0  1  0.99
 2  77.47  0.96  1  0  1.34
 1  95.31  1.16  0  1  0.54
 3  70.67  1.30  1  0  0.89
 1  81.94  1.37  0  1  0.85
 2  86.10  0.71  1  2  1.06
 0  70.67  0.27  0  3  0.70
 0  78.06  1.37  0  2  0.89
 3  69.02  1.00  1  0  2.43
 3  78.06  0.21  1  2  0.64
 0  62.54  0.51  0  0  1.44
 1  92.56  1.24  0  1  0.82
 0  74.25  0.23  0  3  1.26
 0  70.67  1.30  0  0  0.57
 3  82.58  0.40  1  0  5.00
 3  81.94  0.21  1  0  3.63
 3  95.31  0.42  1  2  4.07
 0  77.42  1.17  0  0 14.74
 0  78.06  0.21  0  0  5.14
 1  97.46  0.51  0  1  0.68
 2  73.90  0.71  1  2  1.20
 1  98.95  0.62  0  1  0.77
 2  97.46  1.06  1  0  1.68
 1  89.33  0.27  0  1  0.85
 1  87.33  0.46  0  1  1.60
 2  82.58  1.17  1  2  3.43
 0  73.90  0.86  0  1  3.14
 2  77.47  0.61  1  0  1.12
 2  86.10  0.86  1  2  1.24
 1  82.53  0.61  0  1  2.19
 2  90.98  1.00  1  2  1.99
 1  82.58  0.40  0  1  2.85
 1  92.95  0.86  0  1  1.35
 0  67.44  0.33  0  0  1.89
 1  85.75  1.34  0  1  0.98
 2  72.67  1.11  1  2  0.52
 0  60.30  0.73  0  0  1.40
 0  62.54  1.06  0  0  0.69
 3  85.75  0.23  1  2  1.87
 1  89.33  1.30  0  1  0.67
 2  82.53  0.96  1  0  1.01
 1  82.58  1.17  0  1  0.89
 0  77.47  0.61  0  1  0.66
 3  61.05  0.95  1  2  1.67
 1  86.10  0.86  0  1  0.57
 0  77.47  0.96  0  1  1.13
 1  86.10  0.71  0  1  0.59
 1  87.33  1.11  0  1  0.83
 3  64.69  0.42  1  0  0.75
 3  89.33  0.27  1  2  1.02
 1  97.46  1.06  0  1  0.61
 0  74.25  1.34  0  0  0.68
 3  67.05  0.86  1  0  1.54
 0  69.02  1.00  0  1  0.30
 2  77.47  0.96  1  2  0.43
 3  64.69  1.16  1  0  1.10
 0  72.67  1.11  0  2  0.98
 1  95.31  1.16  0  1  0.93
 2  98.95  0.62  1  0  0.69
 3  87.33  0.46  1  2  1.31
 3  67.05  0.71  1  0  1.02
 3  77.42  0.40  1  0  2.61
 1  99.70  0.73  0  1  0.73
 2  81.94  1.37  1  2  0.81
 1  98.95  0.95  0  1  0.62
 2  78.06  1.37  1  0  0.68
 2  89.33  1.30  1  1  1.00
 0  78.06  1.37  0  1  0.67
 2  74.25  1.34  1  2  0.77
 1  81.94  1.37  0  1  0.89
 2  86.10  0.71  1  0  0.91
 3  97.46  0.51  1  1  0.91
 3  60.30  0.73  1  2  1.46
 2  73.90  0.86  1  2  0.71
 1  92.56  0.33  0  1  0.80
 2  77.42  1.17  1  0  0.68
 1  81.94  0.21  0  1  0.59
 0  61.05  0.95  0  2  0.59
 3  72.67  0.46  1  3  0.59
 0  60.30  0.84  0  3  3.76
 3  61.05  0.62  1  2  0.74
 2  99.70  0.84  1  1  1.78
 2  92.95  0.71  1  0  0.67
 3  74.25  0.23  1  2  1.22
 0  67.44  1.24  0  2  0.82
 2  90.98  0.57  1  3  0.76
 2  99.70  0.73  1  0  0.60
 0  64.69  0.42  0  2  1.63
 3  60.30  0.84  1  3  1.80
 2  92.95  0.86  1  0  1.20
 1  99.70  0.84  0  1  0.59
 0  61.05  0.62  0  2  0.68
 1  95.31  0.42  0  1  0.62
 3  70.67  1.30  1  3  0.60
 1  92.95  0.71  0  1  0.68
 3  62.54  1.06  1  3  0.58
 0  67.05  0.71  0  0  3.50
 0  77.42  0.40  0  2  1.28
 3  62.54  0.51  1  2  6.87
 3  67.44  0.33  1  3  0.73
 0  70.67  0.27  0  0  1.08
 2  98.95  0.95  1  2  1.06
 1  82.53  0.96  0  1  0.68
 3  70.67  0.27  1  3  1.17
 3  67.44  1.24  1  0  1.33
 0  73.90  0.71  0  1  0.68
 2  85.75  1.34  1  2  0.74
 3  69.02  0.57  1  3  1.58
 0  64.69  1.16  0  0  0.71
 2  95.31  1.16  1  2  0.84
 1  90.98  1.00  0  1  0.64
 1  85.75  0.23  0  1  0.85
 2  92.56  1.24  1  2  0.79
 0  67.05  0.86  0  0  1.70
 2  82.53  0.61  1  2  1.21
 0  72.67  0.46  0  3  1.32
 0  69.02  0.57  0  2  1.49
 1  90.98  0.57  0  1  0.70
 3  92.56  0.33  1  2  0.80
 2  87.33  1.11  1  2  0.61
 3  82.58  0.40  1  1  0.91
 0  69.02  0.57  0  0  1.47
 1  97.46  0.51  0  1  1.45
 0  67.05  0.86  0  3 12.34
 0  67.44  1.24  0  0  2.52
 0  70.67  1.30  0  0  0.66
 2  97.46  1.06  1  2  0.66
 2  77.47  0.61  1  3 11.07
 1  92.56  0.33  0  1  1.22
 0  77.47  0.96  0  2  1.00
 2  90.98  0.57  1  2  0.82
 3  74.25  0.23  1  0  0.80
 3  61.05  0.95  1  1  0.99
 0  62.54  0.51  0  2  0.66
 3  67.05  0.71  1  0  1.47
 3  60.30  0.84  1  3  0.58
 3  70.67  1.30  1  2  0.81
 0  77.42  0.40  0  1  0.58
 0  61.05  0.62  0  3  0.44
 1  87.33  1.11  0  1  0.72
 0  61.05  0.95  0  0  0.82
 0  62.54  1.06  0  0  0.75
 3  81.94  0.21  1  0  1.51
 1  98.95  0.62  0  1  0.72
 2  92.95  0.71  1  2  0.68
 2  82.58  1.17  1  2  0.73
 2  86.10  0.71  1  2  1.26
 1  86.10  0.86  0  1  0.72
 3  60.30  0.73  1  0  0.79
 3  67.44  0.33  1  3  0.63
 0  64.69  1.16  0  0  0.62
 2  95.31  1.16  1  2  0.77
 1  92.95  0.86  0  1  0.44
 1  85.75  1.34  0  1  1.08
 3  62.54  1.06  1  3  1.13
 0  73.90  0.86  0  0  1.20
 2  99.70  0.73  1  2  0.90
 2  81.94  1.37  1  0  1.82
 0  64.69  0.42  0  3  2.46
 0  78.06  0.21  0  1  0.67
 1  99.70  0.73  0  1  0.57
 0  67.44  0.33  0  0  0.96
 3  64.69  1.16  1  2  0.75
 3  69.02  1.00  1  3  0.47
 2  98.95  0.62  1  2  0.67
 2  92.95  0.86  1  2  0.59
 3  78.06  0.21  1  0  1.30
 3  85.75  0.23  1  2  0.85
 1  92.56  1.24  0  1  0.60
 0  78.06  1.37  0  1  1.00
 3  61.05  0.62  1  2  0.92
 2  92.56  1.24  1  2  0.71
 2  78.06  1.37  1  3  1.34
 1  89.33  0.27  0  1  1.30
 1  89.33  1.30  0  1  7.00
 1  81.94  1.37  0  1  0.61
 0  72.67  0.46  0  1  1.89
 2  74.25  1.34  1  0  0.90
 0  77.47  0.61  0  2  0.84
 1  81.94  0.21  0  1  0.87
 3  95.31  0.42  1  2  0.93
 2  77.47  0.96  1  2  0.88
 2  90.98  1.00  1  2  0.74
 1  95.31  1.16  0  1  0.91
 2  73.90  0.71  1  3  1.49
 2  72.67  1.11  1  0  5.70
 0  73.90  0.71  0  0  0.82
 1  86.10  0.71  0  0  0.59
 2  82.53  0.96  1  2  0.65
 1  82.53  0.96  0  1  0.60
 0  69.02  1.00  0  3  1.33
 1  98.95  0.95  0  1  1.04
 1  90.98  1.00  0  2  0.91
 2  99.70  0.84  1  2  0.62
 1  95.31  0.42  0  1  0.70
 1  82.58  1.17  0  1  0.47
 2  77.42  1.17  1  0  0.68
 3  70.67  0.27  1  2  0.70
 1  82.58  0.40  0  1  0.57
 1  99.70  0.84  0  1  0.82
 3  67.44  1.24  1  0  0.91
 3  87.33  0.46  1  2  0.87
 3  92.56  0.33  1  2  0.77
 1  85.75  0.23  0  1  1.98
 2  73.90  0.86  1  0  0.66
 2  87.33  1.11  1  2  0.54
 2  85.75  1.34  1  2  0.83
 0  72.67  1.11  0  0  0.85
 2  82.53  0.61  1  2  0.62
 2  98.95  0.95  1  2  0.59
 3  97.46  0.51  1  2  0.68
 3  67.05  0.86  1  0  0.80
 0  74.25  0.23  0  1  0.59
 3  69.02  0.57  1  3  0.88
 3  64.69  0.42  1  0  0.71
 1  97.46  1.06  0  2  0.58
 0  60.30  0.84  0  3  0.95
 3  72.67  0.46  1  0  0.81
 1  90.98  0.57  0  1  0.53
 0  77.42  1.17  0  1  0.66
 0  67.05  0.71  0  0  0.77
 3  89.33  0.27  1  2  0.77
 0  70.67  0.27  0  0  0.69
 1  82.53  0.61  0  1  0.90
 3  62.54  0.51  1  0  0.60
 0  60.30  0.73  0  2  1.05
 0  74.25  1.34  0  1  0.77
 3  77.42  0.40  1  2  0.73
 2  86.10  0.86  1  2  0.77
 2  89.33  1.30  1  2  1.01
 1  87.33  0.46  0  1  0.57
 1  92.95  0.71  0  1  0.52
