 0  77.47  0.96  0  0  1.31
 3  64.69  0.42  1  2  2.26
 1  92.56  0.33  0  2  1.40
 2  82.53  0.61  1  0  0.87
 1  82.53  0.61  0  0  0.61
 0  67.05  0.86  0  1  0.58
 0  67.44  1.24  0  3  0.67
 2  85.75  1.34  1  0  0.61
 0  70.67  0.27  0  0  0.71
 1  98.95  0.95  0  2  1.81
 0  67.05  0.71  0  2  1.52
 1  82.58  1.17  0  2  0.77
 1  92.95  0.86  0  2  1.78
 2  81.94  1.37  1  2  0.69
 2  92.95  0.86  1  2  0.90
 3  60.30  0.84  1  0  0.97
 1  81.94  1.37  0  1  0.91
 2  95.31  1.16  1  0  0.98
 0  61.05  0.95  0  2  1.51
 0  62.54  1.06  0  3  0.45
 2  82.58  1.17  1  0  0.49
 3  97.46  0.51  1  0  1.37
 3  70.67  0.27  1  0  0.81
 1  89.33  1.30  0  1  0.68
 3  67.44  1.24  1  2  1.60
 0  74.25  1.34  0  3  0.55
 0  77.42  1.17  0  1  1.55
 2  73.90  0.71  1  0  0.70
 1  90.98  0.57  0  0  0.91
 1  95.31  1.16  0  3  5.38
 2  90.98  1.00  1  0  0.98
 2  74.25  1.34  1  0  0.84
 1  81.94  0.21  0  0  1.23
 1  87.33  0.46  0  0  1.36
 1  82.58  0.40  0  1  0.69
 0  73.90  0.86  0  0  0.85
 1  89.33  0.27  0  1  0.92
 0  72.67  0.46  0  1  0.69
 0  69.02  0.57  0  0  1.01
 0  78.06  1.37  0  1  0.88
 0  64.69  0.42  0  0  0.69
 0  74.25  0.23  0  1  0.80
 3  95.31  0.42  1  2  1.02
 1  98.95  0.62  0  0  0.91
 0  60.30  0.84  0  1  0.75
 1  97.46  0.51  0  1  0.54
 0  69.02  1.00  0  0  0.84
 3  60.30  0.73  1  2  1.32
 2  77.42  1.17  1  2  1.14
 3  69.02  1.00  1  2  0.97
 2  89.33  1.30  1  2  0.46
 3  67.05  0.86  1  3  0.48
 2  73.90  0.86  1  3  0.64
 3  74.25  0.23  1  2  0.92
 3  61.05  0.62  1  2  0.87
 3  78.06  0.21  1  3  0.33
 2  92.56  1.24  1  2  1.07
 2  82.53  0.96  1  2  2.15
 3  61.05  0.95  1  3  0.73
 1  92.56  1.24  0  0  2.47
 3  62.54  1.06  1  2  2.22
 0  67.44  0.33  0  1  1.13
 3  64.69  1.16  1  2  1.36
 3  62.54  0.51  1  3  1.05
 3  72.67  0.46  1  3  0.99
 0  77.42  0.40  0  0  1.26
 0  73.90  0.71  0  0  0.94
 3  69.02  0.57  1  2  1.15
 1  97.46  1.06  0  1  0.93
 1  86.10  0.71  0  1  1.01
 2  99.70  0.73  1  3  1.99
 3  89.33  0.27  1  2  0.77
 1  99.70  0.84  0  3  0.75
 3  70.67  1.30  1  2  0.72
 3  85.75  0.23  1  3  0.61
 0  64.69  1.16  0  1  1.88
 0  77.47  0.61  0  0  0.62
 3  82.58  0.40  1  2  2.46
 3  81.94  0.21  1  3  0.60
 2  99.70  0.84  1  3  0.84
 2  78.06  1.37  1  2  0.49
 0  78.06  0.21  0  0  0.70
 1  92.95  0.71  0  1  1.42
 1  86.10  0.86  0  1  0.68
 0  72.67  1.11  0  0  0.65
 3  92.56  0.33  1  2  0.88
 2  98.95  0.62  1  3  0.81
 1  95.31  0.42  0  0  1.28
 0  70.67  1.30  0  0  0.60
 2  77.47  0.96  1  0  4.52
 1  85.75  1.34  0  2  0.89
 2  97.46  1.06  1  2  0.89
 2  77.47  0.61  1  2  0.94
 2  72.67  1.11  1  2  0.62
 2  92.95  0.71  1  2  0.85
 3  67.44  0.33  1  3  0.87
 2  90.98  0.57  1  3  0.49
 2  98.95  0.95  1  2  0.97
 0  61.05  0.62  0  0  1.29
 1  90.98  1.00  0  1  0.77
 0  62.54  0.51  0  0  0.95
 0  60.30  0.73  0  0  0.49
 1  82.53  0.96  0  0  0.62
 3  87.33  0.46  1  2  1.50
 3  67.05  0.71  1  2  0.76
 1  85.75  0.23  0  1  0.88
 2  86.10  0.86  1  0  0.86
 1  87.33  1.11  0  2  1.64
 3  77.42  0.40  1  2  3.32
 1  99.70  0.73  0  3  1.10
 2  87.33  1.11  1  3  2.71
 2  86.10  0.71  1  2  0.63
 3  67.44  0.33  1  2  4.83
 1  92.95  0.71  0  0  1.18
 3  77.42  0.40  1  3  1.54
 3  72.67  0.46  1  3  0.77
 2  74.25  1.34  1  2  0.86
 1  82.58  1.17  0  0  0.98
 1  87.33  0.46  0  1  1.04
 1  99.70  0.84  0  1  0.78
 2  98.95  0.62  1  2  2.24
 1  98.95  0.95  0  1  1.37
 3  61.05  0.95  1  2  0.94
 3  74.25  0.23  1  2  1.14
 2  85.75  1.34  1  3  0.71
 2  77.42  1.17  1  2  0.80
 0  78.06  0.21  0  1  2.24
 3  70.67  0.27  1  3  2.27
 1  82.53  0.96  0  1  1.51
 1  82.53  0.61  0  1  0.93
 3  64.69  1.16  1  2  1.07
 1  92.56  1.24  0  1  1.10
 2  99.70  0.84  1  3  2.47
 1  81.94  1.37  0  1  1.21
 0  67.44  1.24  0  1  0.93
 3  67.44  1.24  1  2  0.93
 2  92.56  1.24  1  3  0.79
 1  95.31  1.16  0  0  0.99
 0  72.67  0.46  0  0  0.70
 3  61.05  0.62  1  3  1.40
 2  72.67  1.11  1  3  0.89
 0  69.02  0.57  0  2  0.61
 1  92.56  0.33  0  1  1.58
 2  78.06  1.37  1  2  1.73
 3  82.58  0.40  1  3  0.72
 1  86.10  0.71  0  1  1.74
 3  67.05  0.86  1  2  2.08
 1  97.46  0.51  0  3  1.77
 3  89.33  0.27  1  3  1.46
 1  81.94  0.21  0  3  0.84
 1  97.46  1.06  0  0  1.01
 1  89.33  1.30  0  1  0.89
 0  70.67  1.30  0  1  0.67
 0  60.30  0.84  0  0  0.65
 0  67.05  0.71  0  0  0.64
 3  85.75  0.23  1  2  0.98
 1  99.70  0.73  0  0  2.23
 3  69.02  0.57  1  2  1.11
 2  95.31  1.16  1  2  1.13
 2  73.90  0.71  1  2  0.92
 0  77.42  1.17  0  0  1.11
 3  95.31  0.42  1  2  1.39
 0  64.69  1.16  0  0  1.22
 0  62.54  0.51  0  3  1.60
 2  73.90  0.86  1  3  3.55
 2  90.98  0.57  1  3  1.38
 0  73.90  0.86  0  0  1.00
 2  98.95  0.95  1  3  1.49
 0  64.69  0.42  0  0  0.91
 2  99.70  0.73  1  2  0.49
 2  97.46  1.06  1  2  0.55
 3  70.67  1.30  1  2  0.70
 0  73.90  0.71  0  0  0.75
 3  62.54  1.06  1  3  2.69
 1  92.95  0.86  0  0  1.32
 2  92.95  0.71  1  2  1.89
 1  85.75  0.23  0  1  1.08
 3  81.94  0.21  1  2  0.47
 0  61.05  0.62  0  0  0.83
 0  67.05  0.86  0  0  0.74
 1  98.95  0.62  0  0  0.94
 1  90.98  0.57  0  1  1.25
 3  97.46  0.51  1  3  1.08
 3  64.69  0.42  1  3  0.93
 0  62.54  1.06  0  0  1.41
 0  78.06  1.37  0  1  1.49
 3  78.06  0.21  1  2  2.40
 3  60.30  0.73  1  3  0.56
 0  77.42  0.40  0  0  1.11
 0  69.02  1.00  0  3  0.74
 2  77.47  0.96  1  2  0.53
 0  70.67  0.27  0  0  0.66
 0  72.67  1.11  0  1  0.87
 0  77.47  0.61  0  0  0.45
 3  60.30  0.84  1  3  0.89
 3  87.33  0.46  1  0  0.46
 1  95.31  0.42  0  1  0.74
 0  77.47  0.96  0  0  0.93
 2  81.94  1.37  1  2  2.24
 1  89.33  0.27  0  3  2.13
 0  74.25  0.23  0  1  0.58
 0  60.30  0.73  0  0  0.28
 2  82.58  1.17  1  2  0.99
 1  90.98  1.00  0  1  1.55
 0  61.05  0.95  0  1  0.79
 3  62.54  0.51  1  3  0.96
 2  87.33  1.11  1  3  0.69
 2  89.33  1.30  1  2  0.54
 2  92.95  0.86  1  2  0.88
 2  77.47  0.61  1  2  0.81
 0  74.25  1.34  0  0  0.93
 3  67.05  0.71  1  3  0.98
 1  85.75  1.34  0  1  1.51
 2  90.98  1.00  1  2  1.33
 1  87.33  1.11  0  0  0.87
 0  67.44  0.33  0  0  1.10
 1  86.10  0.86  0  1  0.49
 2  82.53  0.96  1  2  0.52
 3  92.56  0.33  1  2  1.34
 2  82.53  0.61  1  3  0.46
 2  86.10  0.86  1  2  0.44
 2  86.10  0.71  1  2  0.76
 3  69.02  1.00  1  1  1.04
 1  82.58  0.40  0  1  1.24
 1  98.95  0.95  0  0  2.93
 1  92.56  1.24  0  1  0.91
 2  92.95  0.86  1  3  1.01
 3  70.67  0.27  1  3  1.05
 3  82.58  0.40  1  3  0.78
 3  67.05  0.86  1  3  3.56
 0  77.47  0.61  0  1  1.08
 1  95.31  0.42  0  0  0.58
 1  97.46  1.06  0  0  0.69
 3  81.94  0.21  1  2  0.92
 3  78.06  0.21  1  3  0.71
 0  73.90  0.71  0  0  1.01
 1  86.10  0.86  0  1  0.88
 3  67.44  0.33  1  3  0.90
 2  90.98  1.00  1  2  0.78
 0  67.05  0.86  0  0  0.80
 0  64.69  1.16  0  0  0.64
 3  60.30  0.84  1  2  0.90
 2  95.31  1.16  1  3  0.54
 1  97.46  0.51  0  0  1.03
 2  78.06  1.37  1  2  0.92
 2  97.46  1.06  1  2  0.74
 2  77.42  1.17  1  2  0.84
 0  70.67  1.30  0  1  1.22
 0  72.67  1.11  0  0  0.58
 0  67.44  0.33  0  1  1.22
 1  92.56  0.33  0  0  0.29
 2  98.95  0.62  1  2  1.03
 0  60.30  0.73  0  1  1.33
 2  89.33  1.30  1  2  1.29
 3  89.33  0.27  1  3  1.05
 3  67.05  0.71  1  2  0.66
 0  60.30  0.84  0  2  0.81
 2  81.94  1.37  1  2  1.13
 3  95.31  0.42  1  3  0.51
 3  64.69  0.42  1  3  1.35
 2  85.75  1.34  1  2  0.76
 2  99.70  0.73  1  3  0.70
 2  87.33  1.11  1  3  1.23
 3  92.56  0.33  1  3  0.87
 0  67.05  0.71  0  0  1.19
 2  72.67  1.11  1  2  0.99
 1  98.95  0.62  0  0  0.68
 2  82.53  0.96  1  3  1.05
 2  90.98  0.57  1  2  0.74
 3  61.05  0.62  1  2  1.98
 0  64.69  0.42  0  0  2.41
 0  77.42  0.40  0  0  1.41
 1  82.53  0.61  0  0  0.48
 0  72.67  0.46  0  1  0.74
 1  87.33  0.46  0  0  0.52
 2  92.56  1.24  1  3  2.35
 0  70.67  0.27  0  0  0.93
 3  64.69  1.16  1  2  0.80
 3  60.30  0.73  1  3  0.62
 2  82.53  0.61  1  2  0.80
 0  62.54  0.51  0  0  0.70
 3  87.33  0.46  1  2  0.78
 0  67.44  1.24  0  1  1.00
 3  85.75  0.23  1  3  0.65
 2  98.95  0.95  1  2  0.55
 1  85.75  1.34  0  0  0.91
 0  69.02  0.57  0  0  0.81
 0  78.06  1.37  0  1  0.88
 1  99.70  0.84  0  1  1.14
 3  69.02  0.57  1  2  0.99
 0  61.05  0.62  0  1  2.78
 2  86.10  0.86  1  2  0.86
 1  92.95  0.86  0  1  1.09
 2  82.58  1.17  1  2  0.62
 1  89.33  0.27  0  0  0.76
 3  62.54  0.51  1  2  0.77
 0  73.90  0.86  0  0  0.90
 0  74.25  1.34  0  1  0.99
 3  67.44  1.24  1  2  1.94
 2  92.95  0.71  1  2  0.75
 3  97.46  0.51  1  2  0.87
 1  82.53  0.96  0  0  0.56
 1  82.58  1.17  0  1  0.41
 0  69.02  1.00  0  1  0.45
 1  82.58  0.40  0  0  0.38
 1  89.33  1.30  0  0  0.55
 2  77.47  0.61  1  3  0.70
 1  87.33  1.11  0  1  0.82
 1  81.94  0.21  0  1  1.48
 3  70.67  1.30  1  2  0.90
 1  95.31  1.16  0  0  0.99
 2  74.25  1.34  1  3  2.64
 2  77.47  0.96  1  3  3.38
 1  85.75  0.23  0  1  0.76
 2  73.90  0.86  1  2  0.72
 3  61.05  0.95  1  3  0.74
 2  73.90  0.71  1  2  0.67
 1  90.98  0.57  0  0  0.85
 2  99.70  0.84  1  2  0.73
 1  99.70  0.73  0  3  0.61
 0  74.25  0.23  0  1  0.32
 0  78.06  0.21  0  0  0.80
 3  77.42  0.40  1  2  0.90
 0  77.47  0.96  0  1  1.42
 3  74.25  0.23  1  2  1.74
 1  90.98  1.00  0  1  0.77
 3  69.02  1.00  1  3  0.47
 1  92.95  0.71  0  2  1.03
 0  77.42  1.17  0  1  0.70
 3  62.54  1.06  1  2  1.01
 2  86.10  0.71  1  3  0.41
 0  61.05  0.95  0  0  1.35
 1  81.94  1.37  0  1  0.96
 3  72.67  0.46  1  2  1.46
 0  62.54  1.06  0  1  2.20
 1  86.10  0.71  0  1  1.80
 0  77.42  1.17  0  0  6.71
 1  85.75  0.23  0  1  1.89
 3  82.58  0.40  1  2  1.48
 2  82.53  0.96  1  2  1.33
 2  77.47  0.61  1  3  1.57
 3  70.67  0.27  1  3  0.76
 3  77.42  0.40  1  3  0.85
 1  81.94  0.21  0  0  1.45
 3  67.05  0.86  1  2  0.98
 3  87.33  0.46  1  3  0.70
 2  87.33  1.11  1  2  0.60
 3  62.54  1.06  1  2  0.73
 0  62.54  1.06  0  1  2.08
 2  77.47  0.96  1  2  1.11
 2  89.33  1.30  1  2  1.14
 0  60.30  0.73  0  0  1.74
 1  87.33  1.11  0  1  1.11
 1  92.56  0.33  0  0  0.61
 0  77.47  0.61  0  1  0.61
 2  72.67  1.11  1  3  2.89
 0  67.44  1.24  0  1  1.48
 1  82.58  1.17  0  0  0.38
 0  69.02  1.00  0  1  0.41
 3  95.31  0.42  1  3  1.86
 3  92.56  0.33  1  3  0.78
 3  64.69  1.16  1  2  0.79
 3  61.05  0.62  1  2  0.79
 0  72.67  1.11  0  0  0.88
 3  85.75  0.23  1  2  1.47
 3  69.02  1.00  1  3  0.53
 0  60.30  0.84  0  0  1.51
 2  85.75  1.34  1  2  1.61
 2  82.53  0.61  1  3  0.51
 1  90.98  0.57  0  1  1.12
 1  97.46  0.51  0  1  0.65
 1  90.98  1.00  0  0  1.03
 0  73.90  0.71  0  0  0.59
 3  81.94  0.21  1  2  2.38
 2  97.46  1.06  1  2  0.71
 2  99.70  0.73  1  2  1.09
 1  98.95  0.62  0  1  1.88
 3  62.54  0.51  1  3  0.90
 0  72.67  0.46  0  1  0.83
 3  89.33  0.27  1  2  0.96
 1  81.94  1.37  0  0  0.75
 2  92.95  0.71  1  3  2.13
 2  74.25  1.34  1  2  0.88
 0  67.44  0.33  0  0  1.02
 2  90.98  1.00  1  3  2.43
 0  70.67  1.30  0  1  1.06
 2  73.90  0.71  1  2  1.70
 1  82.53  0.61  0  0  1.00
 1  92.95  0.71  0  1  1.71
 0  61.05  0.62  0  1  0.78
 2  98.95  0.95  1  3  0.88
 0  61.05  0.95  0  0  1.04
 2  81.94  1.37  1  2  1.77
 0  78.06  0.21  0  1  1.25
 2  90.98  0.57  1  2  1.04
 0  70.67  0.27  0  0  0.74
 1  95.31  1.16  0  1  0.71
 1  92.56  1.24  0  1  0.70
 1  89.33  0.27  0  0  0.61
 0  73.90  0.86  0  0  0.73
 2  86.10  0.86  1  2  1.15
 3  67.44  1.24  1  2  0.61
 3  69.02  0.57  1  3  0.52
 1  99.70  0.84  0  0  0.83
 0  67.05  0.86  0  1  0.66
 1  92.95  0.86  0  1  0.64
 2  99.70  0.84  1  2  2.25
 2  73.90  0.86  1  2  0.73
 2  78.06  1.37  1  2  0.64
 0  64.69  0.42  0  1  1.54
 2  98.95  0.62  1  3  2.55
 0  74.25  0.23  0  0  1.76
 3  60.30  0.73  1  3  1.81
 3  61.05  0.95  1  2  3.83
 1  85.75  1.34  0  0  1.38
 3  97.46  0.51  1  2  1.65
 1  87.33  0.46  0  1  0.90
 1  82.58  0.40  0  1  1.12
 0  67.05  0.71  0  0  1.21
 1  86.10  0.71  0  0  1.13
 0  77.42  0.40  0  1  0.91
 1  89.33  1.30  0  0  0.81
 1  95.31  0.42  0  0  0.80
 0  62.54  0.51  0  1  0.59
 0  69.02  0.57  0  0  0.35
 1  99.70  0.73  0  0  0.77
 1  98.95  0.95  0  1  0.82
 1  97.46  1.06  0  1  0.93
 3  78.06  0.21  1  3  1.81
 3  72.67  0.46  1  2  0.48
 2  77.42  1.17  1  2  0.70
 3  70.67  1.30  1  2  0.62
 1  82.53  0.96  0  0  1.23
 2  95.31  1.16  1  1  0.34
 0  74.25  1.34  0  0  1.89
 2  92.56  1.24  1  3  2.05
 3  64.69  0.42  1  3  0.83
 3  67.05  0.71  1  3  0.77
 0  78.06  1.37  0  0  0.93
 0  64.69  1.16  0  0  0.77
 2  86.10  0.71  1  2  1.20
 3  74.25  0.23  1  3  1.89
 0  77.47  0.96  0  0  1.92
 3  67.44  0.33  1  3  1.75
 2  82.58  1.17  1  2  1.84
 1  86.10  0.86  0  0  1.01
 2  92.95  0.86  1  2  0.74
 3  60.30  0.84  1  2  0.93
 1  85.75  0.23  0  1  1.44
 1  87.33  1.11  0  0  0.69
 3  67.44  0.33  1  1  0.89
 0  67.44  1.24  0  0  0.80
 2  77.42  1.17  1  2  0.98
 3  81.94  0.21  1  3  1.03
 2  77.47  0.96  1  2  0.78
 1  82.53  0.96  0  0  2.23
 3  67.05  0.86  1  2  0.75
 3  60.30  0.84  1  3  0.62
 3  97.46  0.51  1  2  1.47
 0  69.02  0.57  0  0  1.10
 0  70.67  0.27  0  0  0.56
 2  95.31  1.16  1  2  1.22
 3  62.54  0.51  1  2  0.80
 3  69.02  0.57  1  3  0.87
 0  61.05  0.95  0  0  1.17
 2  73.90  0.71  1  2  1.29
 2  97.46  1.06  1  2  1.00
 2  86.10  0.86  1  2  0.45
 2  90.98  0.57  1  2  0.66
 2  92.95  0.86  1  2  0.53
 1  82.53  0.61  0  0  0.85
 2  73.90  0.86  1  2  0.92
 0  78.06  1.37  0  0  1.20
 1  90.98  0.57  0  1  0.52
 0  70.67  1.30  0  0  0.72
 0  72.67  0.46  0  1  0.39
 0  62.54  0.51  0  1  1.10
 0  61.05  0.62  0  0  0.65
 2  98.95  0.95  1  3  3.02
 1  92.56  1.24  0  1  1.73
 1  86.10  0.86  0  1  1.02
 0  64.69  0.42  0  0  0.91
 1  86.10  0.71  0  0  0.79
 1  95.31  1.16  0  1  0.88
 3  64.69  0.42  1  3  3.99
 3  77.42  0.40  1  3  0.50
 1  90.98  1.00  0  0  1.07
 3  61.05  0.62  1  2  2.47
 0  60.30  0.84  0  0  1.71
 1  97.46  0.51  0  0  0.94
 3  70.67  1.30  1  3  1.84
 0  78.06  0.21  0  1  1.98
 1  82.58  1.17  0  1  1.28
 1  89.33  0.27  0  0  1.16
 3  95.31  0.42  1  2  1.16
 1  89.33  1.30  0  1  1.22
 1  81.94  0.21  0  1  0.65
 0  74.25  0.23  0  1  0.63
 2  99.70  0.73  1  2  1.10
 0  77.42  0.40  0  1  1.65
 1  98.95  0.95  0  1  0.79
 2  77.47  0.61  1  3  1.46
 0  74.25  1.34  0  0  1.10
 1  98.95  0.62  0  0  0.77
 1  99.70  0.73  0  1  0.61
 0  77.47  0.96  0  1  0.77
 2  92.95  0.71  1  0  0.53
 1  87.33  0.46  0  1  0.67
 1  97.46  1.06  0  0  1.86
 2  72.67  1.11  1  2  0.89
 2  82.58  1.17  1  2  0.69
 0  60.30  0.73  0  0  0.98
 1  92.95  0.71  0  1  0.72
 3  92.56  0.33  1  3  1.21
 2  87.33  1.11  1  2  0.62
 2  78.06  1.37  1  2  1.07
 0  67.44  0.33  0  0  0.79
 1  92.95  0.86  0  1  0.71
 0  73.90  0.86  0  1  0.69
 0  73.90  0.71  0  0  0.61
 3  78.06  0.21  1  2  1.13
 0  69.02  1.00  0  0  0.75
 2  86.10  0.71  1  2  0.90
 1  92.56  0.33  0  1  1.31
 3  87.33  0.46  1  3  0.73
 3  64.69  1.16  1  2  0.66
 2  99.70  0.84  1  3  1.12
 2  85.75  1.34  1  2  0.67
 0  64.69  1.16  0  0  0.89
 3  82.58  0.40  1  3  0.79
 2  82.53  0.61  1  3  1.00
 3  72.67  0.46  1  2  1.61
 0  62.54  1.06  0  0  0.76
 2  81.94  1.37  1  3  0.79
 2  92.56  1.24  1  2  0.56
 0  67.05  0.86  0  0  0.79
 3  62.54  1.06  1  2  0.82
 0  77.42  1.17  0  1  1.76
 3  61.05  0.95  1  2  1.08
 0  77.47  0.61  0  1  1.08
 1  99.70  0.84  0  3  0.64
 3  70.67  0.27  1  2  0.77
 2  82.53  0.96  1  3  0.59
 3  67.44  1.24  1  2  0.96
 3  60.30  0.73  1  3  0.87
 2  90.98  1.00  1  2  1.52
 3  85.75  0.23  1  3  1.01
 1  85.75  1.34  0  0  1.02
 2  98.95  0.62  1  2  1.02
 3  89.33  0.27  1  3  1.27
 3  67.05  0.71  1  2  0.50
 3  69.02  1.00  1  2  0.73
 2  74.25  1.34  1  3  0.38
 0  72.67  1.11  0  0  0.97
 3  74.25  0.23  1  3  1.44
 1  95.31  0.42  0  0  0.91
 2  89.33  1.30  1  2  0.90
 0  67.05  0.71  0  1  0.72
 1  82.58  0.40  0  0  0.28
 1  81.94  1.37  0  0  0.64
