 1  86.10  0.86  0  0  1.29
 0  67.05  0.71  0  1  1.74
 0  98.95  0.62  1  1  1.74
 1  87.33  0.46  1  1  1.15
 1  92.56  1.24  0  0  0.66
 1  62.54  1.06  1  0  0.88
 0  77.47  0.61  0  1  0.62
 0  81.94  1.37  1  1  0.78
 0  73.90  0.86  0  0  0.38
 0  87.33  1.11  1  1  0.38
 0  67.44  1.24  1  0  2.10
 1  95.31  1.16  0  1  0.62
 0  97.46  0.51  1  0  1.18
 1  77.42  0.40  1  0  0.85
 0  99.70  0.84  1  0  0.71
 0  70.67  1.30  0  0  0.68
 0  74.25  0.23  0  1  0.58
 0  95.31  0.42  1  1  0.79
 1  82.58  0.40  1  0  0.80
 0  77.42  0.40  0  0  1.26
 1  99.70  0.84  0  0  0.72
 1  82.58  0.40  0  0  0.66
 0  86.10  0.86  1  1  0.67
 1  85.75  0.23  1  1  0.70
 0  78.06  0.21  0  1  0.49
 1  77.47  0.61  1  0  0.89
 0  74.25  1.34  1  1  0.24
 0  77.42  1.17  0  1  0.21
 0  67.44  1.24  0  0  0.32
 1  81.94  0.21  0  0  0.73
 0  69.02  1.00  0  1  0.28
 1  97.46  0.51  0  1  0.65
 1  87.33  1.11  0  1  0.36
 0  69.02  0.57  0  0  1.09
 1  72.67  0.46  1  0  0.86
 1  67.05  0.86  1  0  0.74
 1  89.33  0.27  0  0  0.72
 1  61.05  0.62  1  0  1.22
 0  97.46  1.06  1  0  0.54
 1  97.46  1.06  0  0  0.48
 0  92.56  1.24  1  1  0.25
 1  85.75  0.23  0  1  0.33
 0  82.53  0.96  1  1  0.21
 1  69.02  0.57  1  0  0.20
 1  99.70  0.73  0  0  0.73
 1  82.58  1.17  0  1  0.25
 0  67.44  0.33  0  1  0.52
 0  60.30  0.73  0  0  0.22
 1  69.02  1.00  1  0  0.46
 1  60.30  0.73  1  1  0.19
 1  92.95  0.71  0  1  6.21
 0  95.31  1.16  1  1  3.22
 0  90.98  1.00  1  0  1.35
 1  67.05  0.71  1  1  2.04
 0  78.06  1.37  0  0  0.88
 1  89.33  0.27  1  1  1.88
 0  92.95  0.86  1  1  1.24
 0  73.90  0.71  0  0  1.60
 1  67.44  0.33  1  0  1.03
 1  81.94  1.37  0  0  0.70
 1  60.30  0.84  1  1  1.94
 1  85.75  1.34  0  0  0.66
 1  78.06  0.21  1  1  2.11
 0  64.69  1.16  0  1  0.79
 0  92.95  0.71  1  0  0.81
 1  70.67  0.27  1  1  1.38
 0  90.98  0.57  1  0  1.20
 1  73.90  0.86  1  0  1.32
 0  72.67  1.11  1  0  0.66
 1  86.10  0.71  0  1  1.81
 0  85.75  1.34  1  0  1.23
 1  98.95  0.62  0  0  5.42
 1  92.56  0.33  1  0  1.31
 1  81.94  0.21  1  1  1.72
 0  78.06  1.37  1  0  0.69
 0  77.47  0.96  0  1  2.64
 1  92.56  0.33  0  1  1.27
 0  99.70  0.73  1  0  1.60
 0  82.58  1.17  1  0  0.90
 0  62.54  1.06  0  0  3.50
 1  90.98  0.57  0  0  1.89
 0  86.10  0.71  1  1  5.07
 0  89.33  1.30  1  0  0.77
 1  61.05  0.95  1  1  1.27
 0  61.05  0.62  0  0  1.18
 0  70.67  1.30  1  1  2.66
 0  61.05  0.95  0  0  1.18
 1  90.98  1.00  0  1  4.62
 1  87.33  0.46  0  0  1.92
 1  92.95  0.86  0  0  1.15
 1  95.31  0.42  0  1  0.61
 0  98.95  0.95  1  0  0.94
 1  82.53  0.61  1  0  0.78
 0  74.25  1.34  0  0  1.46
 1  64.69  1.16  1  1  0.66
 0  60.30  0.84  0  0  0.95
 1  82.53  0.61  0  1  2.12
 0  67.05  0.86  0  0  0.87
 0  77.42  1.17  1  0  0.97
 1  62.54  0.51  1  1  2.71
 1  98.95  0.95  0  1  1.62
 0  72.67  1.11  0  0  1.22
 0  70.67  0.27  0  0  0.95
 0  62.54  0.51  0  0  0.68
 0  72.67  0.46  0  0  0.81
 1  74.25  0.23  1  1  1.79
 1  64.69  0.42  1  1  1.67
 0  77.47  0.96  1  1  0.58
 0  64.69  0.42  0  0  2.22
 1  89.33  1.30  0  1  0.73
 1  82.53  0.96  0  1  0.99
 1  73.90  0.71  1  0  1.85
 1  81.94  1.37  0  0  6.82
 1  98.95  0.62  0  0  1.98
 0  72.67  0.46  0  0  1.06
 1  85.75  0.23  0  0  0.78
 1  61.05  0.95  1  1  0.66
 1  77.42  0.40  1  1  1.37
 0  92.95  0.86  1  1  0.80
 1  64.69  1.16  1  1  0.66
 0  72.67  1.11  1  1  0.61
 0  98.95  0.95  1  1  0.65
 0  64.69  1.16  0  1  1.29
 0  67.05  0.86  0  1  0.54
 0  86.10  0.86  1  1  0.72
 0  67.05  0.71  0  1  0.36
 1  89.33  1.30  0  1  0.53
 0  70.67  1.30  1  1  0.54
 0  70.67  1.30  0  0  0.35
 1  98.95  0.95  0  0  0.25
 1  82.53  0.61  1  1  0.16
 0  69.02  0.57  0  1  0.27
 1  90.98  0.57  0  0  0.34
 0  78.06  1.37  0  1  0.81
 0  82.58  1.17  1  1  3.14
 1  85.75  1.34  0  0  4.42
 1  89.33  0.27  1  1  0.23
 1  81.94  0.21  1  1  0.23
 0  95.31  1.16  1  1  0.25
 0  67.44  1.24  0  1  0.22
 0  74.25  0.23  0  0  0.22
 1  86.10  0.71  0  1  0.54
 1  87.33  0.46  0  0  0.28
 0  72.67  1.11  0  1  0.21
 0  77.42  1.17  0  1  0.44
 1  62.54  0.51  1  0  0.24
 1  82.58  0.40  0  1  0.23
 0  60.30  0.73  0  1  0.26
 0  73.90  0.71  0  0  0.27
 0  90.98  0.57  1  0  0.24
 1  67.05  0.86  1  0  0.49
 0  82.53  0.96  1  1  0.90
 1  92.56  0.33  0  1  0.82
 0  77.47  0.96  1  0  0.34
 1  92.56  1.24  0  1  0.58
 1  61.05  0.62  1  0  0.40
 1  87.33  0.46  1  0  0.30
 0  62.54  0.51  0  0  0.63
 1  82.53  0.96  0  0  0.65
 0  99.70  0.84  1  1  0.23
 1  73.90  0.71  1  0  1.15
 0  78.06  0.21  0  0  0.32
 0  78.06  1.37  1  1  0.51
 0  92.56  1.24  1  1  0.52
 0  77.47  0.61  0  0  0.43
 0  73.90  0.86  0  0  0.28
 0  67.44  0.33  0  1  0.52
 0  67.44  1.24  1  0  0.18
 0  90.98  1.00  1  0  0.12
 1  74.25  0.23  1  0  0.10
 0  64.69  0.42  0  1  0.25
 1  90.98  1.00  0  1  0.12
 1  62.54  1.06  1  1  0.27
 0  61.05  0.95  0  1  0.22
 0  74.25  1.34  1  1  0.22
 1  60.30  0.73  1  1  0.33
 0  74.25  1.34  0  1  0.20
 1  81.94  0.21  0  0  0.05
 1  95.31  1.16  0  1  0.04
 0  87.33  1.11  1  1  0.25
 1  89.33  0.27  0  0  0.10
 1  86.10  0.86  0  1  0.25
 0  70.67  0.27  0  0  0.08
 0  95.31  0.42  1  0  0.02
 1  92.56  0.33  1  0  0.08
 1  69.02  0.57  1  0  0.39
 1  82.53  0.61  0  1  0.22
 0  85.75  1.34  1  0  0.34
 1  99.70  0.84  0  1  0.18
 0  98.95  0.62  1  1  0.22
 1  82.58  0.40  1  1  0.50
 1  85.75  0.23  1  1  0.32
 1  92.95  0.86  0  1  0.29
 1  87.33  1.11  0  1  0.08
 0  62.54  1.06  0  0  0.07
 0  77.42  1.17  1  0  0.19
 1  69.02  1.00  1  0  0.24
 1  95.31  0.42  0  1  0.22
 1  92.95  0.71  0  1  0.24
 1  97.46  1.06  0  1  0.33
 1  82.58  1.17  0  0  0.34
 1  77.47  0.61  1  1  0.74
 0  97.46  0.51  1  1  0.57
 1  99.70  0.73  0  0  0.25
 1  67.05  0.71  1  1  0.30
 1  97.46  0.51  0  1  0.42
 1  73.90  0.86  1  0  0.30
 0  97.46  1.06  1  1  0.13
 1  60.30  0.84  1  0  0.27
 0  69.02  1.00  0  1  0.23
 0  60.30  0.84  0  1  0.63
 1  67.44  0.33  1  1  0.31
 1  70.67  0.27  1  1  0.20
 0  77.42  0.40  0  1  0.30
 0  81.94  1.37  1  0  0.20
 1  78.06  0.21  1  0  0.21
 1  64.69  0.42  1  1  0.15
 0  89.33  1.30  1  1  0.20
 0  99.70  0.73  1  0  0.18
 1  72.67  0.46  1  0  0.22
 0  77.47  0.96  0  1  0.29
 0  61.05  0.62  0  1  0.09
 0  92.95  0.71  1  1  0.23
 0  86.10  0.71  1  1  0.23
 1  85.75  0.23  1  0  0.99
 0  70.67  1.30  1  1  0.30
 0  72.67  1.11  0  0  0.26
 0  69.02  1.00  0  0  0.16
 1  92.95  0.86  0  0  0.15
 1  90.98  1.00  0  1  0.30
 1  77.42  0.40  1  1  0.22
 0  69.02  0.57  0  0  1.01
 0  77.47  0.96  0  0  0.37
 0  78.06  0.21  0  1  0.24
 1  61.05  0.62  1  1  0.15
 0  81.94  1.37  1  0  0.44
 0  67.05  0.86  0  0  0.72
 1  95.31  0.42  0  1  0.78
 1  89.33  0.27  0  1  0.43
 1  85.75  0.23  0  1  0.36
 1  62.54  0.51  1  0  1.46
 1  87.33  1.11  0  0  0.84
 1  92.56  1.24  0  0  0.46
 0  77.42  0.40  0  0  0.67
 0  90.98  0.57  1  0  0.67
 0  60.30  0.73  0  0  0.52
 1  81.94  0.21  1  1  1.14
 0  62.54  0.51  0  1  0.43
 1  89.33  0.27  1  0  0.93
 0  97.46  1.06  1  1  0.98
 0  97.46  0.51  1  1  1.03
 0  64.69  1.16  0  1  0.78
 1  99.70  0.84  0  1  1.01
 1  67.05  0.86  1  0  0.57
 1  92.95  0.71  0  1  0.38
 1  82.53  0.96  0  1  0.59
 1  78.06  0.21  1  1  0.26
 1  87.33  0.46  0  1  0.20
 1  64.69  0.42  1  1  0.24
 0  95.31  0.42  1  0  0.62
 1  86.10  0.86  0  0  0.16
 1  67.44  0.33  1  1  0.17
 1  61.05  0.95  1  1  0.20
 0  72.67  0.46  0  0  0.29
 0  86.10  0.71  1  1  0.27
 0  99.70  0.84  1  0  0.18
 1  81.94  0.21  0  0  0.20
 1  82.58  0.40  0  1  0.08
 1  64.69  1.16  1  1  0.15
 1  77.47  0.61  1  1  0.28
 0  61.05  0.95  0  1  0.26
 0  74.25  0.23  0  0  0.30
 1  82.53  0.61  1  0  0.19
 0  77.42  1.17  0  1  0.27
 0  86.10  0.86  1  1  0.24
 0  82.58  1.17  1  1  0.21
 1  60.30  0.84  1  0  2.58
 0  98.95  0.95  1  1  3.72
 0  74.25  1.34  1  0  0.55
 1  97.46  1.06  0  1  0.36
 0  60.30  0.84  0  1  0.41
 1  89.33  1.30  0  0  0.20
 0  70.67  1.30  0  1  0.56
 1  69.02  1.00  1  0  0.27
 0  95.31  1.16  1  1  0.76
 1  98.95  0.95  0  1  0.27
 0  92.95  0.86  1  1  0.33
 0  87.33  1.11  1  0  1.90
 1  98.95  0.62  0  1  0.88
 1  95.31  1.16  0  1  0.20
 0  85.75  1.34  1  1  0.23
 0  98.95  0.62  1  0  0.27
 1  90.98  0.57  0  0  0.21
 1  81.94  1.37  0  0  0.33
 1  82.58  1.17  0  1  0.24
 1  69.02  0.57  1  1  0.29
 0  70.67  0.27  0  1  0.32
 0  92.95  0.71  1  1  0.44
 1  97.46  0.51  0  1  0.36
 0  72.67  1.11  1  1  0.25
 1  62.54  1.06  1  0  0.21
 0  92.56  1.24  1  1  0.28
 0  78.06  1.37  0  0  0.33
 1  67.05  0.71  1  0  0.23
 1  92.56  0.33  1  1  0.43
 1  86.10  0.71  0  1  0.23
 0  77.42  1.17  1  1  0.21
 1  87.33  0.46  1  0  0.23
 0  67.05  0.71  0  1  0.23
 1  82.53  0.61  0  1  0.14
 0  61.05  0.62  0  1  0.07
 1  73.90  0.71  1  0  0.31
 1  74.25  0.23  1  1  0.13
 1  73.90  0.86  1  1  0.05
 0  77.47  0.61  0  0  0.15
 0  64.69  0.42  0  0  0.22
 0  82.53  0.96  1  0  0.24
 0  90.98  1.00  1  1  0.07
 0  73.90  0.86  0  1  0.05
 0  67.44  1.24  0  1  0.29
 1  99.70  0.73  0  0  0.95
 1  70.67  0.27  1  0  0.51
 0  67.44  1.24  1  1  0.59
 1  72.67  0.46  1  0  0.26
 0  74.25  1.34  0  1  0.56
 0  78.06  1.37  1  0  0.24
 0  67.44  0.33  0  0  0.30
 0  89.33  1.30  1  0  0.26
 0  62.54  1.06  0  0  0.14
 0  73.90  0.71  0  0  0.29
 1  85.75  1.34  0  0  0.09
 1  92.56  0.33  0  1  0.19
 1  60.30  0.73  1  1  0.13
 0  99.70  0.73  1  1  0.24
 1  82.58  0.40  1  0  0.13
 0  77.47  0.96  1  0  0.13
 1  97.46  0.51  0  0  0.78
 0  72.67  0.46  0  0  0.32
 1  86.10  0.86  0  0  0.24
 0  67.05  0.71  0  1  0.40
 1  82.58  0.40  0  1  0.10
 0  77.42  1.17  0  1  0.10
 0  90.98  0.57  1  0  0.22
 0  73.90  0.86  0  0  0.44
 0  90.98  1.00  1  0  0.24
 0  67.05  0.86  0  0  0.20
 1  99.70  0.73  0  0  0.18
 1  89.33  1.30  0  1  0.25
 0  70.67  0.27  0  1  0.20
 1  77.47  0.61  1  0  0.19
 1  82.58  1.17  0  1  0.24
 0  77.42  1.17  1  1  0.25
 1  62.54  0.51  1  0  0.80
 0  86.10  0.71  1  1  0.66
 0  92.95  0.71  1  1  0.93
 0  86.10  0.86  1  0  0.25
 0  85.75  1.34  1  0  0.74
 0  69.02  1.00  0  0  0.34
 1  61.05  0.62  1  0  0.29
 0  89.33  1.30  1  1  0.23
 1  61.05  0.95  1  0  0.22
 0  92.56  1.24  1  1  0.24
 1  62.54  1.06  1  0  0.32
 0  77.42  0.40  0  1  0.29
 1  89.33  0.27  0  0  0.21
 0  87.33  1.11  1  1  0.22
 1  85.75  0.23  0  1  0.15
 0  64.69  0.42  0  1  0.41
 0  61.05  0.95  0  0  0.28
 1  69.02  1.00  1  1  0.24
 1  69.02  0.57  1  1  0.35
 1  73.90  0.86  1  1  0.21
 1  67.05  0.71  1  1  0.27
 1  78.06  0.21  1  1  0.24
 0  70.67  1.30  1  1  0.27
 1  67.44  0.33  1  0  0.27
 0  64.69  1.16  0  1  0.14
 1  92.56  0.33  0  1  0.23
 1  77.42  0.40  1  1  0.24
 0  78.06  1.37  0  1  0.25
 0  92.95  0.86  1  1  0.23
 1  87.33  0.46  1  1  0.24
 0  97.46  1.06  1  1  0.25
 0  67.44  1.24  1  0  0.09
 0  82.53  0.96  1  0  0.07
 1  64.69  1.16  1  0  0.33
 0  82.58  1.17  1  1  0.17
 1  85.75  0.23  1  0  0.02
 0  98.95  0.95  1  1  0.15
 1  82.58  0.40  1  1  0.03
 0  77.47  0.96  1  1  0.26
 0  60.30  0.84  0  1  0.17
 1  81.94  0.21  1  0  0.35
 1  64.69  0.42  1  1  0.13
 0  74.25  1.34  1  1  0.16
 1  70.67  0.27  1  0  0.29
 0  67.44  1.24  0  1  0.30
 1  89.33  0.27  1  1  0.61
 1  60.30  0.73  1  1  0.30
 1  92.95  0.71  0  0  0.50
 0  95.31  0.42  1  1  0.44
 1  86.10  0.71  0  0  0.63
 1  95.31  0.42  0  0  0.42
 0  81.94  1.37  1  1  0.23
 0  74.25  0.23  0  0  0.14
 1  95.31  1.16  0  0  0.24
 0  70.67  1.30  0  1  0.19
 1  60.30  0.84  1  1  0.43
 1  82.53  0.96  0  0  0.39
 1  81.94  0.21  0  1  0.30
 0  73.90  0.71  0  1  0.22
 0  62.54  0.51  0  1  0.32
 1  73.90  0.71  1  1  0.12
 1  90.98  1.00  0  1  0.03
 0  95.31  1.16  1  1  0.23
 1  97.46  1.06  0  1  0.26
 1  92.95  0.86  0  1  0.08
 1  81.94  1.37  0  1  0.20
 1  99.70  0.84  0  1  0.31
 0  69.02  0.57  0  0  0.59
 1  87.33  0.46  0  0  0.01
 0  99.70  0.84  1  1  0.17
 0  72.67  1.11  0  1  0.20
 1  90.98  0.57  0  0  0.21
 0  61.05  0.62  0  1  0.10
 1  85.75  1.34  0  1  0.25
 0  62.54  1.06  0  1  0.24
 1  87.33  1.11  0  0  0.19
 0  74.25  1.34  0  1  0.28
 0  60.30  0.73  0  1  0.22
 1  74.25  0.23  1  1  0.62
 0  99.70  0.73  1  1  0.51
 0  77.47  0.96  0  0  0.20
 1  92.56  1.24  0  0  0.23
 0  78.06  0.21  0  1  0.16
 1  92.56  0.33  1  1  0.19
 0  98.95  0.62  1  1  0.51
 1  67.05  0.86  1  1  0.22
 1  98.95  0.95  0  1  0.20
 0  78.06  1.37  1  1  0.21
 0  67.44  0.33  0  0  0.37
 1  98.95  0.62  0  0  0.26
 0  77.47  0.61  0  1  0.27
 0  72.67  1.11  1  0  0.27
 1  82.53  0.61  0  0  0.21
 0  97.46  0.51  1  1  0.19
 1  82.53  0.61  1  1  0.21
 1  72.67  0.46  1  1  0.27
 1  95.31  0.42  0  1  1.33
 1  73.90  0.86  1  1  0.22
 1  64.69  1.16  1  1  0.20
 1  69.02  0.57  1  1  0.22
 0  77.42  1.17  1  1  0.23
 1  81.94  0.21  0  0  0.25
 0  69.02  1.00  0  1  0.24
 0  99.70  0.84  1  1  0.06
 1  90.98  1.00  0  0  0.20
 1  92.95  0.86  0  1  0.17
 0  70.67  0.27  0  1  0.19
 1  60.30  0.84  1  0  0.49
 0  92.95  0.86  1  1  0.27
 1  92.95  0.71  0  1  0.01
 1  61.05  0.95  1  1  0.17
 1  67.44  0.33  1  1  0.16
 1  85.75  0.23  1  1  0.26
 0  92.56  1.24  1  1  0.17
 1  99.70  0.84  0  1  0.13
 0  86.10  0.86  1  1  0.33
 1  77.42  0.40  1  0  0.19
 1  92.56  0.33  0  1  0.21
 1  82.58  1.17  0  1  0.20
 0  97.46  1.06  1  1  0.23
 0  72.67  1.11  0  1  0.54
 0  78.06  0.21  0  1  0.21
 0  99.70  0.73  1  0  0.20
 1  92.56  1.24  0  0  0.19
 1  85.75  1.34  0  1  0.21
 1  69.02  1.00  1  1  0.18
 0  69.02  0.57  0  1  0.22
 0  73.90  0.71  0  1  0.12
 0  82.58  1.17  1  1  0.17
 0  70.67  1.30  0  1  0.22
 1  67.05  0.86  1  0  0.14
 1  82.53  0.61  1  1  0.11
 1  77.47  0.61  1  1  0.25
 1  95.31  1.16  0  1  0.29
 0  90.98  0.57  1  0  0.38
 0  60.30  0.73  0  1  0.47
 1  81.94  0.21  1  0  0.62
 0  62.54  1.06  0  0  0.47
 0  67.44  0.33  0  1  0.35
 1  89.33  0.27  1  1  0.49
 0  77.47  0.96  0  1  0.42
 0  74.25  0.23  0  0  0.25
 1  62.54  0.51  1  0  0.26
 0  95.31  1.16  1  1  0.29
 1  90.98  0.57  0  1  0.44
 1  67.05  0.71  1  0  0.50
 0  78.06  1.37  1  1  0.15
 1  60.30  0.73  1  1  0.32
 0  98.95  0.62  1  0  0.32
 1  81.94  1.37  0  1  0.42
 1  87.33  0.46  0  0  0.47
 1  70.67  0.27  1  1  0.22
 1  97.46  1.06  0  0  0.40
 0  61.05  0.95  0  1  0.30
 1  72.67  0.46  1  0  0.11
 0  70.67  1.30  1  0  0.24
 1  61.05  0.62  1  0  0.37
 0  64.69  1.16  0  0  0.30
 0  67.05  0.71  0  1  0.26
 1  98.95  0.95  0  1  0.02
 0  77.47  0.61  0  1  0.26
 1  78.06  0.21  1  1  0.16
 1  98.95  0.62  0  1  0.28
 0  85.75  1.34  1  1  0.19
 1  74.25  0.23  1  1  0.23
 1  92.56  0.33  1  1  0.20
 0  60.30  0.84  0  1  0.21
 0  86.10  0.71  1  1  0.72
 0  90.98  1.00  1  1  0.48
 0  81.94  1.37  1  0  0.22
 0  97.46  0.51  1  1  0.31
 1  82.53  0.61  0  1  0.21
 1  89.33  1.30  0  1  0.21
 0  78.06  1.37  0  1  0.21
 0  64.69  0.42  0  0  0.20
 1  87.33  1.11  0  0  0.21
 1  73.90  0.71  1  1  0.17
 0  82.53  0.96  1  1  0.07
 0  77.42  0.40  0  1  0.19
 0  77.47  0.96  1  0  0.07
 1  87.33  0.46  1  0  0.24
 0  62.54  0.51  0  1  0.21
 0  77.42  1.17  0  1  0.18
 0  87.33  1.11  1  1  0.19
 1  85.75  0.23  0  0  0.17
 1  97.46  0.51  0  0  0.02
 1  99.70  0.73  0  0  0.03
 0  61.05  0.62  0  0  0.19
 0  98.95  0.95  1  0  0.22
 0  92.95  0.71  1  0  0.11
 0  74.25  1.34  0  0  0.21
 1  82.58  0.40  0  0  0.23
 0  73.90  0.86  0  1  0.20
 0  67.44  1.24  1  0  0.09
 0  95.31  0.42  1  0  0.21
 1  62.54  1.06  1  0  0.19
 1  86.10  0.86  0  1  0.17
 0  72.67  0.46  0  1  0.19
 1  89.33  0.27  0  0  0.15
 0  74.25  1.34  1  1  0.15
 1  86.10  0.71  0  0  0.22
 1  82.53  0.96  0  0  0.30
 0  72.67  1.11  1  1  0.20
 1  82.58  0.40  1  1  0.11
 0  89.33  1.30  1  1  0.33
 0  67.44  1.24  0  1  0.49
 1  64.69  0.42  1  0  0.24
 0  67.05  0.86  0  1  0.32
