 2  92.95  0.86  1  0  1.67
 0  69.02  1.00  0  2  2.27
 3  62.54  1.06  1  3  1.65
 3  64.69  1.16  1  1  0.99
 2  72.67  1.11  1  1  2.65
 3  89.33  0.27  1  1  1.95
 2  74.25  1.34  1  0  0.63
 2  77.42  1.17  1  0  3.24
 0  73.90  0.86  0  1  1.76
 1  87.33  0.46  0  3  0.75
 0  61.05  0.95  0  2  0.60
 1  92.95  0.71  0  1  0.97
 1  85.75  1.34  0  3  1.59
 1  86.10  0.71  0  1  1.32
 2  89.33  1.30  1  0  0.71
 0  77.47  0.61  0  1  0.84
 2  86.10  0.86  1  0  0.67
 2  99.70  0.84  1  2  0.76
 0  60.30  0.73  0  1  0.93
 2  97.46  1.06  1  0  0.79
 0  61.05  0.62  0  1  0.98
 0  60.30  0.84  0  2  1.11
 2  90.98  0.57  1  0  0.73
 3  60.30  0.84  1  3  0.41
 0  78.06  0.21  0  2  1.54
 1  99.70  0.73  0  2  1.13
 1  98.95  0.95  0  0  0.93
 0  62.54  1.06  0  1  0.61
 3  77.42  0.40  1  0  0.67
 0  78.06  1.37  0  1  0.60
 3  85.75  0.23  1  2  1.00
 3  69.02  1.00  1  3  0.46
 3  67.05  0.86  1  3  0.64
 3  60.30  0.73  1  3  0.58
 2  67.44  1.24  1  3  0.63
 2  70.67  1.30  1  1  0.63
 1  82.58  0.40  0  0  0.25
 0  77.42  0.40  0  3  0.17
 0  64.69  1.16  0  0  0.08
 1  89.33  0.27  0  1  0.28
 2  82.53  0.96  1  1  4.38
 2  86.10  0.71  1  3  1.36
 1  81.94  0.21  0  2  0.73
 2  77.47  0.96  1  1  0.43
 2  98.95  0.62  1  0  0.56
 3  67.44  0.33  1  2  0.30
 0  72.67  0.46  0  2  2.85
 0  72.67  1.11  0  3  1.58
 1  98.95  0.62  0  3  1.40
 0  67.44  0.33  0  2  0.38
 3  62.54  0.51  1  1  0.34
 1  90.98  0.57  0  3  0.37
 3  64.69  0.42  1  2  0.28
 1  92.95  0.86  0  0  0.44
 3  77.47  0.61  1  1  0.55
 2  90.98  1.00  1  2  0.29
 1  97.46  1.06  0  3  0.61
 3  74.25  0.23  1  1  1.39
 1  81.94  1.37  0  1  1.03
 1  85.75  0.23  0  3  0.29
 1  87.33  1.11  0  2  0.28
 0  77.42  1.17  0  0  0.47
 2  95.31  1.16  1  0  0.59
 1  86.10  0.86  0  1  0.45
 2  92.95  0.71  1  3  1.59
 1  82.53  0.96  0  2  0.28
 3  67.05  0.71  1  0  0.29
 2  99.70  0.73  1  1  0.26
 0  74.25  1.34  0  2  0.58
 1  99.70  0.84  0  2  0.30
 3  61.05  0.95  1  0  0.29
 2  95.31  0.42  1  1  0.47
 2  85.75  1.34  1  3  0.39
 1  95.31  1.16  0  2  0.32
 3  78.06  0.21  1  1  0.37
 0  69.02  0.57  0  0  2.51
 3  61.05  0.62  1  3  1.81
 1  92.56  0.33  0  1  1.78
 3  92.56  0.33  1  3  0.85
 0  70.67  0.27  0  0  1.69
 0  67.44  1.24  0  2  2.84
 3  82.58  0.40  1  3  1.40
 0  67.05  0.86  0  0  1.79
 3  73.90  0.86  1  1  1.32
 1  95.31  0.42  0  3  0.98
 3  73.90  0.71  1  2  1.59
 0  70.67  1.30  0  0  0.54
 1  82.53  0.61  0  0  0.81
 2  78.06  1.37  1  3  0.98
 3  82.53  0.61  1  1  0.88
 3  70.67  0.27  1  2  0.61
 3  69.02  0.57  1  2  0.86
 3  87.33  0.46  1  3  0.49
 3  72.67  0.46  1  3  0.50
 0  77.47  0.96  0  0  0.48
 2  97.46  0.51  1  1  0.74
 1  97.46  0.51  0  3  0.63
 0  62.54  0.51  0  0  0.64
 0  67.05  0.71  0  0  0.90
 2  82.58  1.17  1  3  0.65
 0  74.25  0.23  0  0  0.95
 2  87.33  1.11  1  1  0.91
 2  92.56  1.24  1  2  1.08
 0  73.90  0.71  0  0  0.63
 2  81.94  1.37  1  1  1.39
 1  82.58  1.17  0  0  1.06
 1  92.56  1.24  0  3  0.72
 1  90.98  1.00  0  2  0.77
 0  64.69  0.42  0  1  1.38
 1  89.33  1.30  0  0  1.03
 3  81.94  0.21  1  3  1.66
 2  98.95  0.95  1  1  0.75
 1  90.98  0.57  0  1  1.59
 1  98.95  0.95  0  1  0.65
 1  85.75  0.23  0  1  0.62
 1  81.94  1.37  0  1  0.60
 0  72.67  0.46  0  1  0.49
 1  92.56  1.24  0  3  0.34
 0  70.67  1.30  0  2  0.73
 0  70.67  0.27  0  3  0.35
 3  69.02  1.00  1  0  0.71
 1  95.31  0.42  0  3  0.45
 3  89.33  0.27  1  0  0.70
 3  60.30  0.84  1  1  0.60
 2  82.58  1.17  1  1  0.76
 1  95.31  1.16  0  3  0.50
 0  73.90  0.71  0  2  0.41
 1  99.70  0.84  0  1  0.45
 3  62.54  0.51  1  0  0.67
 1  92.56  0.33  0  1  0.78
 2  92.56  1.24  1  3  0.76
 3  69.02  0.57  1  1  1.88
 0  67.44  0.33  0  0  0.98
 1  90.98  1.00  0  0  0.82
 2  95.31  1.16  1  1  0.84
 1  97.46  0.51  0  3  1.40
 2  70.67  1.30  1  2  1.11
 2  89.33  1.30  1  2  0.90
 2  77.42  1.17  1  2  0.41
 3  73.90  0.71  1  2  0.65
 2  97.46  1.06  1  3  0.77
 2  82.53  0.96  1  2  0.41
 1  99.70  0.73  0  0  0.60
 0  61.05  0.62  0  1  0.87
 1  82.53  0.96  0  0  0.59
 1  98.95  0.62  0  3  0.49
 2  95.31  0.42  1  2  1.04
 1  97.46  1.06  0  0  0.63
 3  82.53  0.61  1  0  0.76
 2  98.95  0.95  1  1  0.57
 1  89.33  1.30  0  2  0.65
 1  82.53  0.61  0  3  0.30
 0  61.05  0.95  0  2  0.41
 2  86.10  0.71  1  3  1.49
 3  64.69  1.16  1  1  1.07
 2  97.46  0.51  1  2  0.35
 3  62.54  1.06  1  0  0.78
 3  61.05  0.95  1  3  0.67
 0  64.69  1.16  0  0  0.76
 0  78.06  0.21  0  1  1.23
 3  77.42  0.40  1  3  1.09
 2  78.06  1.37  1  3  0.56
 0  77.42  0.40  0  1  0.73
 2  90.98  0.57  1  2  0.72
 3  67.05  0.86  1  2  1.26
 3  67.05  0.71  1  3  0.65
 3  70.67  0.27  1  3  0.74
 0  74.25  1.34  0  0  1.01
 2  81.94  1.37  1  2  2.36
 0  69.02  1.00  0  0  0.60
 0  77.42  1.17  0  3  4.07
 2  74.25  1.34  1  0  1.10
 3  73.90  0.86  1  1  0.90
 2  77.47  0.96  1  0  0.51
 3  64.69  0.42  1  1  0.38
 3  61.05  0.62  1  0  0.60
 0  77.47  0.61  0  3  0.81
 1  87.33  0.46  0  2  0.48
 3  81.94  0.21  1  3  0.33
 2  99.70  0.73  1  0  0.46
 2  92.95  0.86  1  0  0.61
 0  67.05  0.71  0  3  0.57
 3  87.33  0.46  1  1  1.44
 0  62.54  0.51  0  3  0.65
 1  89.33  0.27  0  3  0.69
 3  60.30  0.73  1  0  0.62
 0  77.47  0.96  0  2  0.82
 0  73.90  0.86  0  3  0.80
 2  85.75  1.34  1  1  1.06
 2  90.98  1.00  1  0  0.77
 1  82.58  1.17  0  2  0.55
 3  74.25  0.23  1  3  0.71
 0  67.05  0.86  0  0  1.56
 0  60.30  0.73  0  0  0.73
 1  86.10  0.71  0  0  0.63
 2  92.95  0.71  1  2  0.95
 3  77.47  0.61  1  2  1.87
 0  67.44  1.24  0  0  0.77
 0  62.54  1.06  0  0  1.09
 2  98.95  0.62  1  3  1.33
 1  85.75  1.34  0  0  1.74
 0  69.02  0.57  0  0  0.85
 3  82.58  0.40  1  2  0.86
 1  81.94  0.21  0  1  1.52
 2  72.67  1.11  1  2  1.40
 0  64.69  0.42  0  0  1.80
 1  86.10  0.86  0  1  0.84
 3  92.56  0.33  1  3  1.40
 2  86.10  0.86  1  3  0.79
 2  99.70  0.84  1  3  0.77
 1  92.95  0.86  0  1  1.02
 0  60.30  0.84  0  0  0.65
 0  72.67  1.11  0  0  1.14
 1  87.33  1.11  0  1  0.75
 3  67.44  0.33  1  2  0.66
 0  74.25  0.23  0  0  1.14
 3  72.67  0.46  1  2  1.00
 1  92.95  0.71  0  1  1.04
 3  85.75  0.23  1  3  0.79
 1  82.58  0.40  0  1  1.22
 2  87.33  1.11  1  2  1.13
 0  78.06  1.37  0  0  0.93
 3  78.06  0.21  1  2  1.07
 2  67.44  1.24  1  3  1.18
 0  61.05  0.62  0  2  3.66
 3  77.42  0.40  1  2  0.99
 0  70.67  0.27  0  1  1.89
 1  99.70  0.73  0  1  0.68
 0  70.67  1.30  0  0  0.45
 3  87.33  0.46  1  3  0.95
 2  92.95  0.86  1  3  0.68
 3  74.25  0.23  1  2  0.50
 2  85.75  1.34  1  3  0.80
 3  62.54  1.06  1  2  0.38
 3  69.02  1.00  1  3  0.91
 2  82.58  1.17  1  2  0.68
 0  69.02  1.00  0  0  1.86
 3  82.53  0.61  1  3  2.03
 3  72.67  0.46  1  2  1.03
 1  81.94  1.37  0  1  1.28
 0  62.54  1.06  0  0  0.75
 0  77.42  1.17  0  0  2.39
 3  67.05  0.71  1  2  1.43
 0  64.69  0.42  0  3  4.02
 2  99.70  0.84  1  2  0.67
 2  86.10  0.86  1  3  0.65
 2  97.46  1.06  1  2  0.45
 1  97.46  0.51  0  1  0.50
 3  64.69  1.16  1  3  1.37
 1  81.94  0.21  0  1  1.13
 1  87.33  1.11  0  1  3.05
 2  82.53  0.96  1  2  0.73
 2  86.10  0.71  1  2  0.76
 2  67.44  1.24  1  0  1.31
 1  82.53  0.61  0  1  1.03
 0  77.47  0.96  0  1  0.76
 3  69.02  0.57  1  2  1.21
 0  60.30  0.73  0  0  0.91
 0  64.69  1.16  0  0  0.61
 1  82.53  0.96  0  1  0.71
 2  92.95  0.71  1  3  0.79
 3  70.67  0.27  1  3  1.85
 0  74.25  0.23  0  1  7.01
 2  99.70  0.73  1  3  1.43
 3  78.06  0.21  1  2  1.13
 0  67.05  0.86  0  0  1.11
 0  67.44  0.33  0  1  1.00
 0  67.44  1.24  0  0  0.44
 2  77.42  1.17  1  2  2.76
 1  82.58  1.17  0  1  2.51
 2  98.95  0.95  1  2  1.91
 2  77.47  0.96  1  3  0.75
 1  95.31  0.42  0  1  0.56
 2  98.95  0.62  1  2  0.67
 3  60.30  0.73  1  3  1.42
 1  82.58  0.40  0  1  0.85
 1  95.31  1.16  0  1  2.05
 0  77.47  0.61  0  1  0.97
 1  98.95  0.62  0  1  0.99
 3  89.33  0.27  1  2  0.76
 2  97.46  0.51  1  3  0.52
 2  87.33  1.11  1  3  0.57
 3  92.56  0.33  1  2  0.68
 2  95.31  0.42  1  3  0.91
 3  73.90  0.86  1  2  1.31
 3  64.69  0.42  1  3  3.00
 2  72.67  1.11  1  2  0.82
 1  97.46  1.06  0  1  0.93
 3  85.75  0.23  1  2  0.69
 3  61.05  0.62  1  2  0.86
 1  90.98  1.00  0  1  0.84
 2  70.67  1.30  1  3  1.30
 0  72.67  1.11  0  0  1.43
 1  86.10  0.86  0  0  6.19
 3  60.30  0.84  1  2  1.03
 1  87.33  0.46  0  3  0.66
 0  60.30  0.84  0  0  0.75
 2  78.06  1.37  1  2  0.80
 2  95.31  1.16  1  2  0.48
 1  92.56  0.33  0  1  0.89
 1  85.75  1.34  0  1  0.56
 2  74.25  1.34  1  3  0.65
 3  73.90  0.71  1  2  0.64
 0  74.25  1.34  0  1  1.02
 3  67.05  0.86  1  3  0.97
 2  89.33  1.30  1  3  0.98
 2  92.56  1.24  1  2 12.56
 1  92.95  0.71  0  1  0.87
 1  89.33  1.30  0  0  3.33
 0  72.67  0.46  0  1  3.50
 0  62.54  0.51  0  0  0.65
 0  69.02  0.57  0  0  0.87
 1  98.95  0.95  0  1  0.63
 3  81.94  0.21  1  2  0.77
 3  67.44  0.33  1  3  0.65
 1  92.56  1.24  0  1  0.59
 2  81.94  1.37  1  3  1.23
 1  99.70  0.84  0  1  0.73
 3  77.47  0.61  1  2  0.54
 3  62.54  0.51  1  3  0.49
 1  90.98  0.57  0  1  0.68
 2  90.98  0.57  1  2  1.40
 1  85.75  0.23  0  1  0.70
 0  78.06  0.21  0  1  1.19
 0  73.90  0.71  0  1  9.29
 0  73.90  0.86  0  0  2.25
 2  90.98  1.00  1  2  7.92
 3  61.05  0.95  1  3  0.65
 1  86.10  0.71  0  1  0.71
 0  67.05  0.71  0  1  0.72
 3  82.58  0.40  1  3  0.90
 0  78.06  1.37  0  0  0.97
 0  77.42  0.40  0  1  1.18
 0  61.05  0.95  0  0  0.88
 1  89.33  0.27  0  1  0.60
 1  92.95  0.86  0  1  0.60
 2  95.31  0.42  1  2  1.63
 3  73.90  0.71  1  3  0.63
 0  70.67  0.27  0  0  1.25
 2  82.53  0.96  1  3  1.13
 3  78.06  0.21  1  2  0.61
 1  81.94  0.21  0  1  0.82
 2  92.56  1.24  1  2  1.82
 0  69.02  0.57  0  0  0.97
 0  62.54  0.51  0  0  0.90
 0  72.67  0.46  0  1  4.12
 3  73.90  0.86  1  2  1.60
 1  86.10  0.86  0  0  2.63
 1  97.46  0.51  0  1  7.20
 3  64.69  1.16  1  2  4.89
 1  85.75  0.23  0  0  1.24
 3  74.25  0.23  1  2  0.80
 1  92.56  1.24  0  0  2.10
 3  81.94  0.21  1  2  0.64
 3  89.33  0.27  1  2  0.68
 0  67.44  1.24  0  0  0.77
 2  90.98  0.57  1  3  1.30
 0  77.42  0.40  0  1  1.38
 3  69.02  0.57  1  0  2.96
 2  78.06  1.37  1  2  0.54
 0  67.44  0.33  0  0  0.86
 2  92.95  0.71  1  3  1.18
 3  67.44  0.33  1  3  0.60
 3  92.56  0.33  1  2  0.48
 1  92.56  0.33  0  1  1.35
 3  85.75  0.23  1  2  2.13
 1  82.53  0.96  0  1  0.89
 2  97.46  0.51  1  3  1.04
 3  60.30  0.73  1  3  3.28
 1  97.46  1.06  0  1  0.84
 0  60.30  0.73  0  0  0.36
 1  87.33  0.46  0  1  0.57
 0  77.42  1.17  0  0  0.77
 1  95.31  0.42  0  1  0.62
 0  70.67  1.30  0  0  0.77
 2  95.31  1.16  1  2  1.52
 3  61.05  0.62  1  3  0.40
 0  61.05  0.62  0  0  0.97
 1  85.75  1.34  0  1  0.58
 1  98.95  0.95  0  1  0.63
 0  73.90  0.86  0  0  0.34
 1  99.70  0.73  0  1  0.70
 1  81.94  1.37  0  1  0.82
 0  78.06  1.37  0  0  1.18
 0  77.47  0.61  0  1  1.04
 3  62.54  0.51  1  2  0.89
 2  82.58  1.17  1  2  0.39
 3  60.30  0.84  1  3  0.40
 0  64.69  0.42  0  0  1.30
 0  69.02  1.00  0  0  0.68
 3  61.05  0.95  1  3  1.21
 1  98.95  0.62  0  1  0.85
 2  74.25  1.34  1  3  2.14
 3  69.02  1.00  1  3  0.76
 0  74.25  1.34  0  0  1.12
 3  77.42  0.40  1  2  2.56
 0  64.69  1.16  0  0  8.97
 2  99.70  0.84  1  2  1.67
 2  67.44  1.24  1  3  1.35
 3  62.54  1.06  1  3  1.71
 1  87.33  1.11  0  1  0.92
 0  60.30  0.84  0  0  0.44
 2  85.75  1.34  1  3  1.30
 2  77.42  1.17  1  3  0.74
 1  82.53  0.61  0  1  0.83
 2  86.10  0.86  1  2  1.02
 0  67.05  0.86  0  1  1.37
 2  98.95  0.95  1  2  0.86
 2  97.46  1.06  1  2  1.87
 0  77.47  0.96  0  0  1.16
 1  99.70  0.84  0  1  3.88
 3  82.58  0.40  1  2  6.20
 2  99.70  0.73  1  2  2.36
 1  95.31  1.16  0  1  3.47
 2  90.98  1.00  1  2  0.86
 0  73.90  0.71  0  0  1.09
 3  87.33  0.46  1  2  8.27
 3  77.47  0.61  1  3  3.61
 1  82.58  0.40  0  1  5.41
 1  90.98  0.57  0  1  6.46
 0  62.54  1.06  0  0  5.69
 2  92.95  0.86  1  2  1.70
 3  70.67  0.27  1  0  0.77
 2  70.67  1.30  1  3  1.19
 3  67.05  0.71  1  3  0.69
 1  86.10  0.71  0  1  0.70
 1  92.95  0.71  0  1  1.59
 0  67.05  0.71  0  0  0.35
 0  74.25  0.23  0  1  0.62
 2  86.10  0.71  1  2  0.93
 2  77.47  0.96  1  3  0.79
 3  72.67  0.46  1  2  0.55
 2  81.94  1.37  1  2  1.09
 3  67.05  0.86  1  2  1.27
 1  89.33  1.30  0  1 13.14
 2  89.33  1.30  1  0 15.05
 1  89.33  0.27  0  1  0.73
 3  82.53  0.61  1  2  0.76
 0  72.67  1.11  0  0 10.20
 1  92.95  0.86  0  1  0.83
 2  98.95  0.62  1  2  5.28
 1  90.98  1.00  0  1  1.15
 2  72.67  1.11  1  3  1.51
 0  61.05  0.95  0  0  0.61
 3  64.69  0.42  1  2  1.49
 1  82.58  1.17  0  1  0.68
 2  87.33  1.11  1  3  0.88
 0  78.06  0.21  0  1  1.94
 0  62.54  0.51  0  0  3.86
 1  82.53  0.96  0  1  0.57
 2  99.70  0.73  1  3  0.54
 3  61.05  0.95  1  3  2.14
 1  99.70  0.84  0  1  1.25
 2  81.94  1.37  1  3  1.91
 0  78.06  1.37  0  1  0.82
 2  82.58  1.17  1  2  1.31
 1  89.33  0.27  0  1  1.28
 0  77.42  1.17  0  0  0.49
 2  78.06  1.37  1  2  1.53
 1  82.58  1.17  0  1  1.36
 0  72.67  1.11  0  0  0.54
 1  99.70  0.73  0  1  0.56
 1  92.95  0.86  0  1  0.84
 1  90.98  0.57  0  1  0.66
 2  77.42  1.17  1  2  1.29
 3  77.47  0.61  1  2  3.22
 2  82.53  0.96  1  3  1.05
 2  99.70  0.84  1  3  0.64
 0  61.05  0.95  0  0  0.75
 3  60.30  0.84  1  3  1.49
 2  97.46  0.51  1  2  0.63
 0  77.47  0.61  0  1  1.26
 1  97.46  0.51  0  1  0.66
 1  87.33  1.11  0  1  0.74
 2  92.56  1.24  1  2  5.58
 2  98.95  0.95  1  2  0.72
 1  95.31  0.42  0  1  0.74
 0  64.69  0.42  0  0  0.66
 3  67.05  0.71  1  2  0.72
 0  74.25  0.23  0  1  1.31
 2  90.98  0.57  1  2  2.07
 0  72.67  0.46  0  0  0.72
 0  60.30  0.73  0  0  0.66
 3  67.05  0.86  1  3  2.72
 1  98.95  0.95  0  1  0.90
 2  89.33  1.30  1  2  1.22
 3  74.25  0.23  1  3  0.94
 3  82.53  0.61  1  3  0.92
 0  73.90  0.71  0  0  1.60
 3  64.69  0.42  1  3  1.95
 3  89.33  0.27  1  2  5.62
 1  85.75  0.23  0  1  5.58
 0  77.47  0.96  0  0  1.20
 0  77.42  0.40  0  1  8.87
 1  92.95  0.71  0  1  5.20
 3  82.58  0.40  1  3  0.68
 1  81.94  0.21  0  1  0.73
 3  64.69  1.16  1  2  1.26
 3  77.42  0.40  1  3  1.48
 2  90.98  1.00  1  3  0.81
 3  73.90  0.86  1  2  1.88
 3  73.90  0.71  1  3  0.65
 1  95.31  1.16  0  0  0.61
 2  92.95  0.71  1  2  1.17
 1  87.33  0.46  0  0  7.41
 2  72.67  1.11  1  3 12.20
 0  67.44  0.33  0  0  4.38
 3  72.67  0.46  1  3  4.74
 0  67.44  1.24  0  0  8.09
 2  74.25  1.34  1  3  9.72
 0  78.06  0.21  0  1 20.31
 0  70.67  1.30  0  0 22.29
 3  85.75  0.23  1  2  1.43
 1  92.56  0.33  0  0  5.95
 2  95.31  1.16  1  2  2.88
 3  78.06  0.21  1  3  1.15
 2  77.47  0.96  1  3  4.57
 1  82.58  0.40  0  1  0.78
 3  62.54  1.06  1  3  3.32
 0  60.30  0.84  0  0  0.65
 1  86.10  0.71  0  1  1.61
 1  89.33  1.30  0  1  0.60
 1  97.46  1.06  0  1  1.48
 1  90.98  1.00  0  1  0.49
 2  85.75  1.34  1  2  1.09
 3  67.44  0.33  1  0  0.66
 0  67.05  0.71  0  0 242.48
 0  69.02  0.57  0  1  0.68
 1  92.56  1.24  0  1  0.63
 3  69.02  0.57  1  2  1.03
 0  70.67  0.27  0  3  2.36
 3  92.56  0.33  1  2  1.13
 1  85.75  1.34  0  1  0.98
 2  67.44  1.24  1  0  0.68
 3  61.05  0.62  1  2  0.74
 0  74.25  1.34  0  1  0.80
 3  69.02  1.00  1  3  1.49
 2  70.67  1.30  1  2  1.76
 2  92.95  0.86  1  2  1.84
 2  87.33  1.11  1  2  0.95
 2  95.31  0.42  1  2  0.57
 2  97.46  1.06  1  2  1.23
 3  60.30  0.73  1  3  4.15
 3  87.33  0.46  1  2  8.65
 2  98.95  0.62  1  2  1.40
 1  81.94  1.37  0  0  0.92
 1  82.53  0.61  0  1  0.97
 2  86.10  0.86  1  2 14.85
 2  86.10  0.71  1  2  4.69
 1  98.95  0.62  0  1 13.02
 0  67.05  0.86  0  0  0.61
 0  73.90  0.86  0  0  0.79
 0  62.54  1.06  0  0  0.47
 0  64.69  1.16  0  0  0.64
 3  62.54  0.51  1  3  0.98
 3  81.94  0.21  1  2  8.74
 3  70.67  0.27  1  3 14.94
 1  86.10  0.86  0  0  0.78
 0  69.02  1.00  0  0 13.05
 0  61.05  0.62  0  0  1.25
