 1  97.46  0.51  0  1  5.99
 3  62.54  0.51  1  2  4.88
 3  77.47  0.61  1  0  2.05
 1  92.95  0.86  0  1  2.25
 1  86.10  0.71  0  1  1.47
 0  77.47  0.96  0  3  2.44
 3  74.25  0.23  1  1  2.50
 0  77.42  1.17  0  2  3.33
 1  95.31  1.16  0  3  4.16
 3  67.05  0.86  1  2  2.35
 1  87.33  0.46  0  1  1.49
 1  97.46  1.06  0  0  1.47
 2  95.31  1.16  1  1  1.38
 1  82.53  0.61  0  1  0.79
 3  64.69  1.16  1  3  1.41
 3  64.69  0.42  1  0  1.69
 3  70.67  0.27  1  1  1.22
 3  81.94  0.21  1  1  0.96
 2  74.25  1.34  1  3  1.27
 1  90.98  0.57  0  1  0.77
 3  60.30  0.84  1  2  1.17
 0  69.02  0.57  0  0  0.51
 1  81.94  0.21  0  1  1.40
 0  78.06  1.37  0  3  1.14
 2  70.67  1.30  1  2  0.93
 0  72.67  0.46  0  0  1.78
 1  89.33  0.27  0  1  0.68
 0  74.25  0.23  0  1  2.00
 0  73.90  0.86  0  0  1.60
 2  86.10  0.71  1  0  2.77
 2  95.31  0.42  1  1  0.84
 0  77.42  0.40  0  1  1.07
 3  73.90  0.86  1  0  1.24
 2  72.67  1.11  1  0  1.84
 0  67.44  0.33  0  1  1.95
 3  61.05  0.62  1  2  3.53
 0  73.90  0.71  0  1  1.48
 3  82.53  0.61  1  1  2.36
 0  74.25  1.34  0  3  1.26
 2  86.10  0.86  1  1  1.74
 3  73.90  0.71  1  0  1.81
 0  77.47  0.61  0  1  0.98
 2  97.46  1.06  1  1  1.05
 0  60.30  0.84  0  3  1.45
 2  98.95  0.62  1  1  1.12
 2  92.95  0.86  1  0  0.78
 1  92.56  1.24  0  2  2.62
 1  99.70  0.73  0  1  2.05
 2  90.98  1.00  1  0  1.50
 3  85.75  0.23  1  3  1.95
 0  67.05  0.86  0  2  1.10
 1  86.10  0.86  0  1  1.87
 3  60.30  0.73  1  3  1.81
 2  82.58  1.17  1  2  3.07
 3  61.05  0.95  1  3  1.06
 0  61.05  0.95  0  2  1.68
 0  67.05  0.71  0  3  1.34
 0  67.44  1.24  0  2  0.90
 2  97.46  0.51  1  1  2.34
 2  92.56  1.24  1  0  2.53
 0  69.02  1.00  0  3  1.97
 1  95.31  0.42  0  0  2.44
 1  82.58  1.17  0  2  1.25
 3  69.02  0.57  1  3  1.99
 2  87.33  1.11  1  1  1.71
 2  82.53  0.96  1  1  1.69
 3  78.06  0.21  1  1  1.35
 0  78.06  0.21  0  0  0.78
 1  82.58  0.40  0  0  0.93
 3  92.56  0.33  1  1  1.21
 2  99.70  0.73  1  1  1.18
 2  78.06  1.37  1  3  1.70
 1  92.95  0.71  0  3  1.50
 1  89.33  1.30  0  2  1.45
 2  77.42  1.17  1  3  2.69
 0  70.67  1.30  0  2  1.00
 0  62.54  1.06  0  3  3.93
 0  62.54  0.51  0  2  2.18
 2  92.95  0.71  1  1  1.47
 2  98.95  0.95  1  0  1.41
 1  98.95  0.62  0  1  0.75
 3  67.44  0.33  1  0  1.37
 0  61.05  0.62  0  2  1.02
 2  67.44  1.24  1  2  0.97
 3  82.58  0.40  1  1  0.75
 1  98.95  0.95  0  1  0.99
 2  85.75  1.34  1  0  0.72
 0  72.67  1.11  0  1  0.64
 3  62.54  1.06  1  2  1.08
 1  92.56  0.33  0  1  1.04
 3  89.33  0.27  1  1  0.68
 3  87.33  0.46  1  0  0.90
 1  82.53  0.96  0  3  1.73
 1  90.98  1.00  0  2  0.75
 1  87.33  1.11  0  0  0.95
 3  69.02  1.00  1  2  2.50
 0  64.69  1.16  0  3  1.40
 2  77.47  0.96  1  0  4.71
 0  60.30  0.73  0  2  1.03
 3  77.42  0.40  1  1  1.92
 2  89.33  1.30  1  2  1.94
 3  67.05  0.71  1  2  1.90
 2  99.70  0.84  1  1  2.51
 2  90.98  0.57  1  0  3.20
 3  72.67  0.46  1  3  2.66
 1  81.94  1.37  0  0  6.71
 0  64.69  0.42  0  0  2.20
 1  85.75  1.34  0  2  3.24
 0  70.67  0.27  0  3  2.24
 1  85.75  0.23  0  1  1.28
 1  99.70  0.84  0  2  4.05
 2  81.94  1.37  1  0  2.99
 2  89.33  1.30  1  0  3.94
 3  82.58  0.40  1  1  0.92
 2  90.98  1.00  1  0  3.88
 2  77.47  0.96  1  0  1.56
 0  70.67  0.27  0  1  2.27
 0  77.42  0.40  0  1  1.45
 3  77.47  0.61  1  0  2.82
 0  67.05  0.71  0  2  0.83
 1  92.95  0.86  0  1  0.85
 1  87.33  1.11  0  2  3.43
 2  86.10  0.86  1  0  3.06
 0  72.67  1.11  0  0  1.23
 0  72.67  0.46  0  1  2.75
 0  60.30  0.84  0  3  1.36
 3  72.67  0.46  1  2  1.06
 3  73.90  0.71  1  0  2.18
 2  81.94  1.37  1  0  1.12
 2  97.46  0.51  1  1  0.90
 1  85.75  1.34  0  3  2.33
 0  61.05  0.95  0  0  1.21
 3  67.44  0.33  1  1  1.10
 2  77.42  1.17  1  0  0.77
 3  69.02  0.57  1  1  5.62
 3  60.30  0.84  1  0  0.84
 0  77.42  1.17  0  3  1.72
 3  61.05  0.95  1  2  0.86
 0  62.54  0.51  0  3  8.25
 1  82.53  0.61  0  1  0.85
 0  74.25  1.34  0  2  4.99
 2  98.95  0.62  1  2  1.23
 2  99.70  0.73  1  2  1.51
 0  73.90  0.71  0  3  1.22
 3  60.30  0.73  1  0  1.09
 0  77.47  0.96  0  0  2.15
 0  64.69  0.42  0  3  5.72
 3  78.06  0.21  1  2  2.70
 2  95.31  0.42  1  1  1.38
 1  82.58  1.17  0  3  2.42
 1  92.56  1.24  0  2  2.49
 2  87.33  1.11  1  2  2.27
 3  73.90  0.86  1  3  0.94
 1  81.94  0.21  0  1  5.01
 2  72.67  1.11  1  2  4.84
 1  95.31  1.16  0  0  2.71
 1  89.33  1.30  0  0  1.27
 3  67.05  0.86  1  3  3.37
 3  61.05  0.62  1  2  1.10
 3  70.67  0.27  1  2  2.59
 0  74.25  0.23  0  1  0.81
 1  85.75  0.23  0  1  1.32
 1  97.46  0.51  0  3  3.28
 2  85.75  1.34  1  3  2.10
 3  64.69  1.16  1  3  1.36
 2  92.95  0.86  1  2  1.00
 2  74.25  1.34  1  2  1.80
 3  87.33  0.46  1  3  2.01
 1  97.46  1.06  0  0  2.93
 1  81.94  1.37  0  0  0.64
 2  78.06  1.37  1  3  3.25
 2  99.70  0.84  1  3  2.28
 1  89.33  0.27  0  1  0.81
 1  99.70  0.84  0  1  1.06
 3  92.56  0.33  1  2  2.95
 3  67.05  0.71  1  2  1.68
 2  90.98  0.57  1  2  1.90
 3  62.54  1.06  1  3  0.70
 2  92.95  0.71  1  2  1.06
 3  77.42  0.40  1  2  2.23
 0  73.90  0.86  0  0  1.65
 0  64.69  1.16  0  0  1.23
 1  92.56  0.33  0  1  2.27
 2  92.56  1.24  1  3  2.80
 0  61.05  0.62  0  0  1.06
 2  86.10  0.71  1  2  3.51
 2  97.46  1.06  1  2  2.58
 1  87.33  0.46  0  1  1.55
 0  62.54  1.06  0  0  1.42
 0  60.30  0.73  0  0  1.72
 0  78.06  1.37  0  0  1.14
 3  89.33  0.27  1  2  2.53
 1  86.10  0.86  0  1  2.03
 3  74.25  0.23  1  2  2.59
 3  85.75  0.23  1  2  2.83
 0  70.67  1.30  0  0  1.87
 1  90.98  1.00  0  1  0.96
 1  82.53  0.96  0  0  1.63
 2  70.67  1.30  1  3  2.72
 0  69.02  1.00  0  0  1.10
 1  92.95  0.71  0  1  2.00
 3  82.53  0.61  1  0  3.97
 2  82.58  1.17  1  3  4.05
 0  67.05  0.86  0  0  0.89
 0  67.44  0.33  0  1  0.84
 3  62.54  0.51  1  3  3.95
 0  77.47  0.61  0  1  1.88
 1  98.95  0.95  0  1  1.01
 2  95.31  1.16  1  2  2.73
 1  82.58  0.40  0  1  1.98
 1  90.98  0.57  0  1  1.27
 2  98.95  0.95  1  2  2.53
 0  78.06  0.21  0  1  6.40
 3  81.94  0.21  1  2  1.46
 1  86.10  0.71  0  1  2.66
 2  67.44  1.24  1  3  1.73
 3  69.02  1.00  1  3  1.46
 1  98.95  0.62  0  1  0.73
 0  69.02  0.57  0  0  1.78
 1  99.70  0.73  0  1  0.66
 0  67.44  1.24  0  0  0.72
 1  95.31  0.42  0  1  0.59
 3  64.69  0.42  1  2  2.93
 2  82.53  0.96  1  2  0.88
 1  81.94  1.37  0  0  5.10
 0  73.90  0.86  0  0  2.80
 2  99.70  0.84  1  2  2.23
 1  82.58  0.40  0  1  2.84
 1  89.33  1.30  0  1  2.00
 3  67.05  0.71  1  3  4.78
 3  77.42  0.40  1  2  1.03
 2  92.95  0.86  1  2  1.06
 0  62.54  0.51  0  0  1.29
 0  61.05  0.95  0  0  1.90
 0  74.25  1.34  0  0  2.29
 3  87.33  0.46  1  2  1.78
 1  92.95  0.86  0  1  2.79
 3  61.05  0.62  1  0  0.91
 1  99.70  0.84  0  1  0.98
 3  69.02  0.57  1  3  3.75
 1  99.70  0.73  0  1  0.83
 2  97.46  1.06  1  2  1.67
 1  97.46  0.51  0  1  0.90
 3  89.33  0.27  1  2  1.26
 1  82.53  0.96  0  0  1.19
 1  95.31  1.16  0  2  1.33
 1  82.53  0.61  0  1  1.44
 2  67.44  1.24  1  3  1.15
 2  98.95  0.95  1  3  2.24
 0  67.05  0.71  0  0  3.36
 2  86.10  0.86  1  2  4.13
 0  64.69  0.42  0  1  1.79
 0  70.67  0.27  0  0  2.03
 2  82.58  1.17  1  0  2.18
 1  97.46  1.06  0  1  0.97
 3  74.25  0.23  1  1  0.95
 0  69.02  1.00  0  0  1.45
 1  90.98  0.57  0  1  0.81
 0  72.67  0.46  0  1  1.10
 2  92.95  0.71  1  1  0.63
 3  67.44  0.33  1  2  2.11
 3  81.94  0.21  1  2  1.05
 3  70.67  0.27  1  2  1.10
 0  72.67  1.11  0  0  1.24
 0  74.25  0.23  0  1  1.72
 3  82.58  0.40  1  2  1.66
 0  78.06  0.21  0  1  1.01
 2  82.53  0.96  1  3  1.59
 1  98.95  0.62  0  1  0.76
 2  86.10  0.71  1  2  1.15
 0  69.02  0.57  0  0  1.11
 2  87.33  1.11  1  3  2.04
 0  61.05  0.62  0  0  0.75
 2  74.25  1.34  1  2  1.16
 3  62.54  1.06  1  2  0.93
 1  87.33  0.46  0  1  0.90
 1  98.95  0.95  0  1  2.82
 3  82.53  0.61  1  3  2.71
 1  87.33  1.11  0  1  1.50
 1  92.95  0.71  0  1  0.71
 3  85.75  0.23  1  3  1.65
 2  72.67  1.11  1  2  0.97
 1  92.56  0.33  0  1  0.69
 1  85.75  0.23  0  1  1.25
 1  95.31  0.42  0  1  0.75
 2  99.70  0.73  1  3  1.41
 1  82.58  1.17  0  2 10.16
 3  60.30  0.84  1  2  1.26
 1  89.33  0.27  0  1  2.62
 1  85.75  1.34  0  1  1.78
 3  72.67  0.46  1  2  4.37
 2  89.33  1.30  1  2  2.49
 1  86.10  0.71  0  1  1.18
 0  67.44  0.33  0  0  4.85
 0  73.90  0.71  0  0  1.80
 0  77.47  0.96  0  0  2.25
 2  77.47  0.96  1  2  2.70
 3  73.90  0.86  1  2  1.23
 3  69.02  1.00  1  3  2.81
 1  86.10  0.86  0  1  1.42
 2  95.31  1.16  1  3  2.40
 2  77.42  1.17  1  3  1.54
 2  70.67  1.30  1  2  1.08
 3  78.06  0.21  1  3  1.36
 3  77.47  0.61  1  3  0.94
 1  92.56  1.24  0  1  1.37
 2  81.94  1.37  1  2  1.50
 0  60.30  0.84  0  0  0.77
 3  61.05  0.95  1  2  1.69
 0  77.47  0.61  0  1  4.76
 0  62.54  1.06  0  0  1.24
 2  85.75  1.34  1  3  3.38
 3  92.56  0.33  1  3  1.47
 0  77.42  1.17  0  0  1.30
 1  81.94  0.21  0  2  1.06
 0  78.06  1.37  0  0  1.14
 0  67.05  0.86  0  0  0.81
 0  70.67  1.30  0  0  0.78
 0  67.44  1.24  0  0  0.76
 2  90.98  0.57  1  3  1.76
 3  73.90  0.71  1  2  3.13
 1  90.98  1.00  0  1  2.78
 2  90.98  1.00  1  2  3.02
 2  92.56  1.24  1  3  1.89
 2  95.31  0.42  1  3  1.74
 3  67.05  0.86  1  3  2.06
 0  60.30  0.73  0  0  0.81
 2  97.46  0.51  1  2  1.40
 2  98.95  0.62  1  2  0.52
 2  78.06  1.37  1  3  0.90
 3  60.30  0.73  1  3  1.37
 0  77.42  0.40  0  1  1.26
 3  64.69  1.16  1  0  0.82
 0  64.69  1.16  0  0  0.95
 3  64.69  0.42  1  2  2.83
 3  62.54  0.51  1  3  5.21
 1  81.94  0.21  0  1  1.76
 1  82.58  0.40  0  1  1.56
 0  70.67  0.27  0  0  0.84
 2  99.70  0.84  1  2  1.76
 2  85.75  1.34  1  3  1.47
 1  87.33  0.46  0  1  0.94
 1  89.33  0.27  0  1  0.59
 2  77.42  1.17  1  2  1.95
 0  77.47  0.61  0  1  1.12
 0  77.47  0.96  0  1  1.13
 3  82.53  0.61  1  3  2.31
 0  67.05  0.86  0  0  0.86
 1  95.31  0.42  0  1  0.65
 3  69.02  1.00  1  2  2.54
 1  95.31  1.16  0  1  1.12
 0  77.42  1.17  0  0  0.79
 1  89.33  1.30  0  1  1.05
 2  99.70  0.73  1  2  1.53
 3  67.05  0.71  1  3  0.98
 0  67.05  0.71  0  0  0.75
 3  89.33  0.27  1  2  0.99
 1  97.46  0.51  0  1  0.83
 3  64.69  0.42  1  3  0.99
 2  67.44  1.24  1  3  0.67
 0  62.54  1.06  0  0  1.51
 2  89.33  1.30  1  2  1.74
 2  95.31  1.16  1  2  1.49
 3  82.58  0.40  1  2  1.53
 1  82.53  0.61  0  1  1.48
 2  86.10  0.86  1  2  2.32
 1  98.95  0.95  0  1  2.13
 3  62.54  0.51  1  3  2.30
 1  99.70  0.73  0  1  0.81
 1  82.58  1.17  0  1  3.10
 2  90.98  1.00  1  2  1.42
 3  60.30  0.84  1  3  1.21
 0  62.54  0.51  0  0  0.90
 1  85.75  0.23  0  1  1.34
 0  64.69  1.16  0  0  1.40
 0  69.02  0.57  0  1  1.05
 1  92.56  1.24  0  1  1.07
 3  73.90  0.86  1  2  2.18
 1  87.33  1.11  0  1  1.29
 0  61.05  0.62  0  0  0.74
 2  97.46  1.06  1  2  1.38
 0  61.05  0.95  0  0  0.55
 0  67.44  0.33  0  1  1.13
 1  90.98  1.00  0  1  0.76
 2  92.56  1.24  1  2  0.84
 3  69.02  0.57  1  3  1.82
 3  61.05  0.62  1  3  0.81
 2  74.25  1.34  1  3  1.47
 1  97.46  1.06  0  1  0.93
 2  87.33  1.11  1  1  1.13
 2  77.47  0.96  1  2  2.61
 0  74.25  1.34  0  0  0.77
 3  61.05  0.95  1  3  1.91
 1  86.10  0.71  0  1  2.39
 3  64.69  1.16  1  3  1.30
 2  98.95  0.95  1  2  1.57
 3  87.33  0.46  1  2  0.96
 0  72.67  0.46  0  0  0.75
 3  60.30  0.73  1  3  1.10
 0  60.30  0.73  0  0  1.24
 2  92.95  0.71  1  2  0.81
 1  81.94  1.37  0  1  1.55
 1  99.70  0.84  0  1  1.06
 0  69.02  1.00  0  0  1.16
 2  81.94  1.37  1  2  1.82
 3  77.47  0.61  1  2  1.08
 3  92.56  0.33  1  2  0.88
 1  92.95  0.86  0  1  2.31
 3  72.67  0.46  1  2  1.43
 3  70.67  0.27  1  2  1.00
 2  95.31  0.42  1  2  0.67
 2  97.46  0.51  1  2  0.86
 1  82.53  0.96  0  1  1.24
 3  67.05  0.86  1  3  0.87
 0  67.44  1.24  0  0  0.90
 3  74.25  0.23  1  2  1.39
 3  77.42  0.40  1  3  1.20
 3  85.75  0.23  1  2  0.88
 0  60.30  0.84  0  0  0.62
 1  85.75  1.34  0  1  1.23
 0  74.25  0.23  0  1  1.26
 2  90.98  0.57  1  2  1.09
 0  72.67  1.11  0  0  0.83
 2  78.06  1.37  1  2  2.68
 2  86.10  0.71  1  3  0.72
 2  82.58  1.17  1  3  0.73
 3  62.54  1.06  1  3  0.71
 3  67.44  0.33  1  3  0.86
 2  98.95  0.62  1  2  1.69
 1  90.98  0.57  0  1  1.16
 0  64.69  0.42  0  0  0.68
 3  78.06  0.21  1  3  3.38
 1  92.56  0.33  0  1  0.93
 1  86.10  0.86  0  1  1.89
 0  73.90  0.86  0  0  1.16
 1  92.95  0.71  0  1  1.62
 0  77.42  0.40  0  1  1.49
 2  82.53  0.96  1  2  2.11
 0  78.06  0.21  0  1  0.85
 2  72.67  1.11  1  2  1.34
 3  81.94  0.21  1  2  1.04
 3  73.90  0.71  1  3  1.50
 0  70.67  1.30  0  0  0.89
 2  92.95  0.86  1  2  1.72
 0  73.90  0.71  0  0  0.97
 1  98.95  0.62  0  1  1.19
 2  70.67  1.30  1  3  1.45
 0  78.06  1.37  0  0  1.23
 1  89.33  0.27  0  1  1.90
 2  98.95  0.95  1  2  1.52
 3  73.90  0.71  1  3  1.17
 1  97.46  1.06  0  1  1.01
 1  81.94  1.37  0  0  0.93
 2  97.46  0.51  1  2  2.13
 0  61.05  0.62  0  0  0.79
 1  86.10  0.86  0  1  3.16
 2  86.10  0.86  1  2  2.03
 3  73.90  0.86  1  3  0.86
 1  99.70  0.84  0  1  0.85
 0  69.02  0.57  0  0  0.62
 0  77.42  0.40  0  1  3.15
 2  97.46  1.06  1  3  1.64
 0  78.06  1.37  0  0  0.88
 0  77.47  0.96  0  0  0.78
 3  77.47  0.61  1  2  2.01
 0  70.67  1.30  0  0  0.75
 0  62.54  0.51  0  0  0.71
 0  69.02  1.00  0  0  0.91
 3  60.30  0.84  1  3  1.01
 1  90.98  1.00  0  1  1.08
 2  92.95  0.86  1  2  1.46
 1  90.98  0.57  0  1  0.98
 1  95.31  0.42  0  1  0.81
 3  64.69  1.16  1  3  1.17
 2  70.67  1.30  1  3  0.62
 3  72.67  0.46  1  3  0.65
 3  69.02  1.00  1  2  0.52
 2  77.42  1.17  1  2  0.81
 2  82.53  0.96  1  3  0.90
 2  72.67  1.11  1  2  0.79
 1  87.33  0.46  0  1  0.99
 2  78.06  1.37  1  3  1.92
 3  62.54  1.06  1  3  0.94
 0  74.25  0.23  0  1  1.81
 3  82.58  0.40  1  1  0.86
 0  64.69  0.42  0  0  0.95
 0  64.69  1.16  0  0  2.29
 3  69.02  0.57  1  3  2.88
 1  95.31  1.16  0  1  1.77
 3  77.42  0.40  1  2  2.58
 0  60.30  0.73  0  0  0.86
 0  67.05  0.86  0  0  0.93
 2  92.95  0.71  1  2  1.89
 1  98.95  0.95  0  1  1.14
 2  99.70  0.73  1  2  1.20
 1  89.33  1.30  0  1  1.32
 2  86.10  0.71  1  2  1.60
 3  62.54  0.51  1  3  0.75
 0  77.47  0.61  0  0  1.63
 0  67.05  0.71  0  0  0.74
 0  74.25  1.34  0  0  1.29
 1  86.10  0.71  0  1  0.75
 2  82.58  1.17  1  2  1.75
 1  98.95  0.62  0  1  0.81
 2  98.95  0.62  1  2  1.24
 2  99.70  0.84  1  2  0.74
 3  74.25  0.23  1  3  0.65
 1  99.70  0.73  0  1  0.82
 0  73.90  0.86  0  0  0.65
 1  92.56  1.24  0  1  1.05
 2  67.44  1.24  1  3  0.78
 0  78.06  0.21  0  0  1.95
 1  82.53  0.96  0  0  3.86
 2  81.94  1.37  1  2  1.54
 1  87.33  1.11  0  1  1.45
 0  67.44  1.24  0  0  0.91
 0  77.42  1.17  0  0  0.66
 3  67.05  0.71  1  3  0.88
 2  74.25  1.34  1  2  1.68
 3  61.05  0.95  1  0  0.66
 3  60.30  0.73  1  3  0.88
 2  92.56  1.24  1  2  0.85
 1  92.95  0.86  0  1  1.36
 3  67.44  0.33  1  3  0.67
 1  85.75  0.23  0  1  0.73
 3  67.05  0.86  1  3  0.99
 3  85.75  0.23  1  2  0.77
 2  95.31  0.42  1  3  1.34
 3  64.69  0.42  1  3  0.75
 2  95.31  1.16  1  2  0.81
 1  85.75  1.34  0  1  1.23
 3  81.94  0.21  1  2  0.97
 3  92.56  0.33  1  2  0.59
 3  78.06  0.21  1  2  1.16
 2  90.98  0.57  1  2  0.78
 2  87.33  1.11  1  2  1.42
 1  82.53  0.61  0  1  0.90
 0  73.90  0.71  0  0  0.68
 0  60.30  0.84  0  0  0.72
 2  89.33  1.30  1  2  1.97
 1  92.95  0.71  0  1  1.03
 3  70.67  0.27  1  3  1.01
 1  82.58  1.17  0  0  1.44
 3  61.05  0.62  1  3  0.64
 0  61.05  0.95  0  0  0.75
 1  81.94  0.21  0  0  1.59
 1  82.58  0.40  0  1  0.76
 3  87.33  0.46  1  2  0.95
 1  92.56  0.33  0  1  0.68
 3  89.33  0.27  1  2  1.18
 2  90.98  1.00  1  2  1.45
 0  67.44  0.33  0  0  0.75
 1  97.46  0.51  0  1  0.80
 0  72.67  1.11  0  0  0.66
 0  62.54  1.06  0  0  0.61
 3  82.53  0.61  1  3  1.50
 0  70.67  0.27  0  0  1.34
 0  72.67  0.46  0  0  1.27
 2  77.47  0.96  1  3  2.30
 2  85.75  1.34  1  3  1.06
