 0  67.44  1.24  1  0  1.52
 1  99.70  0.84  0  0  1.41
 1  85.75  1.34  0  0  1.69
 0  77.42  1.17  0  1  1.43
 0  60.30  0.84  0  1  0.87
 1  77.42  0.40  1  1  1.31
 1  98.95  0.95  0  1  3.34
 0  92.56  1.24  1  1  2.86
 0  97.46  0.51  1  1  0.71
 1  82.53  0.61  1  0  1.95
 1  89.33  1.30  0  0  1.14
 0  99.70  0.73  1  1  1.06
 1  92.95  0.71  0  1  1.27
 0  72.67  1.11  0  1  2.72
 0  77.47  0.96  1  0  2.06
 0  61.05  0.95  0  0  0.73
 1  61.05  0.95  1  0  0.80
 0  82.58  1.17  1  1  0.91
 1  72.67  0.46  1  0  0.70
 0  77.42  0.40  0  1  0.70
 0  85.75  1.34  1  0  1.18
 1  87.33  0.46  0  1  0.85
 0  90.98  0.57  1  0  0.79
 0  70.67  1.30  0  1  0.73
 1  82.58  0.40  0  1  1.20
 1  67.05  0.71  1  0  1.65
 1  99.70  0.73  0  1  1.55
 1  92.56  1.24  0  0  2.18
 1  98.95  0.62  0  1  2.15
 1  95.31  1.16  0  0  1.31
 0  78.06  0.21  0  1  1.18
 0  70.67  1.30  1  0  1.92
 0  67.05  0.71  0  1  0.94
 0  77.47  0.96  0  0  1.44
 1  62.54  0.51  1  1  1.12
 0  62.54  1.06  0  0  0.73
 0  99.70  0.84  1  1  3.87
 0  69.02  0.57  0  0  0.76
 1  97.46  0.51  0  0  0.65
 1  64.69  0.42  1  1  0.67
 1  61.05  0.62  1  0  0.64
 1  85.75  0.23  1  0  1.33
 1  82.58  0.40  1  1  0.44
 0  87.33  1.11  1  0  1.74
 0  81.94  1.37  1  1  2.07
 1  69.02  0.57  1  1  1.12
 1  89.33  0.27  0  1  0.72
 1  85.75  0.23  0  1  0.65
 1  90.98  0.57  0  1  1.39
 0  64.69  0.42  0  1  0.84
 0  67.44  1.24  0  0  1.27
 0  73.90  0.86  0  1  1.11
 1  64.69  1.16  1  0  0.73
 0  74.25  1.34  1  0  0.94
 1  60.30  0.84  1  1  2.52
 0  98.95  0.95  1  0  0.93
 1  82.53  0.61  0  1  0.90
 0  78.06  1.37  1  0  0.61
 1  81.94  0.21  0  1  0.49
 0  86.10  0.86  1  0  1.50
 0  82.53  0.96  1  0  0.68
 0  98.95  0.62  1  1  0.70
 1  86.10  0.71  0  0  4.00
 0  74.25  0.23  0  1  0.80
 1  97.46  1.06  0  0  0.71
 1  81.94  1.37  0  0  1.10
 1  82.53  0.96  0  1  0.75
 1  89.33  0.27  1  1  0.66
 0  72.67  0.46  0  1  1.04
 1  73.90  0.86  1  0  0.85
 1  78.06  0.21  1  1  0.76
 0  64.69  1.16  0  1  1.37
 0  92.95  0.71  1  1  2.10
 1  62.54  1.06  1  0  0.77
 0  62.54  0.51  0  0  1.84
 0  69.02  1.00  0  1  1.36
 0  61.05  0.62  0  0  1.25
 0  92.95  0.86  1  1  0.87
 1  92.95  0.86  0  1  1.20
 1  69.02  1.00  1  0  0.73
 1  95.31  0.42  0  1  1.49
 0  77.42  1.17  1  1  2.46
 0  97.46  1.06  1  0  0.72
 0  67.44  0.33  0  1  0.60
 0  86.10  0.71  1  0  1.46
 1  74.25  0.23  1  1  1.19
 1  90.98  1.00  0  1  1.10
 1  77.47  0.61  1  0  2.12
 0  60.30  0.73  0  1  1.44
 1  82.58  1.17  0  1  1.32
 1  87.33  1.11  0  1  0.63
 0  73.90  0.71  0  0  1.56
 0  72.67  1.11  1  1  3.24
 1  81.94  0.21  1  1  1.89
 0  74.25  1.34  0  1  1.30
 0  77.47  0.61  0  0  2.29
 0  67.05  0.86  0  0  1.21
 1  92.56  0.33  0  0  0.89
 1  60.30  0.73  1  1  3.13
 0  89.33  1.30  1  1  1.14
 1  87.33  0.46  1  1  0.56
 1  67.44  0.33  1  1  2.06
 0  90.98  1.00  1  1  1.82
 0  78.06  1.37  0  1  1.42
 1  70.67  0.27  1  1  0.82
 1  73.90  0.71  1  1  1.82
 1  67.05  0.86  1  0  1.27
 0  95.31  0.42  1  1  0.69
 0  95.31  1.16  1  1  0.99
 0  70.67  0.27  0  0  1.73
 1  86.10  0.86  0  0  1.13
 1  92.56  0.33  1  1  0.97
 0  82.58  1.17  1  0  3.08
 0  62.54  1.06  0  1  1.25
 1  82.53  0.61  1  1  1.45
 0  69.02  1.00  0  0  2.10
 1  67.44  0.33  1  1  1.02
 1  92.56  1.24  0  1  1.28
 1  82.58  0.40  0  0  1.40
 0  67.44  1.24  1  0  1.87
 1  90.98  1.00  0  1  1.22
 1  72.67  0.46  1  1  1.28
 1  95.31  1.16  0  1  1.33
 0  86.10  0.86  1  1  1.56
 0  77.42  0.40  0  0  1.45
 1  73.90  0.86  1  0  1.72
 0  77.42  1.17  1  0  1.04
 1  81.94  0.21  0  0  1.47
 0  77.47  0.61  0  1  1.94
 1  89.33  1.30  0  1  1.12
 1  86.10  0.71  0  0  0.96
 1  62.54  1.06  1  0  1.64
 0  74.25  0.23  0  0  1.66
 1  85.75  1.34  0  1  0.84
 0  60.30  0.73  0  0  3.43
 0  73.90  0.86  0  0  0.79
 0  60.30  0.84  0  0  0.83
 0  78.06  0.21  0  1  1.01
 0  61.05  0.95  0  0  0.53
 1  74.25  0.23  1  1  0.70
 1  61.05  0.62  1  1  1.15
 0  92.95  0.71  1  1  1.10
 0  90.98  0.57  1  0  0.91
 1  99.70  0.84  0  1  0.68
 1  67.05  0.86  1  0  0.78
 0  69.02  0.57  0  1  0.99
 0  64.69  0.42  0  0  0.62
 0  99.70  0.84  1  0  2.74
 1  81.94  1.37  0  1  2.37
 0  92.56  1.24  1  0  0.85
 1  87.33  0.46  0  1  0.86
 0  67.05  0.86  0  1  1.23
 1  67.05  0.71  1  0  0.49
 1  77.42  0.40  1  1  2.01
 1  85.75  0.23  0  1  0.53
 0  78.06  1.37  1  0  0.71
 1  85.75  0.23  1  1  0.69
 1  60.30  0.73  1  0  0.66
 1  73.90  0.71  1  1  0.39
 1  64.69  1.16  1  1  0.97
 1  82.53  0.61  0  1  0.82
 1  89.33  0.27  1  1  0.63
 1  97.46  1.06  0  1  0.50
 0  87.33  1.11  1  1  0.37
 1  99.70  0.73  0  0  0.54
 0  86.10  0.71  1  1  0.49
 0  77.47  0.96  0  1  0.63
 0  77.42  1.17  0  0  0.39
 0  70.67  1.30  1  0  0.41
 1  70.67  0.27  1  1  0.73
 1  82.53  0.96  0  0  0.47
 0  70.67  1.30  0  1  0.39
 0  67.44  0.33  0  1  0.69
 0  97.46  1.06  1  0  0.48
 1  78.06  0.21  1  0  0.62
 1  92.95  0.71  0  1  0.45
 1  90.98  0.57  0  1  0.69
 1  92.56  0.33  1  1  0.52
 1  98.95  0.95  0  1  0.64
 1  82.58  1.17  0  1  1.00
 0  73.90  0.71  0  1  0.59
 0  85.75  1.34  1  1  0.64
 1  87.33  0.46  1  0  0.36
 0  61.05  0.62  0  1  0.78
 1  92.56  0.33  0  1  0.73
 1  69.02  1.00  1  0  0.71
 0  89.33  1.30  1  1  0.57
 1  87.33  1.11  0  0  0.53
 1  89.33  0.27  0  1  0.42
 0  70.67  0.27  0  1  2.90
 0  92.95  0.86  1  1  0.57
 0  82.53  0.96  1  0  0.34
 1  97.46  0.51  0  0  0.64
 1  81.94  0.21  1  1  0.52
 0  67.05  0.71  0  1  0.70
 0  81.94  1.37  1  0  0.60
 0  72.67  0.46  0  1  0.55
 1  62.54  0.51  1  0  0.43
 1  92.95  0.86  0  1  0.38
 1  86.10  0.86  0  1  0.56
 1  95.31  0.42  0  1  0.58
 1  98.95  0.62  0  1  0.53
 1  77.47  0.61  1  1  0.40
 0  97.46  0.51  1  1  0.51
 0  95.31  0.42  1  0  0.37
 1  69.02  0.57  1  0  0.58
 0  64.69  1.16  0  1  0.57
 0  72.67  1.11  0  0  0.48
 0  98.95  0.62  1  1  0.64
 0  67.44  1.24  0  0  0.33
 0  62.54  0.51  0  0  0.69
 0  74.25  1.34  0  0  0.45
 1  60.30  0.84  1  0  0.51
 0  77.47  0.96  1  1  0.40
 0  99.70  0.73  1  0  0.33
 0  72.67  1.11  1  1  0.36
 1  64.69  0.42  1  0  1.28
 1  61.05  0.95  1  1  0.35
 0  74.25  1.34  1  0  0.74
 0  95.31  1.16  1  1  0.85
 0  78.06  1.37  0  0  0.64
 0  98.95  0.95  1  1  0.58
 0  90.98  1.00  1  0  0.93
 1  82.58  0.40  1  1  0.79
 1  78.06  0.21  1  1  2.71
 0  70.67  0.27  0  1  0.80
 0  85.75  1.34  1  0  1.70
 0  78.06  1.37  1  0  0.68
 1  87.33  0.46  0  1  0.51
 0  64.69  0.42  0  1  0.57
 0  67.44  1.24  0  0  0.62
 0  67.05  0.86  0  1  0.59
 1  82.53  0.61  0  1  0.56
 0  73.90  0.71  0  1  0.61
 1  82.53  0.96  0  0  0.37
 0  97.46  0.51  1  1  0.48
 0  99.70  0.84  1  1  0.55
 0  77.47  0.96  0  0  0.46
 1  87.33  0.46  1  1  0.71
 0  60.30  0.73  0  1  1.43
 1  99.70  0.84  0  0  0.69
 1  61.05  0.62  1  1  0.67
 0  61.05  0.95  0  1  0.69
 0  95.31  1.16  1  1  0.72
 0  72.67  1.11  0  1  0.75
 0  86.10  0.71  1  0  0.52
 0  73.90  0.86  0  0  0.44
 1  60.30  0.73  1  1  0.43
 1  97.46  1.06  0  0  0.46
 0  70.67  1.30  0  1  0.35
 0  69.02  0.57  0  0  0.68
 1  89.33  0.27  0  1  0.48
 1  81.94  0.21  0  1  0.53
 0  82.53  0.96  1  0  0.49
 1  99.70  0.73  0  1  0.53
 0  67.44  0.33  0  1  0.57
 0  77.47  0.96  1  1  0.68
 0  72.67  0.46  0  1  0.76
 1  82.58  0.40  1  0  0.46
 0  74.25  1.34  1  0  1.35
 0  77.42  1.17  0  0  0.44
 0  77.42  0.40  0  1  0.62
 1  62.54  1.06  1  0  0.51
 1  73.90  0.86  1  1  0.98
 0  89.33  1.30  1  0  0.37
 0  98.95  0.95  1  1  0.65
 0  78.06  1.37  0  0  0.82
 0  82.58  1.17  1  0  0.76
 1  69.02  1.00  1  1  0.59
 0  86.10  0.86  1  0  0.48
 0  62.54  0.51  0  1  0.54
 0  87.33  1.11  1  1  0.76
 1  82.53  0.61  1  0  0.71
 1  70.67  0.27  1  1  0.64
 0  60.30  0.84  0  1  1.60
 1  92.95  0.71  0  1  0.71
 1  82.58  1.17  0  0  0.60
 1  95.31  0.42  0  1  0.80
 0  92.56  1.24  1  1  0.75
 0  90.98  0.57  1  1  0.70
 0  98.95  0.62  1  0  0.42
 1  98.95  0.62  0  1  0.52
 1  86.10  0.71  0  1  0.63
 1  67.05  0.86  1  0  0.52
 0  92.95  0.71  1  1  0.49
 0  72.67  1.11  1  0  0.71
 1  92.56  0.33  0  0  0.64
 1  90.98  1.00  0  1  0.53
 0  99.70  0.73  1  1  0.62
 0  97.46  1.06  1  0  1.19
 0  81.94  1.37  1  1  0.86
 1  81.94  1.37  0  0  0.55
 1  92.56  1.24  0  1  0.54
 1  95.31  1.16  0  1  1.60
 0  67.05  0.71  0  0  1.08
 1  85.75  0.23  1  1  0.80
 1  98.95  0.95  0  0  1.88
 1  77.47  0.61  1  1  0.56
 1  62.54  0.51  1  0  0.90
 0  64.69  1.16  0  1  0.74
 1  89.33  1.30  0  0  0.57
 1  61.05  0.95  1  1  0.33
 1  69.02  0.57  1  1  0.37
 0  61.05  0.62  0  0  0.43
 1  77.42  0.40  1  1  0.56
 1  67.44  0.33  1  1  0.51
 1  81.94  0.21  1  1  0.41
 1  92.56  0.33  1  1  0.51
 0  62.54  1.06  0  0  0.51
 1  67.05  0.71  1  1  0.66
 0  69.02  1.00  0  0  0.46
 1  74.25  0.23  1  1  0.44
 1  60.30  0.84  1  1  0.45
 1  64.69  1.16  1  1  0.43
 0  78.06  0.21  0  0  0.44
 0  74.25  1.34  0  0  0.54
 1  97.46  0.51  0  0  0.58
 0  77.47  0.61  0  1  0.56
 1  73.90  0.71  1  1  0.36
 0  77.42  1.17  1  1  0.40
 0  70.67  1.30  1  0  0.38
 0  90.98  1.00  1  0  0.45
 0  95.31  0.42  1  1  0.44
 0  67.44  1.24  1  0  0.84
 1  89.33  0.27  1  1  0.51
 1  64.69  0.42  1  1  0.53
 1  90.98  0.57  0  0  1.14
 1  85.75  1.34  0  1  0.92
 0  74.25  0.23  0  1  0.61
 1  85.75  0.23  0  0  0.45
 1  86.10  0.86  0  1  0.36
 1  72.67  0.46  1  1  0.52
 1  92.95  0.86  0  1  0.66
 0  92.95  0.86  1  1  0.64
 1  82.58  0.40  0  0  1.57
 1  87.33  1.11  0  1  0.38
 1  81.94  0.21  1  1  1.65
 0  92.95  0.71  1  1  0.66
 1  77.42  0.40  1  1  0.45
 0  98.95  0.62  1  0  0.50
 1  69.02  1.00  1  1  0.51
 1  86.10  0.86  0  1  0.50
 1  60.30  0.84  1  1  0.46
 0  92.95  0.86  1  1  0.58
 0  81.94  1.37  1  0  0.70
 1  74.25  0.23  1  1  0.41
 1  99.70  0.84  0  0  0.53
 1  98.95  0.95  0  1  0.41
 0  67.44  1.24  1  0  0.63
 1  95.31  0.42  0  1  0.41
 1  67.05  0.71  1  0  0.44
 1  77.47  0.61  1  1  0.32
 0  62.54  1.06  0  1  0.43
 1  86.10  0.71  0  1  0.59
 1  62.54  0.51  1  1  0.90
 1  85.75  0.23  1  1  0.47
 0  67.44  0.33  0  1  0.62
 0  74.25  1.34  0  0  0.49
 1  60.30  0.73  1  1  0.52
 1  89.33  0.27  1  1  0.42
 0  60.30  0.84  0  0  0.46
 0  70.67  1.30  1  1  0.41
 1  97.46  1.06  0  0  0.57
 0  92.56  1.24  1  1  1.85
 0  98.95  0.95  1  1  0.40
 0  69.02  1.00  0  0  0.45
 1  97.46  0.51  0  1  0.44
 0  77.42  1.17  0  1  0.46
 1  90.98  0.57  0  1  0.55
 1  72.67  0.46  1  1  0.69
 1  70.67  0.27  1  1  0.41
 0  72.67  0.46  0  1  0.41
 0  86.10  0.71  1  0  0.41
 1  98.95  0.62  0  1  0.38
 0  78.06  1.37  0  0  0.45
 0  89.33  1.30  1  1  0.38
 0  73.90  0.71  0  1  0.38
 0  90.98  0.57  1  0  0.46
 0  67.05  0.86  0  1  0.36
 1  92.56  0.33  0  0  0.36
 0  69.02  0.57  0  1  0.40
 1  82.53  0.61  1  0  0.43
 1  92.56  1.24  0  0  0.56
 0  97.46  0.51  1  1  0.34
 0  64.69  1.16  0  0  0.51
 1  92.95  0.86  0  1  0.55
 0  87.33  1.11  1  1  0.40
 0  64.69  0.42  0  0  0.37
 0  97.46  1.06  1  1  0.38
 0  82.53  0.96  1  0  0.35
 1  87.33  0.46  1  1  0.40
 0  67.05  0.71  0  1  0.36
 1  73.90  0.71  1  0  0.39
 0  95.31  1.16  1  0  0.83
 1  69.02  0.57  1  1  0.55
 1  61.05  0.62  1  1  0.63
 1  85.75  0.23  0  1  0.61
 1  81.94  0.21  0  1  0.44
 1  82.53  0.61  0  1  0.37
 0  67.44  1.24  0  0  0.49
 1  82.58  1.17  0  1  0.54
 0  70.67  1.30  0  1  0.52
 1  61.05  0.95  1  0  0.36
 1  92.56  0.33  1  1  0.45
 0  86.10  0.86  1  1  0.39
 0  73.90  0.86  0  1  0.60
 1  99.70  0.73  0  0  0.36
 1  82.58  0.40  0  1  0.35
 0  99.70  0.73  1  1  0.44
 0  90.98  1.00  1  0  0.41
 1  73.90  0.86  1  0  0.60
 0  62.54  0.51  0  1  0.46
 1  64.69  0.42  1  1  0.60
 0  61.05  0.95  0  0  0.56
 1  90.98  1.00  0  1  0.34
 1  92.95  0.71  0  0  0.38
 1  67.05  0.86  1  1  0.43
 0  85.75  1.34  1  0  1.64
 1  82.53  0.96  0  1  0.76
 0  78.06  0.21  0  0  0.39
 1  64.69  1.16  1  1  0.37
 0  70.67  0.27  0  1  0.51
 0  60.30  0.73  0  1  0.39
 1  87.33  1.11  0  0  0.57
 0  61.05  0.62  0  0  0.37
 0  74.25  0.23  0  1  0.35
 1  89.33  1.30  0  1  0.37
 1  81.94  1.37  0  0  0.39
 0  77.47  0.61  0  0  0.35
 0  99.70  0.84  1  1  0.47
 0  78.06  1.37  1  1  0.38
 1  87.33  0.46  0  0  0.37
 0  77.42  0.40  0  1  0.51
 0  72.67  1.11  0  0  0.45
 0  74.25  1.34  1  1  0.56
 0  72.67  1.11  1  0  0.40
 1  82.58  0.40  1  1  0.52
 0  95.31  0.42  1  1  0.55
 1  85.75  1.34  0  0  0.47
 0  82.58  1.17  1  1  0.49
 1  62.54  1.06  1  0  0.78
 1  67.44  0.33  1  1  0.37
 0  77.47  0.96  0  1  0.43
 0  77.42  1.17  1  0  0.61
 1  78.06  0.21  1  1  0.40
 1  89.33  0.27  0  1  0.54
 1  95.31  1.16  0  1  0.39
 0  77.47  0.96  1  1  0.33
 1  92.95  0.71  0  1  1.08
 1  87.33  0.46  0  0  0.24
 0  78.06  1.37  1  1  0.34
 1  82.58  0.40  1  0  0.52
 1  61.05  0.62  1  1  0.68
 0  87.33  1.11  1  1  0.45
 0  67.44  1.24  1  1  0.46
 0  77.47  0.96  1  0  0.36
 0  72.67  0.46  0  1  0.44
 0  99.70  0.84  1  0  0.36
 0  67.05  0.71  0  1  0.37
 1  82.58  0.40  0  0  0.34
 1  78.06  0.21  1  1  0.62
 1  62.54  0.51  1  1  0.49
 1  87.33  1.11  0  0  0.46
 1  70.67  0.27  1  1  0.67
 1  87.33  0.46  1  1  0.52
 0  85.75  1.34  1  0  0.47
 0  99.70  0.73  1  1  0.41
 1  97.46  0.51  0  1  1.85
 1  92.56  0.33  1  1  0.46
 1  85.75  0.23  0  1  0.46
 1  82.58  1.17  0  0  1.39
 0  67.44  1.24  0  1  0.46
 0  78.06  1.37  0  0  0.50
 0  90.98  1.00  1  1  0.63
 0  64.69  0.42  0  1  0.70
 1  82.53  0.61  0  0  1.26
 1  73.90  0.86  1  0  1.15
 1  89.33  1.30  0  1  0.45
 0  92.95  0.71  1  0  0.81
 0  77.42  1.17  0  1  1.00
 0  61.05  0.62  0  1  0.64
 1  81.94  0.21  1  0  0.46
 0  72.67  1.11  0  1  0.15
 0  98.95  0.95  1  0  0.57
 0  89.33  1.30  1  0  0.46
 1  77.47  0.61  1  0  0.44
 1  86.10  0.86  0  1  0.58
 0  86.10  0.86  1  1  1.24
 0  82.58  1.17  1  0  0.69
 0  90.98  0.57  1  1  0.63
 1  97.46  1.06  0  0  0.53
 1  61.05  0.95  1  1  0.72
 0  86.10  0.71  1  1  0.86
 0  67.44  0.33  0  0  0.40
 1  67.44  0.33  1  1  0.47
 0  69.02  0.57  0  0  0.42
 1  72.67  0.46  1  1  0.43
 0  92.56  1.24  1  1  0.45
 0  78.06  0.21  0  0  0.37
 0  98.95  0.62  1  1  0.30
 0  92.95  0.86  1  0  0.31
 1  60.30  0.84  1  1  0.34
 1  69.02  1.00  1  0  0.32
 1  95.31  0.42  0  1  0.26
 0  77.42  1.17  1  1  0.32
 1  85.75  0.23  1  0  0.34
 0  77.47  0.61  0  1  0.37
 1  62.54  1.06  1  0  1.41
 1  95.31  1.16  0  1  0.35
 1  92.56  1.24  0  1  0.34
 0  64.69  1.16  0  1  0.61
 1  90.98  0.57  0  0  0.48
 1  99.70  0.73  0  1  0.07
 0  60.30  0.73  0  0  0.34
 0  82.53  0.96  1  1  0.36
 1  60.30  0.73  1  0  0.34
 0  67.05  0.86  0  0  0.25
 0  74.25  0.23  0  1  0.32
 1  89.33  0.27  0  0  0.35
 0  60.30  0.84  0  1  0.43
 0  61.05  0.95  0  0  0.38
 0  69.02  1.00  0  1  0.32
 0  73.90  0.71  0  0  0.40
 0  70.67  0.27  0  0  0.34
 1  86.10  0.71  0  0  0.37
 0  77.47  0.96  0  1  0.34
 1  82.53  0.96  0  0  0.38
 0  62.54  1.06  0  1  0.36
 1  74.25  0.23  1  0  0.30
 1  73.90  0.71  1  1  0.40
 0  81.94  1.37  1  0  0.50
 1  90.98  1.00  0  1  0.34
 1  99.70  0.84  0  0  0.42
 0  62.54  0.51  0  1  0.35
 1  64.69  0.42  1  0  0.55
 0  74.25  1.34  0  1  2.04
 0  95.31  0.42  1  1  0.52
 0  97.46  0.51  1  0  0.32
 1  67.05  0.86  1  1  0.38
 1  92.95  0.86  0  0  0.48
 0  70.67  1.30  1  1  0.41
 0  97.46  1.06  1  0  0.38
 1  85.75  1.34  0  0  0.47
 0  70.67  1.30  0  1  0.38
 0  95.31  1.16  1  0  0.37
 1  81.94  1.37  0  1  0.43
 1  77.42  0.40  1  0  0.34
 1  92.56  0.33  0  1  0.39
 1  82.53  0.61  1  1  0.34
 0  73.90  0.86  0  1  0.52
 0  72.67  1.11  1  0  0.69
 1  98.95  0.95  0  0  0.43
 1  64.69  1.16  1  1  0.36
 1  98.95  0.62  0  1  0.47
 0  74.25  1.34  1  0  0.67
 1  89.33  0.27  1  1  0.38
 1  69.02  0.57  1  1  0.44
 1  67.05  0.71  1  1  0.40
 0  77.42  0.40  0  1  0.43
 1  81.94  0.21  0  0  0.50
