 1  92.56  0.33  0  0  3.68
 0  78.06  1.37  0  0  6.59
 1  92.95  0.86  0  1  3.78
 3  77.47  0.61  1  1  1.64
 2  92.95  0.71  1  1  1.63
 1  86.10  0.86  0  1  2.41
 0  60.30  0.84  0  2  1.35
 0  69.02  0.57  0  1  1.49
 2  70.67  1.30  1  0  0.76
 3  60.30  0.84  1  3  1.16
 3  87.33  0.46  1  1  1.51
 1  90.98  1.00  0  0  0.83
 1  81.94  1.37  0  3  1.12
 0  64.69  1.16  0  1  1.29
 3  61.05  0.62  1  2  4.83
 3  64.69  1.16  1  0  0.80
 3  67.44  0.33  1  3  0.52
 0  74.25  0.23  0  3  0.71
 0  62.54  1.06  0  2  0.72
 1  99.70  0.73  0  1  0.55
 3  69.02  1.00  1  0  1.08
 0  77.47  0.96  0  0  0.61
 1  97.46  0.51  0  3  1.71
 1  86.10  0.71  0  0  0.90
 1  92.56  1.24  0  1  1.59
 2  90.98  0.57  1  0  0.65
 2  98.95  0.95  1  3  0.71
 1  82.58  0.40  0  0  0.68
 0  67.44  0.33  0  0  1.19
 0  77.42  0.40  0  2  2.67
 2  90.98  1.00  1  3  0.45
 0  73.90  0.86  0  0  0.74
 3  73.90  0.71  1  0  0.75
 3  67.05  0.71  1  0  0.61
 2  78.06  1.37  1  1  2.86
 2  95.31  1.16  1  0  0.76
 3  73.90  0.86  1  0  0.84
 0  61.05  0.95  0  3  0.46
 3  89.33  0.27  1  2  0.35
 3  62.54  1.06  1  0  0.66
 3  72.67  0.46  1  0  0.54
 1  97.46  1.06  0  1  0.42
 1  89.33  0.27  0  3  2.16
 2  77.42  1.17  1  2  0.87
 0  61.05  0.62  0  0  1.64
 1  87.33  1.11  0  3  0.91
 2  92.95  0.86  1  3  1.08
 3  85.75  0.23  1  3  0.61
 1  85.75  0.23  0  1  1.71
 1  89.33  1.30  0  2  2.03
 3  67.05  0.86  1  0  0.89
 0  67.44  1.24  0  0  0.78
 0  60.30  0.73  0  2  3.10
 2  77.47  0.96  1  0  1.55
 2  82.53  0.96  1  0  0.36
 1  98.95  0.62  0  3  0.93
 3  74.25  0.23  1  1  1.56
 2  87.33  1.11  1  2  0.98
 1  95.31  0.42  0  0  0.39
 0  67.05  0.71  0  0  0.92
 2  67.44  1.24  1  0  1.69
 2  85.75  1.34  1  0  1.45
 0  67.05  0.86  0  0  0.87
 0  70.67  1.30  0  0  1.59
 0  70.67  0.27  0  2  2.44
 2  82.58  1.17  1  2  1.92
 2  72.67  1.11  1  0  0.81
 3  70.67  0.27  1  0  0.56
 3  82.58  0.40  1  3  0.73
 1  85.75  1.34  0  2  1.23
 2  86.10  0.71  1  3  0.84
 3  77.42  0.40  1  0  0.51
 0  62.54  0.51  0  0  0.88
 1  99.70  0.84  0  3  0.96
 2  99.70  0.84  1  3  0.53
 1  82.58  1.17  0  2  1.63
 0  78.06  0.21  0  1  1.01
 3  60.30  0.73  1  1  0.67
 2  74.25  1.34  1  0  1.13
 3  61.05  0.95  1  0  0.51
 0  77.47  0.61  0  3  2.07
 3  92.56  0.33  1  3  0.93
 0  74.25  1.34  0  1  1.39
 0  64.69  0.42  0  0  0.58
 2  86.10  0.86  1  3  1.00
 2  89.33  1.30  1  3  0.63
 0  72.67  0.46  0  3  1.10
 2  81.94  1.37  1  3  1.54
 2  97.46  0.51  1  3  0.72
 0  69.02  1.00  0  0  0.70
 1  98.95  0.95  0  2  2.03
 2  97.46  1.06  1  2  0.72
 0  72.67  1.11  0  1  0.94
 2  98.95  0.62  1  2  2.06
 2  92.56  1.24  1  1  1.65
 3  78.06  0.21  1  3  2.24
 1  90.98  0.57  0  3  1.12
 3  62.54  0.51  1  0  0.80
 3  82.53  0.61  1  3  4.81
 0  73.90  0.71  0  1  2.92
 3  69.02  0.57  1  0  0.73
 1  82.53  0.61  0  3  8.87
 0  77.42  1.17  0  1  1.54
 1  87.33  0.46  0  2  1.93
 1  92.95  0.71  0  3  0.78
 1  81.94  0.21  0  2  1.14
 1  95.31  1.16  0  3  1.76
 1  82.53  0.96  0  1  1.33
 2  95.31  0.42  1  3  1.28
 3  81.94  0.21  1  1  1.15
 3  64.69  0.42  1  0  0.63
 2  99.70  0.73  1  1  0.45
 0  69.02  1.00  0  0 10.90
 2  99.70  0.73  1  2  1.85
 2  74.25  1.34  1  1  2.64
 3  89.33  0.27  1  3  1.83
 2  67.44  1.24  1  0  2.20
 1  82.53  0.61  0  3  0.69
 2  86.10  0.86  1  2  0.74
 0  73.90  0.86  0  0  1.03
 3  61.05  0.62  1  1  1.54
 2  98.95  0.95  1  2  1.66
 3  60.30  0.73  1  0  0.90
 3  64.69  0.42  1  0  1.00
 1  92.95  0.86  0  2  1.98
 2  89.33  1.30  1  2  1.22
 1  98.95  0.95  0  3  1.31
 1  82.53  0.96  0  1  1.55
 0  72.67  0.46  0  0  0.69
 0  77.42  1.17  0  1  1.62
 3  70.67  0.27  1  1  1.08
 2  77.47  0.96  1  1  0.95
 2  78.06  1.37  1  0  0.81
 1  97.46  0.51  0  3  0.82
 1  98.95  0.62  0  2  0.95
 0  64.69  1.16  0  0  0.90
 3  64.69  1.16  1  1  1.40
 2  95.31  0.42  1  2  1.52
 0  77.47  0.61  0  2  3.12
 3  69.02  1.00  1  0  0.62
 0  62.54  1.06  0  1  1.53
 0  60.30  0.73  0  0  0.85
 2  90.98  0.57  1  2  1.62
 0  67.05  0.86  0  1  0.93
 1  89.33  1.30  0  3  1.81
 3  81.94  0.21  1  2  1.54
 3  73.90  0.71  1  0  1.16
 1  92.56  0.33  0  2  1.90
 1  90.98  1.00  0  3  2.55
 1  82.58  1.17  0  0  2.08
 1  97.46  1.06  0  1  0.99
 0  60.30  0.84  0  0  1.36
 1  85.75  0.23  0  3  1.26
 3  60.30  0.84  1  0  1.33
 1  89.33  0.27  0  3  2.69
 3  61.05  0.95  1  0  1.63
 1  95.31  1.16  0  3  2.98
 0  78.06  1.37  0  1  1.56
 0  64.69  0.42  0  0  0.60
 3  67.05  0.86  1  0  0.81
 3  78.06  0.21  1  2  1.47
 2  82.53  0.96  1  2  1.04
 0  61.05  0.95  0  0  0.79
 2  92.95  0.71  1  3  1.19
 0  77.47  0.96  0  2  0.93
 3  77.42  0.40  1  1  1.37
 0  78.06  0.21  0  3  1.32
 1  90.98  0.57  0  3  0.77
 1  85.75  1.34  0  2  0.60
 3  62.54  1.06  1  0  0.58
 0  61.05  0.62  0  0  0.71
 0  74.25  1.34  0  0  0.52
 2  90.98  1.00  1  3  0.87
 2  85.75  1.34  1  2  1.35
 3  73.90  0.86  1  1  1.25
 2  87.33  1.11  1  2  1.09
 2  92.56  1.24  1  2  0.77
 3  82.53  0.61  1  2  1.03
 0  73.90  0.71  0  0  1.42
 0  62.54  0.51  0  0  1.24
 3  62.54  0.51  1  0  1.56
 2  72.67  1.11  1  0  2.18
 0  70.67  1.30  0  0  0.77
 3  67.05  0.71  1  0  0.78
 1  92.56  1.24  0  2  1.31
 3  74.25  0.23  1  3  0.84
 3  77.47  0.61  1  3  0.51
 0  67.44  1.24  0  1  1.10
 3  87.33  0.46  1  3  1.35
 2  97.46  1.06  1  3  0.50
 0  74.25  0.23  0  2  0.67
 2  86.10  0.71  1  3  0.69
 2  77.42  1.17  1  2  0.70
 1  95.31  0.42  0  3  0.86
 1  86.10  0.71  0  2  0.67
 1  81.94  1.37  0  1  0.44
 1  99.70  0.73  0  1  0.41
 0  69.02  0.57  0  0  0.60
 1  87.33  1.11  0  0  0.40
 2  70.67  1.30  1  0  0.67
 2  95.31  1.16  1  3  0.85
 1  87.33  0.46  0  3  0.69
 0  70.67  0.27  0  2  0.91
 1  82.58  0.40  0  2  1.06
 2  82.58  1.17  1  2  1.59
 3  82.58  0.40  1  2  0.76
 0  67.44  0.33  0  0  0.71
 0  72.67  1.11  0  0  0.55
 0  67.05  0.71  0  1  1.47
 1  81.94  0.21  0  3  1.72
 3  67.44  0.33  1  1  0.86
 2  92.95  0.86  1  3  0.71
 1  99.70  0.84  0  3  0.70
 3  69.02  0.57  1  1  1.20
 0  77.42  0.40  0  2  1.12
 1  92.95  0.71  0  3  0.73
 2  98.95  0.62  1  3  1.04
 2  97.46  0.51  1  2  0.81
 2  99.70  0.84  1  2  0.75
 2  81.94  1.37  1  2  0.66
 1  86.10  0.86  0  2  0.73
 3  85.75  0.23  1  3  0.41
 3  72.67  0.46  1  0  0.60
 3  92.56  0.33  1  3  0.42
 3  67.44  0.33  1  3  2.24
 0  74.25  1.34  0  3  0.38
 1  90.98  1.00  0  3  0.32
 3  61.05  0.95  1  3  0.35
 2  95.31  0.42  1  3  0.51
 2  97.46  0.51  1  3  0.59
 2  99.70  0.73  1  3  0.96
 1  98.95  0.95  0  2  0.51
 0  69.02  1.00  0  0  0.61
 0  61.05  0.62  0  0  0.51
 1  86.10  0.86  0  3  0.67
 1  98.95  0.62  0  2  0.48
 1  99.70  0.73  0  3  0.67
 1  81.94  1.37  0  2  0.59
 0  70.67  0.27  0  1  0.55
 2  86.10  0.71  1  3  0.54
 1  82.53  0.61  0  2  0.63
 0  67.44  1.24  0  3  0.28
 2  99.70  0.84  1  3  0.72
 2  90.98  1.00  1  2  0.32
 1  86.10  0.71  0  2  0.58
 3  78.06  0.21  1  1  0.28
 1  87.33  1.11  0  3  0.16
 0  69.02  0.57  0  0  0.11
 3  69.02  0.57  1  3  0.19
 3  82.53  0.61  1  3  0.76
 1  95.31  0.42  0  2  0.70
 2  98.95  0.62  1  0  0.49
 0  64.69  0.42  0  3  0.03
 3  60.30  0.84  1  1  0.16
 2  98.95  0.95  1  0  0.52
 3  82.58  0.40  1  2  0.44
 2  89.33  1.30  1  3  0.58
 1  82.53  0.96  0  1  0.65
 3  77.42  0.40  1  1  0.51
 2  92.95  0.71  1  0  0.63
 2  82.53  0.96  1  3  0.49
 1  85.75  0.23  0  3  0.91
 3  60.30  0.73  1  2  0.54
 1  92.95  0.71  0  3  1.11
 3  74.25  0.23  1  0  0.62
 0  61.05  0.95  0  0  0.76
 2  81.94  1.37  1  3  0.85
 3  73.90  0.86  1  0  0.95
 3  73.90  0.71  1  3  0.94
 1  85.75  1.34  0  0  0.70
 2  78.06  1.37  1  2  0.36
 0  74.25  0.23  0  3  0.48
 2  82.58  1.17  1  2  0.21
 3  67.05  0.86  1  2  0.34
 3  61.05  0.62  1  0  0.87
 2  86.10  0.86  1  2  0.50
 2  87.33  1.11  1  2  0.51
 3  67.05  0.71  1  1  0.77
 0  60.30  0.84  0  1  0.71
 0  73.90  0.71  0  1  1.27
 0  72.67  0.46  0  1  2.31
 3  85.75  0.23  1  3  0.99
 1  92.56  1.24  0  2  1.09
 0  78.06  0.21  0  2  0.72
 2  77.42  1.17  1  3  0.78
 2  67.44  1.24  1  1  0.94
 2  90.98  0.57  1  3  1.02
 3  92.56  0.33  1  3  0.72
 2  77.47  0.96  1  2  0.72
 3  72.67  0.46  1  2  1.20
 0  64.69  1.16  0  1  0.85
 0  70.67  1.30  0  0  0.52
 3  81.94  0.21  1  3  0.81
 1  99.70  0.84  0  3  0.82
 2  97.46  1.06  1  3  0.65
 1  82.58  1.17  0  2  1.00
 1  92.95  0.86  0  1  0.32
 1  82.58  0.40  0  1  0.56
 3  69.02  1.00  1  0  1.16
 0  62.54  1.06  0  1  0.40
 0  77.47  0.61  0  1  0.85
 2  72.67  1.11  1  2  0.07
 2  92.95  0.86  1  3  0.64
 0  77.42  0.40  0  2  0.39
 3  64.69  1.16  1  1  0.31
 1  81.94  0.21  0  2  0.78
 3  87.33  0.46  1  2  0.70
 2  92.56  1.24  1  3  0.06
 0  77.42  1.17  0  0  0.44
 0  67.05  0.71  0  1  0.73
 0  77.47  0.96  0  2  0.97
 3  62.54  1.06  1  0  1.02
 3  70.67  0.27  1  3  1.41
 1  92.56  0.33  0  3  1.52
 2  95.31  1.16  1  3  0.73
 0  67.05  0.86  0  3  0.65
 0  62.54  0.51  0  0  0.40
 3  77.47  0.61  1  1  0.70
 1  97.46  1.06  0  0  0.82
 0  67.44  0.33  0  3  0.77
 2  85.75  1.34  1  2  0.80
 0  72.67  1.11  0  3  1.21
 1  95.31  1.16  0  3  0.91
 0  78.06  1.37  0  3  2.29
 1  89.33  1.30  0  3  0.98
 3  62.54  0.51  1  0  0.91
 1  97.46  0.51  0  3  0.76
 1  89.33  0.27  0  3  0.77
 1  87.33  0.46  0  3  0.99
 1  90.98  0.57  0  3  1.04
 0  60.30  0.73  0  0  0.81
 0  73.90  0.86  0  1  0.85
 2  70.67  1.30  1  2  1.10
 3  64.69  0.42  1  2  0.87
 2  74.25  1.34  1  1  0.25
 3  89.33  0.27  1  1  0.29
 2  90.98  0.57  1  2  3.11
 0  61.05  0.95  0  0  0.74
 0  64.69  1.16  0  0  0.78
 1  85.75  0.23  0  2  1.97
 2  90.98  1.00  1  2  0.70
 2  81.94  1.37  1  1  1.71
 3  77.42  0.40  1  2  0.66
 1  90.98  1.00  0  3  0.94
 1  92.56  1.24  0  2  0.03
 1  89.33  1.30  0  2  0.10
 1  95.31  1.16  0  2  0.37
 1  99.70  0.84  0  2  1.13
 0  77.47  0.96  0  3  0.30
 3  70.67  0.27  1  1  0.06
 1  90.98  0.57  0  0  0.28
 0  78.06  1.37  0  1  0.33
 2  67.44  1.24  1  2  0.49
 3  87.33  0.46  1  2  1.02
 2  95.31  0.42  1  3  0.91
 0  69.02  0.57  0  2  0.36
 2  95.31  1.16  1  2  0.83
 2  97.46  0.51  1  3  0.63
 0  72.67  1.11  0  0  0.93
 0  70.67  0.27  0  1  1.39
 2  92.56  1.24  1  3  1.00
 1  95.31  0.42  0  1  1.06
 3  62.54  0.51  1  0  0.60
 1  97.46  0.51  0  2  0.87
 2  99.70  0.73  1  3  1.13
 0  62.54  1.06  0  0  0.78
 1  97.46  1.06  0  3  0.86
 2  74.25  1.34  1  0  0.78
 0  78.06  0.21  0  1  0.80
 2  78.06  1.37  1  2  0.84
 0  77.47  0.61  0  1  1.02
 1  87.33  1.11  0  2  0.67
 2  99.70  0.84  1  3  0.97
 0  67.05  0.86  0  2  0.82
 3  64.69  1.16  1  0  0.65
 3  61.05  0.95  1  0  0.70
 2  72.67  1.11  1  0  0.77
 0  67.05  0.71  0  0  0.58
 0  73.90  0.86  0  0  0.58
 1  98.95  0.62  0  3  0.78
 0  73.90  0.71  0  1  0.73
 2  89.33  1.30  1  2  0.99
 3  64.69  0.42  1  0  0.63
 0  60.30  0.84  0  1  0.55
 3  82.58  0.40  1  0  0.38
 3  67.44  0.33  1  1  0.32
 3  92.56  0.33  1  2  3.79
 3  89.33  0.27  1  1  1.00
 0  69.02  1.00  0  1  0.72
 2  82.58  1.17  1  2  0.65
 1  92.95  0.86  0  2  1.32
 1  82.58  1.17  0  2  1.41
 0  64.69  0.42  0  2  0.93
 1  85.75  1.34  0  0  0.54
 3  60.30  0.84  1  0  0.96
 3  73.90  0.86  1  2  1.42
 2  87.33  1.11  1  2  0.84
 1  92.56  0.33  0  3  0.66
 0  70.67  1.30  0  0  0.93
 1  82.53  0.61  0  2  1.39
 3  69.02  0.57  1  0  1.40
 2  92.95  0.86  1  1  0.56
 3  61.05  0.62  1  0  0.81
 3  67.05  0.86  1  0  1.94
 3  62.54  1.06  1  0  0.31
 3  74.25  0.23  1  0  0.71
 0  77.42  0.40  0  2  0.84
 1  87.33  0.46  0  3  0.07
 2  85.75  1.34  1  0  0.47
 2  86.10  0.86  1  2  0.75
 3  67.05  0.71  1  0  0.46
 1  82.53  0.96  0  1  0.60
 1  89.33  0.27  0  1  0.71
 3  82.53  0.61  1  1  0.83
 2  92.95  0.71  1  2  0.62
 1  81.94  0.21  0  2  0.68
 1  92.95  0.71  0  3  0.64
 1  86.10  0.86  0  1  0.74
 0  74.25  1.34  0  1  1.07
 3  81.94  0.21  1  2  1.00
 2  70.67  1.30  1  0  1.09
 2  98.95  0.95  1  2  0.93
 0  62.54  0.51  0  0  1.02
 3  85.75  0.23  1  3  0.84
 3  72.67  0.46  1  1  1.26
 0  72.67  0.46  0  2  0.99
 1  99.70  0.73  0  3  1.05
 2  77.42  1.17  1  2  1.12
 3  78.06  0.21  1  2  1.41
 0  67.44  0.33  0  1  0.42
 2  98.95  0.62  1  2  0.79
 1  81.94  1.37  0  1  1.11
 1  82.58  0.40  0  1  1.08
 3  60.30  0.73  1  0  0.95
 3  73.90  0.71  1  1  0.61
 2  82.53  0.96  1  2  1.00
 1  98.95  0.95  0  3  0.73
 3  77.47  0.61  1  2  1.09
 2  86.10  0.71  1  2  0.79
 3  69.02  1.00  1  1  0.91
 0  61.05  0.62  0  0  0.65
 0  77.42  1.17  0  3  2.03
 0  60.30  0.73  0  0  0.59
 2  97.46  1.06  1  2  0.62
 1  86.10  0.71  0  2  0.75
 2  77.47  0.96  1  1  0.72
 0  67.44  1.24  0  2  0.39
 0  74.25  0.23  0  0  0.52
 3  92.56  0.33  1  1  2.37
 0  73.90  0.71  0  2  0.29
 3  70.67  0.27  1  3  0.03
 0  69.02  0.57  0  3  0.58
 1  97.46  0.51  0  1  0.43
 0  72.67  1.11  0  0  0.52
 0  67.44  0.33  0  2  0.85
 1  86.10  0.71  0  2  0.54
 3  73.90  0.71  1  2  0.39
 1  89.33  0.27  0  2  0.81
 3  64.69  0.42  1  1  0.54
 1  81.94  0.21  0  3  0.34
 3  87.33  0.46  1  1  0.59
 2  99.70  0.73  1  2  0.45
 0  62.54  0.51  0  0  0.38
 0  60.30  0.84  0  0  0.81
 2  67.44  1.24  1  1  0.94
 3  67.05  0.86  1  1  0.68
 1  82.58  0.40  0  2  0.46
 2  90.98  1.00  1  1  0.73
 3  60.30  0.84  1  2  0.50
 2  98.95  0.62  1  2  0.54
 2  72.67  1.11  1  0  0.79
 2  74.25  1.34  1  0  0.65
 0  78.06  1.37  0  1  0.64
 3  78.06  0.21  1  2  0.66
 3  73.90  0.86  1  3  0.44
 1  92.56  1.24  0  2  0.56
 3  72.67  0.46  1  2  0.68
 1  86.10  0.86  0  0  0.90
 3  62.54  0.51  1  0  0.71
 1  95.31  1.16  0  1  0.37
 2  98.95  0.95  1  0  0.86
 1  89.33  1.30  0  2  0.39
 2  97.46  1.06  1  1  0.84
 0  77.47  0.96  0  2  0.83
 3  69.02  1.00  1  1  0.46
 2  89.33  1.30  1  2  0.64
 2  85.75  1.34  1  2  0.70
 2  86.10  0.86  1  3  0.68
 3  82.53  0.61  1  1  0.24
 2  90.98  0.57  1  2  0.38
 0  61.05  0.95  0  1  0.55
 2  86.10  0.71  1  1  0.53
 2  81.94  1.37  1  2  0.62
 0  67.05  0.86  0  0  0.82
 1  95.31  0.42  0  3  0.75
 3  77.42  0.40  1  2  1.04
 1  87.33  1.11  0  1  0.62
 0  64.69  1.16  0  0  0.46
 3  82.58  0.40  1  2  0.69
 3  62.54  1.06  1  0  0.60
 0  64.69  0.42  0  1  0.32
 1  92.56  0.33  0  2  0.56
 1  92.95  0.86  0  3  0.16
 2  95.31  0.42  1  1  0.35
 0  70.67  0.27  0  0  0.11
 1  82.58  1.17  0  1  0.41
 0  60.30  0.73  0  0  0.78
 3  81.94  0.21  1  2  0.12
 1  85.75  0.23  0  1  0.24
 3  69.02  0.57  1  3  0.53
 3  89.33  0.27  1  2  0.23
 0  62.54  1.06  0  0  2.29
 0  69.02  1.00  0  1  0.45
 2  82.58  1.17  1  0  0.33
 1  90.98  0.57  0  1  0.33
 2  70.67  1.30  1  0  0.08
 3  77.47  0.61  1  2  0.06
 1  98.95  0.95  0  1  0.93
 1  99.70  0.84  0  1  0.34
 1  99.70  0.73  0  1  0.44
 1  87.33  0.46  0  0  0.80
 0  72.67  0.46  0  0  0.76
 3  74.25  0.23  1  2  0.58
 3  61.05  0.62  1  3  0.20
 3  64.69  1.16  1  3  0.59
 2  92.95  0.71  1  2  0.57
 1  85.75  1.34  0  2  0.87
 1  82.53  0.61  0  1  0.93
 3  61.05  0.95  1  3  0.65
 2  95.31  1.16  1  2  0.75
 2  99.70  0.84  1  2  1.13
 0  74.25  0.23  0  1  0.64
 0  77.42  1.17  0  1  0.75
 0  67.05  0.71  0  2  0.99
 0  77.47  0.61  0  2  0.59
 0  70.67  1.30  0  2  0.67
 1  90.98  1.00  0  1  0.25
 0  74.25  1.34  0  2  0.70
 2  92.56  1.24  1  1  0.51
 3  60.30  0.73  1  2  0.33
 0  61.05  0.62  0  3  0.46
 2  92.95  0.86  1  2  0.18
 1  92.95  0.71  0  0  1.02
 0  73.90  0.86  0  2  0.59
 2  78.06  1.37  1  1  0.24
 0  67.44  1.24  0  1  0.14
 1  98.95  0.62  0  0  0.20
 1  81.94  1.37  0  1  0.46
 0  77.42  0.40  0  0  0.43
 1  82.53  0.96  0  1  0.29
 2  77.42  1.17  1  0  0.49
 2  97.46  0.51  1  2  0.61
 2  82.53  0.96  1  1  0.87
 1  97.46  1.06  0  0  0.54
 0  78.06  0.21  0  2  0.54
 2  77.47  0.96  1  3  0.35
 3  67.05  0.71  1  1  0.62
 3  85.75  0.23  1  0  0.33
 3  67.44  0.33  1  2  0.21
 2  87.33  1.11  1  3  1.05
