 1  72.67  0.46  1  1  1.79
 0  67.05  0.86  0  0  0.92
 0  61.05  0.95  0  0  0.74
 0  87.33  1.11  1  0  3.20
 0  98.95  0.95  1  1  1.43
 0  60.30  0.73  0  1  0.83
 1  61.05  0.95  1  0  0.87
 1  90.98  0.57  0  0  2.25
 1  99.70  0.73  0  0  1.96
 0  82.58  1.17  1  0  1.11
 0  99.70  0.84  1  1  1.93
 0  72.67  1.11  0  0  0.99
 0  86.10  0.86  1  1  5.09
 1  87.33  0.46  1  1  0.87
 0  78.06  1.37  1  0  0.76
 1  87.33  0.46  0  0  1.07
 0  62.54  0.51  0  1  0.63
 0  72.67  0.46  0  1  3.27
 0  77.47  0.61  0  0  4.37
 0  67.44  1.24  0  0  0.67
 0  74.25  1.34  1  0  0.57
 1  82.53  0.61  1  0  2.81
 1  81.94  1.37  0  0  0.79
 1  77.47  0.61  1  1  2.18
 0  77.42  1.17  0  1  0.90
 0  73.90  0.71  0  1  2.84
 1  64.69  1.16  1  0  0.75
 1  89.33  0.27  0  1  1.40
 0  98.95  0.62  1  1  1.92
 1  69.02  1.00  1  1  1.97
 0  62.54  1.06  0  0  1.47
 0  60.30  0.84  0  0  1.13
 1  85.75  0.23  1  1  3.57
 1  86.10  0.71  0  0  1.18
 1  60.30  0.84  1  1  1.41
 0  78.06  0.21  0  1  1.88
 0  97.46  1.06  1  0  1.17
 1  62.54  0.51  1  1  1.37
 0  70.67  0.27  0  0  1.00
 1  99.70  0.84  0  0  9.13
 0  67.44  0.33  0  0  1.54
 1  86.10  0.86  0  1  0.92
 1  67.05  0.86  1  1  1.26
 0  85.75  1.34  1  0  1.93
 0  69.02  1.00  0  0  1.75
 1  82.53  0.61  0  1  2.78
 0  95.31  0.42  1  0  3.09
 1  82.53  0.96  0  1  1.62
 1  67.44  0.33  1  1  2.92
 0  82.53  0.96  1  0  1.91
 1  92.95  0.86  0  1  0.71
 0  97.46  0.51  1  1  1.21
 1  74.25  0.23  1  1  2.90
 0  95.31  1.16  1  0  1.33
 0  64.69  1.16  0  0  3.69
 1  69.02  0.57  1  1  1.13
 1  82.58  0.40  0  0  2.55
 1  85.75  0.23  0  1  1.21
 0  67.44  1.24  1  1  4.46
 0  64.69  0.42  0  0  3.99
 1  62.54  1.06  1  0  1.19
 1  67.05  0.71  1  1  0.77
 0  69.02  0.57  0  1  4.30
 1  73.90  0.86  1  0  2.16
 0  77.42  0.40  0  1  3.66
 0  67.05  0.71  0  0  9.01
 1  95.31  0.42  0  1  1.14
 1  87.33  1.11  0  0  1.57
 1  90.98  1.00  0  1  0.69
 1  98.95  0.62  0  1  0.63
 1  64.69  0.42  1  1  5.25
 1  77.42  0.40  1  0  1.60
 0  99.70  0.73  1  0  2.50
 0  77.47  0.96  1  0  3.43
 0  61.05  0.62  0  0  1.88
 0  78.06  1.37  0  0  1.27
 0  90.98  0.57  1  0  4.91
 1  81.94  0.21  1  0  0.58
 0  77.42  1.17  1  0  2.46
 1  81.94  0.21  0  1  1.47
 1  95.31  1.16  0  1  0.58
 1  78.06  0.21  1  0  2.15
 0  86.10  0.71  1  0  1.40
 1  89.33  0.27  1  1  1.50
 1  82.58  0.40  1  1  0.51
 0  89.33  1.30  1  0  1.76
 0  92.95  0.86  1  0  0.62
 0  77.47  0.96  0  1  3.88
 1  92.56  0.33  1  1  0.85
 1  92.95  0.71  0  1  1.53
 1  98.95  0.95  0  1  0.54
 0  70.67  1.30  1  0  4.64
 0  70.67  1.30  0  0  1.35
 0  81.94  1.37  1  0  1.03
 1  82.58  1.17  0  0  2.81
 0  92.56  1.24  1  0  1.68
 0  72.67  1.11  1  0  1.51
 0  74.25  1.34  0  0  1.13
 1  89.33  1.30  0  1  0.70
 1  73.90  0.71  1  0  2.60
 0  92.95  0.71  1  0  3.22
 1  97.46  1.06  0  1  2.32
 1  70.67  0.27  1  1  2.58
 0  74.25  0.23  0  0  2.46
 0  73.90  0.86  0  0  0.67
 1  97.46  0.51  0  1  0.58
 1  85.75  1.34  0  0  5.52
 0  90.98  1.00  1  1  1.69
 1  92.56  1.24  0  1  3.07
 1  92.56  0.33  0  1  1.37
 1  61.05  0.62  1  1  6.21
 1  60.30  0.73  1  1  0.46
 0  69.02  0.57  0  0  7.88
 0  70.67  1.30  0  0  1.96
 0  97.46  0.51  1  1  0.72
 0  61.05  0.62  0  0 11.91
 1  82.58  0.40  1  0  1.87
 0  86.10  0.86  1  0  1.90
 1  92.56  0.33  1  0  2.09
 1  99.70  0.84  0  1  1.02
 0  74.25  0.23  0  0  2.36
 1  90.98  1.00  0  1  1.51
 0  61.05  0.95  0  0  0.96
 1  86.10  0.86  0  1  0.87
 0  92.95  0.86  1  0  3.44
 0  97.46  1.06  1  0  0.53
 1  61.05  0.95  1  0  0.74
 0  82.53  0.96  1  0  0.65
 0  60.30  0.73  0  0  1.03
 0  99.70  0.84  1  1  2.88
 0  87.33  1.11  1  0  0.73
 1  60.30  0.84  1  1  4.96
 1  67.05  0.71  1  1  0.74
 1  82.58  0.40  0  1  1.63
 1  89.33  1.30  0  1  2.54
 0  78.06  1.37  0  1  0.64
 1  98.95  0.95  0  1  0.63
 0  90.98  0.57  1  0  2.72
 1  73.90  0.86  1  0  0.55
 1  92.95  0.86  0  1  1.03
 0  73.90  0.71  0  0  1.40
 0  95.31  0.42  1  0  1.90
 1  97.46  1.06  0  1  1.47
 1  72.67  0.46  1  0  2.05
 1  85.75  0.23  1  0  1.02
 0  92.95  0.71  1  0  0.78
 1  82.53  0.61  1  0  1.04
 0  98.95  0.62  1  0  1.56
 1  82.58  1.17  0  1  1.48
 0  67.05  0.71  0  0  1.15
 1  60.30  0.73  1  1  0.99
 1  73.90  0.71  1  1  0.53
 0  72.67  1.11  0  0  1.44
 1  61.05  0.62  1  1  0.80
 0  62.54  0.51  0  0  3.87
 1  70.67  0.27  1  1  2.29
 1  77.47  0.61  1  0  1.42
 1  82.53  0.96  0  1  2.16
 1  67.44  0.33  1  1  0.96
 0  69.02  1.00  0  0  1.48
 0  72.67  1.11  1  0  1.85
 1  74.25  0.23  1  1  0.93
 1  67.05  0.86  1  0  0.86
 1  64.69  1.16  1  1  0.60
 0  74.25  1.34  1  0  0.77
 1  85.75  0.23  0  1  1.22
 0  77.42  1.17  0  0  1.41
 0  73.90  0.86  0  0  0.72
 1  87.33  0.46  1  0  3.97
 0  62.54  1.06  0  0  1.22
 1  78.06  0.21  1  1  1.03
 1  62.54  1.06  1  0  1.49
 0  77.42  0.40  0  0  2.99
 0  85.75  1.34  1  0  0.76
 1  81.94  0.21  0  1  1.22
 0  78.06  0.21  0  1  1.44
 0  77.42  1.17  1  0  4.34
 1  69.02  1.00  1  0  2.22
 0  70.67  1.30  1  0  0.76
 1  95.31  1.16  0  1  1.22
 0  77.47  0.96  0  1  1.21
 0  81.94  1.37  1  0  1.04
 0  64.69  0.42  0  1  1.25
 0  86.10  0.71  1  1  6.24
 0  72.67  0.46  0  0  1.66
 1  95.31  0.42  0  1  0.78
 0  90.98  1.00  1  1  6.80
 1  81.94  1.37  0  0  2.02
 1  92.56  1.24  0  1  5.98
 1  97.46  0.51  0  1  0.64
 1  62.54  0.51  1  1  0.90
 0  77.47  0.96  1  1  0.60
 0  77.47  0.61  0  1  1.23
 1  87.33  0.46  0  1  0.58
 0  82.58  1.17  1  0  1.36
 1  92.56  0.33  0  1  0.99
 0  67.05  0.86  0  0  1.44
 1  81.94  0.21  1  1  1.67
 1  85.75  1.34  0  0  1.02
 0  74.25  1.34  0  0  2.16
 0  99.70  0.73  1  0  1.97
 1  99.70  0.73  0  1  0.99
 0  60.30  0.84  0  0  1.04
 1  92.95  0.71  0  1  0.54
 1  89.33  0.27  1  1  1.36
 0  67.44  0.33  0  0  0.99
 0  92.56  1.24  1  0  2.75
 0  70.67  0.27  0  0  1.18
 0  95.31  1.16  1  0  1.52
 1  64.69  0.42  1  1  1.12
 1  90.98  0.57  0  1  0.99
 0  64.69  1.16  0  0  1.23
 1  69.02  0.57  1  1  1.98
 0  89.33  1.30  1  0  0.79
 0  67.44  1.24  1  0  1.96
 0  98.95  0.95  1  0  2.37
 1  86.10  0.71  0  1  1.03
 0  78.06  1.37  1  0  4.04
 1  87.33  1.11  0  1  0.77
 0  67.44  1.24  0  0  0.94
 1  82.53  0.61  0  1  0.67
 1  89.33  0.27  0  1  0.53
 1  77.42  0.40  1  1  1.96
 1  98.95  0.62  0  1  0.67
 1  90.98  0.57  0  1  1.58
 0  72.67  1.11  0  0  4.31
 1  82.58  0.40  0  1  1.66
 1  81.94  0.21  1  1  1.73
 0  74.25  0.23  0  1  1.66
 0  99.70  0.84  1  0  1.31
 0  81.94  1.37  1  0  1.08
 0  92.56  1.24  1  0  1.20
 0  74.25  1.34  1  0  2.03
 0  85.75  1.34  1  0  0.56
 0  95.31  1.16  1  0  1.01
 1  99.70  0.84  0  1  0.59
 1  87.33  0.46  0  1  0.62
 0  73.90  0.86  0  0  0.60
 1  92.95  0.71  0  1  0.53
 0  72.67  1.11  1  0  0.90
 1  62.54  0.51  1  0  0.64
 1  82.58  0.40  1  1  0.55
 0  74.25  1.34  0  0  0.92
 1  92.56  0.33  0  1  0.59
 1  90.98  1.00  0  1  0.55
 1  82.58  1.17  0  1  0.56
 1  64.69  0.42  1  0  0.57
 1  70.67  0.27  1  1  0.38
 0  67.44  1.24  1  0  1.66
 0  73.90  0.71  0  1  0.84
 0  90.98  1.00  1  1  0.61
 1  60.30  0.73  1  0  3.17
 1  89.33  0.27  1  1  0.75
 0  60.30  0.84  0  0  1.41
 0  95.31  0.42  1  1  1.98
 0  89.33  1.30  1  0  2.81
 0  62.54  0.51  0  0  0.74
 0  72.67  0.46  0  0  1.97
 1  98.95  0.95  0  1  0.54
 1  87.33  1.11  0  1  0.50
 0  78.06  1.37  1  0  0.99
 0  99.70  0.73  1  1  0.53
 1  77.42  0.40  1  1  0.57
 1  60.30  0.84  1  1  3.25
 0  77.47  0.96  0  1  1.04
 0  67.05  0.71  0  0  0.65
 0  77.42  1.17  0  0  1.38
 1  87.33  0.46  1  1  4.10
 0  78.06  1.37  0  0  1.26
 0  70.67  0.27  0  0  0.96
 1  73.90  0.71  1  1  1.85
 1  85.75  0.23  0  0  2.37
 1  64.69  1.16  1  1  1.96
 1  72.67  0.46  1  1  2.00
 0  98.95  0.62  1  1  1.30
 0  70.67  1.30  1  1  1.52
 1  97.46  0.51  0  1  0.83
 1  92.56  1.24  0  1  1.45
 0  67.44  0.33  0  0  0.67
 1  82.53  0.61  0  1  1.61
 1  85.75  0.23  1  1  1.23
 1  82.53  0.96  0  1  0.81
 0  77.42  0.40  0  1  1.30
 1  99.70  0.73  0  1  0.51
 0  70.67  1.30  0  0  0.76
 0  97.46  1.06  1  0  1.48
 0  69.02  1.00  0  0  0.81
 1  78.06  0.21  1  1  0.90
 0  77.42  1.17  1  0  1.88
 1  61.05  0.62  1  1  1.86
 0  62.54  1.06  0  0  0.81
 0  97.46  0.51  1  0  6.49
 0  92.95  0.86  1  0  1.67
 1  85.75  1.34  0  1  0.80
 0  92.95  0.71  1  0  1.89
 1  81.94  0.21  0  0  1.61
 1  67.05  0.86  1  1  1.80
 0  98.95  0.95  1  0  1.87
 0  67.05  0.86  0  0  0.94
 1  89.33  1.30  0  1  0.59
 1  92.95  0.86  0  1  0.51
 1  92.56  0.33  1  1  1.92
 1  82.53  0.61  1  1  2.39
 0  77.47  0.61  0  0  1.03
 0  61.05  0.95  0  0  0.62
 1  62.54  1.06  1  1  2.77
 1  61.05  0.95  1  1  1.20
 0  67.44  1.24  0  0  1.32
 1  89.33  0.27  0  1  0.65
 1  69.02  1.00  1  1  1.62
 1  95.31  1.16  0  1  2.03
 1  74.25  0.23  1  1  1.34
 0  86.10  0.71  1  0  2.30
 1  69.02  0.57  1  1  2.16
 1  73.90  0.86  1  1  1.89
 1  86.10  0.71  0  1  0.72
 0  64.69  0.42  0  0  0.81
 1  95.31  0.42  0  1  0.62
 1  67.05  0.71  1  1  2.37
 1  81.94  1.37  0  1  1.63
 1  98.95  0.62  0  1  0.48
 0  77.47  0.96  1  1  3.18
 0  69.02  0.57  0  0  2.26
 0  60.30  0.73  0  0  0.62
 0  87.33  1.11  1  0  1.96
 1  77.47  0.61  1  1  6.38
 0  61.05  0.62  0  0  0.77
 0  86.10  0.86  1  0  1.94
 0  82.58  1.17  1  0  1.82
 0  64.69  1.16  0  0  0.71
 1  67.44  0.33  1  1  1.23
 0  78.06  0.21  0  1  1.07
 0  82.53  0.96  1  0  4.02
 1  86.10  0.86  0  1  0.65
 1  97.46  1.06  0  1  0.75
 0  90.98  0.57  1  1  3.65
 0  98.95  0.62  1  1  1.81
 0  92.95  0.86  1  0  1.96
 1  85.75  1.34  0  1  0.94
 1  73.90  0.86  1  1  4.78
 1  62.54  0.51  1  0  0.63
 1  77.42  0.40  1  1  4.97
 1  87.33  0.46  1  1  2.10
 0  67.05  0.86  0  0  0.75
 1  87.33  0.46  0  1  0.66
 0  74.25  1.34  1  0  1.19
 0  61.05  0.95  0  0  0.65
 0  99.70  0.73  1  1  0.72
 1  64.69  0.42  1  1  3.31
 1  87.33  1.11  0  1  0.77
 1  86.10  0.71  0  1  0.71
 0  90.98  1.00  1  0  1.90
 1  67.05  0.86  1  1  1.66
 1  89.33  0.27  1  1  2.09
 0  89.33  1.30  1  0  1.47
 1  81.94  0.21  0  0  2.64
 0  78.06  1.37  1  0 10.83
 0  81.94  1.37  1  0  3.03
 1  82.53  0.96  0  1  1.59
 1  98.95  0.95  0  1  0.57
 1  70.67  0.27  1  1  3.38
 1  60.30  0.84  1  0  0.81
 1  67.05  0.71  1  1  1.76
 1  82.53  0.61  0  1  1.60
 1  72.67  0.46  1  1  8.25
 1  61.05  0.95  1  0  0.66
 0  72.67  1.11  0  0  2.58
 0  73.90  0.86  0  0  1.25
 0  77.42  1.17  1  0  1.29
 1  85.75  0.23  1  1  3.87
 1  82.53  0.61  1  1  3.10
 0  73.90  0.71  0  0  2.40
 1  85.75  0.23  0  1  2.00
 1  78.06  0.21  1  1  1.37
 0  77.42  1.17  0  0  9.93
 0  87.33  1.11  1  0  2.38
 1  82.58  0.40  1  1  1.06
 0  70.67  0.27  0  0  1.30
 1  61.05  0.62  1  1  1.11
 1  82.58  0.40  0  1  1.17
 1  89.33  1.30  0  1  0.62
 1  64.69  1.16  1  1  1.36
 1  99.70  0.84  0  1  1.00
 0  82.58  1.17  1  1  5.95
 0  64.69  0.42  0  0  1.31
 1  92.95  0.86  0  1  2.83
 1  95.31  0.42  0  1  0.67
 1  81.94  1.37  0  1  0.96
 0  74.25  0.23  0  1  2.58
 0  67.44  1.24  1  1  1.66
 0  82.53  0.96  1  1  1.02
 0  72.67  1.11  1  0  2.71
 1  90.98  0.57  0  1  0.82
 0  77.47  0.96  0  0  1.82
 0  60.30  0.73  0  0  0.72
 0  86.10  0.86  1  0  1.93
 0  70.67  1.30  0  0  0.87
 0  67.44  0.33  0  0  1.02
 0  90.98  0.57  1  1  5.76
 0  92.56  1.24  1  0  2.23
 1  69.02  0.57  1  0  4.29
 0  74.25  1.34  0  1  0.81
 0  86.10  0.71  1  0  2.68
 0  99.70  0.84  1  0  1.50
 0  69.02  0.57  0  0  0.76
 0  69.02  1.00  0  0  0.54
 0  77.47  0.96  1  0  2.76
 0  95.31  1.16  1  0  3.25
 1  82.58  1.17  0  1  0.85
 1  73.90  0.71  1  0  2.86
 0  92.95  0.71  1  0  3.73
 0  95.31  0.42  1  0  0.66
 1  97.46  1.06  0  1  0.80
 0  78.06  1.37  0  1  1.27
 1  99.70  0.73  0  1  3.61
 1  92.95  0.71  0  1  0.64
 0  62.54  1.06  0  0  0.68
 1  92.56  0.33  0  1  0.57
 0  70.67  1.30  1  0  1.87
 0  60.30  0.84  0  0  0.68
 0  85.75  1.34  1  0  2.07
 0  67.05  0.71  0  0  0.93
 1  95.31  1.16  0  1  1.74
 1  67.44  0.33  1  1  2.64
 1  92.56  1.24  0  1  0.66
 0  98.95  0.95  1  0  1.46
 0  97.46  1.06  1  0  1.65
 1  90.98  1.00  0  1  0.79
 1  92.56  0.33  1  1  1.04
 0  77.42  0.40  0  1  1.71
 0  61.05  0.62  0  0  0.99
 1  97.46  0.51  0  1  0.83
 0  62.54  0.51  0  0  0.84
 0  77.47  0.61  0  0  2.72
 1  81.94  0.21  1  1  1.54
 1  98.95  0.62  0  1  0.63
 0  72.67  0.46  0  0  0.61
 1  86.10  0.86  0  1  0.65
 0  67.44  1.24  0  0  0.65
 1  74.25  0.23  1  1  1.17
 0  78.06  0.21  0  0  2.19
 0  64.69  1.16  0  0  0.50
 1  77.47  0.61  1  1  1.94
 1  89.33  0.27  0  1  0.69
 1  60.30  0.73  1  0  0.73
 1  69.02  1.00  1  1  1.70
 1  62.54  1.06  1  1  0.81
 0  97.46  0.51  1  1  3.80
 1  62.54  1.06  1  1  4.64
 0  77.47  0.96  1  1  1.49
 0  78.06  1.37  0  0  1.54
 1  87.33  1.11  0  1  1.76
 0  61.05  0.95  0  0  0.58
 1  92.56  0.33  1  1  2.90
 0  72.67  0.46  0  0  1.67
 0  89.33  1.30  1  0  1.60
 1  90.98  1.00  0  1  0.65
 1  82.58  1.17  0  1  0.78
 1  90.98  0.57  0  1  2.07
 1  67.44  0.33  1  1  3.10
 0  97.46  0.51  1  1  2.48
 0  92.95  0.71  1  0  2.06
 1  95.31  1.16  0  1  0.98
 0  67.44  1.24  1  0  1.61
 1  98.95  0.62  0  1  0.72
 1  98.95  0.95  0  1  0.66
 1  77.42  0.40  1  1  2.84
 1  85.75  0.23  0  0  1.67
 0  67.05  0.86  0  0  0.84
 1  99.70  0.84  0  1  0.70
 0  92.56  1.24  1  0  1.10
 0  95.31  1.16  1  0  0.62
 1  77.47  0.61  1  1  2.63
 1  74.25  0.23  1  1  0.98
 1  82.58  0.40  1  1  1.48
 1  89.33  0.27  1  0  0.91
 0  86.10  0.71  1  1  0.92
 1  82.53  0.96  0  1  3.45
 0  87.33  1.11  1  0  1.28
 0  60.30  0.84  0  0  0.72
 0  72.67  1.11  0  0  0.74
 0  95.31  0.42  1  1  0.82
 1  73.90  0.71  1  1 10.52
 0  62.54  1.06  0  0  0.64
 1  60.30  0.73  1  0  0.75
 0  99.70  0.73  1  1  1.86
 1  70.67  0.27  1  1  1.09
 1  86.10  0.71  0  1  0.84
 1  67.05  0.71  1  1  1.68
 0  99.70  0.84  1  0  1.80
 0  73.90  0.71  0  0  1.84
 1  61.05  0.95  1  1  1.72
 1  89.33  0.27  0  1  1.22
 1  85.75  0.23  1  1  5.05
 0  98.95  0.62  1  0  3.77
 0  82.58  1.17  1  0  3.51
 0  73.90  0.86  0  0  1.09
 0  74.25  1.34  1  0  1.06
 1  97.46  0.51  0  1  0.64
 1  62.54  0.51  1  0  1.96
 1  64.69  0.42  1  1  0.71
 1  81.94  1.37  0  1  1.86
 0  62.54  0.51  0  0  0.81
 0  64.69  1.16  0  0  1.35
 0  64.69  0.42  0  0  1.02
 1  81.94  0.21  0  1  0.80
 0  67.44  1.24  0  0  2.42
 1  69.02  0.57  1  1  3.11
 1  87.33  0.46  1  1  2.04
 0  77.47  0.61  0  0  1.91
 0  77.42  1.17  0  0  1.30
 1  92.56  1.24  0  1  0.78
 0  85.75  1.34  1  0  1.01
 1  67.05  0.86  1  0  0.96
 1  85.75  1.34  0  1  1.37
 0  90.98  0.57  1  0  3.10
 1  82.53  0.61  1  0  4.66
 0  78.06  1.37  1  0  0.80
 1  87.33  0.46  0  1  0.67
 1  72.67  0.46  1  1  1.87
 0  67.05  0.71  0  0  0.75
 0  70.67  1.30  0  0  1.82
 0  74.25  1.34  0  0  1.21
 0  78.06  0.21  0  1  0.99
 0  98.95  0.95  1  0  1.58
 1  69.02  1.00  1  1  2.25
 0  77.42  1.17  1  0  1.82
 0  86.10  0.86  1  0  1.36
 1  92.56  0.33  0  1  0.60
 0  90.98  1.00  1  0  1.44
 1  78.06  0.21  1  1  0.97
 0  61.05  0.62  0  0  0.62
 0  72.67  1.11  1  0  2.45
 1  95.31  0.42  0  1  0.75
 1  97.46  1.06  0  1  1.27
 0  70.67  0.27  0  0  0.97
 1  82.58  0.40  0  1  3.27
 0  60.30  0.73  0  0  0.52
 1  92.95  0.86  0  1  0.61
 1  89.33  1.30  0  1  0.74
 0  67.44  0.33  0  0  0.56
 0  92.95  0.86  1  0  1.43
 0  69.02  1.00  0  0  0.73
 0  70.67  1.30  1  0  1.56
 1  92.95  0.71  0  1  0.68
 1  73.90  0.86  1  1  1.98
 0  74.25  0.23  0  1  0.73
 0  82.53  0.96  1  1  2.37
 1  61.05  0.62  1  0  0.77
 0  77.42  0.40  0  0  3.67
 1  64.69  1.16  1  1  1.72
 1  99.70  0.73  0  1  0.69
 1  81.94  0.21  1  1  1.15
 0  81.94  1.37  1  0  1.21
 1  60.30  0.84  1  1  1.31
 0  97.46  1.06  1  0  3.35
 1  82.53  0.61  0  1  0.81
 0  69.02  0.57  0  0  0.55
 1  86.10  0.86  0  1  0.77
 0  77.47  0.96  0  1  1.14
