 3  62.54  1.06  1  0  3.16
 3  69.02  0.57  1  1  2.77
 2  86.10  0.71  1  2  3.12
 1  92.56  0.33  0  0  4.04
 1  81.94  1.37  0  1  0.40
 2  77.42  1.17  1  2  2.35
 3  67.05  0.71  1  2  1.28
 2  92.56  1.24  1  0  1.28
 3  81.94  0.21  1  1  2.18
 0  74.25  1.34  0  0  1.29
 2  98.95  0.95  1  2  1.73
 1  87.33  1.11  0  0  1.38
 0  77.42  0.40  0  3  3.71
 3  85.75  0.23  1  0  0.94
 3  64.69  1.16  1  2  1.07
 2  95.31  1.16  1  2  0.96
 2  90.98  1.00  1  2  1.73
 3  89.33  0.27  1  2  1.20
 0  73.90  0.86  0  0  1.19
 1  87.33  0.46  0  0  0.92
 1  86.10  0.71  0  0  1.31
 0  67.05  0.71  0  3  1.18
 3  69.02  1.00  1  2  1.44
 0  67.44  0.33  0  2  1.29
 1  97.46  1.06  0  0  3.64
 2  89.33  1.30  1  2  1.51
 2  70.67  1.30  1  2  1.22
 2  86.10  0.86  1  2  1.67
 3  61.05  0.62  1  3  2.87
 2  95.31  0.42  1  3  1.47
 1  99.70  0.84  0  0  1.41
 3  77.47  0.61  1  2  5.04
 0  78.06  1.37  0  0  0.98
 3  82.53  0.61  1  2  6.63
 3  92.56  0.33  1  3  1.55
 2  77.47  0.96  1  2  1.33
 1  97.46  0.51  0  1  1.96
 0  64.69  0.42  0  1  2.00
 2  82.58  1.17  1  2  1.28
 1  89.33  1.30  0  0  1.55
 1  82.58  1.17  0  1  0.87
 0  72.67  0.46  0  0  1.32
 1  85.75  1.34  0  0  4.50
 1  92.95  0.71  0  0  1.27
 2  85.75  1.34  1  2  1.79
 1  89.33  0.27  0  0  1.17
 1  98.95  0.62  0  1  1.00
 3  67.05  0.86  1  2  1.94
 3  73.90  0.71  1  3  1.31
 2  97.46  0.51  1  3  0.81
 0  62.54  1.06  0  0  1.65
 0  69.02  0.57  0  1  0.98
 1  92.95  0.86  0  0  1.02
 0  61.05  0.95  0  0  8.56
 1  99.70  0.73  0  0  1.77
 0  60.30  0.73  0  1  1.90
 2  78.06  1.37  1  0  2.80
 2  98.95  0.62  1  3  1.34
 2  72.67  1.11  1  2  0.73
 0  72.67  1.11  0  0  2.16
 0  73.90  0.71  0  1  2.33
 2  87.33  1.11  1  2  1.53
 2  92.95  0.71  1  2  1.26
 0  74.25  0.23  0  1  2.03
 3  60.30  0.84  1  0  0.99
 3  78.06  0.21  1  3  1.28
 1  82.58  0.40  0  1  2.48
 0  69.02  1.00  0  0  3.73
 2  92.95  0.86  1  2  2.20
 0  60.30  0.84  0  0  2.25
 3  87.33  0.46  1  3  1.61
 0  78.06  0.21  0  1  1.24
 3  62.54  0.51  1  3  1.83
 0  67.44  1.24  0  0  0.89
 1  98.95  0.95  0  0  2.64
 2  74.25  1.34  1  2  2.89
 1  86.10  0.86  0  0  1.37
 1  82.53  0.61  0  1  1.30
 1  82.53  0.96  0  1  1.54
 3  77.42  0.40  1  3  1.73
 1  85.75  0.23  0  1  1.19
 3  70.67  0.27  1  3  1.08
 0  70.67  1.30  0  0  0.98
 3  64.69  0.42  1  3  1.75
 3  82.58  0.40  1  3  0.78
 2  99.70  0.84  1  2  2.07
 1  95.31  1.16  0  1  2.67
 3  60.30  0.73  1  2  4.35
 0  77.42  1.17  0  0  2.82
 1  90.98  0.57  0  1  0.87
 3  67.44  0.33  1  3  1.73
 1  90.98  1.00  0  1  3.77
 2  67.44  1.24  1  2  6.11
 2  97.46  1.06  1  3  1.48
 0  77.47  0.96  0  1  2.53
 0  67.05  0.86  0  0  0.65
 1  95.31  0.42  0  1  0.82
 1  92.56  1.24  0  0  0.79
 3  72.67  0.46  1  3  0.92
 2  82.53  0.96  1  2  3.39
 2  81.94  1.37  1  2  1.32
 2  90.98  0.57  1  3  0.79
 3  74.25  0.23  1  3  0.84
 0  77.47  0.61  0  1  1.53
 3  73.90  0.86  1  2  3.34
 0  70.67  0.27  0  1  0.86
 0  64.69  1.16  0  0  0.72
 1  81.94  0.21  0  1  1.09
 3  61.05  0.95  1  2  6.19
 2  99.70  0.73  1  3  1.21
 0  62.54  0.51  0  1  1.19
 0  61.05  0.62  0  0  0.96
 1  86.10  0.86  0  1  5.54
 2  90.98  0.57  1  3  1.81
 3  82.58  0.40  1  2  1.04
 2  95.31  0.42  1  3  0.80
 0  61.05  0.62  0  1  2.23
 3  74.25  0.23  1  3  0.75
 3  82.53  0.61  1  3  0.75
 2  77.42  1.17  1  2  0.94
 2  70.67  1.30  1  2  0.83
 3  70.67  0.27  1  3  0.89
 3  67.05  0.86  1  2  2.09
 0  77.47  0.61  0  1  1.07
 3  61.05  0.62  1  3  1.94
 0  72.67  1.11  0  0  1.68
 2  86.10  0.71  1  3  1.39
 1  92.95  0.71  0  0  1.23
 3  92.56  0.33  1  3  0.83
 0  74.25  1.34  0  0  1.03
 2  95.31  1.16  1  2  1.00
 0  70.67  0.27  0  1  1.23
 0  64.69  0.42  0  1  1.58
 3  69.02  0.57  1  3  0.66
 1  82.58  1.17  0  0  1.02
 0  78.06  0.21  0  0  1.80
 1  87.33  1.11  0  1  1.72
 1  92.95  0.86  0  1  2.28
 1  92.56  1.24  0  1  0.72
 1  90.98  1.00  0  1  1.29
 3  89.33  0.27  1  3  2.59
 3  60.30  0.84  1  2  1.63
 0  77.42  1.17  0  1  0.89
 2  85.75  1.34  1  2  1.18
 0  74.25  0.23  0  0  1.62
 3  87.33  0.46  1  3  1.54
 0  69.02  0.57  0  0  1.49
 2  86.10  0.86  1  3  1.75
 1  97.46  0.51  0  0  2.90
 1  89.33  0.27  0  0  2.13
 1  89.33  1.30  0  0  0.97
 1  82.58  0.40  0  1  1.35
 3  60.30  0.73  1  2  1.92
 3  73.90  0.86  1  3  1.09
 2  90.98  1.00  1  3  1.65
 0  61.05  0.95  0  0  3.11
 0  69.02  1.00  0  0  1.60
 2  99.70  0.73  1  3  1.38
 2  81.94  1.37  1  2  2.02
 1  82.53  0.61  0  0  1.79
 3  72.67  0.46  1  3  1.17
 0  78.06  1.37  0  0  1.13
 3  62.54  0.51  1  3  3.95
 0  73.90  0.71  0  0  1.22
 1  99.70  0.73  0  0  0.96
 2  67.44  1.24  1  2  3.78
 2  82.53  0.96  1  2  2.15
 2  82.58  1.17  1  2  0.60
 2  99.70  0.84  1  1  1.67
 2  92.95  0.86  1  0  0.40
 3  64.69  0.42  1  2  2.90
 1  99.70  0.84  0  0  3.09
 2  78.06  1.37  1  2  2.38
 1  87.33  0.46  0  0  1.28
 1  85.75  1.34  0  1  1.86
 2  98.95  0.95  1  2  1.19
 0  72.67  0.46  0  3  1.02
 2  98.95  0.62  1  3  1.17
 3  77.42  0.40  1  2  0.90
 2  77.47  0.96  1  3  0.93
 3  62.54  1.06  1  2  0.93
 3  67.05  0.71  1  2  1.00
 1  81.94  0.21  0  0  1.24
 1  85.75  0.23  0  0  1.25
 2  92.56  1.24  1  2  1.21
 0  67.44  1.24  0  1  6.63
 0  77.47  0.96  0  0  1.11
 0  67.44  0.33  0  1  1.72
 2  87.33  1.11  1  2  1.78
 3  73.90  0.71  1  2  1.16
 2  72.67  1.11  1  3  0.73
 1  95.31  1.16  0  2  0.66
 1  95.31  0.42  0  0  1.74
 3  67.44  0.33  1  3  0.72
 3  77.47  0.61  1  3  0.63
 1  82.53  0.96  0  1  1.33
 0  60.30  0.84  0  0  2.54
 2  97.46  1.06  1  3  0.72
 0  60.30  0.73  0  0  2.40
 1  81.94  1.37  0  0  0.90
 3  78.06  0.21  1  3  1.06
 3  69.02  1.00  1  2  1.06
 3  61.05  0.95  1  3  5.61
 0  70.67  1.30  0  0  1.76
 0  67.05  0.71  0  1  3.13
 0  73.90  0.86  0  0  1.03
 3  85.75  0.23  1  3  2.75
 1  97.46  1.06  0  0  2.57
 2  97.46  0.51  1  3  1.11
 0  77.42  0.40  0  1  0.93
 2  89.33  1.30  1  2  0.66
 0  62.54  0.51  0  1  2.14
 1  98.95  0.95  0  0  0.94
 2  74.25  1.34  1  2  1.29
 3  81.94  0.21  1  3  0.68
 0  64.69  1.16  0  1  1.34
 0  62.54  1.06  0  0  1.30
 1  90.98  0.57  0  3  1.04
 1  92.56  0.33  0  1 10.89
 0  67.05  0.86  0  0  2.36
 2  92.95  0.71  1  2  3.31
 1  86.10  0.71  0  0  2.11
 3  64.69  1.16  1  1  1.25
 1  98.95  0.62  0  3  1.35
 3  62.54  0.51  1  0  0.52
 0  78.06  1.37  0  2  0.25
 1  97.46  1.06  0  2  0.29
 3  60.30  0.73  1  2  0.92
 0  74.25  1.34  0  1  1.37
 0  61.05  0.95  0  0  1.21
 1  92.95  0.86  0  0  2.69
 1  92.56  1.24  0  0  1.09
 3  81.94  0.21  1  2  1.39
 1  92.56  0.33  0  1  1.67
 1  85.75  1.34  0  0  1.11
 3  64.69  0.42  1  3  1.34
 2  97.46  1.06  1  2  0.95
 3  70.67  0.27  1  3  0.72
 3  67.44  0.33  1  3  0.60
 1  85.75  0.23  0  1  1.45
 2  77.42  1.17  1  2  0.82
 2  78.06  1.37  1  2  0.74
 3  73.90  0.71  1  3  1.11
 2  86.10  0.86  1  3  0.93
 1  81.94  0.21  0  1  1.43
 2  89.33  1.30  1  2  2.15
 3  77.42  0.40  1  3  1.11
 2  90.98  0.57  1  3  0.89
 0  61.05  0.62  0  1  1.68
 2  95.31  1.16  1  2  1.38
 2  87.33  1.11  1  2  1.24
 3  72.67  0.46  1  3  0.87
 1  86.10  0.71  0  1  2.52
 0  78.06  0.21  0  1  1.74
 0  73.90  0.71  0  0 18.01
 3  74.25  0.23  1  3  6.12
 1  82.53  0.96  0  1  2.16
 2  74.25  1.34  1  2  1.31
 3  67.05  0.86  1  3  0.72
 1  87.33  1.11  0  1  0.81
 3  62.54  1.06  1  2  1.31
 3  60.30  0.84  1  3  0.64
 2  70.67  1.30  1  3  0.55
 2  67.44  1.24  1  3  0.61
 0  64.69  0.42  0  1  1.41
 3  82.53  0.61  1  3  0.68
 2  92.95  0.86  1  3  0.75
 0  73.90  0.86  0  0  0.88
 1  89.33  0.27  0  0  0.75
 0  72.67  1.11  0  1  0.91
 3  67.05  0.71  1  2  0.94
 2  81.94  1.37  1  2  0.90
 2  82.58  1.17  1  2  1.03
 1  99.70  0.84  0  0  1.04
 0  69.02  0.57  0  0  1.16
 0  67.44  1.24  0  0  1.74
 1  81.94  1.37  0  0  0.83
 0  77.42  0.40  0  1  3.47
 1  82.58  0.40  0  3  2.89
 3  78.06  0.21  1  3  1.98
 2  98.95  0.95  1  3  0.65
 1  82.53  0.61  0  1  1.80
 1  90.98  1.00  0  1  1.03
 2  82.53  0.96  1  3  0.86
 0  67.05  0.86  0  1  0.96
 0  77.42  1.17  0  2  0.70
 0  77.47  0.96  0  3  0.82
 2  86.10  0.71  1  1  1.00
 3  87.33  0.46  1  2  0.48
 1  90.98  0.57  0  1  0.83
 1  98.95  0.62  0  1  0.80
 3  82.58  0.40  1  3  1.01
 1  86.10  0.86  0  1  1.33
 0  70.67  0.27  0  1  4.00
 1  82.58  1.17  0  0  0.98
 1  99.70  0.73  0  1  1.03
 0  67.05  0.71  0  1  2.41
 0  74.25  0.23  0  0  0.79
 3  73.90  0.86  1  3  1.59
 3  69.02  0.57  1  3  3.52
 0  69.02  1.00  0  1  0.83
 1  87.33  0.46  0  0  0.64
 2  99.70  0.73  1  1  0.39
 0  70.67  1.30  0  0  0.75
 2  72.67  1.11  1  2  0.51
 1  92.95  0.71  0  1  1.28
 1  95.31  1.16  0  2  0.54
 2  85.75  1.34  1  2  0.74
 0  77.47  0.61  0  0  1.25
 1  95.31  0.42  0  1  0.86
 3  89.33  0.27  1  3  1.66
 1  97.46  0.51  0  1  2.57
 3  61.05  0.62  1  3  1.03
 1  89.33  1.30  0  1  1.85
 0  67.44  0.33  0  0  1.15
 3  77.47  0.61  1  3  0.54
 2  97.46  0.51  1  1  0.47
 3  92.56  0.33  1  3  1.61
 3  85.75  0.23  1  3  4.33
 3  61.05  0.95  1  3  2.93
 3  69.02  1.00  1  3  1.36
 0  60.30  0.84  0  1  1.25
 0  64.69  1.16  0  1  0.48
 2  90.98  1.00  1  3  0.69
 3  64.69  1.16  1  0  1.96
 2  99.70  0.84  1  3  0.83
 2  77.47  0.96  1  2  7.02
 0  62.54  0.51  0  1  0.97
 2  95.31  0.42  1  2  0.44
 2  92.95  0.71  1  2  0.54
 0  62.54  1.06  0  3  0.80
 0  60.30  0.73  0  1  1.23
 2  98.95  0.62  1  0  0.89
 1  98.95  0.95  0  1 67.99
 2  92.56  1.24  1  2  1.30
 0  72.67  0.46  0  1  1.44
 0  72.67  1.11  0  0  1.95
 1  99.70  0.84  0  1  4.50
 0  78.06  1.37  0  1  1.03
 1  98.95  0.62  0  1  1.90
 0  70.67  1.30  0  1  0.72
 3  62.54  0.51  1  2  0.94
 1  86.10  0.71  0  0  0.64
 0  73.90  0.71  0  1  0.56
 2  89.33  1.30  1  2  1.83
 2  95.31  1.16  1  3  1.84
 3  62.54  1.06  1  2  1.48
 3  81.94  0.21  1  3  0.98
 3  61.05  0.95  1  2  0.99
 1  82.58  0.40  0  1  1.03
 0  77.42  1.17  0  0  0.74
 2  97.46  0.51  1  3  1.26
 2  77.47  0.96  1  2  1.10
 2  72.67  1.11  1  2  1.37
 2  82.53  0.96  1  2  1.80
 2  81.94  1.37  1  2  1.02
 2  95.31  0.42  1  3  1.00
 0  74.25  1.34  0  2  1.47
 0  67.44  0.33  0  2  2.27
 0  77.47  0.61  0  0  2.69
 0  64.69  1.16  0  0  2.56
 2  90.98  1.00  1  3  1.80
 2  98.95  0.62  1  3 69.69
 3  64.69  1.16  1  2  3.05
 1  95.31  0.42  0  1  2.61
 1  89.33  1.30  0  0  0.91
 0  60.30  0.84  0  1  0.77
 1  90.98  1.00  0  1  2.43
 1  92.56  0.33  0  1  0.94
 1  85.75  0.23  0  1  0.60
 1  89.33  0.27  0  1  0.82
 1  90.98  0.57  0  1  0.66
 2  86.10  0.86  1  3  3.29
 3  60.30  0.73  1  3  1.77
 1  97.46  1.06  0  1  0.96
 0  73.90  0.86  0  0  0.91
 1  98.95  0.95  0  1  0.55
 1  87.33  0.46  0  1  0.87
 2  92.56  1.24  1  2  1.54
 0  70.67  0.27  0  0  2.01
 3  69.02  1.00  1  3  1.36
 3  77.42  0.40  1  2  2.55
 2  87.33  1.11  1  2  1.04
 1  85.75  1.34  0  1  0.60
 1  99.70  0.73  0  1  0.79
 0  74.25  0.23  0  1  1.83
 0  69.02  1.00  0  0  0.69
 3  92.56  0.33  1  2  1.13
 3  89.33  0.27  1  2  0.71
 0  60.30  0.73  0  0 11.67
 2  99.70  0.84  1  2  1.04
 0  69.02  0.57  0  0  0.84
 3  73.90  0.86  1  3  1.81
 1  92.56  1.24  0  0  1.28
 2  78.06  1.37  1  3  1.99
 3  87.33  0.46  1  2  1.94
 3  82.58  0.40  1  2  1.05
 1  82.53  0.96  0  0  0.98
 2  98.95  0.95  1  2  0.96
 2  97.46  1.06  1  2  0.75
 1  82.53  0.61  0  1  0.91
 3  77.47  0.61  1  2  4.90
 2  92.95  0.86  1  2  0.64
 3  78.06  0.21  1  2  0.98
 0  67.05  0.71  0  0  1.44
 2  85.75  1.34  1  3  2.03
 1  92.95  0.86  0  1  2.14
 0  67.05  0.86  0  0  1.38
 0  61.05  0.95  0  0  0.75
 1  97.46  0.51  0  1  1.33
 3  85.75  0.23  1  2  0.70
 3  72.67  0.46  1  3  2.12
 3  60.30  0.84  1  3  0.73
 3  82.53  0.61  1  3  1.48
 1  92.95  0.71  0  1  0.75
 0  62.54  0.51  0  0  0.66
 3  69.02  0.57  1  3  2.10
 2  99.70  0.73  1  2  0.76
 1  86.10  0.86  0  1  2.70
 2  92.95  0.71  1  3  2.05
 0  77.42  0.40  0  0  1.42
 3  74.25  0.23  1  2  1.36
 2  67.44  1.24  1  3  0.81
 3  67.05  0.71  1  3  1.35
 3  67.05  0.86  1  3  4.06
 0  62.54  1.06  0  0  2.76
 0  67.44  1.24  0  0 15.73
 1  81.94  0.21  0  1  0.82
 0  61.05  0.62  0  0  0.74
 0  72.67  0.46  0  0  1.01
 1  87.33  1.11  0  1  1.59
 2  82.58  1.17  1  2  2.03
 0  64.69  0.42  0  0  1.46
 3  73.90  0.71  1  2  5.28
 3  70.67  0.27  1  2  2.10
 0  78.06  0.21  0  1  1.31
 1  81.94  1.37  0  1  1.70
 2  74.25  1.34  1  3  1.03
 2  90.98  0.57  1  2  1.44
 2  70.67  1.30  1  3  2.37
 1  82.58  1.17  0  0  4.46
 3  64.69  0.42  1  3  1.41
 3  61.05  0.62  1  3  1.33
 2  77.42  1.17  1  3  1.98
 3  67.44  0.33  1  2  2.78
 1  95.31  1.16  0  1  1.40
 2  86.10  0.71  1  2  7.24
 0  77.47  0.96  0  1  2.05
 3  64.69  1.16  1  3  3.68
 1  86.10  0.86  0  1  1.40
 3  70.67  0.27  1  2  3.39
 2  87.33  1.11  1  3  1.31
 2  95.31  0.42  1  2  1.39
 3  82.53  0.61  1  2  0.75
 2  82.53  0.96  1  2  1.37
 0  74.25  0.23  0  0  5.33
 0  64.69  1.16  0  0  1.95
 1  89.33  0.27  0  1  2.48
 1  81.94  1.37  0  1  1.92
 2  86.10  0.71  1  2  2.79
 1  85.75  1.34  0  1  2.32
 0  78.06  0.21  0  3 15.22
 2  99.70  0.73  1  2  4.28
 0  70.67  1.30  0  0  0.87
 2  90.98  0.57  1  2  2.05
 1  86.10  0.71  0  1  1.28
 2  74.25  1.34  1  3  0.88
 0  69.02  0.57  0  0  1.40
 0  60.30  0.73  0  0  1.02
 0  70.67  0.27  0  1  0.77
 2  81.94  1.37  1  2  0.87
 0  67.44  0.33  0  0  0.91
 1  87.33  1.11  0  1  1.20
 2  92.95  0.71  1  2  2.10
 1  92.56  1.24  0  1  1.26
 0  60.30  0.84  0  0  0.70
 3  67.05  0.86  1  3  0.91
 1  82.58  0.40  0  1  0.65
 1  92.95  0.86  0  1  0.57
 0  67.44  1.24  0  0  0.71
 3  67.05  0.71  1  2  2.53
 3  89.33  0.27  1  2  0.84
 1  85.75  0.23  0  1  0.81
 3  72.67  0.46  1  3  1.10
 2  67.44  1.24  1  3  1.58
 1  82.53  0.61  0  1  0.64
 3  69.02  0.57  1  2  0.77
 3  77.47  0.61  1  3  0.75
 0  61.05  0.62  0  0  0.70
 1  97.46  0.51  0  1  0.58
 2  92.95  0.86  1  2  1.10
 3  62.54  0.51  1  3  0.63
 2  92.56  1.24  1  2 20.84
 2  98.95  0.95  1  2  1.21
 1  92.95  0.71  0  1  0.85
 2  82.58  1.17  1  2  1.54
 0  64.69  0.42  0  1  1.22
 1  89.33  1.30  0  1  1.06
 1  95.31  0.42  0  1  0.88
 3  69.02  1.00  1  2  2.63
 3  61.05  0.95  1  3  0.78
 1  82.53  0.96  0  1  0.54
 1  81.94  0.21  0  1  0.72
 3  92.56  0.33  1  2  1.46
 1  97.46  1.06  0  1  0.87
 3  87.33  0.46  1  3  1.37
 2  89.33  1.30  1  3  1.98
 2  86.10  0.86  1  2  1.04
 1  99.70  0.73  0  1  0.70
 3  67.44  0.33  1  2  1.98
 2  97.46  0.51  1  2  1.08
 3  73.90  0.86  1  3  1.13
 3  61.05  0.62  1  3  1.10
 0  74.25  1.34  0  0  1.20
 3  85.75  0.23  1  2  0.77
 0  77.42  0.40  0  1  1.40
 3  60.30  0.84  1  3  0.92
 3  73.90  0.71  1  3  1.44
 1  82.58  1.17  0  1  0.61
 0  69.02  1.00  0  1  1.43
 1  90.98  0.57  0  1  0.72
 2  97.46  1.06  1  2  1.26
 0  73.90  0.86  0  0  1.12
 3  81.94  0.21  1  2  2.02
 0  62.54  1.06  0  0  1.19
 2  70.67  1.30  1  2  1.20
 3  62.54  1.06  1  2  1.09
 2  72.67  1.11  1  2  1.17
 2  77.47  0.96  1  3  1.18
 0  61.05  0.95  0  0  1.96
 0  72.67  0.46  0  1  1.80
 2  90.98  1.00  1  2  4.12
 2  78.06  1.37  1  2  1.26
 0  77.47  0.96  0  1  1.16
 0  67.05  0.86  0  0  1.05
 0  72.67  1.11  0  1  1.16
 0  78.06  1.37  0  0  1.14
 1  95.31  1.16  0  1  1.06
 2  77.42  1.17  1  3  2.04
 3  60.30  0.73  1  2  2.56
 3  78.06  0.21  1  2  1.17
 3  82.58  0.40  1  3  1.29
 0  73.90  0.71  0  0  1.88
 1  99.70  0.84  0  1  1.16
 2  85.75  1.34  1  3  1.12
 1  92.56  0.33  0  1  1.08
 3  77.42  0.40  1  2  1.20
 2  95.31  1.16  1  3  1.20
 2  98.95  0.62  1  2  1.91
 1  90.98  1.00  0  1  0.45
 1  87.33  0.46  0  1  1.87
 1  98.95  0.62  0  1  0.38
 3  74.25  0.23  1  3  1.79
 0  77.47  0.61  0  0  1.92
 1  98.95  0.95  0  1  1.83
 2  99.70  0.84  1  2  1.11
 0  67.05  0.71  0  0  4.17
 0  62.54  0.51  0  0  1.12
 0  77.42  1.17  0  0  4.02
 3  64.69  0.42  1  3  1.89
