 3  69.02  1.00  1  0  1.35
 0  60.30  0.84  0  0  1.37
 0  78.06  0.21  0  0  1.17
 3  60.30  0.84  1  1  2.94
 2  95.31  0.42  1  2  0.67
 0  77.47  0.61  0  0  0.98
 2  90.98  1.00  1  2  0.87
 3  89.33  0.27  1  2  0.98
 0  62.54  1.06  0  0  1.11
 1  81.94  1.37  0  0  0.57
 1  92.56  1.24  0  1  1.45
 1  98.95  0.62  0  0  1.49
 1  95.31  1.16  0  1  1.38
 0  73.90  0.71  0  0  1.23
 1  82.53  0.96  0  1  0.72
 1  90.98  0.57  0  1  2.08
 0  61.05  0.95  0  0  0.69
 2  98.95  0.62  1  3  1.51
 3  67.05  0.86  1  3  1.55
 1  82.58  0.40  0  1  2.65
 3  64.69  1.16  1  3  1.28
 0  70.67  1.30  0  0  1.00
 3  73.90  0.86  1  2  2.50
 3  61.05  0.95  1  3  0.66
 2  99.70  0.84  1  2  1.46
 0  78.06  1.37  0  1  2.03
 3  78.06  0.21  1  2  1.82
 2  97.46  0.51  1  2  1.81
 2  86.10  0.86  1  2  0.85
 0  60.30  0.73  0  0  1.82
 3  73.90  0.71  1  3  2.86
 1  92.56  0.33  0  1  1.35
 3  67.05  0.71  1  3  1.47
 2  97.46  1.06  1  2  2.14
 2  82.58  1.17  1  2  1.58
 3  72.67  0.46  1  3  0.79
 0  74.25  0.23  0  1  1.08
 3  60.30  0.73  1  3  0.80
 1  87.33  0.46  0  1  0.81
 1  90.98  1.00  0  1  1.69
 2  92.95  0.71  1  2  1.51
 1  97.46  1.06  0  1  0.75
 1  89.33  1.30  0  1  1.82
 1  82.58  1.17  0  1  0.51
 0  77.42  1.17  0  1  0.83
 0  73.90  0.86  0  1  0.63
 3  69.02  0.57  1  3  0.81
 2  78.06  1.37  1  3  1.46
 0  69.02  1.00  0  0  1.20
 0  64.69  1.16  0  0  0.70
 1  99.70  0.73  0  1  0.87
 1  98.95  0.95  0  1  0.57
 2  85.75  1.34  1  2  1.85
 2  67.44  1.24  1  3  0.59
 2  86.10  0.71  1  2  1.11
 1  87.33  1.11  0  1  1.88
 3  62.54  0.51  1  0  0.68
 1  81.94  0.21  0  1  0.74
 1  86.10  0.86  0  1  0.72
 2  72.67  1.11  1  2  2.04
 3  85.75  0.23  1  2  1.18
 2  99.70  0.73  1  2  1.14
 2  90.98  0.57  1  2  0.58
 3  62.54  1.06  1  3  0.68
 2  89.33  1.30  1  2  0.63
 0  64.69  0.42  0  0  1.15
 2  74.25  1.34  1  2  1.58
 1  92.95  0.86  0  1  0.82
 1  89.33  0.27  0  1  0.53
 3  81.94  0.21  1  2  0.86
 0  77.47  0.96  0  1  1.16
 2  77.47  0.96  1  1  1.12
 3  70.67  0.27  1  3  2.10
 0  74.25  1.34  0  1  3.23
 0  70.67  0.27  0  0  1.27
 3  82.58  0.40  1  2  3.17
 0  77.42  0.40  0  3  1.10
 1  86.10  0.71  0  0  1.43
 2  87.33  1.11  1  2  1.75
 3  92.56  0.33  1  2  1.01
 2  92.95  0.86  1  2  1.02
 0  72.67  1.11  0  0  2.39
 3  87.33  0.46  1  3  2.47
 2  95.31  1.16  1  2  1.33
 0  72.67  0.46  0  0  1.79
 0  67.44  1.24  0  0  0.82
 1  85.75  0.23  0  0  1.72
 0  61.05  0.62  0  0  0.79
 2  82.53  0.96  1  2  2.58
 1  92.95  0.71  0  1  1.26
 2  92.56  1.24  1  2  1.02
 3  64.69  0.42  1  3  2.25
 1  97.46  0.51  0  1  1.24
 1  99.70  0.84  0  1  0.92
 3  67.44  0.33  1  3  1.36
 3  77.47  0.61  1  3  2.18
 0  69.02  0.57  0  0  1.57
 1  85.75  1.34  0  1  0.87
 2  81.94  1.37  1  2  1.98
 2  98.95  0.95  1  2  0.96
 1  82.53  0.61  0  1  1.44
 3  74.25  0.23  1  2  1.83
 3  82.53  0.61  1  2  0.69
 1  95.31  0.42  0  1  1.08
 0  62.54  0.51  0  0  0.84
 2  77.42  1.17  1  2  1.27
 0  67.05  0.86  0  0  1.00
 2  70.67  1.30  1  2  2.67
 0  67.05  0.71  0  0  1.06
 3  77.42  0.40  1  3  1.74
 3  61.05  0.62  1  3  1.02
 0  67.44  0.33  0  0  3.86
 2  92.95  0.86  1  2  2.69
 1  81.94  1.37  0  1  1.76
 3  60.30  0.84  1  3  1.27
 0  60.30  0.73  0  0  1.01
 1  82.58  0.40  0  1  1.46
 0  77.47  0.96  0  1  0.77
 1  92.56  1.24  0  1  1.13
 1  85.75  1.34  0  1  0.71
 3  61.05  0.62  1  3  1.27
 2  99.70  0.84  1  2  1.97
 1  85.75  0.23  0  1  2.68
 1  87.33  0.46  0  1  0.68
 3  67.05  0.86  1  3  1.44
 2  67.44  1.24  1  2  2.34
 0  69.02  1.00  0  1  1.29
 0  72.67  0.46  0  1  0.92
 0  78.06  0.21  0  1  1.02
 1  82.53  0.61  0  1  1.04
 0  74.25  0.23  0  1  0.75
 3  78.06  0.21  1  3  2.22
 1  89.33  1.30  0  1  2.04
 3  61.05  0.95  1  3  1.76
 3  67.44  0.33  1  2  1.65
 0  73.90  0.86  0  1  1.25
 2  77.47  0.96  1  2  2.23
 2  77.42  1.17  1  2  0.71
 2  86.10  0.71  1  3  1.35
 1  95.31  1.16  0  2  0.93
 2  85.75  1.34  1  2  1.30
 0  60.30  0.84  0  0  1.19
 1  90.98  0.57  0  1  1.93
 3  70.67  0.27  1  3  2.52
 0  77.42  0.40  0  0  1.79
 0  62.54  0.51  0  0  1.09
 3  69.02  1.00  1  2  2.06
 1  87.33  1.11  0  1  1.22
 2  78.06  1.37  1  2  1.12
 0  70.67  1.30  0  1  1.22
 0  67.44  0.33  0  1  1.05
 3  89.33  0.27  1  2  1.12
 1  97.46  0.51  0  3  2.01
 1  82.58  1.17  0  2  1.73
 0  77.47  0.61  0  1  6.30
 2  72.67  1.11  1  2  2.35
 0  67.44  1.24  0  1  1.77
 2  92.56  1.24  1  2  1.76
 3  92.56  0.33  1  3  1.89
 2  92.95  0.71  1  3  1.69
 1  98.95  0.95  0  1  1.14
 2  87.33  1.11  1  2  2.80
 0  62.54  1.06  0  0  1.05
 1  92.95  0.86  0  1  1.90
 2  81.94  1.37  1  2  2.24
 3  73.90  0.86  1  3  2.73
 3  64.69  0.42  1  3  1.04
 2  89.33  1.30  1  2  1.97
 3  67.05  0.71  1  3  2.65
 3  87.33  0.46  1  2  1.27
 3  62.54  1.06  1  3  0.75
 3  77.42  0.40  1  3  1.25
 3  69.02  0.57  1  3  0.85
 1  99.70  0.84  0  1  1.69
 0  70.67  0.27  0  1  1.33
 0  61.05  0.95  0  0  0.59
 1  95.31  0.42  0  0  2.04
 3  73.90  0.71  1  3  2.07
 1  89.33  0.27  0  0  1.98
 0  64.69  1.16  0  0  2.87
 3  82.53  0.61  1  3  1.84
 3  81.94  0.21  1  2  1.51
 0  67.05  0.86  0  0  2.05
 2  95.31  1.16  1  2  1.55
 3  77.47  0.61  1  3  1.52
 1  92.56  0.33  0  1  1.90
 0  74.25  1.34  0  0  2.56
 1  99.70  0.73  0  1  0.77
 3  62.54  0.51  1  3  1.40
 1  92.95  0.71  0  1  1.04
 0  67.05  0.71  0  0  1.64
 2  90.98  1.00  1  2  3.27
 2  82.53  0.96  1  2  0.58
 3  64.69  1.16  1  3  1.24
 0  78.06  1.37  0  1  2.10
 3  72.67  0.46  1  3  1.80
 3  74.25  0.23  1  3  1.06
 2  86.10  0.86  1  2  0.90
 3  85.75  0.23  1  2  0.73
 2  98.95  0.95  1  2  0.86
 3  60.30  0.73  1  3  0.60
 0  77.42  1.17  0  1  3.93
 2  99.70  0.73  1  2  0.95
 2  95.31  0.42  1  2  0.64
 0  61.05  0.62  0  0  0.86
 2  70.67  1.30  1  3  1.53
 0  73.90  0.71  0  1  5.03
 2  90.98  0.57  1  2  0.85
 1  86.10  0.86  0  1  1.06
 3  82.58  0.40  1  3  1.85
 1  86.10  0.71  0  1  1.19
 2  97.46  1.06  1  2  0.90
 1  97.46  1.06  0  1  0.77
 1  81.94  0.21  0  0  1.55
 0  64.69  0.42  0  0  0.74
 2  97.46  0.51  1  2  1.04
 2  98.95  0.62  1  2  0.62
 2  82.58  1.17  1  2  0.51
 0  72.67  1.11  0  0  1.75
 0  69.02  0.57  0  0  0.79
 1  82.53  0.96  0  1  0.80
 1  90.98  1.00  0  1  0.61
 1  98.95  0.62  0  1  0.71
 2  74.25  1.34  1  3  4.05
 3  77.47  0.61  1  2  3.27
 2  85.75  1.34  1  2  0.90
 3  72.67  0.46  1  3  0.94
 2  92.95  0.86  1  2  0.66
 3  78.06  0.21  1  3  2.45
 2  78.06  1.37  1  2  0.71
 3  61.05  0.95  1  3  0.68
 1  90.98  1.00  0  1  1.31
 3  70.67  0.27  1  3  1.92
 0  77.47  0.96  0  1  1.39
 1  97.46  0.51  0  1  0.68
 3  64.69  1.16  1  3  0.76
 3  81.94  0.21  1  3  1.32
 3  69.02  1.00  1  3  0.75
 2  89.33  1.30  1  2  0.96
 3  77.42  0.40  1  3  1.05
 1  92.95  0.86  0  1  1.77
 0  74.25  1.34  0  0  1.15
 1  99.70  0.84  0  1  0.67
 0  69.02  0.57  0  0  0.67
 0  73.90  0.71  0  0  0.62
 3  62.54  1.06  1  3  1.33
 1  98.95  0.62  0  1  2.12
 2  70.67  1.30  1  3  0.93
 2  92.56  1.24  1  2  0.92
 1  85.75  0.23  0  0  4.93
 0  73.90  0.86  0  0  1.12
 0  72.67  1.11  0  0  0.77
 0  72.67  0.46  0  0  0.69
 3  73.90  0.86  1  3  2.96
 3  67.44  0.33  1  3  0.69
 0  60.30  0.73  0  0  1.25
 1  98.95  0.95  0  1  1.38
 1  82.53  0.96  0  1  1.08
 2  74.25  1.34  1  3  1.45
 3  82.53  0.61  1  3  1.46
 2  86.10  0.71  1  3  0.68
 0  77.47  0.61  0  0  1.85
 1  92.56  1.24  0  1  0.58
 1  85.75  1.34  0  1  0.62
 0  67.44  1.24  0  0  0.71
 2  90.98  1.00  1  2  1.49
 0  78.06  1.37  0  1  1.18
 1  90.98  0.57  0  1  0.67
 3  92.56  0.33  1  2  0.93
 1  87.33  1.11  0  1  2.40
 2  99.70  0.84  1  2  0.84
 3  61.05  0.62  1  3  0.60
 0  67.05  0.86  0  0  0.81
 0  69.02  1.00  0  0  0.76
 2  77.42  1.17  1  3  0.99
 1  92.56  0.33  0  1  1.82
 2  97.46  0.51  1  2  1.12
 1  99.70  0.73  0  1  1.32
 1  81.94  1.37  0  1  0.83
 2  77.47  0.96  1  3  1.33
 1  92.95  0.71  0  1  0.95
 0  77.42  0.40  0  0  2.52
 2  82.53  0.96  1  3  2.06
 2  67.44  1.24  1  3  0.62
 1  82.58  1.17  0  1  3.48
 0  70.67  0.27  0  0  2.41
 2  87.33  1.11  1  2  0.87
 0  62.54  0.51  0  0  0.77
 3  64.69  0.42  1  3  0.91
 1  89.33  0.27  0  1  1.16
 1  86.10  0.71  0  1  0.96
 3  62.54  0.51  1  3  0.98
 2  92.95  0.71  1  2  0.79
 3  60.30  0.73  1  3  0.61
 1  97.46  1.06  0  1  0.86
 1  82.53  0.61  0  1  0.69
 1  82.58  0.40  0  1  0.75
 2  97.46  1.06  1  2  0.84
 2  90.98  0.57  1  2  0.47
 0  60.30  0.84  0  0  0.64
 2  86.10  0.86  1  2  1.10
 2  95.31  0.42  1  2  0.51
 3  73.90  0.71  1  3  0.52
 3  60.30  0.84  1  3  0.63
 3  69.02  0.57  1  3  0.72
 2  99.70  0.73  1  2  0.50
 1  95.31  1.16  0  1  0.61
 2  98.95  0.95  1  2  0.62
 1  86.10  0.86  0  2  0.44
 0  61.05  0.62  0  0  0.63
 3  89.33  0.27  1  2  0.80
 0  70.67  1.30  0  0  1.60
 1  81.94  0.21  0  1  1.01
 2  81.94  1.37  1  2  0.69
 0  78.06  0.21  0  1  1.08
 0  77.42  1.17  0  1  0.71
 3  85.75  0.23  1  2  0.66
 3  67.05  0.71  1  3  0.66
 2  72.67  1.11  1  3  0.89
 0  62.54  1.06  0  0  0.80
 0  64.69  1.16  0  0  0.75
 0  61.05  0.95  0  0  0.60
 3  67.05  0.86  1  3  1.43
 0  67.05  0.71  0  0  0.70
 3  74.25  0.23  1  2  1.65
 1  89.33  1.30  0  1  0.84
 1  87.33  0.46  0  1  0.74
 1  95.31  0.42  0  1  0.55
 2  98.95  0.62  1  2  0.97
 3  87.33  0.46  1  3  0.72
 2  95.31  1.16  1  2  0.71
 0  64.69  0.42  0  0  0.94
 2  82.58  1.17  1  2  0.76
 0  74.25  0.23  0  0  3.00
 0  67.44  0.33  0  0  0.69
 3  82.58  0.40  1  3  1.42
 1  99.70  0.73  0  1  3.59
 1  97.46  1.06  0  1  0.60
 3  60.30  0.84  1  3  1.11
 2  92.95  0.86  1  3  2.12
 0  73.90  0.86  0  0  1.75
 1  92.56  0.33  0  1  0.72
 3  69.02  0.57  1  3  1.57
 3  62.54  1.06  1  3  0.68
 1  86.10  0.71  0  1  1.41
 0  78.06  1.37  0  0  2.27
 2  70.67  1.30  1  3  1.38
 3  72.67  0.46  1  3  1.04
 1  98.95  0.95  0  1  0.82
 0  74.25  0.23  0  0  0.94
 2  86.10  0.86  1  2  1.82
 1  90.98  1.00  0  1  1.56
 2  99.70  0.73  1  2  0.91
 0  67.44  0.33  0  0  0.73
 1  81.94  0.21  0  1  1.49
 2  77.47  0.96  1  3  1.63
 1  92.56  1.24  0  1  1.10
 2  72.67  1.11  1  3  1.14
 3  67.05  0.86  1  3  0.67
 1  90.98  0.57  0  1  1.52
 1  87.33  0.46  0  1  0.71
 1  92.95  0.71  0  1  0.58
 2  85.75  1.34  1  2  5.23
 3  77.42  0.40  1  3  0.75
 3  92.56  0.33  1  2  3.02
 3  73.90  0.86  1  3  0.77
 3  64.69  0.42  1  3  0.61
 2  81.94  1.37  1  2  1.71
 2  97.46  1.06  1  2  0.67
 1  92.95  0.86  0  1  0.74
 0  73.90  0.71  0  0  0.87
 1  85.75  1.34  0  1  0.51
 3  70.67  0.27  1  3  2.06
 0  74.25  1.34  0  0  4.35
 2  97.46  0.51  1  2  0.72
 3  67.44  0.33  1  3  0.74
 0  61.05  0.62  0  3  0.74
 2  95.31  0.42  1  3  3.02
 0  64.69  0.42  0  0  1.27
 2  99.70  0.84  1  2  1.17
 1  98.95  0.62  0  1  0.73
 3  81.94  0.21  1  3  2.45
 0  60.30  0.84  0  0  0.86
 3  87.33  0.46  1  2  2.77
 3  62.54  0.51  1  3  0.65
 2  89.33  1.30  1  2  0.82
 1  95.31  0.42  0  1  1.13
 1  82.58  0.40  0  1  2.46
 1  87.33  1.11  0  0  2.49
 0  64.69  1.16  0  0  0.69
 3  82.58  0.40  1  3  1.57
 0  69.02  1.00  0  0  2.70
 2  95.31  1.16  1  2  0.63
 0  67.05  0.71  0  0  5.30
 3  67.05  0.71  1  3  1.89
 0  77.42  1.17  0  1  1.44
 2  82.53  0.96  1  3  1.92
 2  90.98  1.00  1  2  1.35
 0  70.67  1.30  0  0  0.89
 1  99.70  0.84  0  1  0.75
 3  64.69  1.16  1  3  0.81
 2  82.58  1.17  1  2  1.56
 0  69.02  0.57  0  0  0.93
 3  85.75  0.23  1  3  2.09
 3  78.06  0.21  1  3  1.00
 3  61.05  0.62  1  3  0.63
 0  77.47  0.61  0  1  3.69
 2  86.10  0.71  1  2  2.12
 2  98.95  0.62  1  2  0.70
 0  77.42  0.40  0  1  1.40
 1  85.75  0.23  0  0  0.75
 1  97.46  0.51  0  1  0.80
 0  72.67  1.11  0  0  0.69
 1  82.53  0.61  0  1  2.74
 3  60.30  0.73  1  3  0.68
 2  77.42  1.17  1  2  0.53
 3  69.02  1.00  1  3  1.14
 0  77.47  0.96  0  0  2.45
 2  67.44  1.24  1  3  0.78
 0  72.67  0.46  0  0  3.96
 2  92.56  1.24  1  2  1.00
 0  60.30  0.73  0  0  0.80
 1  89.33  1.30  0  1  1.95
 2  90.98  0.57  1  2  1.12
 3  73.90  0.71  1  3  0.88
 3  82.53  0.61  1  3  1.79
 0  62.54  1.06  0  0  0.77
 2  87.33  1.11  1  2  1.17
 1  82.53  0.96  0  1  0.64
 3  61.05  0.95  1  3  0.96
 3  89.33  0.27  1  2  0.75
 0  62.54  0.51  0  0  0.81
 1  86.10  0.86  0  1  0.78
 0  70.67  0.27  0  0  1.16
 0  61.05  0.95  0  0  0.61
 3  74.25  0.23  1  3  1.79
 1  81.94  1.37  0  1  0.92
 0  67.44  1.24  0  0  0.74
 2  74.25  1.34  1  2  2.14
 3  77.47  0.61  1  3  1.41
 1  89.33  0.27  0  1  0.79
 2  78.06  1.37  1  2  2.57
 1  82.58  1.17  0  1  0.88
 2  98.95  0.95  1  2  0.72
 2  92.95  0.71  1  2  0.91
 1  95.31  1.16  0  1  0.74
 0  67.05  0.86  0  0  0.60
 0  78.06  0.21  0  1  2.30
 0  73.90  0.71  0  0  3.50
 0  78.06  1.37  0  0  1.92
 2  98.95  0.62  1  2  0.78
 0  77.42  0.40  0  0  2.97
 0  67.05  0.71  0  0  0.68
 3  73.90  0.71  1  3  1.82
 1  89.33  1.30  0  1  1.00
 3  67.05  0.86  1  3  1.89
 1  92.95  0.86  0  1  1.45
 2  77.42  1.17  1  2  1.75
 3  73.90  0.86  1  3  1.14
 1  85.75  1.34  0  1  0.76
 2  87.33  1.11  1  2  1.24
 2  99.70  0.73  1  2  0.57
 2  81.94  1.37  1  2  0.54
 2  82.53  0.96  1  2  0.54
 3  87.33  0.46  1  2  0.50
 2  86.10  0.71  1  3  0.45
 0  61.05  0.95  0  0  0.71
 2  99.70  0.84  1  2  0.75
 1  90.98  0.57  0  1  1.16
 1  97.46  0.51  0  1  0.56
 3  89.33  0.27  1  3  2.29
 0  69.02  1.00  0  0  1.11
 0  74.25  0.23  0  0  2.03
 2  92.56  1.24  1  2  0.78
 2  89.33  1.30  1  2  0.56
 2  90.98  1.00  1  2  0.54
 2  90.98  0.57  1  2  0.59
 0  69.02  0.57  0  0  2.01
 0  72.67  0.46  0  0  1.55
 2  86.10  0.86  1  2  0.68
 2  78.06  1.37  1  2  0.55
 0  67.05  0.86  0  0  1.53
 1  92.56  1.24  0  1  0.77
 1  82.53  0.61  0  0  1.26
 2  74.25  1.34  1  3  2.07
 1  87.33  1.11  0  1  0.87
 1  85.75  0.23  0  1  2.30
 3  85.75  0.23  1  3  1.45
 3  60.30  0.84  1  3  0.98
 1  95.31  0.42  0  1  0.90
 1  89.33  0.27  0  1  1.15
 3  69.02  1.00  1  3  1.34
 2  77.47  0.96  1  3  1.08
 3  74.25  0.23  1  3  0.90
 0  64.69  1.16  0  0  0.68
 2  92.95  0.86  1  2  1.07
 0  74.25  1.34  0  1  1.59
 1  87.33  0.46  0  1  1.81
 1  92.56  0.33  0  1  0.92
 3  81.94  0.21  1  3  1.34
 1  99.70  0.84  0  1  1.70
 3  78.06  0.21  1  3  1.75
 3  61.05  0.62  1  3  0.76
 0  62.54  1.06  0  0  0.98
 2  97.46  1.06  1  2  0.86
 2  72.67  1.11  1  3  1.13
 2  67.44  1.24  1  3  0.62
 1  82.58  0.40  0  1  0.93
 0  72.67  1.11  0  1  1.03
 2  92.95  0.71  1  2  1.61
 1  92.95  0.71  0  1  3.69
 3  60.30  0.73  1  3  0.86
 3  72.67  0.46  1  3  1.14
 0  61.05  0.62  0  0  0.70
 3  77.42  0.40  1  3  2.75
 3  77.47  0.61  1  3  0.80
 1  86.10  0.71  0  1  0.86
 1  86.10  0.86  0  1  0.82
 3  62.54  0.51  1  3  0.67
 0  64.69  0.42  0  0  0.80
 1  81.94  0.21  0  1  2.04
 2  95.31  0.42  1  2  0.78
 0  67.44  0.33  0  0  0.99
 3  64.69  0.42  1  3  0.85
 1  81.94  1.37  0  0  1.88
 0  73.90  0.86  0  0  3.06
 1  90.98  1.00  0  1  1.01
 1  82.58  1.17  0  1  1.65
 1  98.95  0.62  0  1  0.67
 1  99.70  0.73  0  1  0.54
 2  70.67  1.30  1  2  2.04
 3  69.02  0.57  1  3  0.96
 3  92.56  0.33  1  2  0.80
 0  78.06  0.21  0  1  1.76
 1  98.95  0.95  0  1  0.65
 0  60.30  0.73  0  0  1.09
 2  97.46  0.51  1  2  0.76
 3  82.58  0.40  1  3  1.32
 0  77.47  0.96  0  1  0.78
 3  70.67  0.27  1  3  1.64
 2  82.58  1.17  1  2  0.78
 2  85.75  1.34  1  2  0.50
 3  64.69  1.16  1  3  0.75
 3  62.54  1.06  1  3  0.74
 2  95.31  1.16  1  2  0.72
 3  82.53  0.61  1  3  1.89
 3  67.44  0.33  1  3  0.78
 0  77.47  0.61  0  1  1.89
 2  98.95  0.95  1  2  0.74
 3  61.05  0.95  1  3  0.56
 0  70.67  1.30  0  0  2.30
 1  82.53  0.96  0  1  0.67
 3  67.05  0.71  1  3  0.90
 1  97.46  1.06  0  1  1.05
 0  62.54  0.51  0  0  0.93
 0  70.67  0.27  0  0  2.57
 1  95.31  1.16  0  1  0.68
 0  77.42  1.17  0  1  0.80
 0  60.30  0.84  0  0  0.62
 0  67.44  1.24  0  0  1.01
