 0  69.02  0.57  0  0  3.86
 2  95.31  0.42  1  0  4.08
 1  85.75  0.23  0  0  5.81
 2  67.44  1.24  1  1  9.03
 3  73.90  0.86  1  1  7.10
 3  92.56  0.33  1  1  7.49
 0  72.67  0.46  0  0  4.24
 1  90.98  0.57  0  0  5.17
 0  62.54  1.06  0  2  3.32
 0  67.05  0.71  0  0 10.11
 2  77.42  1.17  1  3  2.26
 3  60.30  0.73  1  3  5.76
 0  77.42  0.40  0  0  7.66
 2  85.75  1.34  1  2  6.39
 0  73.90  0.71  0  0  2.35
 3  61.05  0.62  1  2  3.82
 0  70.67  0.27  0  0  4.14
 3  61.05  0.95  1  3  2.99
 0  69.02  1.00  0  2  1.89
 2  92.95  0.71  1  2  2.44
 3  73.90  0.71  1  2  1.86
 3  67.05  0.71  1  3  2.82
 1  98.95  0.95  0  2  1.76
 1  90.98  1.00  0  1  4.34
 3  77.47  0.61  1  3  1.61
 1  89.33  1.30  0  2  1.99
 2  90.98  0.57  1  1  3.76
 3  70.67  0.27  1  1  2.14
 2  82.53  0.96  1  3  0.85
 1  81.94  1.37  0  0  6.49
 2  70.67  1.30  1  3  1.46
 3  89.33  0.27  1  2 11.30
 0  73.90  0.86  0  0  1.65
 0  61.05  0.95  0  0  6.40
 3  82.58  0.40  1  3  7.69
 3  87.33  0.46  1  3  1.25
 0  78.06  1.37  0  0  9.69
 0  64.69  1.16  0  0  1.29
 0  72.67  1.11  0  0  0.75
 0  64.69  0.42  0  0  2.79
 1  86.10  0.86  0  0  0.84
 1  82.58  1.17  0  1  8.86
 2  95.31  1.16  1  2  3.10
 2  97.46  0.51  1  2  3.23
 1  95.31  0.42  0  1  2.75
 1  92.95  0.71  0  2  1.38
 1  82.53  0.61  0  0  7.07
 2  87.33  1.11  1  2  1.76
 3  67.44  0.33  1  3  1.90
 1  92.56  1.24  0  2  2.68
 2  78.06  1.37  1  3  4.11
 2  98.95  0.62  1  1  2.14
 2  77.47  0.96  1  3  3.76
 1  98.95  0.62  0  2  4.83
 0  62.54  0.51  0  0  2.02
 2  81.94  1.37  1  3  1.90
 0  70.67  1.30  0  0 26.87
 3  69.02  0.57  1  3  4.15
 0  77.42  1.17  0  0  3.68
 2  90.98  1.00  1  3  4.46
 1  87.33  0.46  0  0  5.93
 1  85.75  1.34  0  2  8.90
 1  97.46  0.51  0  0  6.33
 0  78.06  0.21  0  1  1.99
 2  92.56  1.24  1  2  5.57
 0  67.05  0.86  0  0  1.36
 3  62.54  1.06  1  3  0.94
 2  74.25  1.34  1  1  5.73
 1  95.31  1.16  0  2  4.99
 2  97.46  1.06  1  1  5.83
 3  82.53  0.61  1  3  1.48
 0  60.30  0.84  0  0  2.88
 3  85.75  0.23  1  3 32.13
 1  86.10  0.71  0  0  1.94
 1  99.70  0.73  0  2  4.41
 2  82.58  1.17  1  3  6.63
 2  86.10  0.86  1  1  9.51
 1  97.46  1.06  0  1  5.59
 0  67.44  1.24  0  0  0.75
 3  62.54  0.51  1  3  4.23
 2  99.70  0.84  1  2  1.55
 0  67.44  0.33  0  0  0.79
 3  67.05  0.86  1  3  1.80
 0  74.25  1.34  0  0  2.66
 0  74.25  0.23  0  0  2.40
 0  77.47  0.96  0  0  1.18
 2  86.10  0.71  1  3  6.97
 2  98.95  0.95  1  2  1.35
 1  92.56  0.33  0  1  3.05
 3  81.94  0.21  1  2  5.04
 2  92.95  0.86  1  2  4.60
 2  99.70  0.73  1  2  0.93
 3  64.69  0.42  1  3  1.53
 0  60.30  0.73  0  0  1.30
 1  87.33  1.11  0  1  3.10
 3  69.02  1.00  1  3  2.52
 3  72.67  0.46  1  3  3.25
 1  99.70  0.84  0  1  1.93
 1  82.53  0.96  0  0  3.10
 3  78.06  0.21  1  3  2.35
 0  61.05  0.62  0  0  0.75
 1  81.94  0.21  0  1  3.82
 3  64.69  1.16  1  3  2.21
 1  92.95  0.86  0  1  1.96
 3  74.25  0.23  1  3  2.48
 1  89.33  0.27  0  1  1.80
 1  82.58  0.40  0  1  2.16
 0  77.47  0.61  0  1  2.34
 2  72.67  1.11  1  3  1.08
 2  89.33  1.30  1  2  2.53
 3  60.30  0.84  1  3  1.45
 3  77.42  0.40  1  2  3.51
 0  69.02  0.57  0  0 10.88
 2  98.95  0.95  1  2  2.46
 1  82.58  0.40  0  1  5.49
 1  86.10  0.71  0  1  3.31
 3  61.05  0.95  1  3  1.05
 3  82.58  0.40  1  3  1.96
 0  62.54  0.51  0  0  1.27
 0  64.69  1.16  0  0  1.66
 3  60.30  0.84  1  3  1.40
 3  62.54  0.51  1  3  0.90
 2  74.25  1.34  1  3  1.09
 2  97.46  1.06  1  2  0.85
 2  85.75  1.34  1  2  1.15
 2  81.94  1.37  1  2  0.91
 1  81.94  1.37  0  1  1.68
 3  61.05  0.62  1  3  1.53
 1  92.56  0.33  0  1  3.07
 3  73.90  0.86  1  3  3.71
 0  73.90  0.86  0  1  4.88
 2  77.47  0.96  1  3  3.38
 0  61.05  0.95  0  0  1.42
 1  95.31  1.16  0  1  1.63
 3  92.56  0.33  1  2  4.65
 2  72.67  1.11  1  3  2.54
 3  70.67  0.27  1  3  4.89
 3  78.06  0.21  1  3  1.10
 2  89.33  1.30  1  2  1.04
 3  67.05  0.71  1  3  1.47
 0  70.67  0.27  0  1  4.48
 2  70.67  1.30  1  3  4.17
 3  67.44  0.33  1  3  1.01
 3  64.69  1.16  1  3  1.72
 2  99.70  0.84  1  2  0.88
 2  95.31  1.16  1  2  0.65
 3  89.33  0.27  1  2  1.55
 1  82.53  0.96  0  1  6.63
 0  77.42  0.40  0  1  7.31
 2  78.06  1.37  1  3  3.22
 0  77.47  0.61  0  0  1.48
 1  98.95  0.62  0  1  1.23
 2  97.46  0.51  1  2  1.71
 0  74.25  0.23  0  0  2.33
 1  87.33  0.46  0  1  1.70
 1  99.70  0.73  0  1  0.65
 0  77.47  0.96  0  0  2.05
 2  92.95  0.86  1  2  1.34
 3  72.67  0.46  1  3  1.30
 2  82.53  0.96  1  2  1.89
 2  92.56  1.24  1  2  0.64
 0  72.67  1.11  0  0  1.72
 0  60.30  0.73  0  0  1.64
 2  86.10  0.86  1  2  1.04
 2  86.10  0.71  1  2  0.64
 1  85.75  1.34  0  1  1.37
 3  73.90  0.71  1  3  1.47
 1  92.95  0.71  0  1  0.66
 1  92.56  1.24  0  1  0.95
 2  87.33  1.11  1  2  1.37
 1  99.70  0.84  0  1  0.61
 3  62.54  1.06  1  0  0.60
 0  67.05  0.71  0  0  0.48
 0  78.06  0.21  0  1  1.52
 0  67.44  0.33  0  0  0.65
 3  82.53  0.61  1  2  6.33
 3  87.33  0.46  1  3  2.42
 0  60.30  0.84  0  0  1.16
 2  82.58  1.17  1  3  3.50
 3  85.75  0.23  1  3  2.37
 1  90.98  1.00  0  1  1.50
 2  67.44  1.24  1  3  0.97
 0  70.67  1.30  0  0  1.53
 2  92.95  0.71  1  2  2.98
 0  61.05  0.62  0  0  0.66
 3  77.42  0.40  1  3  4.00
 3  74.25  0.23  1  3  0.86
 1  81.94  0.21  0  1  2.07
 3  60.30  0.73  1  3  1.02
 2  95.31  0.42  1  2  0.79
 1  85.75  0.23  0  1  0.90
 0  73.90  0.71  0  0  2.49
 1  97.46  0.51  0  1  0.65
 0  62.54  1.06  0  0  0.91
 0  77.42  1.17  0  1  4.53
 1  98.95  0.95  0  1  0.64
 2  98.95  0.62  1  2  0.97
 2  90.98  1.00  1  2  1.46
 3  81.94  0.21  1  3 10.57
 2  77.42  1.17  1  2  4.02
 1  86.10  0.86  0  1  4.62
 0  67.44  1.24  0  0  0.59
 1  82.58  1.17  0  1  1.37
 1  89.33  1.30  0  1  1.61
 1  97.46  1.06  0  1  0.65
 1  82.53  0.61  0  1  1.34
 2  90.98  0.57  1  2  1.08
 0  64.69  0.42  0  0  1.20
 0  67.05  0.86  0  0  1.39
 0  69.02  1.00  0  0  0.94
 0  72.67  0.46  0  0  0.89
 1  92.95  0.86  0  1  0.65
 0  74.25  1.34  0  0  1.03
 3  67.05  0.86  1  3  1.34
 1  95.31  0.42  0  1  0.77
 3  69.02  1.00  1  3  1.62
 1  89.33  0.27  0  1  0.62
 1  87.33  1.11  0  1  1.53
 3  64.69  0.42  1  3  1.39
 2  99.70  0.73  1  2  0.74
 0  78.06  1.37  0  0  9.13
 1  90.98  0.57  0  1  1.59
 3  69.02  0.57  1  3  1.10
 3  77.47  0.61  1  3  0.78
 2  67.44  1.24  1  3  0.71
 3  92.56  0.33  1  2  0.79
 2  77.47  0.96  1  3  3.73
 3  60.30  0.84  1  3  0.83
 2  92.56  1.24  1  2  0.60
 0  77.47  0.96  0  0  3.30
 1  92.95  0.86  0  1  0.69
 1  95.31  1.16  0  1  0.72
 0  60.30  0.84  0  0  1.01
 0  78.06  0.21  0  1  2.29
 0  61.05  0.62  0  0  0.60
 0  78.06  1.37  0  0  1.16
 3  67.05  0.86  1  3  4.24
 3  61.05  0.62  1  3  0.53
 3  60.30  0.73  1  3  0.56
 0  61.05  0.95  0  0  0.83
 1  87.33  1.11  0  1  1.30
 2  70.67  1.30  1  2  1.31
 0  77.42  0.40  0  0  2.25
 2  99.70  0.84  1  2  1.37
 1  92.56  1.24  0  1  0.84
 3  77.47  0.61  1  3  3.80
 2  97.46  0.51  1  2  1.03
 0  72.67  1.11  0  0  1.39
 2  78.06  1.37  1  2  1.21
 1  97.46  1.06  0  1  0.62
 1  82.53  0.61  0  0  0.99
 3  82.58  0.40  1  3  5.50
 0  69.02  0.57  0  0  0.91
 1  90.98  1.00  0  1  0.73
 1  98.95  0.62  0  1  0.69
 3  73.90  0.71  1  3  2.08
 1  82.58  0.40  0  1  2.27
 3  82.53  0.61  1  3  2.64
 0  62.54  1.06  0  0  0.72
 2  92.95  0.71  1  2  0.72
 1  85.75  1.34  0  1  2.38
 2  85.75  1.34  1  2  1.40
 2  98.95  0.62  1  2  0.85
 2  87.33  1.11  1  2  0.62
 0  64.69  0.42  0  0  0.61
 3  89.33  0.27  1  2  2.01
 2  97.46  1.06  1  2  0.71
 3  69.02  1.00  1  3  1.02
 1  81.94  1.37  0  1  1.62
 2  82.58  1.17  1  2  1.48
 3  87.33  0.46  1  3  2.88
 3  72.67  0.46  1  3  0.62
 0  67.44  1.24  0  0  1.03
 0  67.05  0.71  0  0  0.66
 3  62.54  1.06  1  3  1.77
 1  92.56  0.33  0  1  0.83
 1  90.98  0.57  0  1  0.76
 3  69.02  0.57  1  3  1.33
 1  95.31  0.42  0  1  0.65
 1  81.94  0.21  0  1  2.59
 1  89.33  1.30  0  1  0.57
 0  67.05  0.86  0  0  0.67
 0  73.90  0.71  0  0  1.05
 2  95.31  0.42  1  2  0.71
 3  67.05  0.71  1  3  0.66
 2  98.95  0.95  1  2  0.62
 3  81.94  0.21  1  3  0.92
 0  77.47  0.61  0  1  3.65
 1  85.75  0.23  0  1  2.52
 2  77.42  1.17  1  2  1.63
 0  67.44  0.33  0  0  0.78
 1  86.10  0.86  0  1  0.84
 3  62.54  0.51  1  3  0.97
 0  64.69  1.16  0  0  0.63
 0  60.30  0.73  0  0  0.61
 1  92.95  0.71  0  1  0.64
 0  77.42  1.17  0  0  3.78
 2  99.70  0.73  1  2  1.31
 1  98.95  0.95  0  1  0.76
 3  74.25  0.23  1  3  1.32
 1  86.10  0.71  0  1  0.75
 0  74.25  1.34  0  0  0.98
 0  69.02  1.00  0  0  0.76
 3  85.75  0.23  1  3  4.13
 2  86.10  0.71  1  3  0.92
 0  73.90  0.86  0  0  1.12
 2  81.94  1.37  1  2  0.74
 3  77.42  0.40  1  3  0.89
 2  90.98  0.57  1  2  0.78
 3  64.69  1.16  1  3  1.85
 3  73.90  0.86  1  3  0.98
 1  82.53  0.96  0  1  0.74
 1  89.33  0.27  0  1  0.62
 1  99.70  0.84  0  1  0.68
 0  72.67  0.46  0  0  1.37
 2  95.31  1.16  1  2  1.04
 0  74.25  0.23  0  0  1.08
 2  90.98  1.00  1  2  1.10
 3  61.05  0.95  1  0  0.73
 1  82.58  1.17  0  1  2.22
 2  89.33  1.30  1  2  0.93
 2  74.25  1.34  1  2  1.23
 1  99.70  0.73  0  1  0.75
 3  70.67  0.27  1  3  1.34
 2  82.53  0.96  1  3  4.25
 0  62.54  0.51  0  0  0.90
 1  97.46  0.51  0  1  0.69
 2  72.67  1.11  1  3  1.41
 0  70.67  0.27  0  0  1.05
 3  67.44  0.33  1  3  0.88
 2  92.95  0.86  1  2  0.55
 3  64.69  0.42  1  3  1.13
 0  70.67  1.30  0  0  1.07
 3  78.06  0.21  1  3  2.41
 2  86.10  0.86  1  2  0.85
 1  87.33  0.46  0  1  0.83
 3  82.53  0.61  1  2  2.10
 2  99.70  0.84  1  2  0.60
 0  70.67  1.30  0  0  0.93
 0  62.54  0.51  0  0  0.68
 2  99.70  0.73  1  2  0.97
 0  70.67  0.27  0  0  1.26
 1  98.95  0.95  0  1  1.00
 0  74.25  0.23  0  0  2.84
 2  81.94  1.37  1  2  0.90
 3  77.47  0.61  1  3  1.32
 2  74.25  1.34  1  2  0.70
 0  64.69  1.16  0  0  0.76
 2  70.67  1.30  1  2  0.73
 0  77.47  0.61  0  0  0.98
 0  78.06  1.37  0  0  0.85
 3  73.90  0.86  1  3  0.90
 3  67.05  0.71  1  3  0.61
 1  86.10  0.86  0  1  0.79
 3  82.58  0.40  1  3  3.48
 1  82.53  0.61  0  0  2.14
 0  61.05  0.62  0  0  0.56
 0  73.90  0.86  0  0  1.32
 3  89.33  0.27  1  3  2.35
 3  74.25  0.23  1  3  0.90
 1  99.70  0.73  0  1  0.68
 1  97.46  0.51  0  1  0.65
 0  67.44  1.24  0  0  0.58
 1  92.56  0.33  0  1  0.69
 1  95.31  0.42  0  1  0.61
 2  95.31  0.42  1  2  0.62
 2  82.53  0.96  1  3  1.24
 0  73.90  0.71  0  0  1.05
 2  78.06  1.37  1  2  1.05
 3  62.54  0.51  1  3  1.35
 0  62.54  1.06  0  0  0.85
 1  90.98  0.57  0  1  0.67
 1  89.33  0.27  0  1  0.64
 2  82.58  1.17  1  2  1.09
 3  81.94  0.21  1  3  1.22
 1  85.75  1.34  0  0  0.90
 0  74.25  1.34  0  0  1.40
 0  60.30  0.73  0  0  0.60
 2  85.75  1.34  1  2  0.90
 0  67.05  0.86  0  0  1.34
 2  87.33  1.11  1  2  1.38
 0  67.05  0.71  0  0  0.59
 1  85.75  0.23  0  1  0.67
 2  90.98  0.57  1  2  0.69
 1  95.31  1.16  0  1  0.64
 3  72.67  0.46  1  3  1.21
 3  64.69  0.42  1  3  0.59
 2  89.33  1.30  1  2  1.04
 2  86.10  0.71  1  3  0.89
 2  98.95  0.95  1  2  0.64
 1  92.95  0.71  0  1  0.71
 3  67.44  0.33  1  3  0.94
 2  86.10  0.86  1  2  0.93
 3  61.05  0.95  1  3  0.54
 1  89.33  1.30  0  1  0.68
 1  82.58  1.17  0  1  2.42
 3  60.30  0.73  1  3  0.63
 0  78.06  0.21  0  1  1.54
 2  72.67  1.11  1  2  2.63
 3  87.33  0.46  1  2  0.57
 0  69.02  1.00  0  0  0.77
 3  78.06  0.21  1  3  0.99
 3  77.42  0.40  1  3  0.80
 3  73.90  0.71  1  3  0.54
 2  92.56  1.24  1  2  0.80
 1  81.94  1.37  0  1  7.88
 0  77.42  1.17  0  0  1.05
 1  92.56  1.24  0  1  0.62
 1  87.33  0.46  0  1  0.61
 1  82.53  0.96  0  1  0.65
 3  92.56  0.33  1  2  0.96
 1  90.98  1.00  0  1  0.72
 1  82.58  0.40  0  1  0.84
 2  67.44  1.24  1  2  1.11
 2  95.31  1.16  1  2  0.77
 2  77.42  1.17  1  2  0.81
 3  67.05  0.86  1  3  1.67
 0  69.02  0.57  0  0  1.00
 0  72.67  1.11  0  0  0.82
 2  77.47  0.96  1  3  2.68
 2  92.95  0.71  1  2  0.65
 3  61.05  0.62  1  3  0.64
 3  70.67  0.27  1  3  1.11
 0  61.05  0.95  0  0  0.89
 2  98.95  0.62  1  2  0.81
 0  77.47  0.96  0  1  3.75
 1  98.95  0.62  0  1  0.57
 3  69.02  0.57  1  3  1.64
 1  86.10  0.71  0  1  0.89
 1  99.70  0.84  0  1  0.63
 3  69.02  1.00  1  3  2.58
 3  64.69  1.16  1  2  0.73
 0  64.69  0.42  0  0  0.98
 1  92.95  0.86  0  1  0.74
 2  97.46  0.51  1  2  0.64
 1  87.33  1.11  0  1  1.15
 2  92.95  0.86  1  2  1.22
 0  72.67  0.46  0  0  0.94
 1  97.46  1.06  0  1  0.71
 0  67.44  0.33  0  0  1.17
 0  60.30  0.84  0  0  0.69
 2  97.46  1.06  1  2  1.86
 3  62.54  1.06  1  3  1.52
 3  60.30  0.84  1  3  0.63
 0  77.42  0.40  0  1  1.33
 1  81.94  0.21  0  1  1.86
 2  90.98  1.00  1  2  2.01
 3  85.75  0.23  1  3  1.23
 0  72.67  0.46  0  0  2.05
 0  67.05  0.71  0  0  0.66
 3  77.47  0.61  1  3  1.58
 3  82.53  0.61  1  3  0.60
 0  69.02  1.00  0  0  0.91
 1  82.58  1.17  0  1  0.86
 0  62.54  0.51  0  0  0.63
 3  64.69  1.16  1  3  4.69
 3  73.90  0.86  1  3  1.04
 3  61.05  0.62  1  3  0.65
 0  67.44  0.33  0  0  0.98
 0  72.67  1.11  0  0  0.99
 3  85.75  0.23  1  3  1.20
 2  89.33  1.30  1  2  1.38
 3  70.67  0.27  1  3  0.76
 2  77.42  1.17  1  3  3.18
 1  90.98  1.00  0  1  0.57
 3  61.05  0.95  1  3  0.69
 3  67.05  0.86  1  3  0.82
 2  99.70  0.73  1  2  0.72
 1  97.46  0.51  0  1  0.63
 2  98.95  0.62  1  2  1.28
 2  78.06  1.37  1  2  0.88
 2  95.31  1.16  1  2  0.70
 1  92.56  0.33  0  1  0.55
 1  81.94  1.37  0  1  2.44
 1  85.75  0.23  0  1  0.65
 2  82.53  0.96  1  3  3.51
 3  69.02  1.00  1  3  0.55
 1  82.53  0.61  0  1  0.61
 0  67.44  1.24  0  0  1.55
 2  85.75  1.34  1  2  1.45
 1  89.33  0.27  0  1  1.23
 0  61.05  0.95  0  0  0.95
 2  92.95  0.71  1  2  1.30
 0  67.05  0.86  0  0  0.95
 2  67.44  1.24  1  2  1.82
 0  77.47  0.61  0  0  0.99
 1  89.33  1.30  0  1  0.72
 0  77.47  0.96  0  0  1.91
 0  64.69  1.16  0  0  0.53
 0  61.05  0.62  0  0  0.56
 2  92.95  0.86  1  2  2.69
 1  98.95  0.62  0  1  0.70
 0  78.06  0.21  0  0  3.40
 3  82.58  0.40  1  3  1.72
 1  90.98  0.57  0  1  1.66
 2  90.98  0.57  1  3  1.22
 0  69.02  0.57  0  0  0.66
 1  85.75  1.34  0  0  2.70
 0  62.54  1.06  0  0  0.63
 2  97.46  0.51  1  2  1.59
 3  62.54  1.06  1  3  1.56
 2  82.58  1.17  1  2  1.79
 2  90.98  1.00  1  2  0.80
 3  87.33  0.46  1  3  5.85
 1  95.31  0.42  0  1  0.85
 1  87.33  0.46  0  1  0.57
 2  92.56  1.24  1  2  1.44
 1  92.56  1.24  0  1  1.00
 2  70.67  1.30  1  2  1.99
 3  81.94  0.21  1  3  1.73
 1  92.95  0.86  0  1  0.71
 2  98.95  0.95  1  2  0.82
 2  74.25  1.34  1  2  1.30
 2  86.10  0.71  1  2  2.44
 3  92.56  0.33  1  3  0.99
 0  70.67  1.30  0  0  1.15
 1  82.58  0.40  0  0  2.62
 3  89.33  0.27  1  3  1.09
 0  73.90  0.71  0  0  0.86
 2  87.33  1.11  1  2  1.45
 1  87.33  1.11  0  1  1.49
 1  81.94  0.21  0  1  2.17
 2  99.70  0.84  1  2  1.07
 1  99.70  0.84  0  1  0.65
 0  74.25  0.23  0  0  0.92
 1  95.31  1.16  0  1  0.58
 0  60.30  0.73  0  0  0.65
 1  97.46  1.06  0  1  0.66
 0  77.42  0.40  0  0  1.15
 3  72.67  0.46  1  3  1.39
 3  69.02  0.57  1  3  0.60
 0  70.67  0.27  0  0  0.82
 3  67.44  0.33  1  3  0.74
 3  77.42  0.40  1  3  0.85
 0  77.42  1.17  0  0  0.86
 1  86.10  0.86  0  1  0.61
 3  62.54  0.51  1  3  0.67
 0  73.90  0.86  0  0  1.07
 3  64.69  0.42  1  3  0.69
 2  81.94  1.37  1  2  1.24
 3  78.06  0.21  1  3  0.93
 2  86.10  0.86  1  2  0.89
 1  98.95  0.95  0  1  0.63
 0  64.69  0.42  0  0  0.61
 2  77.47  0.96  1  3  2.12
 3  60.30  0.84  1  3  0.59
 0  78.06  1.37  0  1  2.17
 2  97.46  1.06  1  2  0.88
 0  60.30  0.84  0  0  0.64
 2  72.67  1.11  1  3  1.85
 3  73.90  0.71  1  3  0.79
 1  99.70  0.73  0  1  1.14
 1  92.95  0.71  0  1  0.70
 2  95.31  0.42  1  2  5.40
 3  74.25  0.23  1  3  0.88
 1  82.53  0.96  0  1  2.57
 3  67.05  0.71  1  3  1.18
 1  86.10  0.71  0  1  0.73
 3  60.30  0.73  1  3  0.89
 0  74.25  1.34  0  0  1.89
