 3  85.75  0.23  1  0  4.25
 3  61.05  0.95  1  0  1.41
 2  95.31  1.16  1  0  1.03
 3  89.33  0.27  1  0  0.89
 1  92.56  1.24  0  0  3.77
 3  87.33  0.46  1  0  1.17
 3  92.56  0.33  1  1  2.16
 2  67.44  1.24  1  2  1.11
 3  69.02  0.57  1  2  0.65
 1  81.94  0.21  0  3  3.01
 1  98.95  0.95  0  1  2.45
 2  92.95  0.71  1  2  3.15
 3  73.90  0.71  1  2  1.05
 2  86.10  0.71  1  2  1.05
 0  74.25  1.34  0  1  1.09
 1  85.75  1.34  0  1  1.83
 0  67.44  1.24  0  0  1.26
 3  60.30  0.73  1  3  1.21
 0  67.05  0.71  0  0  1.50
 0  77.47  0.96  0  1  1.86
 3  82.58  0.40  1  1  1.49
 0  78.06  0.21  0  1  5.64
 2  99.70  0.84  1  1  1.94
 0  64.69  0.42  0  2  1.86
 1  97.46  0.51  0  2  1.05
 1  90.98  1.00  0  1  1.06
 0  61.05  0.95  0  3  1.53
 3  77.47  0.61  1  2  2.52
 1  81.94  1.37  0  1  1.41
 0  72.67  1.11  0  1  1.37
 1  89.33  1.30  0  1  0.81
 3  81.94  0.21  1  2  1.20
 3  61.05  0.62  1  0  1.78
 0  78.06  1.37  0  1 28.78
 2  82.58  1.17  1  1  4.83
 0  74.25  0.23  0  0  4.01
 0  67.05  0.86  0  1  6.74
 2  97.46  0.51  1  3  1.55
 2  92.95  0.86  1  1  3.71
 2  85.75  1.34  1  1  6.15
 0  62.54  0.51  0  1  1.11
 1  99.70  0.84  0  1  0.82
 0  72.67  0.46  0  0  8.58
 0  69.02  0.57  0  0  0.80
 1  86.10  0.71  0  0  1.19
 1  92.95  0.86  0  1  1.12
 3  73.90  0.86  1  3  3.92
 2  90.98  1.00  1  2  0.95
 3  69.02  1.00  1  3  0.89
 1  92.56  0.33  0  1  1.41
 1  99.70  0.73  0  1  0.67
 0  62.54  1.06  0  0  0.64
 2  77.47  0.96  1  3  0.74
 2  90.98  0.57  1  2  1.52
 2  86.10  0.86  1  2  0.92
 3  77.42  0.40  1  2  0.59
 3  67.44  0.33  1  3  0.74
 2  70.67  1.30  1  3  0.65
 1  82.58  1.17  0  1  3.92
 2  89.33  1.30  1  3  2.33
 3  64.69  1.16  1  3  0.74
 3  72.67  0.46  1  3  3.01
 3  62.54  1.06  1  3  0.91
 1  90.98  0.57  0  1  0.79
 1  85.75  0.23  0  1  0.52
 3  62.54  0.51  1  3  2.16
 3  67.05  0.71  1  3  0.54
 0  64.69  1.16  0  0  1.17
 2  95.31  0.42  1  2  2.30
 0  61.05  0.62  0  0  2.33
 2  81.94  1.37  1  3  2.63
 1  82.58  0.40  0  1  1.65
 1  95.31  1.16  0  1  0.65
 2  74.25  1.34  1  3  1.46
 0  67.44  0.33  0  0  0.89
 1  87.33  0.46  0  1  0.96
 0  73.90  0.86  0  0  2.80
 3  82.53  0.61  1  3  2.05
 1  95.31  0.42  0  1  0.71
 2  82.53  0.96  1  2  1.64
 0  60.30  0.73  0  0  1.04
 3  70.67  0.27  1  3  1.73
 0  77.42  1.17  0  0  1.46
 2  72.67  1.11  1  3  1.01
 2  97.46  1.06  1  2  2.64
 1  89.33  0.27  0  1  0.67
 3  74.25  0.23  1  3  2.13
 1  98.95  0.62  0  1  1.06
 2  77.42  1.17  1  3  2.89
 2  78.06  1.37  1  3  2.02
 1  87.33  1.11  0  1  0.94
 0  77.42  0.40  0  1  0.88
 0  70.67  1.30  0  0  0.77
 3  78.06  0.21  1  2  2.03
 3  67.05  0.86  1  3  1.34
 0  70.67  0.27  0  0  1.05
 1  86.10  0.86  0  1  0.93
 1  97.46  1.06  0  1  0.57
 0  73.90  0.71  0  0  2.32
 0  60.30  0.84  0  0  0.86
 2  98.95  0.95  1  2  2.10
 1  92.95  0.71  0  1  1.63
 2  99.70  0.73  1  2  0.76
 0  69.02  1.00  0  0  0.77
 2  98.95  0.62  1  2  1.23
 2  87.33  1.11  1  2  0.80
 1  82.53  0.96  0  1  0.70
 1  82.53  0.61  0  1  0.64
 3  60.30  0.84  1  3  1.25
 0  77.47  0.61  0  1  3.26
 3  64.69  0.42  1  3  0.95
 2  92.56  1.24  1  2  1.00
 3  89.33  0.27  1  2  3.41
 2  82.53  0.96  1  1  2.94
 2  77.42  1.17  1  0  1.15
 2  72.67  1.11  1  3  0.43
 0  77.42  1.17  0  1  2.46
 0  61.05  0.95  0  0  1.25
 2  97.46  0.51  1  2  0.96
 2  86.10  0.71  1  2  0.69
 3  70.67  0.27  1  3  0.88
 1  89.33  0.27  0  1  0.92
 0  73.90  0.86  0  0  1.45
 1  85.75  1.34  0  1  1.39
 0  67.05  0.86  0  0  0.64
 3  67.05  0.71  1  3  1.14
 3  61.05  0.95  1  3  0.56
 2  98.95  0.95  1  2  0.55
 3  87.33  0.46  1  2  0.58
 3  62.54  1.06  1  3  0.51
 1  92.95  0.86  0  1  0.48
 0  73.90  0.71  0  0  1.52
 0  64.69  1.16  0  0  3.62
 0  74.25  0.23  0  0  4.08
 3  72.67  0.46  1  3  0.78
 2  86.10  0.86  1  2  0.63
 3  73.90  0.86  1  3  2.04
 1  98.95  0.62  0  1  0.53
 3  69.02  0.57  1  3  0.59
 1  92.56  1.24  0  1  0.59
 3  78.06  0.21  1  3  1.83
 2  99.70  0.73  1  2  0.61
 0  62.54  0.51  0  0  0.84
 2  78.06  1.37  1  3  0.80
 3  67.05  0.86  1  3  0.76
 1  97.46  0.51  0  1  2.48
 3  73.90  0.71  1  3  1.40
 3  82.53  0.61  1  3  1.24
 2  74.25  1.34  1  3  0.54
 3  64.69  0.42  1  3  0.88
 1  99.70  0.84  0  1 10.50
 0  72.67  1.11  0  0  1.44
 0  60.30  0.73  0  0  1.13
 1  82.53  0.61  0  0  0.89
 3  62.54  0.51  1  3  0.84
 0  64.69  0.42  0  0  1.01
 0  78.06  0.21  0  0  2.19
 1  85.75  0.23  0  1  0.58
 2  77.47  0.96  1  3  0.73
 3  82.58  0.40  1  2  0.74
 1  98.95  0.95  0  1  0.91
 0  72.67  0.46  0  0  3.94
 2  97.46  1.06  1  2  0.84
 1  81.94  0.21  0  1  1.19
 0  67.44  0.33  0  0  0.62
 0  77.42  0.40  0  0  1.58
 1  87.33  0.46  0  1  0.67
 1  92.56  0.33  0  1  0.63
 2  87.33  1.11  1  2  1.29
 3  77.47  0.61  1  2  4.68
 2  82.58  1.17  1  3  0.87
 3  69.02  1.00  1  3  0.73
 2  90.98  0.57  1  2  0.71
 0  61.05  0.62  0  0  0.74
 1  86.10  0.86  0  1  1.65
 3  77.42  0.40  1  2  1.04
 1  97.46  1.06  0  1  1.43
 2  92.95  0.86  1  2  0.88
 3  85.75  0.23  1  2  0.71
 0  69.02  1.00  0  0  0.76
 2  92.95  0.71  1  2  1.62
 1  89.33  1.30  0  1  1.19
 3  60.30  0.73  1  3  0.76
 1  86.10  0.71  0  1  0.66
 1  90.98  0.57  0  1  0.52
 3  60.30  0.84  1  3  0.98
 2  81.94  1.37  1  2  0.87
 3  92.56  0.33  1  2  1.17
 1  81.94  1.37  0  1  1.00
 2  98.95  0.62  1  2  1.46
 2  70.67  1.30  1  3  0.58
 1  95.31  0.42  0  1  0.89
 2  85.75  1.34  1  3  1.77
 0  69.02  0.57  0  0  0.94
 0  67.05  0.71  0  0  0.90
 1  82.58  1.17  0  1  1.26
 1  87.33  1.11  0  1  0.57
 2  90.98  1.00  1  2  1.20
 0  70.67  0.27  0  0  1.76
 2  89.33  1.30  1  2  1.31
 3  74.25  0.23  1  3  1.50
 3  67.44  0.33  1  3  0.86
 2  99.70  0.84  1  2  1.70
 0  67.44  1.24  0  0  0.80
 0  77.47  0.96  0  0  0.85
 1  92.95  0.71  0  1  0.94
 1  82.53  0.96  0  1  0.99
 0  74.25  1.34  0  0  1.31
 3  64.69  1.16  1  3  0.83
 0  77.47  0.61  0  1  1.40
 2  95.31  1.16  1  2  1.75
 2  95.31  0.42  1  2  0.81
 0  70.67  1.30  0  0  0.97
 1  99.70  0.73  0  1  1.70
 0  62.54  1.06  0  0  0.68
 1  90.98  1.00  0  1  1.39
 3  81.94  0.21  1  2  2.67
 2  92.56  1.24  1  2  1.24
 1  82.58  0.40  0  1  1.34
 3  61.05  0.62  1  3  0.72
 2  67.44  1.24  1  3  2.38
 0  78.06  1.37  0  0  1.49
 0  60.30  0.84  0  0  0.72
 1  95.31  1.16  0  1  0.58
 3  72.67  0.46  1  3  1.45
 2  92.56  1.24  1  2  1.17
 0  62.54  1.06  0  0  0.45
 1  86.10  0.86  0  1  0.58
 0  77.47  0.96  0  0  0.75
 3  85.75  0.23  1  2  0.83
 2  81.94  1.37  1  3  2.25
 3  77.47  0.61  1  3  1.08
 0  78.06  1.37  0  0  0.88
 2  92.95  0.86  1  1  0.72
 1  92.56  0.33  0  1  0.59
 3  73.90  0.86  1  3  0.75
 3  67.05  0.71  1  3  0.57
 1  90.98  1.00  0  1  0.50
 3  69.02  1.00  1  3  1.02
 2  99.70  0.73  1  2  0.95
 1  82.53  0.61  0  0  3.20
 0  64.69  1.16  0  0  0.59
 2  77.42  1.17  1  3  1.29
 1  82.58  1.17  0  1  0.96
 2  82.53  0.96  1  2  0.99
 2  92.95  0.71  1  2  0.79
 3  81.94  0.21  1  2  1.07
 0  70.67  1.30  0  0  0.97
 2  74.25  1.34  1  3  1.95
 0  70.67  0.27  0  0  0.79
 3  64.69  0.42  1  3  0.71
 3  82.58  0.40  1  2  0.97
 0  69.02  1.00  0  0  0.71
 0  73.90  0.71  0  0  0.73
 2  82.58  1.17  1  2  0.73
 1  86.10  0.71  0  1  1.04
 0  72.67  1.11  0  0  2.93
 3  62.54  0.51  1  3  0.57
 3  67.05  0.86  1  3  0.67
 3  60.30  0.84  1  3  0.56
 0  67.05  0.86  0  0  1.88
 1  87.33  0.46  0  1  0.56
 0  72.67  0.46  0  0  1.22
 1  90.98  0.57  0  1  0.54
 3  74.25  0.23  1  3  0.68
 0  61.05  0.95  0  3  0.52
 3  62.54  1.06  1  3  0.51
 1  82.53  0.96  0  0  1.96
 2  98.95  0.62  1  2  0.65
 0  73.90  0.86  0  0  0.76
 3  60.30  0.73  1  3  0.61
 1  95.31  1.16  0  1  0.63
 1  85.75  0.23  0  1  0.76
 2  99.70  0.84  1  2  0.62
 3  77.42  0.40  1  3  1.73
 1  89.33  0.27  0  1  0.66
 3  89.33  0.27  1  2  1.34
 1  81.94  1.37  0  0  2.07
 2  98.95  0.95  1  2  0.84
 2  97.46  0.51  1  2  0.82
 1  99.70  0.73  0  1  0.58
 0  64.69  0.42  0  0  0.98
 3  82.53  0.61  1  2  1.24
 0  77.42  0.40  0  0  0.76
 1  99.70  0.84  0  1  0.54
 2  86.10  0.71  1  2  0.90
 2  78.06  1.37  1  3  0.62
 1  92.95  0.86  0  1  0.57
 1  95.31  0.42  0  1  0.59
 0  74.25  1.34  0  0  0.98
 2  86.10  0.86  1  3  0.82
 3  87.33  0.46  1  3  3.88
 1  89.33  1.30  0  0  2.13
 0  61.05  0.62  0  0  0.62
 3  61.05  0.95  1  3  0.87
 0  60.30  0.73  0  0  0.84
 3  67.44  0.33  1  3  1.13
 2  77.47  0.96  1  3  0.98
 2  85.75  1.34  1  2  0.70
 2  72.67  1.11  1  3  2.09
 2  95.31  1.16  1  2  0.57
 3  70.67  0.27  1  3  1.06
 3  69.02  0.57  1  3  0.68
 0  67.44  0.33  0  0  1.62
 3  78.06  0.21  1  3  1.87
 1  92.56  1.24  0  1  0.64
 2  87.33  1.11  1  2  0.91
 3  64.69  1.16  1  3  0.61
 0  60.30  0.84  0  0  0.71
 0  78.06  0.21  0  1  0.91
 1  97.46  1.06  0  1  0.61
 2  70.67  1.30  1  3  0.73
 0  74.25  0.23  0  1  0.90
 3  92.56  0.33  1  2  0.62
 1  82.58  0.40  0  1  3.20
 2  89.33  1.30  1  2  0.94
 0  67.44  1.24  0  0  1.06
 1  98.95  0.62  0  1  0.66
 2  90.98  1.00  1  2  0.74
 2  95.31  0.42  1  2  1.76
 0  62.54  0.51  0  0  0.76
 1  97.46  0.51  0  1  0.61
 0  77.47  0.61  0  0  0.74
 0  69.02  0.57  0  0  0.87
 3  73.90  0.71  1  2  1.37
 0  67.05  0.71  0  0  1.05
 2  67.44  1.24  1  3  1.35
 1  87.33  1.11  0  1  0.80
 2  90.98  0.57  1  2  0.79
 0  77.42  1.17  0  0  1.18
 1  81.94  0.21  0  1  2.97
 3  61.05  0.62  1  3  1.13
 2  97.46  1.06  1  2  1.29
 1  92.95  0.71  0  1  0.79
 1  98.95  0.95  0  1  0.65
 1  85.75  1.34  0  1  0.96
 3  92.56  0.33  1  2  5.32
 3  87.33  0.46  1  3  1.86
 3  73.90  0.71  1  3  0.62
 2  77.47  0.96  1  3  1.19
 1  99.70  0.73  0  1  0.65
 2  97.46  0.51  1  3  1.13
 2  85.75  1.34  1  3  2.26
 0  60.30  0.73  0  0  0.71
 1  98.95  0.62  0  1  0.60
 1  90.98  1.00  0  1  1.91
 2  98.95  0.95  1  2  0.73
 2  95.31  0.42  1  2  1.10
 3  61.05  0.95  1  3  0.59
 1  95.31  0.42  0  1  0.71
 0  70.67  1.30  0  0  0.69
 0  72.67  0.46  0  0  0.73
 2  90.98  1.00  1  2  1.26
 1  86.10  0.71  0  1  1.53
 1  99.70  0.84  0  1  0.53
 3  77.42  0.40  1  3  1.16
 3  85.75  0.23  1  2  1.35
 1  89.33  0.27  0  1  0.51
 3  62.54  1.06  1  3  0.93
 1  85.75  0.23  0  1  0.60
 3  77.47  0.61  1  3  0.71
 3  74.25  0.23  1  3  0.58
 0  60.30  0.84  0  0  0.59
 0  67.44  1.24  0  0  0.68
 2  90.98  0.57  1  2  0.73
 1  85.75  1.34  0  1  0.82
 2  95.31  1.16  1  2  0.75
 2  92.95  0.71  1  2  1.30
 1  92.95  0.71  0  1  0.61
 2  97.46  1.06  1  2  0.44
 0  64.69  0.42  0  0  0.55
 0  70.67  0.27  0  0  0.93
 2  67.44  1.24  1  3  0.58
 2  72.67  1.11  1  3  0.54
 0  74.25  0.23  0  0  0.72
 3  82.53  0.61  1  2  3.79
 1  87.33  0.46  0  1  0.53
 1  86.10  0.86  0  1  0.69
 3  64.69  1.16  1  3  0.64
 0  77.42  0.40  0  0  1.28
 0  73.90  0.86  0  0  0.58
 0  77.47  0.96  0  0  0.59
 2  78.06  1.37  1  3  1.24
 2  89.33  1.30  1  2  0.62
 1  92.95  0.86  0  1  0.54
 0  69.02  0.57  0  0  0.74
 0  77.47  0.61  0  0  0.66
 3  73.90  0.86  1  3  0.82
 2  98.95  0.62  1  2  0.86
 2  82.53  0.96  1  2  1.42
 0  64.69  1.16  0  0  0.72
 0  78.06  1.37  0  1  0.58
 3  81.94  0.21  1  2  0.80
 0  77.42  1.17  0  0  0.94
 3  67.05  0.86  1  3  0.60
 1  81.94  0.21  0  1  0.85
 3  82.58  0.40  1  3  3.96
 2  86.10  0.71  1  3  0.70
 2  99.70  0.84  1  2  0.52
 0  69.02  1.00  0  0  0.70
 3  64.69  0.42  1  3  0.76
 0  67.05  0.86  0  0  1.04
 3  61.05  0.62  1  3  0.88
 1  97.46  1.06  0  1  0.55
 0  62.54  1.06  0  0  0.67
 0  61.05  0.62  0  0  0.64
 1  81.94  1.37  0  1  0.62
 1  95.31  1.16  0  1  0.56
 2  86.10  0.86  1  2  1.72
 0  78.06  0.21  0  0  1.46
 1  87.33  1.11  0  1  1.19
 3  78.06  0.21  1  3  0.96
 3  69.02  1.00  1  3  0.59
 1  82.58  0.40  0  1  1.41
 0  73.90  0.71  0  0  0.80
 2  81.94  1.37  1  2  0.99
 2  77.42  1.17  1  3  1.01
 3  70.67  0.27  1  3  1.08
 0  67.05  0.71  0  0  0.61
 3  60.30  0.84  1  3  0.56
 0  62.54  0.51  0  0  0.66
 2  74.25  1.34  1  3  0.75
 2  99.70  0.73  1  2  0.60
 1  89.33  1.30  0  1  1.39
 3  62.54  0.51  1  3  1.26
 2  92.56  1.24  1  2  0.56
 3  72.67  0.46  1  3  1.19
 1  92.56  0.33  0  1  0.53
 2  82.58  1.17  1  3  1.04
 1  82.53  0.96  0  3  1.16
 1  82.53  0.61  0  0  1.13
 1  92.56  1.24  0  1  0.53
 0  72.67  1.11  0  0  0.75
 1  97.46  0.51  0  1  0.38
 0  67.44  0.33  0  0  0.57
 1  82.58  1.17  0  1  0.62
 0  61.05  0.95  0  0  0.61
 2  87.33  1.11  1  2  0.95
 3  89.33  0.27  1  2  0.50
 3  67.05  0.71  1  3  0.58
 0  74.25  1.34  0  0  1.24
 2  70.67  1.30  1  3  0.80
 1  98.95  0.95  0  1  0.50
 2  92.95  0.86  1  2  0.61
 1  90.98  0.57  0  1  0.53
 3  69.02  0.57  1  3  0.89
 3  67.44  0.33  1  3  1.18
 3  60.30  0.73  1  3  0.51
 3  61.05  0.95  1  3  0.58
 2  85.75  1.34  1  2  0.67
 1  95.31  0.42  0  1  0.50
 2  90.98  1.00  1  2  0.84
 3  73.90  0.71  1  3  0.57
 0  72.67  0.46  0  0  0.75
 2  86.10  0.86  1  2  0.77
 2  87.33  1.11  1  2  0.68
 1  92.95  0.86  0  1  0.53
 1  86.10  0.71  0  1  0.96
 0  62.54  1.06  0  0  0.67
 3  92.56  0.33  1  2  0.51
 0  62.54  0.51  0  0  0.74
 0  78.06  1.37  0  1  1.27
 1  98.95  0.62  0  1  0.56
 1  92.56  0.33  0  1  0.64
 1  85.75  1.34  0  1  0.65
 0  61.05  0.62  0  0  0.55
 0  60.30  0.84  0  0  0.56
 1  89.33  0.27  0  1  0.58
 0  72.67  1.11  0  0  0.89
 2  67.44  1.24  1  3  0.49
 3  69.02  1.00  1  2  1.31
 1  81.94  0.21  0  1  0.87
 0  67.05  0.71  0  0  0.64
 2  98.95  0.62  1  2  0.67
 2  86.10  0.71  1  2  1.82
 2  82.58  1.17  1  3  0.59
 2  99.70  0.84  1  2  1.49
 2  78.06  1.37  1  3  0.57
 2  72.67  1.11  1  3  1.16
 3  82.58  0.40  1  2  1.37
 0  73.90  0.86  0  0  1.82
 2  77.42  1.17  1  3  1.25
 1  87.33  1.11  0  1  0.77
 1  87.33  0.46  0  0  4.49
 0  69.02  1.00  0  0  0.72
 0  74.25  0.23  0  0  0.54
 0  77.42  0.40  0  1  0.64
 0  70.67  0.27  0  0  0.62
 1  89.33  1.30  0  1  0.53
 3  78.06  0.21  1  2  1.66
 1  92.56  1.24  0  1  0.50
 1  85.75  0.23  0  1  0.82
 3  67.05  0.86  1  3  0.62
 2  97.46  1.06  1  2  0.65
 3  85.75  0.23  1  2  0.63
 2  74.25  1.34  1  3  1.03
 3  82.53  0.61  1  2  1.96
 0  78.06  0.21  0  0  1.10
 3  74.25  0.23  1  3  1.73
 2  77.47  0.96  1  3  1.05
 2  70.67  1.30  1  2  0.66
 3  67.44  0.33  1  3  0.77
 2  90.98  0.57  1  2  2.56
 2  97.46  0.51  1  2  0.72
 2  92.95  0.71  1  2  0.59
 3  64.69  1.16  1  3  0.53
 3  77.42  0.40  1  2  0.72
 3  61.05  0.62  1  3  0.55
 2  99.70  0.73  1  2  0.72
 1  81.94  1.37  0  1  0.87
 2  92.56  1.24  1  2  1.07
 0  77.42  1.17  0  1  1.66
 0  67.44  0.33  0  0  0.68
 2  89.33  1.30  1  2  0.79
 1  82.58  0.40  0  1  1.31
 1  98.95  0.95  0  1  0.57
 1  82.53  0.61  0  1  0.68
 0  70.67  1.30  0  0  0.66
 3  60.30  0.73  1  3  0.53
 1  82.58  1.17  0  1  0.64
 0  73.90  0.71  0  0  1.56
 3  72.67  0.46  1  3  2.06
 3  70.67  0.27  1  3  0.70
 3  60.30  0.84  1  3  0.48
 2  95.31  1.16  1  2  0.49
 3  62.54  1.06  1  3  0.50
 2  82.53  0.96  1  2  0.59
 2  81.94  1.37  1  2  0.80
 1  90.98  1.00  0  1  0.62
 2  95.31  0.42  1  2  0.54
 1  86.10  0.86  0  1  0.65
 3  67.05  0.71  1  3  0.53
 0  67.44  1.24  0  0  0.69
 3  73.90  0.86  1  3  2.39
 0  64.69  0.42  0  0  0.71
 2  98.95  0.95  1  2  0.57
 1  99.70  0.84  0  1  0.53
 0  67.05  0.86  0  0  0.85
 1  99.70  0.73  0  1  0.50
 0  64.69  1.16  0  0  0.88
 1  95.31  1.16  0  1  0.70
 1  92.95  0.71  0  1  0.73
 3  89.33  0.27  1  2  0.58
 1  97.46  1.06  0  1  0.46
 0  77.47  0.96  0  0  1.00
 0  77.47  0.61  0  0  1.28
 3  87.33  0.46  1  2  0.69
 3  69.02  0.57  1  3  0.83
 3  62.54  0.51  1  3  0.49
 2  92.95  0.86  1  2  0.63
 0  69.02  0.57  0  0  0.64
 3  81.94  0.21  1  2  0.89
 3  77.47  0.61  1  2  0.63
 1  97.46  0.51  0  1  0.63
 1  90.98  0.57  0  1  0.64
 0  74.25  1.34  0  0  0.66
 0  61.05  0.95  0  0  0.94
 0  60.30  0.73  0  0  1.52
 3  64.69  0.42  1  3  1.07
 1  82.53  0.96  0  1  0.63
